1725359651168 1.5465726286553435e+50 0
1725359651224 2.0876763548548345e+48 1
1725359651307 2.149458072396525e+50 2
1725359651373 1.5369919937153685e+49 3
1725359651471 1.4443311469614097e+50 4
1725359651532 7.744339381316926e+49 5
1725359651602 6.100273997493699e+51 6
1725359651663 1.5705735643819232e+51 7
1725359651725 2.3781894960730966e+51 8
1725359651788 3.690041052221699e+49 9
1725359651855 8.514950896995935e+49 10
1725359651914 1.3259409306535474e+51 11
1725359651970 5.24371388066391e+47 12
1725359652037 3.9021728455230554e+49 13
1725359652100 2.4580504530777235e+47 14
1725359652155 9.026640119286177e+50 15
1725359652206 1.5153798750854768e+51 16
1725359652302 2.4255310183951648e+51 17
1725359652459 4.548626180384062e+51 18
1725359652534 1.5967872506412558e+53 19
1725359652593 4.337542526850052e+51 20
1725359652657 2.4322700743848447e+53 21
1725359652732 3.7499147808306828e+53 22
1725359652787 7.202257160423579e+52 23
1725359652863 6.27942893689311e+53 24
1725359652935 6.032094572376552e+49 25
1725359652991 9.343036179045128e+52 26
1725359653052 3.484484481458672e+50 27
1725359653115 2.9355672284599876e+50 28
1725359653179 1.537236129350361e+51 29
1725359653258 5.9583000081784615e+53 30
1725359653315 8.959388190218853e+53 31
1725359653386 1.069387581118864e+53 32
1725359653465 4.771039547512629e+53 33
1725359653532 2.0748489622928233e+54 34
1725359653602 2.1389020064207813e+53 35
1725359653669 4.351846428799542e+54 36
1725359653735 1.2792622593003127e+55 37
1725359653793 1.1203415637095458e+54 38
1725359653850 1.730424198993549e+54 39
1725359653918 4.91512380106046e+55 40
1725359653977 2.7799083256321305e+53 41
1725359654035 1.1169467654950429e+55 42
1725359654091 1.0743339080150632e+56 43
1725359654168 9.199690968515117e+54 44
1725359654239 3.3843483996224553e+55 45
1725359654317 1.3982705269777566e+54 46
1725359654396 2.5217482678168424e+54 47
1725359654451 1.9799315722885488e+56 48
1725359654518 1.547341110036135e+55 49
1725359654582 2.1069047987567643e+55 50
1725359654642 8.132326752663393e+55 51
1725359654698 3.520626619036645e+54 52
1725359654785 8.638577955801468e+57 53
1725359654872 8.838966376188729e+55 54
1725359654933 6.656004006635169e+52 55
1725359654988 2.378204976422534e+57 56
1725359655042 4.114573469599273e+57 57
1725359655105 7.021912127959125e+58 58
1725359655178 1.5425324175940677e+56 59
1725359655253 3.205428012746677e+58 60
1725359655317 2.8365184951917035e+57 61
1725359655383 2.06148660783643e+56 62
1725359655448 4.916173302445795e+56 63
1725359655521 4.584037497239548e+56 64
1725359655591 2.152920878039011e+57 65
1725359655652 1.6203957301271807e+57 66
1725359655706 4.5433522200644475e+57 67
1725359655772 5.558061390407397e+56 68
1725359655827 1.0323136623480565e+59 69
1725359655917 1.6838835921613194e+60 70
1725359655970 2.325829556553077e+59 71
1725359656040 4.822277747953319e+58 72
1725359656099 1.0719936046304429e+59 73
1725359656154 1.6661894334738497e+60 74
1725359656211 3.374410094409372e+58 75
1725359656269 8.675373166863429e+58 76
1725359656336 1.30898132579876e+59 77
1725359656389 8.883743496319516e+58 78
1725359656436 1.1414215596496454e+58 79
1725359656489 7.199538277404323e+58 80
1725359656567 5.6357581045643775e+60 81
1725359656624 1.1137946084680908e+59 82
1725359656683 6.424192691714676e+58 83
1725359656736 4.139472342310782e+60 84
1725359656805 2.886738521900505e+58 85
1725359656862 2.31157375279789e+61 86
1725359656922 9.982404539571142e+60 87
1725359656986 2.0792064898576038e+60 88
1725359657040 1.7060904615142725e+60 89
1725359657111 9.659488270488488e+60 90
1725359657170 4.444337673457057e+60 91
1725359657230 2.6851285901271936e+60 92
1725359657285 1.222064560192133e+61 93
1725359657340 3.2054375168859056e+61 94
1725359657412 2.052886871696651e+60 95
1725359657473 1.237861287236684e+62 96
1725359657540 6.686084750881484e+61 97
1725359657594 6.445194283670297e+61 98
1725359657659 1.1995239799158998e+63 99
1725359657719 3.8305933988784796e+62 100
1725359657788 4.155515301497843e+62 101
1725359657845 3.5230502631317455e+62 102
1725359657899 1.2370130174372093e+60 103
1725359657958 1.5715068192106386e+62 104
1725359658023 2.3158747693872624e+63 105
1725359658080 1.1854535646985868e+64 106
1725359658140 2.9651646214428697e+62 107
1725359658195 1.402088868821384e+64 108
1725359658260 1.1171416081847576e+63 109
1725359658322 1.5429582516999766e+63 110
1725359658396 2.0075667586647768e+61 111
1725359658468 5.27816822111314e+61 112
1725359658523 3.9781779129189947e+62 113
1725359658593 2.998088122138255e+64 114
1725359658655 2.965129720470533e+65 115
1725359658711 1.655723450304678e+63 116
1725359658770 4.655270364316553e+63 117
1725359658843 6.4714870755793705e+63 118
1725359658905 1.9192598566918541e+65 119
1725359658971 1.6559638395245716e+64 120
1725359659025 2.167728805708612e+65 121
1725359659098 8.143214267031401e+65 122
1725359659172 1.0521347140763407e+65 123
1725359659224 3.5206770143932797e+65 124
1725359659299 8.993163871232554e+63 125
1725359659371 7.266289348670104e+66 126
1725359659435 1.6552536632236292e+65 127
1725359659498 8.206795197337984e+66 128
1725359659565 7.356464901144308e+65 129
1725359659618 5.832641975632951e+67 130
1725359659669 1.140871664486281e+65 131
1725359659731 3.0680150894967756e+67 132
1725359659798 8.358427550684758e+66 133
1725359659866 4.446429046915725e+66 134
1725359659930 6.072164739466162e+64 135
1725359659997 6.907540788999995e+66 136
1725359660075 6.204518244800816e+67 137
1725359660130 3.138084246527333e+67 138
1725359660192 5.257635904876302e+67 139
1725359660255 2.277879630640321e+66 140
1725359660311 2.2664699374923444e+68 141
1725359660366 9.734019523870177e+67 142
1725359660430 4.370508386519933e+68 143
1725359660507 3.1780147023255298e+66 144
1725359660571 2.0860658964139503e+68 145
1725359660632 1.5768590402190503e+69 146
1725359660704 2.1488150598575028e+68 147
1725359660769 5.119446453428453e+68 148
1725359660837 1.8824364603116064e+67 149
1725359660904 2.2247013989384762e+67 150
1725359660960 8.036660068214127e+66 151
1725359661027 1.8212837507015375e+67 152
1725359661080 1.0400500741568044e+69 153
1725359661133 6.561354152313967e+68 154
1725359661187 5.342044787157896e+68 155
1725359661239 3.1444461530972737e+69 156
1725359661305 1.2542458114570213e+70 157
1725359661367 2.627372942445501e+69 158
1725359661424 1.3774726759404146e+69 159
1725359661491 3.5689695199313476e+68 160
1725359661546 5.1934184355248284e+69 161
1725359661608 5.8704360166466514e+69 162
1725359661677 4.323002744465229e+70 163
1725359661741 1.2481384721603732e+69 164
1725359661820 1.3176152095327314e+70 165
1725359661913 2.752909229730315e+70 166
1725359661974 2.3812867167745383e+70 167
1725359662031 4.254453570531062e+69 168
1725359662097 1.3952497706596227e+69 169
1725359662162 2.7630266846434187e+69 170
1725359662215 1.540408814523534e+71 171
1725359662273 1.745450947921969e+71 172
1725359662335 2.5233160885621993e+70 173
1725359662380 8.027133121732886e+71 174
1725359662433 8.744406320899326e+72 175
1725359662485 2.2764861694275983e+72 176
1725359662544 4.2975111748894695e+70 177
1725359662600 4.551549772614098e+71 178
1725359662661 2.5152333812786817e+73 179
1725359662735 1.5129861040033087e+71 180
1725359662791 1.5180265631007344e+72 181
1725359662844 3.4671873745537637e+73 182
1725359662905 4.009454705496409e+71 183
1725359662974 3.772595398770971e+73 184
1725359663067 8.603625782905204e+71 185
1725359663121 7.27916456306949e+73 186
1725359663182 6.303570205967983e+72 187
1725359663238 6.315635996737737e+74 188
1725359663305 3.604842436900399e+73 189
1725359663386 3.5315419848586597e+73 190
1725359663479 2.2785584927791097e+72 191
1725359663548 1.436419899517509e+71 192
1725359663601 3.56028156783184e+73 193
1725359663658 3.086617821752177e+73 194
1725359663746 2.675971456448315e+73 195
1725359663823 9.306636615723791e+72 196
1725359663879 1.9643482835568274e+74 197
1725359663958 7.616865841696398e+71 198
1725359664022 8.993329580556953e+74 199
1725359664089 2.2137590508370344e+75 200
1725359664149 1.7233953559481922e+72 201
1725359664210 1.816792722946579e+75 202
1725359664271 6.014612791859664e+74 203
1725359664331 6.329593424857662e+75 204
1725359664385 3.8071648683310717e+73 205
1725359664458 3.8080077565606013e+74 206
1725359664514 6.265232578188381e+75 207
1725359664593 3.2450864127454407e+76 208
1725359664666 2.7344583677279724e+76 209
1725359664741 6.943896751724438e+75 210
1725359664815 2.9477633020252415e+77 211
1725359664920 6.5567838870236064e+75 212
1725359664976 4.182831821336604e+75 213
1725359665037 4.758907153743364e+76 214
1725359665106 6.780678672136753e+75 215
1725359665165 2.4108298085732928e+75 216
1725359665226 9.33216387075331e+76 217
1725359665309 8.980609368721373e+76 218
1725359665383 1.1407656297447324e+76 219
1725359665443 1.0530244747244022e+77 220
1725359665541 1.1162886395930707e+78 221
1725359665594 1.0851964597581446e+77 222
1725359665653 4.23891184173477e+76 223
1725359665719 4.763254662706511e+78 224
1725359665880 1.7566957360003155e+77 225
1725359665956 5.954001025252624e+75 226
1725359666021 3.2434835547604227e+77 227
1725359666075 3.139846219409597e+77 228
1725359666126 2.9687515901224275e+78 229
1725359666188 5.1268935853155515e+78 230
1725359666249 3.860848808289665e+78 231
1725359666316 1.1787138209257404e+78 232
1725359666396 1.0810805339298717e+79 233
1725359666447 5.794516571444164e+77 234
1725359666504 4.366677464460372e+78 235
1725359666566 3.462073418154569e+79 236
1725359666627 1.2025031766825626e+80 237
1725359666681 3.068576666650597e+79 238
1725359666735 2.2624871700738956e+78 239
1725359666799 3.332932655654822e+79 240
1725359666872 1.8803073327909562e+80 241
1725359666928 1.2975481843108876e+79 242
1725359667007 6.866454121796295e+79 243
1725359667072 9.97151777615145e+80 244
1725359667144 2.7794971190195827e+79 245
1725359667205 2.0098140010867616e+80 246
1725359667274 3.761524729594932e+77 247
1725359667341 3.003039125234507e+81 248
1725359667411 1.2977006762152293e+79 249
1725359667474 3.561152874055844e+80 250
1725359667543 6.46019848527975e+80 251
1725359667601 8.744570347349161e+80 252
1725359667665 4.166475537083869e+82 253
1725359667734 5.55407076954493e+83 254
1725359667803 2.1954380124417204e+81 255
1725359667864 4.513652347674215e+81 256
1725359667931 6.847813464847188e+80 257
1725359667992 5.014077612307245e+83 258
1725359668057 2.3885802190674977e+80 259
1725359668132 2.9604374614628873e+80 260
1725359668204 5.782572370241171e+83 261
1725359668275 7.821136248778314e+82 262
1725359668336 1.8807038376018664e+82 263
1725359668400 6.337392883870808e+81 264
1725359668465 1.183650002742257e+81 265
1725359668526 1.4722586191920382e+83 266
1725359668586 9.413909238396214e+83 267
1725359668715 1.1301972079323384e+84 268
1725359668787 9.595645966595948e+83 269
1725359668881 1.9207032672383122e+84 270
1725359668938 9.352593499979735e+81 271
1725359668989 3.7605441385961074e+82 272
1725359669064 9.361794107867265e+82 273
1725359669144 2.0376555103999054e+83 274
1725359669210 3.662490008171392e+84 275
1725359669275 8.665463855676156e+82 276
1725359669350 2.1709259260757438e+83 277
1725359669406 5.502258127400993e+84 278
1725359669456 2.6387461528299435e+85 279
1725359669511 1.298730054722045e+84 280
1725359669576 1.0298888544837921e+85 281
1725359669646 8.308417239284345e+84 282
1725359669708 1.0398094626859142e+82 283
1725359669763 4.13237862352372e+85 284
1725359669817 1.9180406510188285e+86 285
1725359669920 4.72155672517552e+85 286
1725359669980 3.482357570305012e+86 287
1725359670043 3.961923886361216e+86 288
1725359670097 2.8458986155438185e+85 289
1725359670156 3.844776563910194e+85 290
1725359670224 5.53704762418744e+86 291
1725359670287 1.6560643152288422e+87 292
1725359670350 2.0127889506501903e+86 293
1725359670411 1.1537434002100263e+86 294
1725359670470 6.107180129828822e+84 295
1725359670534 2.3816419552682412e+88 296
1725359670594 6.422808949326388e+87 297
1725359670663 3.27499159359903e+87 298
1725359670731 1.0651534869325407e+88 299
1725359670799 7.561819175400086e+85 300
1725359670867 2.7362762779773583e+88 301
1725359670923 4.1030866430685596e+85 302
1725359670985 2.1137630953888474e+84 303
1725359671039 7.778166791780789e+86 304
1725359671092 3.475689764324164e+85 305
1725359671144 1.8330304870287844e+88 306
1725359671220 3.070474593224157e+88 307
1725359671277 6.615538166530947e+88 308
1725359671338 5.864496637980564e+85 309
1725359671416 9.170257821473008e+87 310
1725359671472 1.6349888038342463e+88 311
1725359671545 8.594277440662967e+87 312
1725359671609 7.600532766817704e+86 313
1725359671680 2.1495601273443736e+89 314
1725359671739 1.774308594284837e+89 315
1725359671799 9.296037404089624e+86 316
1725359671851 5.937687114048711e+86 317
1725359671917 2.483790018960829e+90 318
1725359671992 7.920035357424542e+90 319
1725359672072 5.608182301540944e+90 320
1725359672135 2.579046843492802e+89 321
1725359672200 3.824244291672973e+91 322
1725359672269 1.409653357465977e+89 323
1725359672330 4.4627934829200866e+89 324
1725359672385 1.08959402438145e+90 325
1725359672456 5.8654370077266635e+91 326
1725359672533 1.4291880022258045e+90 327
1725359672604 1.7744641929839934e+90 328
1725359672662 3.2193072561056476e+91 329
1725359672723 2.5680796133428098e+90 330
1725359672790 1.4202449455524697e+88 331
1725359672856 2.399635234581855e+91 332
1725359672910 1.6663623087749555e+91 333
1725359672974 2.1421840993379874e+88 334
1725359673040 6.4133231249383385e+91 335
1725359673110 4.996194697885439e+90 336
1725359673180 4.790167223871995e+90 337
1725359673251 6.851027534040063e+91 338
1725359673306 2.5601080890216662e+92 339
1725359673368 1.8653738876790925e+92 340
1725359673436 2.173126617524434e+93 341
1725359673491 1.2113982409704682e+94 342
1725359673549 1.1120910296999302e+91 343
1725359673605 2.6054800678924914e+90 344
1725359673669 1.566385847593971e+92 345
1725359673725 7.678914870116707e+92 346
1725359673799 1.0441323924181523e+91 347
1725359673853 4.34978204261232e+93 348
1725359673911 3.5221216672413634e+94 349
1725359673995 1.0747987262097958e+93 350
1725359674094 3.6582693941848605e+93 351
1725359674141 4.82935369490173e+93 352
1725359674196 2.202038182051408e+91 353
1725359674243 2.9175718054810746e+94 354
1725359674300 4.175184892576447e+94 355
1725359674373 6.213838939065876e+95 356
1725359674441 3.1669837902156533e+94 357
1725359674504 1.078268061393322e+94 358
1725359674566 3.9790457925318166e+94 359
1725359674616 8.491935720756531e+94 360
1725359674669 1.9802816338595293e+95 361
1725359674714 6.86159581517159e+94 362
1725359674805 4.455215949543677e+95 363
1725359674867 3.1329633236768984e+95 364
1725359674940 5.441247470142145e+95 365
1725359675028 6.831354812036381e+93 366
1725359675104 1.0027136238059643e+96 367
1725359675190 4.592344739706978e+95 368
1725359675263 7.067768138095718e+95 369
1725359675344 2.1718521942616675e+95 370
1725359675406 1.2067799811238663e+96 371
1725359675481 1.200067087876776e+95 372
1725359675531 8.398945631160844e+95 373
1725359675639 6.835503492960787e+96 374
1725359675724 7.025020829331979e+95 375
1725359675790 3.713073771302319e+96 376
1725359675859 1.863399660010703e+98 377
1725359675935 2.1700990720785754e+96 378
1725359676006 1.0354172344577145e+97 379
1725359676085 6.528442589884459e+96 380
1725359676144 1.047906592150923e+97 381
1725359676217 3.980474895477234e+97 382
1725359676297 5.0962977750251913e+98 383
1725359676345 1.6207272074361984e+96 384
1725359676392 2.395828071784454e+98 385
1725359676443 3.801804850004809e+95 386
1725359676497 2.3491137585695037e+98 387
1725359676557 2.6693052283404855e+97 388
1725359676635 5.247628691907498e+98 389
1725359676691 1.055757621276144e+98 390
1725359676739 2.850109960463521e+98 391
1725359676804 6.505568909764297e+98 392
1725359676853 4.867722238167945e+96 393
1725359676917 4.186471459099153e+97 394
1725359676967 5.619653824582605e+98 395
1725359677014 2.0443912101550695e+99 396
1725359677058 4.074590660954448e+99 397
1725359677100 1.0099361457492026e+99 398
1725359677146 3.1801252395768865e+100 399
1725359677225 6.226186934886517e+98 400
1725359677281 1.1250655657214827e+100 401
1725359677361 1.0436420780809973e+100 402
1725359677439 2.2121775595481465e+100 403
1725359677525 1.0245716462029762e+101 404
1725359677578 1.6140046384646927e+97 405
1725359677617 3.37500455137234e+100 406
1725359677676 4.473347730723486e+99 407
1725359677723 7.534475512496981e+98 408
1725359677777 1.8772784658729828e+102 409
1725359677843 3.1739233499202704e+101 410
1725359677902 9.727175054327218e+100 411
1725359677967 2.189850852915546e+101 412
1725359678023 5.294987477626733e+103 413
1725359678097 2.7354108870021696e+102 414
1725359678161 2.8340684765399644e+100 415
1725359678214 5.898507351141485e+102 416
1725359678282 1.232514426817454e+103 417
1725359678346 2.1641089731865403e+101 418
1725359678422 9.302824026466405e+101 419
1725359678470 3.3587443469146554e+101 420
1725359678533 8.777014489639832e+101 421
1725359678597 1.6373829145192103e+103 422
1725359678659 1.1369094905941212e+103 423
1725359678713 2.863723045366304e+101 424
1725359678791 7.504771816398292e+103 425
1725359678839 2.6997106251943417e+104 426
1725359678902 1.752626194355299e+103 427
1725359678968 1.477300387673994e+103 428
1725359679022 3.546541901122542e+104 429
1725359679084 2.6980545815900538e+104 430
1725359679148 1.9507726623761183e+103 431
1725359679209 1.5160431278415853e+103 432
1725359679262 9.006432922034723e+102 433
1725359679324 9.211699139068158e+103 434
1725359679393 2.5598424904863587e+103 435
1725359679447 1.8718102137470456e+103 436
1725359679506 3.820697633632176e+103 437
1725359679566 5.1070161986356915e+104 438
1725359679639 1.2138829411050864e+104 439
1725359679694 2.890586111494775e+104 440
1725359679751 7.314882532397087e+104 441
1725359679829 4.1566972527440476e+103 442
1725359679901 6.797824625087587e+101 443
1725359679959 7.695576345527757e+105 444
1725359680014 4.0604186086763156e+103 445
1725359680125 6.545175796617857e+105 446
1725359680195 1.920741415419187e+105 447
1725359680254 8.897995363350372e+104 448
1725359680341 4.029192398521216e+104 449
1725359680409 2.1491168465578617e+107 450
1725359680481 1.1319034185497622e+108 451
1725359680549 7.74239308634262e+106 452
1725359680620 3.761099855940416e+107 453
1725359680688 8.99850323311241e+106 454
1725359680744 9.2842862384965e+105 455
1725359680816 2.2461277350153712e+107 456
1725359680883 1.6470654405953495e+106 457
1725359680947 5.897357635805262e+104 458
1725359681015 3.6978543741629064e+108 459
1725359681086 2.2402867899976103e+108 460
1725359681154 1.0500765708621898e+108 461
1725359681224 7.336557722533901e+105 462
1725359681287 6.255279166413476e+105 463
1725359681348 1.6947711015905164e+108 464
1725359681421 5.530807277064067e+107 465
1725359681497 5.04150022318056e+108 466
1725359681573 6.021668753063512e+104 467
1725359681630 7.872404732212064e+106 468
1725359681702 7.108244599198601e+110 469
1725359681753 7.841648955669532e+108 470
1725359681813 8.737269315427658e+106 471
1725359681874 4.34561136152716e+108 472
1725359681935 1.0349093205351892e+108 473
1725359681992 1.4878205671026894e+108 474
1725359682060 3.8827939203740016e+108 475
1725359682127 5.682979384778693e+109 476
1725359682183 8.499098926308925e+109 477
1725359682262 8.19971641199155e+109 478
1725359682326 4.552800728998164e+108 479
1725359682387 6.270308471373085e+109 480
1725359682467 3.3837619678826097e+109 481
1725359682534 2.4960305840492066e+110 482
1725359682595 6.0473510892837154e+109 483
1725359682647 1.1248943578574948e+110 484
1725359682695 3.2957920369972127e+108 485
1725359682757 6.103344298605714e+108 486
1725359682821 1.4012020385569964e+112 487
1725359682880 2.5616328774197568e+110 488
1725359682951 4.5929427922858634e+110 489
1725359683017 1.4717516430987172e+110 490
1725359683082 5.7442439220622684e+110 491
1725359683142 3.913189289549521e+109 492
1725359683206 2.0391271243988682e+110 493
1725359683270 1.1783849723530269e+107 494
1725359683322 9.45199470919555e+112 495
1725359683376 1.1404666460784832e+111 496
1725359683437 3.296805406527168e+111 497
1725359683501 5.760575404967178e+111 498
1725359683556 8.921673286162125e+112 499
