1725358574168 148.7380087972672 0
1725358574192 126.22528367787115 1
1725358574215 102.90362530089719 2
1725358574240 86.25565045743103 3
1725358574267 78.37822677647138 4
1725358574290 63.5932651668305 5
1725358574313 54.53927237661142 6
1725358574340 46.99712057753706 7
1725358574358 40.88432178011422 8
1725358574387 33.652849067796446 9
1725358574409 30.355155450153593 10
1725358574432 27.89878948194887 11
1725358574454 24.23320147626051 12
1725358574476 21.13756341828169 13
1725358574498 19.38994527291941 14
1725358574521 17.052665769288758 15
1725358574543 15.21681181235163 16
1725358574566 14.274961034025962 17
1725358574600 12.535453456197352 18
1725358574626 12.019668764166447 19
1725358574647 11.039462555819874 20
1725358574666 10.597022101233565 21
1725358574690 9.38150054065447 22
1725358574713 9.114281911767929 23
1725358574737 8.273431274282903 24
1725358574759 8.291085923729026 25
1725358574781 7.8323324342231695 26
1725358574803 7.578288258110629 27
1725358574828 7.057813375958173 28
1725358574847 6.624999993592828 29
1725358574888 6.644867958332204 30
1725358574909 6.5709683659027 31
1725358574930 6.375502105057669 32
1725358574955 6.399096866483595 33
1725358574980 6.259380234278216 34
1725358575001 5.70262581748091 35
1725358575023 5.503529595359802 36
1725358575042 5.562135480613459 37
1725358575064 5.755726352703205 38
1725358575086 5.136317946854104 39
1725358575108 5.13742611835875 40
1725358575136 5.2378059013948155 41
1725358575161 5.322783379699165 42
1725358575191 5.5634918209406905 43
1725358575213 5.526838618753243 44
1725358575236 5.366547622978733 45
1725358575259 5.286293918748536 46
1725358575281 4.767368334215985 47
1725358575303 4.931601896558532 48
1725358575326 4.905615830742539 49
1725358575349 5.050204444267767 50
1725358575371 5.396560821123618 51
1725358575393 4.968267472116131 52
1725358575464 4.733520414133937 53
1725358575490 5.5297638381870895 54
1725358575520 4.885465468460354 55
1725358575550 5.084835712514336 56
1725358575572 4.972902487880983 57
1725358575593 4.725657340207045 58
1725358575615 5.068163606550147 59
1725358575637 4.938848245335666 60
1725358575659 4.931638005522988 61
1725358575681 5.103683127575798 62
1725358575704 4.650481442534639 63
1725358575726 4.5357436411076355 64
1725358575747 5.0159771130361746 65
1725358575772 4.7406940424518105 66
1725358575795 4.705751535519446 67
1725358575824 4.936508336302584 68
1725358575847 5.191781538387475 69
1725358575868 4.6232947902163355 70
1725358575890 4.754241281903077 71
1725358575929 4.653636668777637 72
1725358575950 4.709493647876095 73
1725358575971 4.556206456091629 74
1725358575993 4.839466545377879 75
1725358576014 4.715341217505938 76
1725358576039 4.995112751397083 77
1725358576061 4.887912698929886 78
1725358576083 4.577601989403519 79
1725358576108 4.769480716178752 80
1725358576132 4.599667933628593 81
1725358576164 4.81585504643958 82
1725358576186 5.035468479088664 83
1725358576210 4.7788928512171855 84
1725358576232 4.771603998921932 85
1725358576255 4.993942435805828 86
1725358576281 4.865821117299805 87
1725358576305 4.403732568186988 88
1725358576326 5.0766589289206685 89
1725358576347 4.921125335475041 90
1725358576368 4.788024836099935 91
1725358576389 4.818745672235418 92
1725358576411 4.417270365776236 93
1725358576430 4.7434255472916185 94
1725358576454 4.675879499226275 95
1725358576488 4.751595774150338 96
1725358576518 4.898939195466197 97
1725358576539 4.808184660113865 98
1725358576563 4.652006543437552 99
1725358576582 4.3859195943737905 100
1725358576603 4.941826176820234 101
1725358576625 4.511216286489184 102
