1725419379404 174.906361928578 0
1725419379437 174.87093319854435 1
1725419379480 174.8355124135637 2
1725419379515 174.80009957175815 3
1725419379550 174.76469467125014 4
1725419379585 174.72929771016263 5
1725419379617 174.693908686619 6
1725419379649 174.65852759874318 7
1725419379680 174.62315444465943 8
1725419379713 174.58778922249257 9
1725419379749 174.5524319303679 10
1725419379784 174.51708256641112 11
1725419379838 174.4817411287484 12
1725419379889 174.44640761550642 13
1725419379922 174.4110820248123 14
1725419379956 174.37576435479352 15
1725419379990 174.34045460357822 16
1725419380023 174.30515276929486 17
1725419380061 174.2698588500724 18
1725419380095 174.23457284404026 19
1725419380138 174.19929474932832 20
1725419380173 174.16402456406695 21
1725419380207 174.12876228638692 22
1725419380235 174.09350791441952 23
1725419380257 174.05826144629646 24
1725419380290 174.02302288014994 25
1725419380322 173.9877922141126 26
1725419380355 173.95256944631763 27
1725419380389 173.91735457489847 28
1725419380420 173.88214759798925 29
1725419380448 173.84694851372444 30
1725419380480 173.81175732023897 31
1725419380507 173.77657401566827 32
1725419380537 173.74139859814824 33
1725419380563 173.7062310658152 34
1725419380596 173.67107141680592 35
1725419380630 173.6359196492577 36
1725419380658 173.60077576130817 37
1725419380687 173.56563975109557 38
1725419380715 173.53051161675856 39
1725419380739 173.4953913564362 40
1725419380773 173.460278968268 41
1725419380805 173.42517445039402 42
1725419380837 173.39007780095474 43
1725419380870 173.35498901809106 44
1725419380903 173.31990809994434 45
1725419380932 173.2848350446565 46
1725419380962 173.24976985036977 47
1725419380995 173.214712515227 48
1725419381069 173.1796630373713 49
1725419381099 173.1446214149465 50
1725419381132 173.10958764609654 51
1725419381160 173.07456172896622 52
1725419381185 173.0395436617004 53
1725419381213 173.00453344244474 54
1725419381241 172.96953106934515 55
1725419381272 172.93453654054807 56
1725419381305 172.89954985420033 57
1725419381339 172.86457100844936 58
1725419381372 172.8296000014429 59
1725419381404 172.7946368313292 60
1725419381435 172.75968149625703 61
1725419381467 172.72473399437547 62
1725419381501 172.6897943238342 63
1725419381533 172.6548624827833 64
1725419381561 172.6199384693733 65
1725419381596 172.58502228175516 66
1725419381621 172.5501139180804 67
1725419381643 172.5152133765009 68
1725419381674 172.48032065516898 69
1725419381707 172.4454357522375 70
1725419381742 172.41055866585972 71
1725419381766 172.37568939418935 72
1725419381791 172.34082793538062 73
1725419381822 172.30597428758813 74
1725419381847 172.27112844896698 75
1725419381872 172.23629041767276 76
1725419381903 172.2014601918614 77
1725419381935 172.16663776968943 78
1725419381964 172.1318231493137 79
1725419381992 172.0970163288917 80
1725419382020 172.06221730658112 81
1725419382047 172.0274260805403 82
1725419382072 171.99264264892793 83
1725419382099 171.95786700990325 84
1725419382129 171.92309916162586 85
1725419382158 171.88833910225588 86
1725419382188 171.85358682995388 87
1725419382214 171.81884234288083 88
1725419382244 171.78410563919815 89
1725419382268 171.74937671706778 90
1725419382300 171.7146555746521 91
1725419382328 171.67994221011395 92
1725419382361 171.6452366216165 93
1725419382394 171.61053880732356 94
1725419382426 171.57584876539931 95
1725419382452 171.5411664940083 96
1725419382483 171.50649199131564 97
1725419382514 171.47182525548692 98
1725419382546 171.43716628468806 99
1725419382576 171.4025150770855 100
1725419382601 171.3678716308462 101
1725419382635 171.33323594413739 102
1725419382662 171.2986080151269 103
1725419382693 171.26398784198304 104
1725419382727 171.22937542287443 105
1725419382759 171.19477075597024 106
1725419382792 171.1601738394401 107
1725419382821 171.12558467145402 108
1725419382845 171.09100325018252 109
1725419382869 171.05642957379658 110
1725419382893 171.02186364046753 111
1725419382917 170.98730544836735 112
1725419382941 170.95275499566822 113
1725419382976 170.9182122805429 114
1725419383014 170.88367730116465 115
1725419383039 170.84915005570716 116
1725419383069 170.81463054234445 117
1725419383094 170.78011875925114 118
1725419383127 170.74561470460222 119
1725419383160 170.71111837657313 120
1725419383192 170.6766297733398 121
1725419383226 170.6421488930786 122
1725419383260 170.6076757339663 123
1725419383292 170.57321029418017 124
1725419383322 170.5387525718979 125
1725419383353 170.5043025652977 126
1725419383378 170.46986027255812 127
1725419383398 170.43542569185823 128
1725419383424 170.4009988213775 129
1725419383449 170.36657965929595 130
1725419383478 170.33216820379394 131
1725419383508 170.2977644530523 132
1725419383541 170.26336840525235 133
1725419383566 170.22898005857584 134
1725419383594 170.19459941120493 135
1725419383624 170.1602264613223 136
1725419383663 170.12586120711103 137
1725419383690 170.0915036467546 138
1725419383704 170.0571537784371 139
1725419383718 170.0228116003429 140
1725419383732 169.98847711065685 141
1725419383746 169.9541503075643 142
1725419383761 169.91983118925108 143
1725419383775 169.88551975390334 144
1725419383789 169.85121599970776 145
1725419383813 169.81691992485148 146
1725419383839 169.78263152752206 147
1725419383858 169.74835080590748 148
1725419383880 169.71407775819623 149
1725419383899 169.67981238257718 150
1725419383919 169.6455546772397 151
1725419383937 169.6113046403736 152
1725419383955 169.57706227016905 153
1725419383974 169.54282756481683 154
1725419383992 169.508600522508 155
1725419384011 169.47438114143418 156
1725419384030 169.44016941978734 157
1725419384054 169.40596535576006 158
1725419384078 169.37176894754512 159
1725419384101 169.33758019333598 160
1725419384125 169.30339909132638 161
1725419384152 169.26922563971064 162
1725419384176 169.23505983668335 163
1725419384205 169.20090168043976 164
1725419384228 169.1667511691754 165
1725419384253 169.1326083010863 166
1725419384275 169.09847307436894 167
1725419384298 169.06434548722027 168
1725419384327 169.0302255378376 169
1725419384352 168.99611322441874 170
1725419384376 168.96200854516198 171
1725419384395 168.92791149826598 172
1725419384418 168.89382208192993 173
1725419384440 168.85974029435332 174
1725419384492 168.82566613373626 175
1725419384551 168.79159959827922 176
1725419384591 168.75754068618306 177
1725419384633 168.72348939564915 178
1725419384671 168.6894457248793 179
1725419384713 168.65540967207573 180
1725419384748 168.62138123544122 181
1725419384784 168.58736041317877 182
1725419384819 168.553347203492 183
1725419384854 168.51934160458495 184
1725419384888 168.485343614662 185
1725419384923 168.4513532319282 186
1725419384961 168.4173704545887 187
1725419385002 168.3833952808494 188
1725419385035 168.34942770891655 189
1725419385078 168.31546773699668 190
1725419385111 168.28151536329702 191
1725419385147 168.2475705860251 192
1725419385181 168.21363340338883 193
1725419385217 168.17970381359675 194
1725419385247 168.14578181485768 195
1725419385283 168.11186740538096 196
1725419385316 168.07796058337627 197
1725419385355 168.04406134705394 198
1725419385399 168.0101696946245 199
1725419385432 167.97628562429907 200
1725419385471 167.94240913428914 201
1725419385506 167.90854022280666 202
1725419385539 167.87467888806407 203
1725419385582 167.84082512827428 204
1725419385624 167.80697894165044 205
1725419385658 167.77314032640632 206
1725419385701 167.7393092807561 207
1725419385755 167.70548580291432 208
1725419385802 167.6716698910961 209
1725419385852 167.63786154351683 210
1725419385892 167.60406075839256 211
1725419385925 167.57026753393953 212
1725419385967 167.53648186837455 213
1725419386001 167.5027037599149 214
1725419386038 167.46893320677827 215
1725419386074 167.43517020718272 216
1725419386109 167.40141475934684 217
1725419386152 167.3676668614896 218
1725419386192 167.33392651183047 219
1725419386228 167.30019370858926 220
1725419386262 167.26646844998632 221
1725419386300 167.2327507342424 222
1725419386335 167.19904055957863 223
1725419386372 167.16533792421671 224
1725419386412 167.13164282637865 225
1725419386449 167.09795526428692 226
1725419386483 167.06427523616455 227
1725419386523 167.03060274023485 228
1725419386561 166.99693777472163 229
1725419386635 166.96328033784914 230
1725419386684 166.92963042784206 231
1725419386758 166.89598804292552 232
1725419386830 166.86235318132515 233
1725419386903 166.82872584126682 234
1725419386949 166.79510602097704 235
1725419386988 166.76149371868266 236
1725419387034 166.72788893261097 237
1725419387073 166.69429166098973 238
1725419387116 166.66070190204715 239
1725419387157 166.62711965401178 240
1725419387185 166.59354491511274 241
1725419387213 166.5599776835795 242
1725419387259 166.5264179576419 243
1725419387299 166.49286573553042 244
1725419387352 166.45932101547575 245
1725419387411 166.4257837957092 246
1725419387458 166.3922540744624 247
1725419387500 166.35873184996746 248
1725419387534 166.32521712045693 249
1725419387575 166.2917098841637 250
1725419387616 166.2582101393213 251
1725419387649 166.22471788416348 252
1725419387689 166.19123311692456 253
1725419387727 166.15775583583923 254
1725419387764 166.12428603914265 255
1725419387806 166.09082372507038 256
1725419387840 166.0573688918584 257
1725419387868 166.02392153774326 258
1725419387886 165.99048166096176 259
1725419387906 165.95704925975122 260
1725419387926 165.92362433234942 261
1725419387945 165.89020687699457 262
1725419387967 165.8567968919252 263
1725419387984 165.82339437538045 264
1725419388005 165.78999932559975 265
1725419388022 165.75661174082302 266
1725419388042 165.7232316192906 267
1725419388064 165.68985895924334 268
1725419388094 165.65649375892235 269
1725419388119 165.62313601656942 270
1725419388149 165.58978573042648 271
1725419388184 165.55644289873615 272
1725419388204 165.52310751974133 273
1725419388219 165.48977959168542 274
1725419388232 165.4564591128122 275
1725419388246 165.42314608136599 276
1725419388260 165.38984049559141 277
1725419388274 165.35654235373352 278
1725419388290 165.32325165403796 279
1725419388304 165.28996839475064 280
1725419388332 165.25669257411798 281
1725419388357 165.22342419038682 282
1725419388387 165.19016324180444 283
1725419388414 165.15690972661847 284
1725419388440 165.12366364307712 285
1725419388471 165.0904249894289 286
1725419388497 165.05719376392284 287
1725419388520 165.02396996480832 288
1725419388558 164.9907535903352 289
1725419388578 164.95754463875377 290
1725419388594 164.92434310831476 291
1725419388614 164.8911489972693 292
1725419388633 164.857962303869 293
1725419388652 164.82478302636576 294
1725419388672 164.79161116301213 295
1725419388691 164.75844671206096 296
1725419388707 164.72528967176547 297
1725419388727 164.69214004037943 298
1725419388747 164.65899781615695 299
1725419388766 164.62586299735275 300
1725419388784 164.59273558222168 301
1725419388803 164.55961556901926 302
1725419388821 164.52650295600134 303
1725419388841 164.49339774142425 304
1725419388859 164.46029992354468 305
1725419388878 164.42720950061982 306
1725419388897 164.39412647090722 307
1725419388915 164.36105083266494 308
1725419388933 164.3279825841514 309
1725419388958 164.2949217236255 310
1725419388979 164.2618682493465 311
1725419389013 164.2288221595741 312
1725419389042 164.19578345256855 313
1725419389075 164.16275212659036 314
1725419389103 164.12972817990058 315
1725419389126 164.09671161076065 316
1725419389146 164.06370241743238 317
1725419389172 164.03070059817819 318
1725419389191 163.99770615126067 319
1725419389216 163.96471907494305 320
1725419389231 163.93173936748886 321
1725419389250 163.89876702716214 322
1725419389266 163.8658020522273 323
1725419389280 163.83284444094926 324
1725419389298 163.79989419159318 325
1725419389315 163.76695130242487 326
1725419389338 163.73401577171046 327
1725419389361 163.7010875977165 328
1725419389379 163.66816677870997 329
1725419389395 163.63525331295833 330
1725419389414 163.60234719872932 331
1725419389433 163.56944843429133 332
1725419389469 163.536557017913 333
1725419389510 163.50367294786344 334
1725419389549 163.47079622241225 335
1725419389587 163.43792683982934 336
1725419389613 163.40506479838513 337
1725419389646 163.37221009635047 338
1725419389683 163.3393627319966 339
1725419389708 163.30652270359514 340
1725419389734 163.27369000941823 341
1725419389759 163.2408646477384 342
1725419389788 163.2080466168286 343
1725419389818 163.17523591496217 344
1725419389838 163.14243254041295 345
1725419389859 163.10963649145515 346
1725419389878 163.0768477663634 347
1725419389892 163.04406636341275 348
1725419389906 163.01129228087876 349
1725419389922 162.9785255170373 350
1725419389944 162.94576607016472 351
1725419389964 162.91301393853777 352
1725419389988 162.88026912043372 353
1725419390007 162.84753161413005 354
1725419390026 162.81480141790493 355
1725419390045 162.78207853003676 356
1725419390071 162.74936294880442 357
1725419390097 162.7166546724872 358
1725419390122 162.6839536993649 359
1725419390151 162.65126002771757 360
1725419390181 162.61857365582588 361
1725419390207 162.58589458197076 362
1725419390225 162.55322280443366 363
1725419390247 162.52055832149648 364
1725419390266 162.48790113144136 365
1725419390281 162.4552512325511 366
1725419390296 162.42260862310877 367
1725419390321 162.3899733013979 368
1725419390360 162.35734526570243 369
1725419390390 162.32472451430675 370
1725419390423 162.29211104549572 371
1725419390452 162.25950485755445 372
1725419390483 162.22690594876863 373
1725419390514 162.19431431742433 374
1725419390540 162.16172996180805 375
1725419390566 162.12915288020665 376
1725419390585 162.09658307090749 377
1725419390604 162.0640205321983 378
1725419390624 162.03146526236725 379
1725419390643 161.99891725970295 380
1725419390658 161.9663765224944 381
1725419390672 161.933843049031 382
1725419390696 161.90131683760262 383
1725419390721 161.86879788649952 384
1725419390747 161.83628619401244 385
1725419390772 161.80378175843245 386
1725419390795 161.77128457805108 387
1725419390823 161.7387946511603 388
1725419390854 161.70631197605243 389
1725419390881 161.67383655102034 390
1725419390907 161.6413683743572 391
1725419390938 161.60890744435665 392
1725419390959 161.5764537593127 393
1725419390981 161.54400731751983 394
1725419391019 161.511568117273 395
1725419391046 161.47913615686738 396
1725419391069 161.44671143459888 397
1725419391088 161.41429394876343 398
1725419391102 161.38188369765777 399
1725419391116 161.3494806795788 400
1725419391131 161.3170848928239 401
1725419391145 161.28469633569097 402
1725419391160 161.25231500647817 403
1725419391175 161.2199409034842 404
1725419391210 161.1875740250081 405
1725419391244 161.15521436934938 406
1725419391278 161.12286193480793 407
1725419391312 161.0905167196841 408
1725419391338 161.05817872227863 409
1725419391372 161.02584794089267 410
1725419391396 160.99352437382782 411
1725419391423 160.96120801938605 412
1725419391456 160.92889887586978 413
1725419391489 160.8965969415819 414
1725419391518 160.8643022148255 415
1725419391546 160.8320146939044 416
1725419391568 160.79973437712263 417
1725419391582 160.7674612627847 418
1725419391596 160.7351953491955 419
1725419391611 160.70293663466035 420
1725419391625 160.67068511748502 421
1725419391640 160.63844079597573 422
1725419391654 160.60620366843892 423
1725419391668 160.5739737331817 424
1725419391688 160.54175098851144 425
1725419391725 160.50953543273602 426
1725419391767 160.47732706416357 427
1725419391805 160.44512588110288 428
1725419391848 160.41293188186293 429
1725419391924 160.38074506475326 430
1725419391969 160.34856542808373 431
1725419392001 160.31639297016474 432
1725419392043 160.2842276893069 433
1725419392087 160.25206958382145 434
1725419392122 160.21991865201994 435
1725419392155 160.18777489221438 436
1725419392195 160.15563830271708 437
1725419392223 160.1235088818409 438
1725419392253 160.09138662789908 439
1725419392285 160.0592715392053 440
1725419392315 160.0271636140735 441
1725419392349 159.99506285081816 442
1725419392382 159.96296924775422 443
1725419392414 159.93088280319694 444
1725419392445 159.89880351546208 445
1725419392480 159.86673138286568 446
1725419392515 159.83466640372433 447
1725419392539 159.80260857635497 448
1725419392566 159.77055789907493 449
1725419392599 159.738514370202 450
1725419392625 159.70647798805442 451
1725419392654 159.67444875095075 452
1725419392690 159.64242665720997 453
1725419392717 159.61041170515156 454
1725419392743 159.57840389309527 455
1725419392774 159.5464032193615 456
1725419392801 159.51440968227084 457
1725419392834 159.48242328014433 458
1725419392867 159.45044401130346 459
1725419392901 159.41847187407024 460
1725419392933 159.38650686676687 461
1725419392961 159.3545489877161 462
1725419393000 159.32259823524106 463
1725419393035 159.29065460766535 464
1725419393073 159.25871810331287 465
1725419393124 159.22678872050807 466
1725419393176 159.19486645757567 467
1725419393216 159.16295131284087 468
1725419393251 159.1310432846293 469
1725419393283 159.09914237126696 470
1725419393317 159.06724857108028 471
1725419393348 159.03536188239613 472
1725419393381 159.00348230354172 473
1725419393414 158.9716098328447 474
1725419393448 158.93974446863322 475
1725419393480 158.90788620923567 476
1725419393515 158.87603505298102 477
1725419393546 158.84419099819848 478
1725419393578 158.81235404321788 479
1725419393608 158.78052418636923 480
1725419393639 158.74870142598317 481
1725419393672 158.71688576039057 482
1725419393706 158.68507718792276 483
1725419393737 158.65327570691161 484
1725419393774 158.62148131568918 485
1725419393808 158.58969401258813 486
1725419393837 158.5579137959414 487
1725419393868 158.52614066408242 488
1725419393899 158.49437461534498 489
1725419393932 158.46261564806332 490
1725419393968 158.43086376057204 491
1725419393992 158.39911895120622 492
1725419394017 158.36738121830123 493
1725419394047 158.33565056019302 494
1725419394072 158.30392697521773 495
1725419394095 158.27221046171218 496
1725419394129 158.24050101801333 497
1725419394164 158.2087986424587 498
1725419394197 158.1771033333862 499
