1725353737685 30.769273311893464 0
1725353737706 5.128793327384868 1
1725353737726 1.1269501792532945 2
1725353737747 0.21831790392237263 3
1725353737766 0.18916795388377206 4
1725353737787 0.15006417399005484 5
1725353737806 0.12337885597416696 6
1725353737826 0.1330567558049845 7
1725353737846 0.13311845258141827 8
1725353737866 0.12180987500211289 9
1725353737888 0.17830623076501964 10
1725353737909 0.1577642863485973 11
1725353737930 0.13832641965395984 12
1725353737950 0.18708769551279072 13
1725353737972 0.14271732503592616 14
1725353737993 0.13270745903703215 15
1725353738015 0.13283336302892546 16
1725353738046 0.10702847521952429 17
1725353738077 0.21721999461547495 18
1725353738104 0.08318951949453454 19
1725353738124 0.15480471010031419 20
1725353738145 0.10886792784625376 21
1725353738164 0.11989517531879518 22
1725353738211 0.07490138420229532 23
1725353738231 0.14506816798527084 24
1725353738252 0.1864335853660218 25
1725353738272 0.184750384658624 26
1725353738294 0.13696165889108544 27
1725353738322 0.10899246524300964 28
1725353738354 0.14964304655791297 29
1725353738383 0.1341811834312633 30
1725353738406 0.06876287345135042 31
1725353738426 0.15212908261791008 32
1725353738446 0.12720382942855377 33
1725353738469 0.12693751109647108 34
1725353738492 0.12603092923446219 35
1725353738513 0.15666389346032542 36
1725353738534 0.1746104158858026 37
1725353738555 0.15414005719747648 38
1725353738580 0.12475454590801038 39
1725353738600 0.1745574609374541 40
1725353738620 0.199758345717935 41
1725353738651 0.1768803930615021 42
1725353738671 0.1007884603837229 43
1725353738695 0.11726460221126819 44
1725353738718 0.14823757946723132 45
1725353738737 0.10286440872705559 46
1725353738757 0.11587159131137194 47
1725353738776 0.14799715488898016 48
1725353738795 0.10716217292490647 49
1725353738815 0.08512489946619688 50
1725353738834 0.15716828724712573 51
1725353738854 0.12953299648543698 52
1725353738880 0.13347370263681177 53
1725353738937 0.14288112088536278 54
1725353738957 0.10597379558452721 55
1725353738978 0.1316076139669766 56
1725353738998 0.08284184645810587 57
1725353739018 0.13442236155973647 58
1725353739038 0.15464590203716727 59
1725353739057 0.12152848746201994 60
1725353739087 0.15947433394886096 61
1725353739108 0.12059220104785183 62
1725353739128 0.10910606829109172 63
1725353739150 0.1812895728884272 64
1725353739174 0.15675920588852257 65
1725353739194 0.10470144516111633 66
1725353739215 0.12186297808500363 67
1725353739235 0.14061678110770642 68
1725353739256 0.128901971577902 69
1725353739275 0.17128677401504053 70
1725353739294 0.15757167942884207 71
1725353739314 0.19233285341639225 72
1725353739334 0.15089706633335984 73
1725353739356 0.10879378378780045 74
1725353739376 0.12378964339044421 75
1725353739397 0.1479842928977654 76
1725353739418 0.20160481115591794 77
1725353739439 0.17280080971758624 78
1725353739460 0.09915749894485502 79
1725353739480 0.09043997303796339 80
1725353739501 0.1302753794541562 81
1725353739522 0.07685791532139058 82
1725353739541 0.15291022468302365 83
1725353739562 0.10434911173578224 84
1725353739587 0.18303628057330623 85
1725353739609 0.1406531556748042 86
1725353739630 0.16634865670417626 87
1725353739647 0.12076438322155318 88
1725353739666 0.15754202893234703 89
1725353739690 0.09338620467160778 90
1725353739712 0.12515814475537454 91
1725353739734 0.12544925001992166 92
1725353739756 0.1364801742053149 93
1725353739778 0.12813796364499924 94
1725353739799 0.13258905925212627 95
1725353739819 0.13114070241593243 96
1725353739846 0.1632875456357537 97
1725353739866 0.11268941424917796 98
1725353739889 0.10320022141981722 99
1725353739910 0.15977446833408085 100
1725353739929 0.14147027873784387 101
1725353739954 0.14908863576242135 102
1725353739978 0.10490275722309762 103
1725353740000 0.1871029807658429 104
1725353740021 0.110825386925543 105
1725353740041 0.1211237179107314 106
1725353740060 0.1506289009704748 107
1725353740082 0.13195639758887354 108
1725353740111 0.1278405529185242 109
1725353740132 0.15780819335237123 110
1725353740154 0.13835770244286705 111
1725353740175 0.12871615077242424 112
1725353740196 0.11750679742474256 113
1725353740216 0.13106421029859497 114
1725353740238 0.09443776017231506 115
1725353740260 0.15083708989608102 116
1725353740280 0.1262964069736827 117
1725353740301 0.08773283928046591 118
1725353740322 0.16138825795716444 119
1725353740343 0.11248134409136089 120
1725353740362 0.10943258265812071 121
1725353740382 0.13643121475967598 122
1725353740401 0.20118483471584933 123
1725353740422 0.19047200374016518 124
1725353740443 0.12615154146215035 125
1725353740465 0.11939930010108532 126
1725353740484 0.10601055680154313 127
1725353740502 0.13678112629020944 128
1725353740523 0.08131222032146214 129
1725353740540 0.10439152091756322 130
1725353740561 0.16368287455463537 131
1725353740583 0.0976457533122752 132
1725353740605 0.12251893048399135 133
1725353740626 0.09248259015380476 134
1725353740646 0.10487854797741318 135
1725353740665 0.1436675551517896 136
1725353740687 0.16145223912913897 137
1725353740706 0.17865915608275912 138
1725353740728 0.12733671774141497 139
1725353740750 0.1712342406769892 140
1725353740771 0.09349027401159744 141
1725353740790 0.13105132107591588 142
1725353740808 0.14596694283140887 143
1725353740829 0.11633422179031652 144
1725353740849 0.14992071696504947 145
1725353740870 0.11322861597106681 146
1725353740892 0.1345304194340751 147
1725353740916 0.08277256414388644 148
1725353740937 0.13287796387350054 149
1725353740960 0.12141741810196699 150
1725353740980 0.14492454652262013 151
1725353741002 0.1800445412147084 152
1725353741020 0.1104278633046831 153
1725353741047 0.15529025317246561 154
1725353741068 0.15560942052362728 155
1725353741087 0.13211263086906674 156
1725353741117 0.09417280127130959 157
1725353741150 0.09478794014961953 158
1725353741189 0.14620695155402494 159
1725353741211 0.11183156983961567 160
1725353741232 0.13051496685708927 161
1725353741253 0.14578253789918447 162
1725353741274 0.20446299837251342 163
1725353741295 0.14580620103224737 164
1725353741317 0.11014334827017119 165
1725353741341 0.1428795236267542 166
1725353741362 0.09555305056872895 167
1725353741386 0.09993728914883639 168
1725353741406 0.14552283743423672 169
1725353741427 0.16820550966783046 170
1725353741447 0.11398596739367489 171
1725353741466 0.13101690554565826 172
1725353741486 0.13424134475672617 173
1725353741506 0.11254370439213754 174
1725353741529 0.14040024384442767 175
1725353741549 0.1162726070592217 176
1725353741571 0.11585102992820973 177
1725353741593 0.15248893711083844 178
1725353741614 0.12587645863583208 179
1725353741634 0.13631171881762857 180
1725353741653 0.12143652444401426 181
1725353741674 0.11600572030825514 182
1725353741693 0.10291728927968946 183
1725353741715 0.09899304510710512 184
1725353741735 0.08678495843728913 185
1725353741753 0.15836296952336074 186
1725353741773 0.1516600030358137 187
1725353741797 0.14612864796021788 188
1725353741818 0.1022863714638142 189
1725353741844 0.16087597401192313 190
1725353741867 0.15878393537195698 191
1725353741890 0.1270049089229493 192
1725353741909 0.13960390387831245 193
1725353741929 0.08983351977008 194
1725353741948 0.12946973990639066 195
1725353741969 0.1419652112129185 196
1725353741989 0.12174340214740662 197
1725353742008 0.16678302829048716 198
1725353742031 0.07685760827654639 199
1725353742052 0.1585821258391716 200
1725353742074 0.14895597135551028 201
1725353742094 0.0754640382262773 202
1725353742125 0.13887162476579804 203
1725353742147 0.11870401047296926 204
1725353742171 0.15353802732085958 205
1725353742191 0.10872698969496875 206
1725353742209 0.1437313807862083 207
1725353742231 0.2347424930895334 208
1725353742249 0.1684812693487862 209
1725353742271 0.10367447946146596 210
1725353742290 0.11498447188443793 211
1725353742312 0.15500058690668175 212
1725353742338 0.23691076736329922 213
1725353742358 0.13373747851274537 214
1725353742380 0.09401886474193696 215
1725353742401 0.08675092248674354 216
1725353742426 0.19958488345471956 217
1725353742450 0.09458550662560593 218
1725353742474 0.11972204666315012 219
1725353742495 0.15541328419821293 220
1725353742516 0.14786124634061173 221
1725353742536 0.16568510339075246 222
1725353742556 0.1138520352011611 223
1725353742575 0.11524128507588526 224
1725353742596 0.1544966763456305 225
1725353742616 0.12893436002120437 226
1725353742636 0.1648741955891322 227
1725353742655 0.15044181822347363 228
1725353742674 0.13440736597197303 229
1725353742694 0.14745222633498672 230
1725353742710 0.15743726530415608 231
1725353742731 0.12116978281065142 232
1725353742751 0.14904042028190048 233
1725353742771 0.09945962703393738 234
1725353742791 0.09043567091761838 235
1725353742811 0.1290527448403998 236
1725353742835 0.12349592947943903 237
1725353742855 0.18392022768571653 238
1725353742876 0.13002002162919238 239
1725353742898 0.16728721925264484 240
1725353742919 0.09479387530164358 241
1725353742940 0.14157528869616465 242
1725353742960 0.1868092302988642 243
1725353742980 0.12908388449126776 244
1725353743001 0.09972062156688327 245
1725353743023 0.13119491314743076 246
1725353743045 0.13499758517313853 247
1725353743066 0.10918603791447848 248
1725353743088 0.08451816685105575 249
1725353743108 0.16122374216491406 250
1725353743139 0.11202669354432111 251
1725353743161 0.13690614035279713 252
1725353743180 0.11168595897655283 253
1725353743201 0.12106418568396507 254
1725353743220 0.12921628402381255 255
1725353743241 0.11221320726565685 256
1725353743262 0.0916717738566389 257
1725353743280 0.1387456301859988 258
1725353743298 0.11522045294314863 259
1725353743320 0.11606508840824843 260
1725353743344 0.11079757144954819 261
1725353743365 0.11133622780517528 262
1725353743385 0.1316111926851825 263
1725353743407 0.11819966155098288 264
1725353743427 0.08102002159498309 265
1725353743451 0.10392288808554133 266
1725353743470 0.12030654683290934 267
1725353743490 0.13455362608792362 268
1725353743511 0.10819775479972596 269
1725353743530 0.17144251280944647 270
1725353743554 0.09930937732619162 271
1725353743573 0.11098397653028733 272
1725353743593 0.13834284951529283 273
1725353743613 0.1401767055144964 274
1725353743636 0.20248855805629787 275
1725353743657 0.12846432816113432 276
1725353743677 0.14804232367691122 277
1725353743697 0.0948392067887115 278
1725353743717 0.14874383166587318 279
1725353743738 0.08789449468124659 280
1725353743757 0.12221381491823179 281
1725353743780 0.12409882501640956 282
1725353743800 0.11803651274631669 283
1725353743821 0.1547392181060275 284
1725353743844 0.08141275256221545 285
1725353743864 0.17850931964892086 286
1725353743885 0.12225339163633109 287
1725353743903 0.1426696069490529 288
1725353743924 0.15178793108571742 289
1725353743943 0.13024211310650718 290
1725353743965 0.09473450740387819 291
1725353743986 0.15636613649625145 292
1725353744009 0.2052981802602652 293
1725353744028 0.13677559914939444 294
1725353744048 0.090003532512873 295
1725353744068 0.23067361892234706 296
1725353744087 0.1237590058302659 297
1725353744108 0.10540891238517047 298
1725353744127 0.099611139036189 299
1725353744150 0.11621576408509127 300
1725353744174 0.11120168615537533 301
1725353744214 0.16599476299477275 302
1725353744234 0.09866105643841576 303
1725353744254 0.16741609800388874 304
1725353744277 0.17151527403169026 305
1725353744295 0.0937385496467848 306
1725353744317 0.1497144265751285 307
1725353744337 0.13308378781544047 308
1725353744353 0.13677674127269862 309
1725353744376 0.16128883511959147 310
1725353744397 0.12328126243291436 311
1725353744416 0.1660020174346756 312
1725353744436 0.11753793090325207 313
1725353744456 0.14660391656008867 314
1725353744475 0.17900965079989678 315
1725353744495 0.09424664113477191 316
1725353744515 0.190970463555957 317
1725353744536 0.13413741179609362 318
1725353744555 0.10308656022917308 319
1725353744573 0.16492983280335852 320
1725353744596 0.1031626742648277 321
1725353744619 0.11239734391135997 322
1725353744638 0.1302325180986874 323
1725353744660 0.08959493159638819 324
1725353744682 0.08334056376951177 325
1725353744702 0.1965884089510818 326
1725353744724 0.1447008960024291 327
1725353744744 0.12035517413263218 328
1725353744765 0.15386344020654025 329
1725353744785 0.09837585175755933 330
1725353744805 0.1338017166551225 331
1725353744827 0.15452946883485294 332
1725353744850 0.08263441350411267 333
1725353744871 0.13541770369850809 334
1725353744890 0.10514513459504206 335
1725353744911 0.12669674019468713 336
1725353744930 0.09479672935603954 337
1725353744949 0.10044467092984614 338
1725353744970 0.1463823190193756 339
1725353744989 0.11260167761802517 340
1725353745010 0.128803584634451 341
1725353745031 0.19012780533526172 342
1725353745052 0.2353760463073992 343
1725353745072 0.11302875828722446 344
1725353745092 0.10393422480844855 345
1725353745115 0.15148514403425786 346
1725353745140 0.12683891781848447 347
1725353745163 0.16415333045758274 348
1725353745183 0.13644171091794724 349
1725353745203 0.12050728670103225 350
1725353745222 0.1384081294383589 351
1725353745242 0.11664314914315005 352
1725353745261 0.09981001664443499 353
1725353745282 0.1411529042987755 354
1725353745304 0.1607148979463587 355
1725353745330 0.1348476959613224 356
1725353745345 0.10251758657047066 357
1725353745360 0.18005468373512903 358
1725353745375 0.18131227118425977 359
1725353745387 0.1372898564482657 360
1725353745404 0.07672226883636724 361
1725353745419 0.15919702043386322 362
1725353745433 0.10412567557916999 363
1725353745446 0.1571420973400007 364
1725353745459 0.11338580232289058 365
1725353745478 0.14836879836570058 366
1725353745491 0.1373163028014382 367
1725353745514 0.12685938749123016 368
1725353745529 0.1779740909146347 369
1725353745544 0.11907238310129456 370
1725353745558 0.14092611117421433 371
1725353745572 0.1582609853674652 372
1725353745584 0.14524129623017418 373
1725353745597 0.15097192437796253 374
1725353745612 0.16777648108318038 375
1725353745626 0.1433401420453654 376
1725353745640 0.12476439127239294 377
1725353745649 0.18305856436312287 378
1725353745658 0.10363924714291516 379
1725353745667 0.1400147623143547 380
1725353745675 0.11381740118043755 381
1725353745684 0.18623184048426608 382
1725353745693 0.09653059553513876 383
1725353745702 0.1398962861783104 384
1725353745710 0.1916642664547121 385
1725353745719 0.17102020318185604 386
1725353745727 0.11612015367292196 387
1725353745736 0.13977199415070235 388
1725353745745 0.20090928321812812 389
1725353745753 0.143493482825858 390
1725353745762 0.10435182507369277 391
1725353745780 0.12917452962879122 392
1725353745795 0.11606186619935019 393
1725353745813 0.1286436129352572 394
1725353745836 0.1893995389638516 395
1725353745858 0.11988109969608056 396
1725353745876 0.1105918007492387 397
1725353745894 0.15387740374679879 398
1725353745909 0.1414383914057485 399
1725353745922 0.09924085953080602 400
1725353745935 0.19648037355070117 401
1725353745949 0.15284071783936184 402
1725353745965 0.16922514640581002 403
1725353745980 0.13305239063257865 404
1725353745994 0.1184059042535289 405
1725353746008 0.15441248441421507 406
1725353746022 0.178720684554377 407
1725353746038 0.14383363499626006 408
1725353746053 0.10915837938380508 409
1725353746070 0.1261659497319979 410
1725353746092 0.14022704468616498 411
1725353746106 0.17461347333379507 412
1725353746126 0.15485469459513787 413
1725353746144 0.15422537661507985 414
1725353746174 0.160356481942382 415
1725353746195 0.129735131420671 416
1725353746217 0.13365106425606224 417
1725353746236 0.1141404450745564 418
1725353746258 0.14070315057950936 419
1725353746278 0.13250956864923147 420
1725353746297 0.13928301392658923 421
1725353746316 0.1406443336530901 422
1725353746334 0.1605943910011867 423
1725353746350 0.12363792482395951 424
1725353746364 0.08863681150003186 425
1725353746381 0.14347252914219127 426
1725353746400 0.13229992301506638 427
1725353746417 0.10685580632358989 428
1725353746431 0.14070653693850263 429
1725353746455 0.11132056881239628 430
1725353746476 0.1390153700159832 431
1725353746497 0.11320353290175872 432
1725353746516 0.09519674030075492 433
1725353746534 0.16826783900465303 434
1725353746552 0.1813506374421555 435
1725353746570 0.18983403627986384 436
1725353746587 0.11543219676401502 437
1725353746603 0.09860879004240684 438
1725353746621 0.15365115517053363 439
1725353746636 0.20030129398980057 440
1725353746648 0.17670433775979522 441
1725353746657 0.19538314159775158 442
1725353746665 0.09824504982793016 443
1725353746674 0.11192953085006757 444
1725353746683 0.16815320642776294 445
1725353746692 0.15671649211323424 446
1725353746701 0.09741785512541469 447
1725353746710 0.10568287663753315 448
1725353746718 0.11958094398430814 449
1725353746727 0.1447443077074389 450
1725353746736 0.13897837311667463 451
1725353746745 0.13641802605181422 452
1725353746753 0.18433945154186332 453
1725353746762 0.1670434570907769 454
1725353746776 0.16249626628208041 455
1725353746790 0.12371750241613061 456
1725353746802 0.13835207332907964 457
1725353746816 0.09406328197323031 458
1725353746831 0.13239863371967273 459
1725353746846 0.15570757252311943 460
1725353746860 0.11059445396312309 461
1725353746874 0.15349619523082297 462
1725353746889 0.15067534983108907 463
1725353746906 0.12944137482515158 464
1725353746922 0.14431332538477493 465
1725353746939 0.17234587522240477 466
1725353746958 0.1236033635141829 467
1725353746974 0.0935858294266938 468
1725353746991 0.12188729967744255 469
1725353747008 0.1642324090077566 470
1725353747027 0.09658402050003799 471
1725353747042 0.119853411099981 472
1725353747060 0.13551872738812923 473
1725353747080 0.09718114970826695 474
1725353747101 0.11406190629768242 475
1725353747116 0.19809161554061633 476
1725353747135 0.10007124040913805 477
1725353747152 0.10858085434998253 478
1725353747178 0.11819718429637126 479
1725353747187 0.12228840942414997 480
1725353747197 0.16155377507021174 481
1725353747206 0.1035791250971492 482
1725353747214 0.1124808041313049 483
1725353747224 0.16698406205174243 484
1725353747233 0.12359128504056462 485
1725353747241 0.14762786410532416 486
1725353747250 0.10783863877040645 487
1725353747259 0.1573413968132974 488
1725353747269 0.12313472479493112 489
1725353747286 0.1755112429442574 490
1725353747303 0.13380513917103673 491
1725353747323 0.1363410035965968 492
1725353747338 0.17301022434647415 493
1725353747356 0.11120832165603967 494
1725353747374 0.1328570102647177 495
1725353747394 0.10079835429962271 496
1725353747408 0.13971075834304159 497
1725353747421 0.14318954379582177 498
1725353747430 0.157161786150616 499
