1725385397253 147.80782108283094 0
1725385397283 117.47047185585764 1
1725385397316 99.9931871907861 2
1725385397347 84.75262303759446 3
1725385397378 74.79606498531366 4
1725385397416 59.67265746114436 5
1725385397441 52.67248001802477 6
1725385397468 41.11682656676211 7
1725385397508 35.07531279492362 8
1725385397538 28.85755161995376 9
1725385397564 24.52408265682905 10
1725385397592 21.235847157860633 11
1725385397618 16.6567316381317 12
1725385397646 14.05120833371151 13
1725385397674 12.630506675403417 14
1725385397701 10.068980890969245 15
1725385397742 8.934159322275919 16
1725385397782 7.056034891269124 17
1725385397808 5.855600327931686 18
1725385397833 5.023593954922169 19
1725385397858 4.359214553816598 20
1725385397886 3.5229095798075427 21
1725385397910 2.8884732024578454 22
1725385397939 2.8292962838328206 23
1725385397960 2.311986807932665 24
1725385397982 1.7437312021992695 25
1725385398010 1.7271938055698461 26
1725385398037 1.6678894734308702 27
1725385398060 1.1713301450572187 28
1725385398087 1.126650561737141 29
1725385398124 1.0702545558339436 30
1725385398153 0.778325874796515 31
1725385398176 0.692849039225728 32
1725385398200 0.6254283563140702 33
1725385398220 0.6095408979028346 34
1725385398239 0.5053883814989509 35
1725385398260 0.43331667029987186 36
1725385398284 0.5146654342483539 37
1725385398311 0.34482081721391244 38
1725385398338 0.451631146249862 39
1725385398374 0.3291906875075014 40
1725385398404 0.2246042201119063 41
1725385398432 0.2505258256325812 42
1725385398459 0.23146250567619486 43
1725385398488 0.21939464537730222 44
1725385398514 0.28901558506018743 45
1725385398541 0.21385666254026792 46
1725385398567 0.21636468435619427 47
1725385398590 0.2940199323363024 48
1725385398619 0.21070894231276632 49
1725385398645 0.17945833513193352 50
1725385398671 0.13715818433867524 51
1725385398698 0.17302484628720943 52
1725385398728 0.17185425459637188 53
1725385398754 0.23102214297909243 54
1725385398780 0.1799657401119677 55
1725385398807 0.16002301163204258 56
1725385398834 0.1676395578678348 57
1725385398859 0.20266281527461208 58
1725385398896 0.0823818607568569 59
1725385398921 0.11540892994114148 60
1725385398947 0.11968306597384226 61
1725385398972 0.12364385196824917 62
1725385398998 0.1512638646346031 63
1725385399024 0.1661228053578601 64
1725385399050 0.11010251724398 65
1725385399075 0.16205658832202816 66
1725385399101 0.11942610172212322 67
1725385399127 0.1558165859894044 68
1725385399154 0.1347496423147412 69
1725385399191 0.12773382818894327 70
1725385399232 0.13191544183064388 71
1725385399270 0.11647606862806308 72
1725385399336 0.1446731046830547 73
1725385399368 0.18262928321920538 74
1725385399400 0.1452089174230372 75
1725385399436 0.1789552466976257 76
1725385399462 0.1389459130786858 77
1725385399490 0.17550302204864168 78
1725385399523 0.08999666993283144 79
1725385399549 0.13578009395405335 80
1725385399575 0.17677784196812338 81
1725385399600 0.09977067986294387 82
1725385399623 0.10753305664349877 83
1725385399648 0.12260294167657991 84
1725385399673 0.17497207801657028 85
1725385399698 0.09554428409613976 86
1725385399726 0.10669548076216824 87
1725385399751 0.09849004436196132 88
1725385399780 0.1369581730113095 89
1725385399814 0.20824162585254702 90
1725385399840 0.1402510967020554 91
1725385399873 0.10710873565395695 92
1725385399906 0.14079188821663907 93
1725385399940 0.1548084821225614 94
1725385399971 0.12320102957312458 95
1725385399998 0.18470840578450481 96
1725385400031 0.14343047096690725 97
1725385400056 0.13113948951114618 98
1725385400082 0.13526883245996726 99
1725385400109 0.12552445486254551 100
1725385400135 0.10148992073576336 101
1725385400161 0.13078387713570727 102
1725385400184 0.1211951167893467 103
1725385400217 0.12309301714985059 104
1725385400242 0.09391331010099174 105
1725385400267 0.14943489684613293 106
1725385400291 0.16568925149005273 107
1725385400319 0.20614668308228476 108
1725385400357 0.21089731089612512 109
1725385400381 0.13699027137169661 110
1725385400413 0.19378585687095326 111
1725385400447 0.19973414779418364 112
1725385400472 0.12449764593498838 113
1725385400501 0.1024361977800612 114
1725385400526 0.11135433822689582 115
1725385400551 0.13761414387341278 116
1725385400577 0.13706084478613456 117
1725385400615 0.16884905579411952 118
1725385400643 0.18035161906912142 119
