1725360541240 150.9488442935307 0
1725360541264 128.78768756092902 1
1725360541288 103.44491734913245 2
1725360541321 87.28416454577737 3
1725360541348 71.90700952222129 4
1725360541373 59.275342785811965 5
1725360541394 51.037616835986654 6
1725360541421 41.861816853374854 7
1725360541446 33.79876871416849 8
1725360541468 28.763730191170012 9
1725360541495 24.579957791735115 10
1725360541518 20.8770651475932 11
1725360541542 17.66717050047879 12
1725360541566 14.553314392079612 13
1725360541590 13.28934844261887 14
1725360541613 10.794688820880587 15
1725360541636 8.46430634386606 16
1725360541658 7.825913943316859 17
1725360541679 6.1576344861089805 18
1725360541703 4.782692271492677 19
1725360541728 4.859089111607161 20
1725360541756 4.0482396660604 21
1725360541784 3.0657917527325904 22
1725360541813 2.873570944448537 23
1725360541835 2.7517437008938597 24
1725360541857 2.125390545611617 25
1725360541878 1.7262474909760857 26
1725360541896 1.5653210751602369 27
1725360541920 1.265421635670193 28
1725360541942 0.9193689636283033 29
1725360541973 0.9633735693080718 30
1725360542005 0.7532609588254124 31
1725360542042 0.83765187918918 32
1725360542080 0.632088194133911 33
1725360542121 0.5890043073939382 34
1725360542165 0.4047612478123301 35
1725360542188 0.566277086546074 36
1725360542210 0.4293742230055525 37
1725360542232 0.36695979046875815 38
1725360542256 0.33337643309414233 39
1725360542280 0.35947826863169446 40
1725360542315 0.32413656185992223 41
1725360542340 0.2935659976867908 42
1725360542364 0.2652644484899708 43
1725360542386 0.19975821968002289 44
1725360542405 0.1981092011790933 45
1725360542447 0.23466583181923886 46
1725360542521 0.2646744440779531 47
1725360542547 0.26717804197900696 48
1725360542574 0.1340453985571793 49
1725360542598 0.16734393407902332 50
1725360542623 0.20482313899922003 51
1725360542648 0.21418698772101763 52
1725360542664 0.20104634574707012 53
1725360542687 0.12539684765034656 54
1725360542711 0.1843282066123145 55
1725360542738 0.13896282444657454 56
1725360542762 0.13306095214082445 57
1725360542786 0.19457826463131067 58
1725360542809 0.12062896121531011 59
1725360542833 0.14947734486452044 60
1725360542857 0.13438432673301304 61
1725360542880 0.14071965756758026 62
1725360542903 0.19820137148697436 63
1725360542927 0.15815434318814392 64
1725360542950 0.15087550819750686 65
1725360542971 0.15409434297174923 66
1725360542995 0.19657016394558371 67
1725360543020 0.10621629785280405 68
1725360543044 0.1314302995105438 69
1725360543077 0.113171731773914 70
1725360543101 0.1339563948872235 71
1725360543127 0.14400777404025872 72
1725360543154 0.09482142166462765 73
1725360543181 0.1284590578278019 74
1725360543204 0.08807257328318736 75
1725360543229 0.14701138924998003 76
1725360543252 0.12250121370620276 77
1725360543274 0.13202155200984997 78
1725360543298 0.14471558835377044 79
1725360543328 0.13795279216537065 80
1725360543362 0.15082124299400199 81
1725360543385 0.13927594556462275 82
1725360543408 0.17873838587729954 83
1725360543431 0.11098386549431216 84
1725360543454 0.10334053761306926 85
1725360543478 0.10725593980601907 86
1725360543502 0.12585955177032468 87
1725360543527 0.10335427072097109 88
1725360543551 0.11154934237776878 89
1725360543574 0.15182253565389423 90
1725360543594 0.15063203329965316 91
1725360543623 0.1046856998564945 92
1725360543646 0.1126235989304249 93
1725360543670 0.13900493354296048 94
1725360543697 0.13429507321201087 95
1725360543725 0.10127887371537893 96
1725360543748 0.11539405192485004 97
1725360543772 0.15633430651734032 98
1725360543796 0.12739415412265737 99
1725360543821 0.14244375416683386 100
1725360543845 0.11899060044073746 101
1725360543868 0.17243018797994936 102
1725360543891 0.07899911161585577 103
1725360543916 0.0956103526682867 104
1725360543937 0.13993094792149505 105
1725360543956 0.18966059865052817 106
1725360543979 0.17919307157557277 107
1725360544004 0.1214741826018202 108
1725360544026 0.1378851826343952 109
1725360544047 0.13068650504529095 110
1725360544075 0.10797378794102411 111
1725360544097 0.1339847680848861 112
1725360544121 0.15617652927983355 113
1725360544145 0.08906978484737885 114
1725360544169 0.10954610563252075 115
1725360544193 0.0996938103220142 116
1725360544215 0.1522318765462511 117
1725360544238 0.1329097003502764 118
1725360544260 0.12330883867775132 119
1725360544282 0.14727042126832904 120
1725360544311 0.1554743244141113 121
1725360544345 0.16273128250935776 122
1725360544371 0.11892218522302354 123
1725360544395 0.15231334232902632 124
1725360544417 0.09734701188056945 125
1725360544439 0.10351173649136497 126
1725360544462 0.16116748017968024 127
1725360544490 0.18850396818576393 128
1725360544515 0.08868725659130788 129
1725360544539 0.1417010794784964 130
1725360544561 0.08397496380321498 131
1725360544584 0.14546671093778346 132
1725360544607 0.1282819032233513 133
1725360544630 0.15501035001307273 134
1725360544652 0.17622740647211146 135
1725360544673 0.11966332022200268 136
1725360544695 0.09474995122605147 137
1725360544717 0.16092653352240396 138
1725360544739 0.12697564007803858 139
1725360544762 0.11716421157182633 140
1725360544786 0.14038675493951808 141
1725360544804 0.1350485077605467 142
1725360544823 0.18814731396189172 143
1725360544847 0.15775123366614044 144
1725360544869 0.12423547740681129 145
1725360544890 0.10046057826350317 146
1725360544911 0.10444920671771596 147
1725360544936 0.11175483698690808 148
1725360544957 0.12837852710924635 149
1725360544978 0.12865306958593428 150
1725360545004 0.13201867501580417 151
1725360545023 0.11081922932318372 152
1725360545046 0.13351853868879965 153
1725360545068 0.15852876523378648 154
1725360545091 0.09569278694947043 155
1725360545114 0.11779781561791888 156
1725360545136 0.17842492838737806 157
