1725395606769 169.15949537300654 0
1725395606797 165.91530024624862 1
1725395606827 164.30194867157178 2
1725395606853 162.67970950141145 3
1725395606883 161.07443818590068 4
1725395606918 159.4852199726841 5
1725395606951 157.91088874619743 6
1725395606983 156.3532150019806 7
1725395607012 154.8109076203076 8
1725395607041 153.2835311106516 9
1725395607071 151.7716717923568 10
1725395607100 150.27478568464483 11
1725395607132 148.79218181415555 12
1725395607163 147.32474931879995 13
1725395607190 145.87254092496818 14
1725395607216 144.43429667458406 15
1725395607245 143.0100337696413 16
1725395607273 141.59967857832018 17
1725395607301 140.20411953044427 18
1725395607329 138.8218215215773 19
1725395607357 137.45377344356987 20
1725395607388 136.09912975731189 21
1725395607419 134.75772999713308 22
1725395607453 133.42964168273744 23
1725395607482 132.11527091538542 24
1725395607513 130.8135032090385 25
1725395607542 129.52433669986343 26
1725395607572 128.2488918857609 27
1725395607603 126.98530791666715 28
1725395607631 125.73404431623356 29
1725395607660 124.49615345880245 30
1725395607689 123.26995774512795 31
1725395607718 122.05620423309675 32
1725395607750 120.85459938690725 33
1725395607779 119.66450590903014 34
1725395607809 118.48640283036265 35
1725395607841 117.31989717739086 36
1725395607877 116.16494886133974 37
1725395607907 115.02176852160774 38
1725395607935 113.88946887203025 39
1725395607966 112.7687009559223 40
1725395607999 111.65916857689886 41
1725395608028 110.56090177370086 42
1725395608061 109.47231276615638 43
1725395608088 108.39588953171983 44
1725395608118 107.32945756513284 45
1725395608148 106.27377443569009 46
1725395608182 105.2284044264407 47
1725395608214 104.19340214126107 48
1725395608242 103.1685961690107 49
1725395608272 102.15435690463231 50
1725395608301 101.1504180280825 51
1725395608330 100.15554012127829 52
1725395608357 99.17066611260691 53
1725395608383 98.19633939724005 54
1725395608406 97.23061254550191 55
1725395608431 96.27527060101299 56
1725395608457 95.329070055874 57
1725395608485 94.39197130598471 58
1725395608512 93.46518648748153 59
1725395608536 92.54664059099122 60
1725395608562 91.63719710898611 61
1725395608586 90.73744126903588 62
1725395608616 89.8458138584143 63
1725395608638 88.9634533313677 64
1725395608668 88.08931591707206 65
1725395608694 87.22433543155722 66
1725395608722 86.36827781602223 67
1725395608750 85.5201982224854 68
1725395608778 84.68031372093007 69
1725395608802 83.84939009071438 70
1725395608893 83.02622929843471 71
1725395608962 82.21115950622502 72
1725395608985 81.40434443542136 73
1725395609012 80.60504952593058 74
1725395609042 79.81484792003498 75
1725395609069 79.03130079454303 76
1725395609097 78.25635328154277 77
1725395609127 77.48839791514622 78
1725395609156 76.72804416447062 79
1725395609185 75.97570781288839 80
1725395609212 75.23051802405978 81
1725395609241 74.49311806008485 82
1725395609268 73.76249461907975 83
1725395609296 73.03956929036335 84
1725395609327 72.32256018013035 85
1725395609354 71.61404135533459 86
1725395609383 70.91207168274313 87
1725395609414 70.2172954896962 88
1725395609440 69.52929540988298 89
1725395609470 68.84800397409319 90
1725395609500 68.1728569753871 91
1725395609531 67.50529374965443 92
1725395609562 66.84370554548863 93
1725395609587 66.18921307079948 94
1725395609617 65.54125720674979 95
1725395609648 64.89851709550976 96
1725395609675 64.26325987218311 97
1725395609707 63.63426688489335 98
1725395609738 63.011282510623474 99
1725395609767 62.394239237392085 100
1725395609797 61.78293182423447 101
1725395609828 61.17869008320484 102
1725395609854 60.58028785567174 103
1725395609884 59.98674946531067 104
1725395609916 59.40043968745449 105
1725395609952 58.81878790837965 106
1725395609992 58.24290142743259 107
1725395610022 57.67377329177175 108
1725395610050 57.10985449608265 109
1725395610084 56.55140580648151 110
1725395610113 55.99780084064781 111
1725395610141 55.450344059540946 112
1725395610169 54.90837052668396 113
1725395610198 54.371469762319876 114
1725395610224 53.84037896910325 115
1725395610253 53.313615595511955 116
1725395610282 52.792548631664104 117
1725395610309 52.27666508640546 118
1725395610335 51.7661084153932 119
1725395610360 51.25979024812545 120
1725395610393 50.75902064870903 121
1725395610423 50.26383124675183 122
1725395610454 49.77262716256352 123
1725395610483 49.28629015356856 124
1725395610514 48.80512939286912 125
1725395610549 48.328588620463876 126
1725395610573 47.85677873845193 127
1725395610600 47.38994298606961 128
1725395610628 46.92667754396893 129
1725395610657 46.46872933772313 130
1725395610687 46.015442005693195 131
1725395610715 45.56666512953879 132
1725395610744 45.12192093570466 133
1725395610778 44.681250587089664 134
1725395610807 44.24602104009142 135
1725395610835 43.81463643729121 136
1725395610865 43.38667762624223 137
1725395610894 42.964018920933434 138
1725395610920 42.54474228526953 139
1725395610950 42.13032931331543 140
1725395610980 41.719341624416195 141
1725395611013 41.31298682636407 142
1725395611039 40.91037911784685 143
1725395611062 40.5116763254914 144
1725395611086 40.11715348765773 145
1725395611116 39.72594286877867 146
1725395611149 39.33942072407017 147
1725395611176 38.95575568123051 148
1725395611204 38.576436789215265 149
1725395611235 38.20095588415759 150
1725395611260 37.82902842000812 151
1725395611284 37.460996816647345 152
1725395611317 37.095838337205805 153
1725395611349 36.7350101774575 154
1725395611381 36.37783639462253 155
1725395611412 36.0236853162754 156
1725395611441 35.672971500764625 157
1725395611474 35.32594089112237 158
1725395611507 34.982593835389345 159
1725395611536 34.64247475276945 160
1725395611569 34.305452651943604 161
1725395611600 33.971814205970404 162
1725395611632 33.64165193481388 163
1725395611659 33.31454047292656 164
1725395611692 32.990806111745194 165
1725395611731 32.670504448702445 166
1725395611769 32.35252210960669 167
1725395611798 32.03858394879394 168
1725395611823 31.72737767121061 169
1725395611854 31.419411763236575 170
1725395611886 31.113453771164572 171
1725395611913 30.812042062577802 172
1725395611942 30.512799320612437 173
1725395611976 30.216327887431596 174
1725395612003 29.923403422252846 175
1725395612035 29.632915174910554 176
1725395612065 29.34559420779889 177
1725395612094 29.060271510773287 178
1725395612125 28.778758548059518 179
1725395612156 28.499875620934688 180
1725395612186 28.222982037510057 181
1725395612213 27.94995643850613 182
1725395612247 27.678534724384534 183
1725395612274 27.410170286656438 184
1725395612303 27.144715147776616 185
1725395612334 26.88146875805263 186
1725395612363 26.621096361664076 187
1725395612394 26.363189988266036 188
1725395612424 26.108102872319396 189
1725395612452 25.855143331850613 190
1725395612488 25.604319247917704 191
1725395612522 25.356864944780288 192
1725395612553 25.111276936550926 193
1725395612587 24.868170988430514 194
1725395612616 24.6277116361563 195
1725395612645 24.38957721538006 196
1725395612675 24.153364731256193 197
1725395612707 23.919597536319706 198
1725395612726 23.688437513752305 199
1725395612742 23.459150649785048 200
1725395612756 23.23269181676844 201
1725395612772 23.00811711263385 202
1725395612788 22.78562896010435 203
1725395612802 22.56508074906379 204
1725395612818 22.347627196529043 205
1725395612838 22.13122760466396 206
1725395612857 21.917621296215707 207
1725395612874 21.70652697434339 208
1725395612893 21.49642856825563 209
1725395612913 21.28862564574763 210
1725395612943 21.083625942980458 211
1725395612978 20.880261622766188 212
1725395612996 20.678235274162297 213
1725395613026 20.47923040382596 214
1725395613121 20.281794127094436 215
1725395613171 20.08550492857124 216
1725395613201 19.892483770567473 217
1725395613217 19.700540640285418 218
1725395613233 19.510877986463925 219
1725395613282 19.32248359124795 220
1725395613395 19.136565298991965 221
1725395613466 18.952143734509388 222
1725395613558 18.7691811232717 223
1725395613615 18.58895522211826 224
1725395613673 18.410017817982876 225
1725395613758 18.232505527497757 226
1725395613790 18.057448211328357 227
1725395613818 17.883251099866236 228
1725395613857 17.711309854220655 229
1725395613896 17.541108614213968 230
1725395613934 17.372081999215514 231
1725395613954 17.205674028991936 232
1725395613969 17.039886702716256 233
1725395613984 16.875870348280433 234
1725395614002 16.71408764408441 235
1725395614026 16.55368415241933 236
1725395614063 16.39395287718773 237
1725395614089 16.23731834623648 238
1725395614107 16.08108670590648 239
1725395614133 15.92627070754397 240
1725395614159 15.774148461775857 241
1725395614191 15.622383536475489 242
1725395614215 15.472355776699287 243
1725395614237 15.32418005698656 244
1725395614254 15.176929691170084 245
1725395614269 15.03170537196311 246
1725395614285 14.887253261837886 247
1725395614300 14.744873946254692 248
1725395614318 14.603528092616964 249
1725395614333 14.463727748906592 250
1725395614348 14.324614067426793 251
1725395614364 14.187994467095665 252
1725395614389 14.051975515069723 253
1725395614415 13.917292913745362 254
1725395614446 13.78432186875358 255
1725395614472 13.652328655914044 256
1725395614496 13.521834551436994 257
1725395614520 13.392331359118636 258
1725395614545 13.264473918463562 259
1725395614567 13.137631599374622 260
1725395614590 13.012098957711604 261
1725395614624 12.887438071551598 262
1725395614640 12.764757428606769 263
1725395614656 12.643108845671318 264
1725395614676 12.521767017154662 265
1725395614694 12.40261242378362 266
1725395614712 12.284225611788354 267
1725395614729 12.166684926048447 268
1725395614744 12.05085272097814 269
1725395614765 11.936237482689805 270
1725395614793 11.822436632028928 271
1725395614814 11.708955312394801 272
1725395614835 11.597969152465929 273
1725395614869 11.487584680849807 274
1725395614890 11.377806842418284 275
1725395614907 11.269783198591943 276
1725395614924 11.162530898374008 277
1725395614942 11.056000559707622 278
1725395614958 10.950788920099304 279
1725395614971 10.847223385437589 280
1725395614988 10.743661256562339 281
1725395615029 10.641550198927595 282
1725395615056 10.54038187545707 283
1725395615081 10.44011270384036 284
1725395615116 10.341261347082462 285
1725395615136 10.242856811495246 286
1725395615159 10.145724024488464 287
1725395615182 10.049148799674224 288
1725395615205 9.954056586870278 289
1725395615232 9.859620239409026 290
1725395615257 9.766022338819466 291
1725395615292 9.67375585368603 292
1725395615353 9.581527440942063 293
1725395615380 9.49088036008992 294
1725395615394 9.401345887441884 295
1725395615415 9.312046071655798 296
1725395615438 9.224125958341093 297
1725395615453 9.136487841122037 298
1725395615471 9.050060097149059 299
1725395615491 8.964581754466199 300
1725395615510 8.879734403697638 301
1725395615534 8.79598898593798 302
1725395615554 8.712788184653903 303
1725395615598 8.629866177464216 304
1725395615630 8.548781634416846 305
1725395615649 8.468292638188242 306
1725395615664 8.38807844514358 307
1725395615679 8.308790314929954 308
1725395615697 8.230995450756826 309
1725395615715 8.152770176035627 310
1725395615733 8.076064682529108 311
1725395615749 8.000108154067489 312
1725395615768 7.92437532880362 313
1725395615820 7.85029156475194 314
1725395615861 7.776123159618128 315
1725395615891 7.702732474740184 316
1725395615917 7.63077752978813 317
1725395615941 7.558513428371076 318
1725395615975 7.487550187626265 319
1725395616035 7.417352328327174 320
1725395616073 7.347521126125584 321
1725395616111 7.278396412549167 322
1725395616142 7.210017508086169 323
1725395616164 7.142823610711311 324
1725395616186 7.075464843670482 325
1725395616210 7.008915480133018 326
1725395616230 6.943385996103715 327
1725395616244 6.878289971633391 328
1725395616268 6.81384435982269 329
1725395616317 6.75013427308834 330
1725395616349 6.687075416183997 331
1725395616403 6.6239054711044805 332
1725395616433 6.562000863146745 333
1725395616451 6.5008722032786 334
1725395616473 6.440273016480382 335
1725395616495 6.379928843370081 336
1725395616526 6.319765119139372 337
1725395616639 6.261439177506324 338
1725395616665 6.202654496866792 339
1725395616696 6.144742955791842 340
1725395616748 6.087777823950778 341
1725395616815 6.030251991710746 342
1725395616898 5.974633467256577 343
1725395616946 5.918712585116261 344
1725395616970 5.863803852291115 345
1725395616994 5.809178807206866 346
1725395617056 5.7547851222786415 347
1725395617134 5.701428384474239 348
1725395617158 5.648244954909444 349
1725395617184 5.596145257524268 350
1725395617205 5.543858523036901 351
1725395617227 5.49238600580783 352
1725395617253 5.441369722794317 353
1725395617271 5.391143053223598 354
1725395617286 5.341007148887825 355
1725395617304 5.291501917634359 356
1725395617323 5.242051084297376 357
1725395617341 5.19403567986709 358
1725395617358 5.14564042307953 359
1725395617378 5.098142141414022 360
1725395617404 5.050798596712588 361
1725395617430 5.00393272601065 362
1725395617455 4.958094240716886 363
1725395617472 4.912313788130342 364
1725395617501 4.866618420171259 365
1725395617526 4.8216232910456025 366
1725395617553 4.77761430186275 367
1725395617572 4.733183231539389 368
1725395617590 4.689991487190936 369
1725395617605 4.646550350678808 370
1725395617619 4.6032563860785185 371
1725395617641 4.561503063051334 372
1725395617673 4.519725367449786 373
1725395617697 4.477741083959266 374
1725395617721 4.436365130420296 375
1725395617743 4.396246827661831 376
1725395617773 4.3552872134806355 377
1725395617797 4.315912151138175 378
1725395617823 4.276079294694357 379
1725395617848 4.236511145842179 380
1725395617871 4.198142640234094 381
1725395617897 4.159621223489761 382
1725395617924 4.121547559549777 383
1725395617950 4.083653826503257 384
1725395617978 4.046344938468031 385
1725395617998 4.009430158217291 386
1725395618018 3.9732293350711694 387
1725395618035 3.936261632094477 388
1725395618054 3.9006791239950758 389
1725395618072 3.865046157990497 390
1725395618089 3.8300701964382564 391
1725395618108 3.795109817371061 392
1725395618126 3.7603699226218956 393
1725395618147 3.7260717349114496 394
1725395618172 3.692499528162463 395
1725395618198 3.6590566330966787 396
1725395618216 3.625273889035416 397
1725395618242 3.592556378764022 398
1725395618267 3.560131552072576 399
1725395618298 3.5279710730723495 400
1725395618328 3.496066067679398 401
1725395618357 3.464074698545462 402
1725395618378 3.4326332725224304 403
1725395618402 3.4021672690112603 404
1725395618425 3.3712978725377183 405
1725395618455 3.340198939946682 406
1725395618480 3.3104460570362932 407
1725395618508 3.2807432857200634 408
1725395618530 3.251338695132595 409
1725395618556 3.221557792441705 410
1725395618577 3.1927972083977543 411
1725395618597 3.163935132695277 412
1725395618618 3.1359586034068334 413
1725395618640 3.1072109805459136 414
1725395618662 3.0791817977503237 415
1725395618676 3.05203384801901 416
1725395618692 3.0247495789180103 417
1725395618706 2.997046049703117 418
1725395618720 2.970788409488779 419
1725395618733 2.943998947092558 420
1725395618746 2.917482368999694 421
1725395618768 2.891353342313212 422
1725395618789 2.865960953254663 423
1725395618810 2.8400623798076547 424
1725395618835 2.8148061398449933 425
1725395618860 2.7898051595726665 426
1725395618885 2.764856823591036 427
1725395618906 2.7403611761447406 428
1725395618929 2.7158013319250784 429
1725395618950 2.69166172758468 430
1725395618966 2.6680457856715467 431
1725395618989 2.6444402766672725 432
1725395619087 2.620403554129995 433
1725395619304 2.597630094737641 434
1725395619378 2.574653819980679 435
1725395619407 2.551828657853519 436
1725395619423 2.5288903120763178 437
1725395619438 2.507089805844683 438
1725395619457 2.484471905172483 439
1725395619475 2.462971195490459 440
1725395619488 2.441217217071521 441
1725395619505 2.41946006047485 442
1725395619532 2.3984601457306844 443
1725395619562 2.377319522006164 444
1725395619585 2.356363734157843 445
1725395619607 2.3357777270419096 446
1725395619628 2.3150167409299787 447
1725395619648 2.2949590503391204 448
1725395619670 2.2750146187138647 449
1725395619691 2.2546945654666386 450
1725395619709 2.2353158820179035 451
1725395619726 2.2155360178762322 452
1725395619742 2.1967061539097217 453
1725395619770 2.17707255576928 454
1725395619798 2.1580196338861564 455
1725395619830 2.1396351512235006 456
1725395619883 2.1209548278769335 457
1725395619913 2.1024052758407032 458
1725395619928 2.0839795085867125 459
1725395619944 2.0660161359661613 460
1725395619957 2.0486286079047766 461
1725395619970 2.030268741711492 462
1725395619983 2.0127132502917475 463
1725395620000 1.9957051763756666 464
1725395620026 1.978492620500348 465
1725395620067 1.9611429321472835 466
1725395620087 1.9443660865040377 467
1725395620112 1.9277728103125655 468
1725395620135 1.911080929637041 469
1725395620152 1.8944414500939932 470
1725395620166 1.878359300959472 471
1725395620183 1.8622210416393083 472
1725395620201 1.846544879698926 473
1725395620219 1.8304305498471571 474
1725395620237 1.814884277110183 475
1725395620262 1.799440992222447 476
1725395620278 1.7839110448269548 477
1725395620302 1.7689045954614326 478
1725395620324 1.7539725574645986 479
1725395620346 1.7387392025647628 480
1725395620373 1.7242124675690984 481
1725395620389 1.7093681551478845 482
1725395620406 1.694867111037491 483
1725395620427 1.6810126320282541 484
1725395620442 1.6659790813586153 485
1725395620457 1.6524391344096894 486
1725395620476 1.6384383845683765 487
1725395620500 1.6247004790223736 488
1725395620518 1.6106572509595185 489
1725395620544 1.5974321842736008 490
1725395620562 1.5839373369550422 491
1725395620581 1.5704555174388133 492
1725395620600 1.5573783364660385 493
1725395620616 1.5445126593423597 494
1725395620636 1.5316049737342332 495
1725395620653 1.5187064891870674 496
1725395620669 1.505618383080262 497
1725395620683 1.4937039039864501 498
1725395620696 1.481190369664995 499
