1725342240731 nan 0
1725342240747 nan 1
1725342240767 nan 2
1725342240787 nan 3
1725342240803 nan 4
1725342240824 nan 5
1725342240849 nan 6
1725342240872 nan 7
1725342240890 nan 8
1725342240907 nan 9
1725342240924 nan 10
1725342240941 nan 11
1725342240960 nan 12
1725342240977 nan 13
1725342240994 nan 14
1725342241012 nan 15
1725342241032 nan 16
1725342241050 nan 17
1725342241068 nan 18
1725342241087 nan 19
1725342241105 nan 20
1725342241121 nan 21
1725342241138 nan 22
1725342241155 nan 23
1725342241171 nan 24
1725342241188 nan 25
1725342241204 nan 26
1725342241219 nan 27
1725342241235 nan 28
1725342241251 nan 29
1725342241269 nan 30
1725342241284 nan 31
1725342241300 nan 32
1725342241316 nan 33
1725342241334 nan 34
1725342241354 nan 35
1725342241373 nan 36
1725342241393 nan 37
1725342241411 nan 38
1725342241429 nan 39
1725342241445 nan 40
1725342241461 nan 41
1725342241477 nan 42
1725342241492 nan 43
1725342241507 nan 44
1725342241522 nan 45
1725342241537 nan 46
1725342241553 nan 47
1725342241569 nan 48
1725342241585 nan 49
1725342241603 nan 50
1725342241619 nan 51
1725342241640 nan 52
1725342241656 nan 53
1725342241673 nan 54
1725342241694 nan 55
1725342241710 nan 56
1725342241748 nan 57
1725342241767 nan 58
1725342241784 nan 59
1725342241800 nan 60
1725342241817 nan 61
1725342241833 nan 62
1725342241851 nan 63
1725342241868 nan 64
1725342241886 nan 65
1725342241914 nan 66
1725342241961 nan 67
1725342241981 nan 68
1725342241997 nan 69
1725342242013 nan 70
1725342242029 nan 71
1725342242045 nan 72
1725342242061 nan 73
1725342242078 nan 74
1725342242094 nan 75
1725342242110 nan 76
1725342242127 nan 77
1725342242145 nan 78
1725342242163 nan 79
1725342242179 nan 80
1725342242195 nan 81
1725342242212 nan 82
1725342242232 nan 83
1725342242251 nan 84
1725342242269 nan 85
1725342242286 nan 86
1725342242310 nan 87
1725342242326 nan 88
1725342242342 nan 89
1725342242358 nan 90
1725342242373 nan 91
1725342242389 nan 92
1725342242405 nan 93
1725342242421 nan 94
1725342242438 nan 95
1725342242456 nan 96
1725342242475 nan 97
1725342242492 nan 98
1725342242509 nan 99
1725342242526 nan 100
1725342242544 nan 101
1725342242561 nan 102
1725342242579 nan 103
1725342242598 nan 104
1725342242616 nan 105
1725342242634 nan 106
1725342242651 nan 107
1725342242670 nan 108
1725342242688 nan 109
1725342242703 nan 110
1725342242718 nan 111
1725342242738 nan 112
1725342242781 nan 113
1725342242802 nan 114
1725342242816 nan 115
1725342242834 nan 116
1725342242852 nan 117
1725342242875 nan 118
1725342242897 nan 119
1725342242913 nan 120
1725342242931 nan 121
1725342242948 nan 122
1725342242966 nan 123
1725342242984 nan 124
1725342243003 nan 125
1725342243020 nan 126
1725342243038 nan 127
1725342243055 nan 128
1725342243076 nan 129
1725342243096 nan 130
1725342243114 nan 131
1725342243129 nan 132
1725342243144 nan 133
1725342243164 nan 134
1725342243184 nan 135
1725342243203 nan 136
1725342243219 nan 137
1725342243237 nan 138
1725342243254 nan 139
1725342243272 nan 140
1725342243292 nan 141
1725342243308 nan 142
1725342243326 nan 143
1725342243345 nan 144
1725342243366 nan 145
1725342243384 nan 146
1725342243402 nan 147
1725342243419 nan 148
1725342243438 nan 149
1725342243456 nan 150
1725342243476 nan 151
1725342243494 nan 152
1725342243512 nan 153
1725342243529 nan 154
1725342243545 nan 155
1725342243563 nan 156
1725342243581 nan 157
1725342243598 nan 158
1725342243614 nan 159
1725342243629 nan 160
1725342243646 nan 161
1725342243662 nan 162
1725342243678 nan 163
1725342243694 nan 164
1725342243716 nan 165
1725342243735 nan 166
1725342243752 nan 167
1725342243787 nan 168
1725342243805 nan 169
1725342243823 nan 170
1725342243840 nan 171
1725342243862 nan 172
1725342243881 nan 173
1725342243900 nan 174
1725342243918 nan 175
1725342243941 nan 176
1725342243959 nan 177
1725342243976 nan 178
1725342243991 nan 179
1725342244007 nan 180
1725342244023 nan 181
1725342244037 nan 182
1725342244053 nan 183
1725342244069 nan 184
1725342244089 nan 185
1725342244108 nan 186
1725342244126 nan 187
1725342244146 nan 188
1725342244164 nan 189
1725342244182 nan 190
1725342244202 nan 191
1725342244219 nan 192
1725342244237 nan 193
1725342244254 nan 194
1725342244273 nan 195
1725342244291 nan 196
1725342244309 nan 197
1725342244328 nan 198
1725342244345 nan 199
1725342244366 nan 200
1725342244384 nan 201
1725342244402 nan 202
1725342244422 nan 203
1725342244440 nan 204
1725342244458 nan 205
1725342244474 nan 206
1725342244489 nan 207
1725342244506 nan 208
1725342244521 nan 209
1725342244537 nan 210
1725342244554 nan 211
1725342244571 nan 212
1725342244590 nan 213
1725342244609 nan 214
1725342244627 nan 215
1725342244647 nan 216
1725342244668 nan 217
1725342244685 nan 218
1725342244702 nan 219
1725342244718 nan 220
1725342244733 nan 221
1725342244750 nan 222
1725342244765 nan 223
1725342244781 nan 224
1725342244816 nan 225
1725342244831 nan 226
1725342244849 nan 227
1725342244869 nan 228
1725342244885 nan 229
1725342244905 nan 230
1725342244923 nan 231
1725342244942 nan 232
1725342244961 nan 233
1725342244979 nan 234
1725342244998 nan 235
1725342245015 nan 236
1725342245034 nan 237
1725342245048 nan 238
1725342245063 nan 239
1725342245081 nan 240
1725342245097 nan 241
1725342245113 nan 242
1725342245128 nan 243
1725342245144 nan 244
1725342245160 nan 245
1725342245175 nan 246
1725342245190 nan 247
1725342245205 nan 248
1725342245220 nan 249
1725342245239 nan 250
1725342245258 nan 251
1725342245274 nan 252
1725342245292 nan 253
1725342245310 nan 254
1725342245328 nan 255
1725342245343 nan 256
1725342245358 nan 257
1725342245373 nan 258
1725342245389 nan 259
1725342245405 nan 260
1725342245420 nan 261
1725342245436 nan 262
1725342245451 nan 263
1725342245468 nan 264
1725342245485 nan 265
1725342245502 nan 266
1725342245519 nan 267
1725342245535 nan 268
1725342245553 nan 269
1725342245570 nan 270
1725342245586 nan 271
1725342245602 nan 272
1725342245616 nan 273
1725342245632 nan 274
1725342245646 nan 275
1725342245663 nan 276
1725342245679 nan 277
1725342245694 nan 278
1725342245711 nan 279
1725342245729 nan 280
1725342245748 nan 281
1725342245765 nan 282
1725342245785 nan 283
1725342245801 nan 284
1725342245840 nan 285
1725342245858 nan 286
1725342245874 nan 287
1725342245893 nan 288
1725342245912 nan 289
1725342245928 nan 290
1725342245944 nan 291
1725342245961 nan 292
1725342245976 nan 293
1725342245991 nan 294
1725342246007 nan 295
1725342246023 nan 296
1725342246037 nan 297
1725342246054 nan 298
1725342246069 nan 299
1725342246085 nan 300
1725342246100 nan 301
1725342246116 nan 302
1725342246132 nan 303
1725342246148 nan 304
1725342246164 nan 305
1725342246179 nan 306
1725342246195 nan 307
1725342246213 nan 308
1725342246233 nan 309
1725342246251 nan 310
1725342246267 nan 311
1725342246281 nan 312
1725342246298 nan 313
1725342246316 nan 314
1725342246333 nan 315
1725342246349 nan 316
1725342246365 nan 317
1725342246381 nan 318
1725342246397 nan 319
1725342246412 nan 320
1725342246428 nan 321
1725342246444 nan 322
1725342246460 nan 323
1725342246475 nan 324
1725342246491 nan 325
1725342246506 nan 326
1725342246520 nan 327
1725342246536 nan 328
1725342246551 nan 329
1725342246567 nan 330
1725342246586 nan 331
1725342246606 nan 332
1725342246619 nan 333
1725342246638 nan 334
1725342246656 nan 335
1725342246674 nan 336
1725342246692 nan 337
1725342246711 nan 338
1725342246734 nan 339
1725342246752 nan 340
1725342246771 nan 341
1725342246790 nan 342
1725342246813 nan 343
1725342246850 nan 344
1725342246871 nan 345
1725342246887 nan 346
1725342246907 nan 347
1725342246923 nan 348
1725342246942 nan 349
1725342246959 nan 350
1725342246978 nan 351
1725342246994 nan 352
1725342247010 nan 353
1725342247025 nan 354
1725342247046 nan 355
1725342247065 nan 356
1725342247082 nan 357
1725342247097 nan 358
1725342247113 nan 359
1725342247128 nan 360
1725342247144 nan 361
1725342247160 nan 362
1725342247175 nan 363
1725342247191 nan 364
1725342247208 nan 365
1725342247227 nan 366
1725342247247 nan 367
1725342247263 nan 368
1725342247281 nan 369
1725342247299 nan 370
1725342247316 nan 371
1725342247334 nan 372
1725342247356 nan 373
1725342247375 nan 374
1725342247391 nan 375
1725342247409 nan 376
1725342247427 nan 377
1725342247445 nan 378
1725342247461 nan 379
1725342247478 nan 380
1725342247493 nan 381
1725342247509 nan 382
1725342247524 nan 383
1725342247540 nan 384
1725342247556 nan 385
1725342247571 nan 386
1725342247590 nan 387
1725342247609 nan 388
1725342247626 nan 389
1725342247645 nan 390
1725342247665 nan 391
1725342247684 nan 392
1725342247702 nan 393
1725342247717 nan 394
1725342247733 nan 395
1725342247753 nan 396
1725342247768 nan 397
1725342247784 nan 398
1725342247799 nan 399
1725342247813 nan 400
1725342247830 nan 401
1725342247869 nan 402
1725342247884 nan 403
1725342247902 nan 404
1725342247919 nan 405
1725342247934 nan 406
1725342247951 nan 407
1725342247975 nan 408
1725342247994 nan 409
1725342248017 nan 410
1725342248041 nan 411
1725342248065 nan 412
1725342248090 nan 413
1725342248112 nan 414
1725342248134 nan 415
1725342248153 nan 416
1725342248178 nan 417
1725342248200 nan 418
1725342248217 nan 419
1725342248235 nan 420
1725342248252 nan 421
1725342248268 nan 422
1725342248284 nan 423
1725342248302 nan 424
1725342248318 nan 425
1725342248334 nan 426
1725342248356 nan 427
1725342248382 nan 428
1725342248405 nan 429
1725342248423 nan 430
1725342248441 nan 431
1725342248458 nan 432
1725342248473 nan 433
1725342248489 nan 434
1725342248505 nan 435
1725342248520 nan 436
1725342248534 nan 437
1725342248549 nan 438
1725342248565 nan 439
1725342248582 nan 440
1725342248599 nan 441
1725342248615 nan 442
1725342248635 nan 443
1725342248654 nan 444
1725342248674 nan 445
1725342248701 nan 446
1725342248717 nan 447
1725342248731 nan 448
1725342248747 nan 449
1725342248763 nan 450
1725342248778 nan 451
1725342248794 nan 452
1725342248808 nan 453
1725342248826 nan 454
1725342248850 nan 455
1725342248886 nan 456
1725342248904 nan 457
1725342248925 nan 458
1725342248946 nan 459
1725342248971 nan 460
1725342248991 nan 461
1725342249011 nan 462
1725342249029 nan 463
1725342249046 nan 464
1725342249064 nan 465
1725342249085 nan 466
1725342249102 nan 467
1725342249120 nan 468
1725342249139 nan 469
1725342249161 nan 470
1725342249179 nan 471
1725342249199 nan 472
1725342249217 nan 473
1725342249243 nan 474
1725342249283 nan 475
1725342249309 nan 476
1725342249340 nan 477
1725342249358 nan 478
1725342249375 nan 479
1725342249394 nan 480
1725342249413 nan 481
1725342249432 nan 482
1725342249450 nan 483
1725342249468 nan 484
1725342249485 nan 485
1725342249503 nan 486
1725342249519 nan 487
1725342249535 nan 488
1725342249551 nan 489
1725342249568 nan 490
1725342249585 nan 491
1725342249606 nan 492
1725342249626 nan 493
1725342249644 nan 494
1725342249663 nan 495
1725342249683 nan 496
1725342249707 nan 497
1725342249733 nan 498
1725342249759 nan 499
