1725362048787 103.01356010690968 0
1725362048851 75.84836598593576 1
1725362048938 51.88096356586215 2
1725362049010 28.600355149147408 3
1725362049075 18.940591931930946 4
1725362049148 9.331514066622864 5
1725362049203 2.586836860263295 6
1725362049258 3.432066529194421 7
1725362049314 2.750506370211367 8
1725362049377 2.2152841700813193 9
1725362049444 0.19185793364039655 10
1725362049498 0.3174265792409299 11
1725362049559 0.48281358719401457 12
1725362049619 0.7514873708633282 13
1725362049675 0.06446882399526292 14
1725362049734 0.07083987585248917 15
1725362049798 0.6488318415539873 16
1725362049862 0.25271645965109235 17
1725362049931 0.028586469202641875 18
1725362049996 0.32369884896033113 19
1725362050059 0.04870186866010184 20
1725362050122 0.0004748653508005601 21
1725362050186 0.009377842677289628 22
1725362050255 0.0021683864662514906 23
1725362050320 0.04788817443619856 24
1725362050397 0.2375540132388777 25
1725362050465 0.01099137268076304 26
1725362050517 0.23268264718045717 27
1725362050576 0.04921908721253278 28
1725362050637 0.43315382215273474 29
1725362050701 0.32221049340514907 30
1725362050761 0.6872729796846044 31
1725362050817 0.23270149942828414 32
1725362050884 0.3095164038501529 33
1725362051026 0.14831252727385505 34
1725362051082 0.24319390973868765 35
1725362051153 0.07833718561025435 36
1725362051223 0.10720388280048768 37
1725362051278 0.044396304433594096 38
1725362051334 0.00992402595449769 39
1725362051401 0.0006319124700875533 40
1725362051467 0.35908657091051266 41
1725362051530 0.21767239279870504 42
1725362051586 0.009293619021073566 43
1725362051643 0.07488307364657097 44
1725362051704 0.0005556317344143764 45
1725362051766 0.053771576514567335 46
1725362051830 0.03453032354674382 47
1725362051886 0.008118738053723406 48
1725362051943 0.039888750020887535 49
1725362052000 0.12834169383932237 50
1725362052066 0.004865050854925263 51
1725362052126 0.05419438883804994 52
1725362052192 0.24398933483504992 53
1725362052256 0.06137103614803767 54
1725362052328 0.0007720280579180683 55
1725362052410 0.04749161858407183 56
1725362052466 0.20917158775720787 57
1725362052529 0.007877096909694063 58
1725362052598 0.08305255031471417 59
1725362052655 0.03844607483685723 60
1725362052715 0.004530974139864122 61
1725362052784 0.92461881660715 62
1725362052845 0.06262247869750508 63
1725362052918 9.065449787710103e-09 64
1725362052983 0.0627863891015843 65
1725362053045 0.09549997189222427 66
1725362053107 0.0009016078299169837 67
1725362053172 1.6774685501161063e-09 68
1725362053238 0.007363477643006577 69
1725362053321 0.9154774505371849 70
1725362053410 0.1358469805840349 71
1725362053471 0.017792619170041733 72
1725362053539 0.017456730135887326 73
1725362053610 0.4121943040726475 74
1725362053672 0.036969102867037154 75
1725362053729 0.5037287774663854 76
1725362053802 0.07100427024059314 77
1725362053866 0.024916990450331546 78
1725362053930 0.002448381646196913 79
1725362053996 0.413211893688374 80
1725362054060 0.041914027893709675 81
1725362054128 0.11557636983767221 82
1725362054197 0.08659449498727458 83
1725362054255 0.10673165325280541 84
1725362054326 0.01510117438236871 85
1725362054389 0.15956266345746617 86
1725362054445 0.04435243361953845 87
1725362054501 0.029207855405298775 88
1725362054566 1.0959085120525311 89
1725362054629 0.3872082472448084 90
1725362054703 0.15907272753672153 91
1725362054765 0.09686456487464203 92
1725362054828 0.0015241639144056697 93
1725362054897 0.9841353136938958 94
1725362054965 0.0038181798893295255 95
1725362055031 0.015807079897447045 96
1725362055096 1.8724231495569674e-05 97
1725362055167 0.11922895030297542 98
1725362055224 0.0442603870266975 99
1725362055285 0.029930069809510587 100
1725362055342 0.04198695514417057 101
1725362055421 0.010286304495629506 102
1725362055488 0.27569925422009456 103
1725362055563 0.06239725090426473 104
1725362055630 9.745510452621427e-05 105
1725362055692 0.05771258977036486 106
1725362055757 0.03227447313366413 107
1725362055837 0.07351464527830966 108
1725362055896 0.16895536387628268 109
1725362055961 0.09708865183751272 110
1725362056028 0.1520702303029318 111
1725362056092 0.012542547193485661 112
1725362056155 7.909225043759276e-05 113
1725362056218 0.010610369455460116 114
1725362056277 0.21904767764863403 115
1725362056346 0.08599975730017534 116
1725362056407 0.5040372292105647 117
1725362056471 0.001356935510140828 118
1725362056523 0.10089687143338556 119
1725362056578 0.03951444502450129 120
1725362056636 0.16414202475277084 121
1725362056699 0.0617171354978653 122
1725362056767 0.05848759261888597 123
1725362056837 0.04209017607810247 124
1725362056901 0.03907001761137257 125
1725362056972 0.003155719763228924 126
1725362057042 0.19463927545210066 127
1725362057116 0.004358617764284006 128
1725362057181 0.0182923056393605 129
1725362057256 0.35221358378073037 130
1725362057319 0.00018850115763149365 131
1725362057386 0.13738914843851144 132
1725362057448 0.24092704605303233 133
1725362057518 0.10467064449918584 134
1725362057586 0.1351001053058129 135
1725362057654 0.12652686721516923 136
1725362057717 0.16128292774769082 137
1725362057782 0.04570917173574478 138
1725362057838 0.3114919168362017 139
1725362057889 0.06278008805139518 140
1725362057961 0.24403034682438102 141
1725362058020 0.008156109636327919 142
1725362058090 0.0007585645510928384 143
1725362058162 0.03755581980730362 144
1725362058220 0.012935057271149939 145
1725362058282 0.10487271319090852 146
1725362058351 0.029813167601038183 147
1725362058407 0.044811755469029026 148
1725362058463 0.013773134332367844 149
1725362058520 0.005842685750773262 150
1725362058591 0.07990772749290546 151
1725362058656 0.31789860814498533 152
1725362058717 0.1344101767810145 153
1725362058789 0.029374694596015292 154
1725362058854 0.3686312366350065 155
1725362058908 0.0013022606903030838 156
1725362058964 0.04728046003035107 157
1725362059021 0.13720061818146148 158
1725362059088 0.01992016654955709 159
1725362059147 0.06559480258204929 160
1725362059208 0.035444815886574436 161
1725362059275 0.41751644502369945 162
1725362059332 0.41330333941449166 163
1725362059399 0.0004609769922644318 164
1725362059463 0.1128498393593343 165
1725362059522 0.02204648498957419 166
1725362059592 0.0626443183559548 167
1725362059661 0.06378458849307612 168
1725362059732 0.0043699992537121375 169
1725362059804 0.0007483579057655912 170
1725362059876 0.046366585452586775 171
1725362059947 0.38483835713801146 172
1725362060012 0.018473366690374925 173
1725362060073 0.032426999618278836 174
1725362060129 0.0005398174471076295 175
1725362060186 0.022808091156346605 176
1725362060257 0.2118304840225885 177
1725362060313 0.02752015405007787 178
1725362060376 0.017633817498692896 179
1725362060446 0.21719854665574234 180
1725362060514 0.06136923024965903 181
1725362060572 0.41694790352414546 182
1725362060639 0.25770379076523214 183
1725362060703 0.013484341284563741 184
1725362060774 0.132922528509223 185
1725362060838 0.008971884820000732 186
1725362060910 0.006577871073738942 187
1725362060976 0.05987262638953822 188
1725362061046 0.267246145362187 189
1725362061121 0.005852682741011951 190
1725362061188 0.09167336082868272 191
1725362061242 0.11449967604906826 192
1725362061310 0.008145414938440093 193
1725362061379 0.21896746881929577 194
1725362061449 0.030985820853474948 195
1725362061519 0.1599317457593298 196
1725362061587 0.0358715117438632 197
1725362061660 0.034678830183039286 198
1725362061726 0.054962804110402545 199
1725362061790 0.1395991637165663 200
1725362061857 0.5694345612014712 201
1725362061921 0.3180276020586174 202
1725362061985 0.03341342040134012 203
1725362062050 0.009555657436039935 204
1725362062119 0.0011116023204123195 205
1725362062185 0.1764521968526396 206
1725362062242 0.00017354367423059127 207
1725362062303 0.005241707396788026 208
1725362062361 0.0026111076146346193 209
