1725349533013 169.56585213176285 0
1725349533036 166.05347468450495 1
1725349533055 162.62566739211286 2
1725349533071 159.28007883448976 3
1725349533087 156.0144367797347 4
1725349533105 152.82654486297844 5
1725349533122 149.71427943270893 6
1725349533140 146.67558655511655 7
1725349533157 143.70847916755557 8
1725349533179 140.81103437275195 9
1725349533194 137.98139086588546 10
1725349533214 135.21774648714592 11
1725349533238 132.5183558928004 12
1725349533260 129.88152833822454 13
1725349533280 127.30562556673651 14
1725349533299 124.78905979843839 15
1725349533318 122.33029181361037 16
1725349533335 119.92782912552491 17
1725349533351 117.58022423784891 18
1725349533367 115.28607298208588 19
1725349533386 113.04401293077476 20
1725349533405 110.85272188241312 21
1725349533435 108.71091641430539 22
1725349533468 106.61735049975886 23
1725349533490 104.57081418625516 24
1725349533509 102.57013233142135 25
1725349533529 100.61416339380528 26
1725349533558 98.70179827563392 27
1725349533579 96.83195921489204 28
1725349533597 95.00359872421242 29
1725349533617 93.21569857421004 30
1725349533642 91.46726881902683 31
1725349533665 89.75734686197964 32
1725349533687 88.0849965593223 33
1725349533709 86.44930736024403 34
1725349533741 84.8493934813312 35
1725349533764 83.28439311381773 36
1725349533790 81.75346766204196 37
1725349533806 80.25580101161547 38
1725349533822 78.79059882589037 39
1725349533840 77.35708786938964 40
1725349533856 75.95451535693736 41
1725349533875 74.58214832729344 42
1725349533891 73.239273040163 43
1725349533907 71.92519439550976 44
1725349533927 70.63923537416098 45
1725349533946 69.3807364987444 46
1725349533964 68.14905531404854 47
1725349533982 66.94356588594609 48
1725349534004 65.76365831806291 49
1725349534026 64.60873828542087 50
1725349534047 63.478226584318946 51
1725349534065 62.37155869775801 52
1725349534084 61.28818437574727 53
1725349534103 60.227567229866644 54
1725349534129 59.18918434148804 55
1725349534152 58.172525883091204 56
1725349534182 57.177094752135275 57
1725349534258 56.202406216975845 58
1725349534278 55.24798757434104 59
1725349534299 54.31337781790439 60
1725349534318 53.398127317514735 61
1725349534339 52.50179750866392 62
1725349534359 51.62396059179411 63
1725349534378 50.764199241063885 64
1725349534397 49.92210632221185 65
1725349534413 49.097284619171994 66
1725349534433 48.289346569111906 67
1725349534464 47.497914005579624 68
1725349534480 46.72261790945914 69
1725349534497 45.963098167448926 70
1725349534516 45.219003337789246 71
1725349534533 44.489990422978096 72
1725349534552 43.77572464922495 73
1725349534579 43.07587925240458 74
1725349534598 42.390135270282 75
1725349534619 41.71818134078989 76
1725349534642 41.05971350615012 77
1725349534660 40.41443502263783 78
1725349534685 39.78205617579726 79
1725349534710 39.162294100924505 80
1725349534735 38.554872608641475 81
1725349534758 37.95952201539161 82
1725349534777 37.375978978695194 83
1725349534794 36.80398633700836 84
1725349534813 36.243292954036654 85
1725349534828 35.693653567358936 86
1725349534849 35.15482864122431 87
1725349534865 34.62658422338897 88
1725349534880 34.10869180586546 89
1725349534896 33.60092818946224 90
1725349534912 33.10307535199473 91
1725349534930 32.61492032005495 92
1725349534948 32.136255044230126 93
1725349534965 31.666876277664926 94
1725349534981 31.206585457865973 95
1725349535005 30.755188591650903 96
1725349535024 30.31249614314746 97
1725349535052 29.878322924752172 98
1725349535071 29.45248799096047 99
1725349535089 29.034814534984076 100
1725349535113 28.625129788073643 101
1725349535134 28.223264921468175 102
1725349535158 27.829054950894857 103
1725349535177 27.442338643545778 104
1725349535197 27.06295842746085 105
1725349535215 26.690760303247533 106
1725349535240 26.325593758071825 107
1725349535257 25.9673116818558 108
1725349535277 25.615770285619476 109
1725349535298 25.270829021907645 110
1725349535319 24.932350507242607 111
1725349535336 24.600200446547383 112
1725349535366 24.274247559484298 113
1725349535391 23.954363508656485 114
1725349535410 23.640422829621297 115
1725349535428 23.33230286266586 116
1725349535447 23.029883686296856 117
1725349535482 22.733048052398285 118
1725349535497 22.441681323011963 119
1725349535514 22.15567140869688 120
1725349535534 21.874908708425497 121
1725349535553 21.599286050975365 122
1725349535569 21.32869863777659 123
1725349535588 21.063043987176407 124
1725349535606 20.80222188008317 125
1725349535629 20.54613430695307 126
1725349535647 20.29468541608531 127
1725349535667 20.047781463189718 128
1725349535688 19.805330762195045 129
1725349535708 19.56724363726452 130
1725349535725 19.333432375987623 131
1725349535745 19.10381118371762 132
1725349535763 18.878296139024684 133
1725349535786 18.656805150236586 134
1725349535804 18.439257913037572 135
1725349535823 18.2255758691001 136
1725349535839 18.015682165720968 137
1725349535859 17.80950161643729 138
1725349535876 17.606960662597075 139
1725349535892 17.407987335859822 140
1725349535908 17.212511221603517 141
1725349535926 17.020463423215165 142
1725349535946 16.83177652724243 143
1725349535966 16.646384569384193 144
1725349535986 16.464223001299473 145
1725349536006 16.28522865821368 146
1725349536026 16.109339727302146 147
1725349536048 15.936495716831319 148
1725349536067 15.766637426039084 149
1725349536095 15.599706915734966 150
1725349536116 15.435647479603109 151
1725349536136 15.274403616189339 152
1725349536155 15.115921001556483 153
1725349536176 14.960146462590387 154
1725349536196 14.807027950940975 155
1725349536218 14.65651451758228 156
1725349536249 14.508556287976331 157
1725349536270 14.363104437825847 158
1725349536291 14.220111169401113 159
1725349536312 14.079529688427026 160
1725349536332 13.941314181516507 161
1725349536351 13.805419794136414 162
1725349536366 13.671802609093596 163
1725349536390 13.540419625527624 164
1725349536410 13.411228738398083 165
1725349536438 13.28418871845439 166
1725349536460 13.159259192676197 167
1725349536493 13.03640062517263 168
1725349536510 12.915574298529783 169
1725349536531 12.796742295594893 170
1725349536552 12.67986748168705 171
1725349536583 12.564913487223523 172
1725349536604 12.451844690752276 173
1725349536623 12.340626202380243 174
1725349536648 12.23122384758786 175
1725349536667 12.123604151420832 176
1725349536690 12.01773432304965 177
1725349536719 11.913582240688052 178
1725349536752 11.811116436861651 179
1725349536769 11.710306084018663 180
1725349536791 11.611120980474062 181
1725349536814 11.51353153667914 182
1725349536837 11.417508761809032 183
1725349536860 11.323024250660211 184
1725349536877 11.230050170850408 185
1725349536898 11.138559250314122 186
1725349536919 11.048524765086293 187
1725349536941 10.959920527367244 188
1725349537042 10.872720873862333 189
1725349537081 10.786900654389582 190
1725349537105 10.702435220748919 191
1725349537122 10.619300415846942 192
1725349537143 10.537472563070693 193
1725349537161 10.45692845590501 194
1725349537181 10.377645347787288 195
1725349537199 10.299600942194179 196
1725349537219 10.222773382954692 197
1725349537238 10.147141244784065 198
1725349537259 10.072683524033698 199
1725349537278 9.999379629651452 200
1725349537295 9.927209374347644 201
1725349537314 9.856152965961813 202
1725349537332 9.78619099902552 203
1725349537347 9.717304446516362 204
1725349537365 9.649474651798972 205
1725349537386 9.582683320748439 206
1725349537412 9.516912514051658 207
1725349537433 9.452144639682928 208
1725349537457 9.388362445548983 209
1725349537475 9.325549012300238 210
1725349537505 9.26368774630361 211
1725349537525 9.202762372773812 212
1725349537544 9.142756929058544 213
1725349537565 9.083655758075102 214
1725349537582 9.025443501893635 215
1725349537597 8.96810509546466 216
1725349537614 8.911625760486642 217
1725349537633 8.855990999410908 218
1725349537653 8.801186589580572 219
1725349537669 8.747198577499953 220
1725349537688 8.694013273232146 221
1725349537706 8.641617244921019 222
1725349537727 8.589997313435255 223
1725349537741 8.539140547131408 224
1725349537763 8.489034256733214 225
1725349537780 8.439665990324396 226
1725349537797 8.391023528452338 227
1725349537819 8.343094879340414 228
1725349537844 8.29586827420571 229
1725349537864 8.249332162680433 230
1725349537884 8.203475208334163 231
1725349537902 8.158286284294824 232
1725349537922 8.113754468965935 233
1725349537943 8.069869041838091 234
1725349537962 8.026619479392416 235
1725349537980 7.983995451093653 236
1725349538000 7.941986815471358 237
1725349538023 7.900583616286554 238
1725349538051 7.859776078782418 239
1725349538071 7.819554606016538 240
1725349538093 7.779909775273405 241
1725349538111 7.740832334554933 242
1725349538131 7.702313199147251 243
1725349538147 7.664343448262252 244
1725349538163 7.626914321751885 245
1725349538187 7.590017216893816 246
1725349538203 7.5536436852464846 247
1725349538220 7.517785429572339 248
1725349538240 7.4824343008275305 249
1725349538264 7.447582295216382 250
1725349538281 7.41322155130943 251
1725349538298 7.379344347223484 252
1725349538316 7.345943097862304 253
1725349538332 7.313010352216454 254
1725349538348 7.28053879072101 255
1725349538365 7.248521222669989 256
1725349538379 7.216950583685865 257
1725349538397 7.185819933243298 258
1725349538412 7.15512245224558 259
1725349538429 7.124851440652728 260
1725349538447 7.095000315160024 261
1725349538465 7.065562606925969 262
1725349538484 7.0365319593482 263
1725349538522 7.007902125886816 264
1725349538540 6.979666967933618 265
1725349538564 6.951820452726367 266
1725349538586 6.9243566513071135 267
1725349538605 6.8972697365234845 268
1725349538670 6.870553981072134 269
1725349538700 6.844203755583189 270
1725349538730 6.818213526745078 271
1725349538751 6.792577855468451 272
1725349538769 6.767291395088683 273
1725349538788 6.742348889605884 274
1725349538804 6.717745171961656 275
1725349538821 6.6934751623517466 276
1725349538836 6.669533866573828 277
1725349538854 6.645916374409698 278
1725349538871 6.6226178580408135 279
1725349538887 6.5996335704970255 280
1725349538903 6.576958844136987 281
1725349538918 6.554589089160392 282
1725349538936 6.532519792150526 283
1725349538962 6.510746514647063 284
1725349538981 6.489264891748198 285
1725349538997 6.4680706307414475 286
1725349539016 6.447159509762504 287
1725349539044 6.426527376481599 288
1725349539064 6.40617014681678 289
1725349539093 6.386083803673319 290
1725349539112 6.366264395708923 291
1725349539132 6.346708036124057 292
1725349539154 6.327410901476767 293
1725349539178 6.308369230521791 294
1725349539197 6.289579323072792 295
1725349539219 6.271037538887946 296
1725349539244 6.252740296577983 297
1725349539264 6.23468407253599 298
1725349539281 6.216865399889134 299
1725349539305 6.19928086747112 300
1725349539324 6.18192711881551 301
1725349539348 6.164800851169064 302
1725349539372 6.1478988145248294 303
1725349539395 6.131217810674625 304
1725349539416 6.114754692280316 305
1725349539437 6.09850636196363 306
1725349539460 6.082469771414043 307
1725349539477 6.066641920514321 308
1725349539495 6.051019856483439 309
1725349539527 6.0356006730364875 310
1725349539547 6.02038150956097 311
1725349539564 6.005359550309549 312
1725349539580 5.990532023608528 313
1725349539598 5.975896201081944 314
1725349539615 5.961449396890843 315
1725349539641 5.947188966987459 316
1725349539660 5.933112308383907 317
1725349539684 5.919216858435265 318
1725349539699 5.905500094136467 319
1725349539715 5.891959531432916 320
1725349539731 5.8785927245445535 321
1725349539747 5.865397265302851 322
1725349539763 5.852370782500793 323
1725349539780 5.839510941255242 324
1725349539799 5.826815442381713 325
1725349539818 5.814282021781135 326
1725349539836 5.801908449838343 327
1725349539856 5.789692530832112 328
1725349539872 5.777632102356501 329
1725349539891 5.765725034753248 330
1725349539909 5.753969230554896 331
1725349539926 5.742362623938653 332
1725349539947 5.730903180190429 333
1725349539965 5.719588895179292 334
1725349539992 5.708417794841564 335
1725349540011 5.697387934674955 336
1725349540031 5.686497399241923 337
1725349540055 5.675744301682668 338
1725349540075 5.665126783237107 339
1725349540093 5.654643012775832 340
1725349540114 5.644291186339764 341
1725349540133 5.634069526688653 342
1725349540153 5.6239762828577256 343
1725349540172 5.614009729722671 344
1725349540192 5.604168167572738 345
1725349540214 5.594449921691746 346
1725349540242 5.584853341946745 347
1725349540263 5.575376802384347 348
1725349540288 5.5660187008345945 349
1725349540318 5.55677745852183 350
1725349540340 5.5476515196830265 351
1725349540361 5.5386393511928675 352
1725349540374 5.529739442195838 353
1725349540387 5.520950303744933 354
1725349540406 5.512270468446978 355
1725349540421 5.503698490114407 356
1725349540441 5.495232943423368 357
1725349540452 5.486872423577919 358
1725349540461 5.4786155459805 359
1725349540469 5.470460945908046 360
1725349540476 5.462407278194252 361
1725349540485 5.454453216917374 362
1725349540493 5.446597455093506 363
1725349540503 5.438838704375649 364
1725349540510 5.431175694757911 365
1725349540518 5.423607174285077 366
1725349540526 5.416131908767266 367
1725349540561 5.4087486814998424 368
1725349540578 5.401456292988009 369
1725349540596 5.394253560676478 370
1725349540607 5.387139318683905 371
1725349540624 5.380112417541868 372
1725349540641 5.373171723938479 373
1725349540658 5.366316120466671 374
1725349540675 5.359544505376577 375
1725349540692 5.352855792332522 376
1725349540715 5.3462489101740305 377
1725349540738 5.339722802681153 378
1725349540756 5.333276428343823 379
1725349540774 5.326908760135129 380
1725349540789 5.3206187852886035 381
1725349540803 5.314405505079299 382
1725349540815 5.308267934608725 383
1725349540824 5.302205102593336 384
1725349540833 5.296216051156717 385
1725349540841 5.290299835625444 386
1725349540854 5.28445552432823 387
1725349540864 5.278682198398576 388
1725349540872 5.272978951580865 389
1725349540879 5.267344890039599 390
1725349540888 5.2617791321720535 391
1725349540895 5.256280808423843 392
1725349540902 5.250849061107877 393
1725349540911 5.245483044226163 394
1725349540918 5.240181923294774 395
1725349540929 5.234944875171482 396
1725349540943 5.229771087886668 397
1725349540962 5.22465976047666 398
1725349540977 5.219610102820131 399
1725349540989 5.214621335477109 400
1725349541009 5.209692689530645 401
1725349541019 5.204823406431149 402
1725349541030 5.2000127378432515 403
1725349541047 5.195259945495302 404
1725349541069 5.19056430103122 405
1725349541087 5.185925085864774 406
1725349541106 5.181341591036435 407
1725349541123 5.17681311707233 408
1725349541140 5.172338973845671 409
1725349541157 5.167918480440412 410
1725349541190 5.163550965017073 411
1725349541208 5.159235764680781 412
1725349541220 5.154972225351402 413
1725349541230 5.150759701635934 414
1725349541237 5.146597556702695 415
1725349541246 5.142485162157787 416
1725349541255 5.138421897923391 417
1725349541264 5.134407152118144 418
1725349541271 5.1304403209392415 419
1725349541278 5.126520808546641 420
1725349541286 5.122648026948972 421
1725349541294 5.118821395891343 422
1725349541302 5.115040342744813 423
1725349541313 5.111304302397746 424
1725349541326 5.107612717148895 425
1725349541336 5.103965036601975 426
1725349541346 5.1003607175621894 427
1725349541357 5.096799223934107 428
1725349541369 5.0932800266213745 429
1725349541383 5.089802603427828 430
1725349541394 5.0863664389602645 431
1725349541408 5.082971024532637 432
1725349541424 5.079615858071871 433
1725349541453 5.076300444024982 434
1725349541469 5.073024293267832 435
1725349541489 5.069786923015052 436
1725349541509 5.066587856731654 437
1725349541526 5.063426624045685 438
1725349541559 5.0603027606625535 439
1725349541578 5.057215808280406 440
1725349541601 5.054165314506943 441
1725349541621 5.05115083277749 442
1725349541641 5.048171922274235 443
1725349541663 5.045228147846939 444
1725349541693 5.04231907993448 445
1725349541709 5.039444294487944 446
1725349541726 5.0366033728946755 447
1725349541742 5.033795901903549 448
1725349541757 5.031021473551389 449
1725349541777 5.028279685090455 450
1725349541793 5.0255701389169865 451
1725349541809 5.022892442500989 452
1725349541839 5.020246208316849 453
1725349541858 5.017631053775201 454
1725349541877 5.015046601155611 455
1725349541897 5.0124924775404285 456
1725349541915 5.009968314749582 457
1725349541932 5.007473749276248 458
1725349541948 5.0050084222236375 459
1725349541964 5.002571979242575 460
1725349541981 5.000164070470152 461
1725349541996 4.997784350469028 462
1725349542012 4.995432478168002 463
1725349542027 4.993108116803118 464
1725349542045 4.990810933859782 465
1725349542064 4.988540601015816 466
1725349542081 4.986296794085118 467
1725349542104 4.984079192962358 468
1725349542124 4.9818874815684255 469
1725349542145 4.979721347796523 470
1725349542163 4.97758048345931 471
1725349542182 4.975464584236574 472
1725349542205 4.973373349623842 473
1725349542223 4.971306482881568 474
1725349542244 4.969263690985169 475
1725349542260 4.967244684575796 476
1725349542286 4.965249177911747 477
1725349542306 4.963276888820573 478
1725349542323 4.961327538651902 479
1725349542341 4.9594008522310045 480
1725349542360 4.957496557812902 481
1725349542389 4.9556143870371825 482
1725349542408 4.953754074883515 483
1725349542427 4.951915359627678 484
1725349542453 4.950097982798372 485
1725349542473 4.9483016891344755 486
1725349542492 4.946526226543021 487
1725349542509 4.9447713460578 488
1725349542531 4.943036801798316 489
1725349542558 4.9413223509297 490
1725349542578 4.939627753622809 491
1725349542595 4.9379527730151365 492
1725349542612 4.936297175172191 493
1725349542629 4.934660729049406 494
1725349542645 4.933043206454542 495
1725349542662 4.931444382010775 496
1725349542685 4.9298640331201335 497
1725349542708 4.928301939927416 498
1725349542732 4.926757885284901 499
