1725361803767 2.4498413567817194 0
1725361803829 0.12662836563556382 1
1725361803906 0.059505212397583454 2
1725361803975 0.8293564520026417 3
1725361804029 0.017314765655568918 4
1725361804091 0.18000874659858138 5
1725361804156 0.008933633973873355 6
1725361804214 0.03331584411668055 7
1725361804269 0.10516552251327699 8
1725361804330 0.378258004695031 9
1725361804399 0.042044250877741156 10
1725361804472 0.000308010840880538 11
1725361804539 0.037229426780411946 12
1725361804605 0.017988128973053512 13
1725361804711 0.011065547440773453 14
1725361804784 0.011569045583802335 15
1725361804847 0.019412906844611204 16
1725361804913 0.39919703834142645 17
1725361804976 0.027840999779560154 18
1725361805035 0.11827708702303202 19
1725361805095 0.0693255130292158 20
1725361805159 0.009075435182869643 21
1725361805224 0.10262998396642976 22
1725361805294 0.04530959636419011 23
1725361805358 0.0002717447807768337 24
1725361805413 0.007560463804930494 25
1725361805475 0.02057518404973285 26
1725361805538 0.03403915353287784 27
1725361805604 0.06825352642353694 28
1725361805664 0.0063781678847284395 29
1725361805728 0.02496335496081038 30
1725361805792 0.04076771488645932 31
1725361805861 0.08016020091753955 32
1725361805917 0.004733233749928384 33
1725361806029 0.03843112594622966 34
1725361806098 0.6896529000379824 35
1725361806172 0.04824304126415227 36
1725361806240 0.1482187852331318 37
1725361806306 0.03989930276042136 38
1725361806373 0.013361997274981424 39
1725361806443 0.11300912535366045 40
1725361806500 0.0024646125562657268 41
1725361806556 0.04336518773551192 42
1725361806623 0.5541126785132916 43
1725361806689 0.03877616118521292 44
1725361806744 0.027198980892331373 45
1725361806800 0.021610904797429952 46
1725361806865 0.21805036461713923 47
1725361806921 0.013817080202523209 48
1725361806978 0.1749312640298946 49
1725361807048 0.06131022920908701 50
1725361807117 0.21893246827488969 51
1725361807171 0.06724507367310795 52
1725361807238 0.03920671353372827 53
1725361807311 0.03874692936402299 54
1725361807368 0.05383617585801751 55
1725361807435 0.042418145781001025 56
1725361807501 0.018706720904361204 57
1725361807570 0.09124469374926897 58
1725361807635 0.13441015611860188 59
1725361807693 0.12568611336114305 60
1725361807754 0.1606371503938808 61
1725361807814 0.34619148459681526 62
1725361807906 0.2910323349305523 63
1725361807975 0.07733817796228024 64
1725361808039 0.10462854209389748 65
1725361808111 0.023489138792224435 66
1725361808176 0.005194826691102291 67
1725361808238 0.12500897397259844 68
1725361808305 0.19947377554796028 69
1725361808361 0.0003191372511580041 70
1725361808416 0.0005002764678564407 71
1725361808478 0.2819330368488228 72
1725361808540 0.5517250042972328 73
1725361808608 0.11696674617662929 74
1725361808673 0.5288786855465024 75
1725361808739 0.00626993204708608 76
1725361808795 0.025935859345512 77
1725361808852 0.01062319560040283 78
1725361808907 0.21302476934842146 79
1725361808962 0.006005824185169015 80
1725361809025 0.010464378692732916 81
1725361809082 0.0429936043983608 82
1725361809151 0.02865269455089566 83
1725361809217 0.009379546136903467 84
1725361809278 0.28215980291889053 85
1725361809339 0.14932403418802176 86
1725361809406 0.10051566597800878 87
1725361809473 0.11386318385808039 88
1725361809542 0.23302131629454367 89
1725361809604 0.006834100437588157 90
1725361809683 0.006623156051769645 91
1725361809751 0.3873253467089956 92
1725361809807 0.17291362043879882 93
1725361809871 0.010681011160141437 94
1725361809932 0.29933289087666026 95
1725361809996 0.010469392109724607 96
1725361810060 0.21286814587773595 97
1725361810131 0.0067288136516872816 98
1725361810233 0.026122216981333782 99
1725361810290 0.007201925669672668 100
1725361810344 0.25882098138553644 101
1725361810416 0.010578539219415933 102
1725361810481 0.11706788200565547 103
1725361810536 0.0066344635825167034 104
1725361810592 1.0394190178923273 105
1725361810656 0.026157953401340236 106
1725361810722 0.023673979001028217 107
1725361810779 0.7850752697394776 108
1725361810846 0.02046935459481901 109
1725361810911 0.1943656027884941 110
1725361810978 0.009034349555506008 111
1725361811048 0.23130898852717144 112
1725361811106 0.08299202234746339 113
1725361811171 0.015515932672642221 114
1725361811239 0.015505406258301931 115
1725361811301 0.0046513733535382615 116
1725361811370 0.3658161706953337 117
1725361811438 0.015499494252207252 118
1725361811499 0.010030199169033022 119
1725361811555 4.966466843739609e-06 120
1725361811618 0.6197794603449904 121
1725361811681 0.3786097106120949 122
1725361811750 0.03974326863737138 123
1725361811813 1.3068657086464825 124
1725361811876 0.08486393325175662 125
1725361811932 0.3193924747418465 126
