1725419401924 34.190759645990234 0
1725419401961 12.276076251569485 1
1725419401998 6.478670519563962 2
1725419402032 5.2794308087664215 3
1725419402068 5.098636985939574 4
1725419402104 5.039612158000224 5
1725419402139 4.895157754939222 6
1725419402175 4.902793031804574 7
1725419402211 5.11445650514575 8
1725419402248 4.729844508242559 9
1725419402284 4.915072105796487 10
1725419402319 4.531193417702972 11
1725419402370 4.5826984656388605 12
1725419402424 4.833773975331264 13
1725419402477 4.617857763363212 14
1725419402518 4.87951859804097 15
1725419402552 4.967586749965611 16
1725419402588 4.855831995333646 17
1725419402612 5.2291653020132935 18
1725419402630 4.961969677051254 19
1725419402652 5.1422903993219125 20
1725419402671 4.815532487140721 21
1725419402690 4.647316554569865 22
1725419402707 4.754902529870887 23
1725419402732 4.86264223079014 24
1725419402760 4.609532826469734 25
1725419402785 4.777526055113393 26
1725419402817 4.925480275615637 27
1725419402853 4.86909957203649 28
1725419402882 5.0466362522940225 29
