1725422511257 0.11512771880026622 0
1725422511328 0.017737223089758246 1
1725422511413 0.14474371785526954 2
1725422511486 0.6329797851830239 3
1725422511566 0.13769700958706171 4
1725422511642 0.14683425072226852 5
1725422511724 2.08223997201157 6
1725422511811 331.8204471659963 7
1725422511890 313.5094705381747 8
1725422511974 16611.23474821979 9
1725422512059 774.9647737289791 10
1725422512130 71677566.98509005 11
1725422512213 248368691.81396177 12
1725422512307 339957629.3150046 13
1725422512400 7535124.8808096545 14
1725422512452 595064457.8089371 15
1725422512521 13169038596115.328 16
1725422512636 9802759335550.062 17
1725422512729 3089605930588.3306 18
1725422512792 2053429694173410.2 19
1725422512868 1.4405242124292966e+16 20
1725422512965 1.7466254451703245e+18 21
1725422513150 2.354425697733057e+18 22
1725422513235 8.494017690484779e+18 23
1725422513321 5.481152869113736e+22 24
1725422513380 4.509171446522084e+18 25
1725422513472 1.2338410118229411e+22 26
1725422513550 2.187232246222423e+23 27
1725422513632 2.737875391207967e+26 28
1725422513710 6.724689673267266e+27 29
1725422513785 2.9065290647959397e+29 30
1725422513882 4.982617660246874e+30 31
1725422513968 3.074191656776828e+31 32
1725422514046 8.037896806110534e+31 33
1725422514116 2.1442124429609433e+34 34
1725422514199 1.2151576950698278e+35 35
1725422514282 1.0753681044718357e+35 36
1725422514366 3.0356946830448975e+38 37
1725422514448 2.185378639767222e+39 38
1725422514532 4.236067279712993e+40 39
1725422514598 7.877603792413578e+39 40
1725422514679 2.9706061884749114e+43 41
1725422514751 3.831661626465214e+44 42
1725422514857 1.951932591486717e+46 43
1725422514945 7.84352674031359e+46 44
1725422515022 1.8005195343164385e+47 45
1725422515107 5.501136147888015e+49 46
1725422515182 2.4477703353996957e+50 47
1725422515253 1.99555687058027e+53 48
1725422515318 4.772234878936372e+53 49
1725422515409 2.308974707054597e+53 50
1725422515496 7.484696443823266e+53 51
1725422515581 8.83007603963791e+58 52
1725422515650 3.5536877805335396e+57 53
1725422515746 6.283710785620322e+58 54
1725422515820 2.9207522941959516e+63 55
1725422515903 4.0883301636474285e+61 56
1725422516003 6.171341111220899e+64 57
1725422516081 3.3919335007147905e+64 58
1725422516167 1.4102517058637291e+68 59
1725422516247 1.2093452878559363e+66 60
1725422516344 2.012503325181774e+70 61
1725422516434 1.5846013303134616e+72 62
1725422516512 4.429467346680505e+71 63
1725422516602 1.2767491739136257e+74 64
1725422516670 1.1611991116997403e+75 65
1725422516742 7.091452187596528e+75 66
1725422516839 4.245519391146633e+77 67
1725422516926 1.1206590014148276e+81 68
1725422517021 6.623005365751473e+78 69
1725422517106 2.542599886504084e+80 70
1725422517178 2.242251329504717e+81 71
1725422517255 3.651622255300183e+85 72
1725422517328 2.041744912637476e+84 73
1725422517409 2.4525670392853143e+86 74
1725422517503 2.6098686424488958e+88 75
1725422517592 9.515510419083258e+89 76
1725422517686 4.966462450463095e+90 77
1725422517774 4.047552272763081e+94 78
1725422517870 3.84524898020075e+93 79
1725422517950 4.09243783368737e+94 80
1725422518029 4.585923292681647e+95 81
1725422518103 7.883045309570029e+96 82
1725422518189 3.452729149992896e+100 83
1725422518258 3.802863006744005e+100 84
1725422518333 5.2375263690609374e+101 85
1725422518426 3.7378748427867005e+102 86
1725422518503 5.815273139610094e+104 87
1725422518584 1.0985380486175708e+106 88
1725422518678 2.817444740850591e+106 89
1725422518746 2.095184387773437e+109 90
1725422518835 2.1536926818410433e+109 91
1725422518934 1.6457765735802874e+111 92
1725422519019 1.1505253191730856e+111 93
1725422519095 3.644939624674886e+114 94
1725422519166 8.54189014489821e+116 95
1725422519240 4.453080929480839e+118 96
1725422519314 6.911480819798069e+117 97
1725422519406 3.1533089026900677e+119 98
1725422519496 3.621871705608359e+118 99
1725422519588 5.828505628924225e+122 100
1725422519667 1.482490559662737e+122 101
1725422519738 7.318543728382379e+122 102
1725422519823 9.078682917060234e+127 103
1725422519905 3.959123023923764e+126 104
1725422519970 1.455046398484615e+128 105
1725422520055 3.170511145356028e+129 106
1725422520122 2.3566309960549477e+130 107
1725422520212 4.1824149162831545e+132 108
1725422520301 1.5301631833526272e+134 109
1725422520385 5.459765898990275e+135 110
1725422520483 1.5645749364753722e+136 111
1725422520558 9.13554513106313e+135 112
1725422520622 7.665394067381131e+137 113
1725422520689 1.1210274463592326e+138 114
1725422520768 8.260507801845763e+139 115
1725422520863 3.9784327430091404e+140 116
1725422520946 1.2938166292496463e+146 117
1725422521024 6.962527627370542e+144 118
1725422521102 4.025473490852576e+143 119
1725422521179 9.09103246621162e+146 120
1725422521247 5.211612063207352e+150 121
1725422521323 2.989972093014391e+150 122
1725422521410 1.4578428974815062e+153 123
1725422521501 4.5124290828615206e+153 124
1725422521592 7.130632072334414e+155 125
1725422521672 8.171279495162853e+156 126
1725422521749 3.4727919959452055e+155 127
1725422521833 6.525668488288022e+157 128
1725422521915 4.927090867234821e+157 129
1725422522012 5.835797371390213e+160 130
1725422522087 5.239512765777112e+161 131
1725422522166 5.493760752602716e+161 132
1725422522246 7.313935746752678e+164 133
1725422522338 1.4101877055141128e+167 134
1725422522417 3.2835755396836056e+166 135
1725422522521 1.3148337293542127e+169 136
1725422522598 3.401555620608417e+166 137
1725422522683 3.0248763904231937e+171 138
1725422522767 2.619928236445345e+174 139
1725422522866 8.17103667116222e+176 140
1725422522950 1.83628787430299e+175 141
1725422523035 2.007814590116707e+175 142
1725422523121 1.7971032346986835e+177 143
1725422523210 8.513538725367925e+178 144
1725422523287 2.3285039885610007e+182 145
1725422523366 1.4554979620131203e+183 146
1725422523449 1.5782266983841483e+185 147
1725422523532 5.319062210890798e+182 148
1725422523617 1.6374567882574327e+187 149
1725422523716 3.5238349933029105e+186 150
1725422523799 4.0518282463492924e+188 151
1725422523871 2.886327175338424e+191 152
1725422523938 5.651057356215899e+192 153
1725422524002 2.5607998878453275e+193 154
1725422524108 8.208123965794921e+193 155
1725422524187 3.644410396456586e+197 156
1725422524250 1.0095475631742631e+197 157
1725422524363 2.8489624043232995e+197 158
1725422524462 3.481507935802276e+199 159
1725422524539 4.756771459192611e+198 160
1725422524628 8.477209805128693e+202 161
1725422524694 1.440525873580429e+206 162
1725422524757 1.508209160801621e+204 163
1725422524842 3.554776994210708e+206 164
1725422524928 4.0965043024234267e+208 165
1725422524994 1.9347176639031032e+211 166
1725422525069 1.2977084052694115e+210 167
1725422525154 1.957220459858506e+212 168
1725422525224 4.8194102115489844e+213 169
1725422525290 3.0982409516402183e+214 170
1725422525354 6.969184601491777e+215 171
1725422525432 2.4438795468715395e+213 172
1725422525512 2.875672058629573e+218 173
1725422525602 2.6428616076140656e+220 174
1725422525677 1.7041399977674231e+221 175
1725422525742 1.0709167700520196e+223 176
1725422525811 1.3648868877045024e+225 177
1725422525904 3.228709940600689e+224 178
1725422525997 1.0774963951569904e+225 179
1725422526098 1.6617734954237801e+227 180
1725422526181 1.2333708862121963e+229 181
1725422526250 3.453859032000454e+230 182
1725422526337 2.97475122670077e+231 183
1725422526415 3.0896646229908906e+235 184
1725422526503 7.244760662424744e+233 185
1725422526585 3.434158235863989e+235 186
1725422526659 2.5562003966664754e+236 187
1725422526737 2.008165896859969e+237 188
1725422526822 3.7332999997080126e+240 189
1725422526895 1.8289434224911171e+239 190
1725422526986 1.2250856122551287e+242 191
1725422527062 6.270226612018239e+243 192
1725422527119 1.4645508010296476e+245 193
1725422527220 3.3181830635605748e+246 194
1725422527340 3.05352418704594e+248 195
1725422527404 1.1242270193602546e+248 196
1725422527482 3.258739315220512e+250 197
1725422527575 6.22099560723945e+250 198
1725422527648 8.581396825163392e+252 199
1725422527747 6.165262523935171e+255 200
1725422527859 1.6498192785448022e+257 201
1725422527933 6.733571721119714e+257 202
1725422528009 1.274263945113031e+257 203
1725422528095 2.6406838568540083e+258 204
1725422528168 5.693373643453879e+260 205
1725422528248 1.8957240081713669e+261 206
1725422528347 8.252586132336767e+264 207
1725422528446 8.668080246298478e+264 208
1725422528515 1.8675993235284975e+266 209
1725422528591 4.642551609307137e+267 210
1725422528669 7.472552971482001e+270 211
1725422528765 3.7961989167794555e+270 212
1725422528842 8.321507148994573e+270 213
1725422528917 5.107507543104196e+273 214
1725422528994 3.5635865330393526e+274 215
1725422529082 1.5081886015461378e+275 216
1725422529174 7.845560891662284e+278 217
1725422529273 1.4083002250632981e+279 218
1725422529365 5.2719359805566493e+281 219
1725422529441 8.918699691497812e+280 220
1725422529527 5.726305607353112e+281 221
1725422529613 3.639567712364646e+284 222
1725422529722 3.0427605073473547e+284 223
1725422529799 2.32610424834753e+285 224
1725422529890 1.0207770872937867e+287 225
1725422529979 3.3247964804663757e+288 226
1725422530059 1.0742784145818171e+291 227
1725422530147 8.225029229979501e+291 228
1725422530241 8.992986614245967e+292 229
1725422530341 2.02176557975484e+295 230
1725422530426 8.198186060932079e+295 231
1725422530511 9.826834297704134e+295 232
1725422530613 2.140039631507324e+298 233
1725422530707 2.488925188440092e+299 234
1725422530790 3.970500838726679e+298 235
1725422530860 2.132041560882432e+301 236
1725422530935 1.5619808799128197e+306 237
1725422531024 1.542042836118064e+305 238
