1725385305272 164.17820952737415 0
1725385305308 162.43876585509827 1
1725385305337 162.6974917872214 2
1725385305365 155.42563374434377 3
1725385305393 151.7243027205538 4
1725385305421 154.94593451709233 5
1725385305457 148.9248439178405 6
1725385305486 145.93920374619438 7
1725385305512 143.11384339970184 8
1725385305545 137.1341593066043 9
1725385305577 139.64620238858842 10
1725385305602 133.76632874313378 11
1725385305627 136.67183073675196 12
1725385305661 127.46168193650527 13
1725385305689 129.4181531289276 14
1725385305718 129.70490131444498 15
1725385305745 125.99861917365025 16
1725385305781 118.75584375848638 17
1725385305812 119.00040487115683 18
1725385305842 119.49640771499914 19
1725385305876 116.52529198028974 20
1725385305903 110.92007151376019 21
1725385305927 110.65572929109524 22
1725385305960 111.97525988802278 23
1725385305983 107.11605328130416 24
1725385306013 108.80341405025027 25
1725385306044 104.10820237482102 26
1725385306075 107.20852923694025 27
1725385306105 97.7745394330928 28
1725385306138 97.04887417188542 29
1725385306164 98.47224714101287 30
1725385306191 95.69693778191375 31
1725385306218 93.63140942450195 32
1725385306252 91.12684931478317 33
1725385306287 89.94702024330482 34
1725385306316 86.9932172637423 35
1725385306341 88.28243092325765 36
1725385306367 86.0739901381262 37
1725385306392 84.82828524223594 38
1725385306417 84.33382723803294 39
1725385306443 81.13167376284507 40
1725385306468 80.60107333504065 41
1725385306496 77.55418482170123 42
1725385306524 73.23185828727797 43
1725385306550 78.81614978993466 44
1725385306576 74.86817465626505 45
1725385306601 71.75171170527918 46
1725385306627 71.41085182562107 47
1725385306651 69.1203276378901 48
1725385306687 69.11507464370304 49
1725385306713 67.44268190630966 50
1725385306738 64.9385092079099 51
1725385306768 65.36815689136824 52
1725385306802 65.39996105610952 53
1725385306833 63.21364890513941 54
1725385306858 60.80554747631992 55
1725385306883 61.10657564597496 56
1725385306914 58.908444262092026 57
1725385306939 58.648008668356255 58
1725385306968 57.06955651692719 59
1725385306995 57.22144953406645 60
1725385307023 55.82503297969119 61
1725385307050 56.198650169748596 62
1725385307081 52.52533917785217 63
1725385307122 52.65895379866158 64
1725385307166 52.477931309919605 65
1725385307202 51.35950719725774 66
1725385307228 51.632347692849066 67
1725385307290 49.725500069069895 68
1725385307333 48.656539679310306 69
1725385307355 46.83260292589095 70
1725385307366 47.01178305273242 71
1725385307377 48.67019418210844 72
1725385307399 43.480570806938104 73
1725385307424 45.375232951441454 74
1725385307448 44.759541570760426 75
1725385307471 43.35231910785319 76
1725385307496 43.703272195577036 77
1725385307521 39.830698452439314 78
1725385307548 41.17629150540626 79
1725385307570 38.903092543891375 80
1725385307596 38.90696013620802 81
1725385307622 38.117995681124206 82
1725385307646 38.31794581091182 83
1725385307678 37.191445485893304 84
1725385307703 38.66501601514203 85
1725385307730 36.08919972984874 86
1725385307756 35.55777736579265 87
1725385307779 34.05848182568267 88
1725385307806 33.923625370199936 89
1725385307828 34.85716623911298 90
1725385307858 33.762511697908614 91
1725385307889 33.34150002565272 92
1725385307918 32.01911001524586 93
1725385307949 30.377330824226323 94
1725385307979 29.939987253137314 95
1725385308007 29.170952743410712 96
1725385308041 29.15140518821127 97
1725385308070 30.293156404494766 98
1725385308095 27.084955491300136 99
1725385308120 29.10017828998262 100
1725385308145 27.593584617243792 101
1725385308169 26.311421899507927 102
1725385308194 27.442728995135223 103
1725385308220 26.89982108396783 104
1725385308245 25.497864007372613 105
1725385308270 25.172544770118296 106
1725385308295 24.103807038267057 107
1725385308317 23.508427373152863 108
1725385308338 24.624200401972782 109
1725385308367 24.0822071895264 110
1725385308388 25.00253513297394 111
1725385308411 23.11181262749151 112
1725385308435 22.40082792689345 113
1725385308459 22.53488016716368 114
1725385308491 21.6579528653164 115
1725385308523 22.89119837057371 116
1725385308557 20.742659812494132 117
1725385308584 19.9122888147938 118
1725385308610 20.91845905388833 119
1725385308637 21.06186425994757 120
1725385308664 19.888928482246058 121
1725385308695 20.1255735174802 122
1725385308716 18.450133801348326 123
1725385308746 19.076223633411196 124
1725385308769 18.43180237813967 125
1725385308803 18.3748883305484 126
1725385308824 16.43443951863108 127
1725385308850 16.810501915586343 128
1725385308875 18.128445822051198 129
1725385308904 15.675392610384828 130
1725385308933 16.403724639008598 131
1725385308959 15.754376190688708 132
1725385308984 15.393865821826823 133
1725385309009 16.21121642811178 134
1725385309034 14.038305431091262 135
1725385309064 14.709519727895334 136
1725385309088 14.001296921157344 137
1725385309113 14.403629179800394 138
1725385309138 14.221551602886446 139
1725385309163 14.059278359915872 140
1725385309188 13.605355899178665 141
1725385309214 13.252864841151677 142
1725385309238 13.528994047249187 143
1725385309264 12.678607738492822 144
1725385309290 13.108296341788758 145
1725385309316 13.262755908587009 146
1725385309344 12.59135814761338 147
1725385309375 11.878238819473614 148
1725385309408 11.730475064026 149
1725385309438 11.345538063608622 150
1725385309469 11.3771677738095 151
1725385309502 11.39595826775832 152
1725385309526 10.297720638300254 153
1725385309552 10.588827867421887 154
1725385309578 10.858392631765671 155
1725385309602 10.653916939417263 156
1725385309627 9.909720767228151 157
1725385309652 10.51264860788289 158
1725385309677 10.707987114222318 159
1725385309717 10.004644947383268 160
1725385309746 9.632571120044625 161
1725385309768 9.61998563273142 162
1725385309791 9.440004034427652 163
1725385309810 9.174857907682215 164
1725385309835 8.702751304373807 165
1725385309860 8.916204830831045 166
1725385309885 9.159764776178715 167
1725385309909 8.281706783373966 168
1725385309934 8.469642151635043 169
1725385309958 8.584937446201335 170
1725385309996 8.476837681985813 171
1725385310028 8.118298619397235 172
1725385310061 7.425171555781511 173
1725385310102 8.287933314834003 174
1725385310134 7.192041126128207 175
1725385310169 7.912314608116548 176
1725385310206 8.02901113413521 177
1725385310226 7.403968077367244 178
1725385310257 6.478785069656154 179
1725385310286 6.833260937385447 180
1725385310310 6.290810927011757 181
1725385310332 6.85695206217253 182
1725385310360 6.250326020294308 183
1725385310387 6.81408390867808 184
1725385310415 6.788947692493341 185
1725385310441 6.4648180514302425 186
1725385310471 6.084433402235105 187
1725385310496 5.76905319696692 188
1725385310520 6.340433471456531 189
1725385310545 6.270062933279343 190
1725385310570 5.885441350911845 191
1725385310594 5.528831300040011 192
1725385310621 5.770554704940991 193
1725385310647 5.307817855498465 194
1725385310671 5.760811780960964 195
1725385310700 5.418898164156751 196
1725385310725 5.04469746880021 197
1725385310750 5.324486003591691 198
1725385310775 5.399214659860935 199
1725385310800 5.855041129893487 200
1725385310826 5.604581717138968 201
1725385310850 4.74423597017649 202
1725385310876 4.957046579019963 203
1725385310901 4.8847372020263595 204
1725385310927 4.301130348518612 205
1725385310953 4.357996403217617 206
1725385310977 4.63609017689888 207
1725385311003 4.666553145274217 208
1725385311030 4.837061115773712 209
1725385311057 3.8419536264281677 210
1725385311082 4.218246547495108 211
1725385311109 3.892738528971807 212
1725385311136 3.952967264886071 213
1725385311162 3.9061244957497774 214
1725385311191 3.878861066232196 215
1725385311217 4.273463371027261 216
1725385311242 4.001551634788097 217
1725385311267 4.144526661781985 218
1725385311292 3.5564074986908527 219
1725385311317 3.5669152518517255 220
1725385311342 4.089820763080681 221
1725385311367 3.441014497464681 222
1725385311391 3.77629268477216 223
1725385311416 3.3745083731101975 224
1725385311440 2.7454120443610983 225
1725385311465 3.1046208244633053 226
1725385311493 3.359750041875773 227
1725385311517 3.2233214293758787 228
1725385311540 2.993955762563363 229
1725385311565 3.025554304565001 230
1725385311592 3.3044278279061947 231
1725385311618 3.2425816961417233 232
1725385311644 2.7669088197061646 233
1725385311667 2.5557260063099783 234
1725385311692 3.0268897712200045 235
1725385311721 2.703499897682627 236
1725385311746 2.657069953082916 237
1725385311776 2.572418461242354 238
1725385311804 2.875738331553947 239
1725385311831 2.6366530966636326 240
1725385311858 2.505492171621399 241
1725385311884 2.5985477792953695 242
1725385311911 2.3501305468419713 243
1725385311935 2.7516020043841922 244
1725385311964 2.1556552312122124 245
1725385312001 2.414592887389851 246
1725385312026 2.3635771861860215 247
1725385312059 2.250269876703686 248
1725385312088 2.614978776047668 249
1725385312118 2.338280275024108 250
1725385312162 2.4391103752329912 251
1725385312192 2.171605852782432 252
1725385312226 2.248465531161689 253
1725385312261 2.2436804056602053 254
1725385312288 2.1556392785355625 255
1725385312315 1.9801219356572097 256
1725385312338 2.002905100912435 257
1725385312362 2.1247883644236087 258
1725385312387 1.695972366196102 259
1725385312412 1.9191529747434815 260
1725385312437 1.9211886953407473 261
1725385312461 1.8135043653415577 262
1725385312482 1.817532063191419 263
1725385312503 1.5114873425757904 264
1725385312529 1.7138142877435762 265
1725385312555 1.7645894338376293 266
1725385312576 2.060280848164595 267
1725385312602 1.7502250205064829 268
1725385312627 1.6745671713517476 269
1725385312653 1.5851648847309001 270
1725385312681 1.5453775053296848 271
1725385312713 1.3820510627562959 272
1725385312739 1.8202198897058381 273
1725385312770 1.6602600999735355 274
1725385312799 1.5773153791088874 275
1725385312828 1.7864686868865545 276
1725385312861 1.4418602790643507 277
1725385312883 1.3451925204719926 278
1725385312911 1.2523111023750415 279
1725385312947 1.3407384164612883 280
1725385312974 1.5011059117383183 281
1725385313001 1.5340737372159172 282
1725385313032 1.463952104771745 283
1725385313065 1.2193232943168748 284
1725385313096 1.4272824040796586 285
1725385313125 1.2504807066798724 286
1725385313151 1.0909320065944852 287
1725385313174 1.3299113245188832 288
1725385313200 1.0046956947611663 289
1725385313226 1.2016427791369857 290
1725385313250 1.141600680803821 291
1725385313277 1.2292910698549844 292
1725385313306 1.0352422151736411 293
1725385313331 1.3242014858688498 294
1725385313356 1.1262951409209114 295
1725385313380 1.3407839917553452 296
1725385313404 1.1092530991546714 297
1725385313426 0.9358742951345821 298
1725385313448 1.0545509173554817 299
1725385313472 1.0148894326583324 300
1725385313497 1.1424026862793937 301
1725385313521 0.9795467940810315 302
1725385313546 1.0180973081324458 303
1725385313570 0.9176972595796207 304
1725385313595 1.0710865981779976 305
1725385313618 0.9767341635123924 306
1725385313642 0.9880360116647473 307
1725385313667 1.1144696303972392 308
1725385313690 0.7970512796320809 309
1725385313721 0.869414530878346 310
1725385313739 0.9746208981591358 311
1725385313765 0.9021575314511971 312
1725385313799 0.6770513993537044 313
1725385313833 0.8508486749920007 314
1725385313867 0.8797534466038298 315
1725385313891 0.9763689823293625 316
1725385313919 0.9535055417504212 317
1725385313945 0.8066557092384179 318
1725385313976 0.8069724388953092 319
1725385314001 0.7697575409056456 320
1725385314027 0.8961088083373382 321
1725385314053 0.9514497391010213 322
1725385314078 0.6966226394165538 323
1725385314103 0.778391883683354 324
1725385314125 0.6329537597920967 325
1725385314153 0.851661774505039 326
1725385314177 0.7483849496767868 327
1725385314201 0.6136487236913274 328
1725385314230 0.7403855768787714 329
1725385314261 0.5326696242008365 330
1725385314285 0.6286964914968821 331
1725385314314 0.6559287124664385 332
1725385314343 0.7462978030199747 333
1725385314374 0.6764072088133212 334
1725385314400 0.7578709190303788 335
1725385314432 0.7160537956520532 336
1725385314463 0.6975452057412422 337
1725385314494 0.6038582548480549 338
1725385314520 0.7282161403802873 339
1725385314547 0.5610050632384999 340
1725385314575 0.5910891456327282 341
1725385314598 0.5910187434751557 342
1725385314628 0.5899368653419699 343
1725385314652 0.6567172622430314 344
1725385314672 0.7047576767189149 345
1725385314700 0.6163989995516067 346
1725385314718 0.4692679675548215 347
1725385314749 0.7220495048549179 348
1725385314770 0.6502312419389469 349
1725385314789 0.6604153732859085 350
1725385314813 0.4991540109255508 351
1725385314840 0.5179791149245594 352
1725385314866 0.6021003415046424 353
1725385314893 0.5777744420642011 354
1725385314918 0.43094311185711925 355
1725385314950 0.5418557505572882 356
1725385314982 0.43132958839477215 357
1725385315011 0.5290868770642669 358
1725385315041 0.3881303692699957 359
1725385315069 0.4256095553827066 360
1725385315091 0.5011998041435911 361
1725385315129 0.4749231670629231 362
1725385315154 0.3840677086215489 363
1725385315185 0.5919432292378735 364
1725385315222 0.49295978746365715 365
1725385315254 0.48978003482627286 366
1725385315283 0.4828186842240115 367
1725385315315 0.5233394170543827 368
1725385315345 0.4403338195557386 369
1725385315371 0.4767897786535125 370
1725385315418 0.3922495552159775 371
1725385315444 0.39675424141465926 372
1725385315468 0.3810825327472784 373
1725385315498 0.4315465458659511 374
1725385315529 0.42098266664683254 375
1725385315560 0.46692750394142 376
1725385315602 0.547378526480257 377
1725385315629 0.449603207764752 378
1725385315651 0.37509822985422103 379
1725385315681 0.379997966650646 380
1725385315714 0.35886993901764797 381
1725385315770 0.40582535969875355 382
1725385315804 0.39584396633598506 383
1725385315832 0.40275706629454394 384
1725385315861 0.4290288982624034 385
1725385315893 0.32256407973510154 386
1725385315929 0.390657914093519 387
1725385315978 0.34926946916125057 388
1725385316009 0.4913407385591541 389
1725385316032 0.38271975259947694 390
1725385316061 0.3325857905671862 391
1725385316088 0.36521452119727543 392
1725385316111 0.30317769220499 393
1725385316135 0.3233180009581148 394
1725385316157 0.28490234029103123 395
1725385316183 0.29479587134816926 396
1725385316208 0.27644435867925 397
1725385316233 0.3343715426807794 398
1725385316256 0.32622172006705064 399
1725385316283 0.39278149082261016 400
1725385316308 0.3200981853706744 401
1725385316334 0.36845924513132233 402
1725385316364 0.3929269811845618 403
1725385316397 0.23305239157402668 404
1725385316429 0.3118433986789654 405
1725385316458 0.3619806241678884 406
1725385316495 0.3506109435836727 407
1725385316524 0.31931368149658906 408
1725385316551 0.21415139383880097 409
1725385316579 0.3534432652925039 410
1725385316616 0.21324805277041745 411
1725385316646 0.39360409019217185 412
1725385316676 0.24572229732442924 413
1725385316700 0.3165836525259294 414
1725385316729 0.3062746887574245 415
1725385316761 0.32993889913531155 416
1725385316781 0.2782087414161916 417
1725385316808 0.30738453046470093 418
1725385316829 0.2248180152616444 419
1725385316858 0.23466345858979262 420
1725385316891 0.2835893191175606 421
1725385316921 0.3071247548883323 422
1725385316955 0.31344925343096236 423
1725385316986 0.24748377966413146 424
1725385317013 0.22422491241839704 425
1725385317040 0.18575218090954695 426
1725385317071 0.3307381090217079 427
1725385317093 0.3197745122234533 428
1725385317118 0.2648459159421893 429
1725385317141 0.18594162629115366 430
1725385317166 0.2453179414486638 431
1725385317196 0.1891784467628217 432
1725385317224 0.26832809142674524 433
1725385317248 0.23244466998531488 434
1725385317274 0.19799289266568879 435
1725385317299 0.2478807041511305 436
1725385317328 0.184377414123079 437
1725385317348 0.25471950021657913 438
1725385317374 0.256626420888193 439
1725385317400 0.3007780236491124 440
1725385317425 0.20095677030304535 441
1725385317450 0.2678187667857802 442
1725385317476 0.22153800348548675 443
1725385317498 0.23129180241593908 444
1725385317528 0.2828936602157241 445
1725385317555 0.1834182771133646 446
1725385317580 0.23601770939920896 447
1725385317606 0.3809155968421369 448
1725385317631 0.14158636169342614 449
1725385317656 0.24674394745153083 450
1725385317681 0.2602813371364247 451
1725385317706 0.27613535992140037 452
1725385317730 0.23388613492837373 453
1725385317759 0.2705290722690979 454
1725385317784 0.15176296948984894 455
1725385317808 0.22849156702220424 456
1725385317832 0.2312113256913338 457
1725385317857 0.27192539492028067 458
1725385317882 0.20050306194602405 459
1725385317909 0.25521729600362647 460
1725385317935 0.2316300302907192 461
1725385317959 0.22073567486376533 462
1725385317984 0.2574220392013462 463
1725385318008 0.18231281109932848 464
1725385318033 0.20947584683869044 465
1725385318057 0.14618293978036465 466
1725385318082 0.25385198235709094 467
1725385318104 0.15672807925195012 468
1725385318137 0.3007002347900457 469
1725385318178 0.2616089916413385 470
1725385318208 0.1080892878448619 471
1725385318234 0.24361134125056322 472
1725385318262 0.20839029949820842 473
1725385318289 0.19568378855066426 474
1725385318313 0.1673700861711452 475
1725385318345 0.24795857698598012 476
1725385318371 0.2511859667737006 477
1725385318396 0.23835928453409122 478
1725385318421 0.2548414706655286 479
1725385318447 0.3040168618352052 480
1725385318473 0.22232923640195856 481
1725385318500 0.17807968447569117 482
1725385318524 0.09604976223342324 483
1725385318551 0.18215066008874914 484
1725385318579 0.16009727031327692 485
1725385318607 0.1654389003323476 486
1725385318633 0.15138039260322386 487
1725385318660 0.18034946760094614 488
1725385318700 0.20386275897705342 489
1725385318745 0.17175633476516808 490
1725385318778 0.19017417520264368 491
1725385318804 0.14671982255370125 492
1725385318834 0.224368801303562 493
1725385318861 0.2501862607388703 494
1725385318889 0.14898095553243607 495
1725385318925 0.20982161676931727 496
1725385318968 0.16797695252447373 497
1725385319002 0.23372966374363804 498
1725385319050 0.15815551414393436 499
