1725390722327 30.1794354466612 0
1725390722342 6.853412735180371 1
1725390722360 2.2942980762277103 2
1725390722374 1.1069574684804107 3
1725390722390 0.7759448006121515 4
1725390722413 0.6806827022093188 5
1725390722441 0.44080209442552115 6
1725390722468 0.5730514797808022 7
1725390722491 0.5410260861505455 8
1725390722517 0.5235506329458733 9
1725390722535 0.5705422792657124 10
1725390722552 0.45473734303490826 11
1725390722570 0.7135020166631724 12
1725390722588 0.55196867110445 13
1725390722605 0.5819023779980583 14
1725390722620 0.6529668703250923 15
1725390722633 0.4916925357559503 16
1725390722652 0.5622383630056119 17
1725390722666 0.5739849730514399 18
1725390722680 0.5253823159304855 19
1725390722698 0.562247247629683 20
1725390722716 0.44542247864554696 21
1725390722732 0.5643077107597524 22
1725390722748 0.5568238484802002 23
1725390722770 0.640466212373466 24
1725390722795 0.5525068439358837 25
1725390722818 0.5587474172513613 26
1725390722841 0.5099269509304676 27
1725390722865 0.6446749498286606 28
1725390722890 0.5591651959793571 29
1725390722907 0.49908851561893147 30
1725390722924 0.5421471277910292 31
1725390722940 0.5478986040979388 32
1725390722959 0.5301959470258298 33
1725390722975 0.6349355502634082 34
1725390722992 0.541257212475591 35
1725390723008 0.5236020919869183 36
1725390723034 0.513842558356969 37
1725390723056 0.7257962794881132 38
1725390723075 0.530122711889978 39
1725390723095 0.5749818142705767 40
1725390723121 0.5508436672233096 41
1725390723144 0.6837878662937333 42
1725390723167 0.5748944315359933 43
1725390723190 0.49773737852265276 44
1725390723215 0.5770614956108192 45
1725390723243 0.600508458557819 46
1725390723265 0.46906283548405764 47
1725390723294 0.6112150744226421 48
1725390723310 0.49686902627447826 49
1725390723324 0.591026537532787 50
1725390723337 0.5962847973535979 51
1725390723353 0.44685961754042597 52
1725390723370 0.5948041478978187 53
1725390723386 0.4715892774239497 54
1725390723408 0.5471242114599291 55
1725390723433 0.5603862946653793 56
1725390723459 0.5336967869684868 57
1725390723480 0.5328537128786899 58
1725390723502 0.5567843740779614 59
1725390723524 0.48888387808075623 60
1725390723546 0.5764753304012544 61
1725390723567 0.5977601031851176 62
1725390723591 0.5453419756497102 63
1725390723614 0.5227681286806646 64
1725390723636 0.5087175316620893 65
1725390723657 0.5562219623307927 66
1725390723675 0.4342708687788191 67
1725390723702 0.5166102261743906 68
1725390723725 0.6327010257003924 69
1725390723745 0.5851262679770763 70
1725390723771 0.4740761682146248 71
1725390723794 0.6514236798945472 72
1725390723817 0.5256253573765924 73
1725390723837 0.6180310029949156 74
1725390723882 0.6283960336999084 75
1725390723908 0.5611276672125659 76
1725390723926 0.5626915832293518 77
1725390723944 0.5537333420491906 78
1725390723962 0.4977549215667773 79
1725390723978 0.6594579419311674 80
1725390723995 0.5959188231134354 81
1725390724012 0.5204412981559112 82
1725390724030 0.6164709112319567 83
1725390724047 0.5400619998848715 84
1725390724065 0.5103525824617465 85
1725390724082 0.5823874979278724 86
1725390724100 0.517401002456801 87
1725390724116 0.4687552579011391 88
1725390724132 0.6049229292117532 89
1725390724149 0.566862427231716 90
1725390724164 0.42421657199910906 91
1725390724181 0.5515297607165072 92
1725390724198 0.5726200468412032 93
1725390724215 0.617120487531638 94
1725390724233 0.5804143528076792 95
1725390724248 0.45911306788396844 96
1725390724267 0.45116661538817737 97
1725390724308 0.5933827393291352 98
1725390724336 0.5439510581453699 99
1725390724358 0.6137757661130783 100
1725390724383 0.6489890119390538 101
1725390724401 0.5244132466370084 102
1725390724418 0.6434854307960104 103
1725390724434 0.509741294943287 104
1725390724451 0.5633380139974836 105
1725390724469 0.5313322255013982 106
1725390724487 0.471578206491369 107
1725390724505 0.6511353608782379 108
1725390724523 0.4926629121260587 109
1725390724539 0.5517982668534607 110
1725390724551 0.5786442268471874 111
1725390724563 0.708705276745653 112
1725390724575 0.5581398287171454 113
1725390724587 0.4270658843884402 114
1725390724601 0.5344510649338298 115
1725390724614 0.4393428361322075 116
1725390724627 0.5360879035691902 117
1725390724646 0.6535931076312604 118
1725390724670 0.5700482622087629 119
1725390724696 0.7066282801788258 120
1725390724715 0.4635184892221097 121
1725390724740 0.546218736971398 122
1725390724766 0.5066286838649786 123
1725390724784 0.5376293261947019 124
1725390724799 0.6365177148123465 125
1725390724812 0.39846365837675696 126
1725390724828 0.5731156759555509 127
1725390724845 0.6064705212149009 128
1725390724861 0.440513831114663 129
1725390724878 0.5387447490194591 130
1725390724902 0.6160383172842236 131
1725390724925 0.47993170304332894 132
1725390724951 0.46013683746533507 133
1725390724976 0.47189241236266294 134
1725390724997 0.7039307002619637 135
1725390725024 0.6004413407220354 136
1725390725045 0.5015132419989551 137
1725390725072 0.5401767183757696 138
1725390725096 0.6593278417911285 139
1725390725123 0.46950342346382634 140
1725390725150 0.5480888673243759 141
1725390725172 0.5518195030749533 142
1725390725192 0.6515602495943174 143
1725390725216 0.7642294713463902 144
1725390725236 0.5052645431620079 145
1725390725284 0.5534967106267138 146
1725390725297 0.43462551684704 147
1725390725319 0.6182164664648376 148
1725390725331 0.5074328708528596 149
1725390725343 0.560749419681931 150
1725390725355 0.469117524240735 151
1725390725367 0.5865550463037588 152
1725390725378 0.5117395064626289 153
1725390725395 0.5705653261831938 154
1725390725418 0.4861590884067973 155
1725390725438 0.5875947864503133 156
1725390725461 0.5451432902518756 157
1725390725481 0.459262996373845 158
1725390725503 0.609957342485902 159
1725390725525 0.546143637354219 160
1725390725543 0.4647586452157222 161
1725390725561 0.5310237669679764 162
1725390725578 0.6259254184581037 163
1725390725595 0.5619269224938062 164
1725390725613 0.4962331128768728 165
1725390725631 0.6247276707914003 166
1725390725649 0.5603728087694517 167
1725390725671 0.4775596313764943 168
1725390725694 0.3789174823886932 169
1725390725719 0.5299872596740299 170
1725390725736 0.5316039076720431 171
1725390725760 0.6079174256673998 172
1725390725778 0.6517776063486161 173
1725390725797 0.5069690758645253 174
1725390725814 0.45944892981831315 175
1725390725830 0.5529477820224936 176
1725390725846 0.6667367910971594 177
1725390725863 0.5832216356988693 178
1725390725881 0.4483809988411903 179
1725390725904 0.5261031093233491 180
1725390725926 0.4837460563537564 181
1725390725952 0.658014345613605 182
1725390725972 0.5687003000493516 183
1725390725992 0.46916179607452313 184
1725390726013 0.4912723516934437 185
1725390726028 0.5173958905168173 186
1725390726040 0.5225430157809083 187
1725390726052 0.5935321752855813 188
1725390726064 0.6298046479993373 189
1725390726077 0.524197834861262 190
1725390726088 0.4932270171892986 191
1725390726100 0.5595842697051562 192
1725390726112 0.4056881655833405 193
1725390726124 0.5432603823820346 194
1725390726139 0.5546209654383603 195
1725390726161 0.4614652631710862 196
1725390726185 0.6602843683096162 197
1725390726206 0.46035142551771097 198
1725390726228 0.5212439790384397 199
1725390726253 0.5858227137534786 200
1725390726274 0.5408736715439838 201
1725390726299 0.4454966213777948 202
1725390726329 0.5806594616962087 203
1725390726346 0.5101258752639225 204
1725390726375 0.5097974562140462 205
1725390726398 0.4993681050588618 206
1725390726425 0.5313980291376525 207
1725390726453 0.5859765083844395 208
1725390726475 0.502697259255874 209
1725390726496 0.6361681359852944 210
1725390726521 0.6158903351192586 211
1725390726546 0.5162972356216822 212
1725390726567 0.5154619626951762 213
1725390726590 0.5047729602695066 214
1725390726618 0.581262692523042 215
1725390726638 0.45880739032948165 216
1725390726650 0.4669756983107007 217
1725390726662 0.4551433048250622 218
1725390726674 0.5313072897975701 219
1725390726686 0.4886230474574466 220
1725390726698 0.5454245640398542 221
1725390726709 0.6291476143245813 222
1725390726721 0.5583503645367187 223
1725390726733 0.4737630210523829 224
1725390726746 0.6414279002259569 225
1725390726758 0.5526507289443318 226
1725390726779 0.375939288120204 227
1725390726803 0.5940168030510294 228
1725390726827 0.5620614822264263 229
1725390726848 0.527627854536932 230
1725390726866 0.4547997021100926 231
1725390726892 0.5708288554572067 232
1725390726904 0.624361320785165 233
1725390726916 0.509194875933931 234
1725390726928 0.5428017770107904 235
1725390726942 0.5929815566863568 236
1725390726954 0.5825265271456254 237
1725390726966 0.5700158180683276 238
1725390726978 0.5425979590282085 239
1725390726990 0.4976261988446446 240
1725390727002 0.421169128410358 241
1725390727017 0.5358445215716456 242
1725390727040 0.5744305187798036 243
1725390727067 0.5939373253640737 244
1725390727085 0.6050262048214299 245
1725390727111 0.5713831892784021 246
1725390727133 0.5433173337418237 247
1725390727155 0.5016554074485121 248
1725390727177 0.6506157759473302 249
1725390727189 0.5780470304291025 250
1725390727201 0.5940204074703612 251
1725390727212 0.4488357424627557 252
1725390727225 0.5640986140120254 253
1725390727237 0.5321178274160421 254
1725390727248 0.5747963789605458 255
1725390727260 0.5532959253185176 256
1725390727278 0.5192678819300363 257
1725390727295 0.5167947997062664 258
1725390727313 0.6037999617514359 259
1725390727332 0.5934630431633705 260
1725390727350 0.5663293343370731 261
1725390727368 0.5363807379996566 262
1725390727384 0.5076187808929005 263
1725390727402 0.5971019529268914 264
1725390727419 0.4274083359657318 265
1725390727436 0.6028254571709101 266
1725390727454 0.4371557096554142 267
1725390727472 0.5852894956005709 268
1725390727489 0.5816487730444603 269
1725390727521 0.558445225727727 270
1725390727552 0.5907654663203593 271
1725390727584 0.544845337271376 272
1725390727612 0.5361910858479634 273
1725390727634 0.5514769852418206 274
1725390727663 0.5284833637922434 275
1725390727689 0.48408898953987917 276
1725390727712 0.6033161227420903 277
1725390727740 0.6027930396237939 278
1725390727767 0.5005807423521642 279
1725390727792 0.5871189723019872 280
1725390727818 0.4488562349539574 281
1725390727857 0.5124284097423376 282
1725390727884 0.4950347194667414 283
1725390727913 0.5680777363174956 284
1725390727945 0.5870951217073831 285
1725390727974 0.6678006028180286 286
1725390728003 0.5934116309017742 287
1725390728029 0.4963022867893453 288
1725390728056 0.545104438308784 289
1725390728081 0.5149562738551191 290
1725390728106 0.49226360932717306 291
1725390728135 0.47818064921983244 292
1725390728163 0.5853240099864252 293
1725390728192 0.5026310113489231 294
1725390728220 0.5906433159661474 295
1725390728248 0.5260228973076222 296
1725390728274 0.5734961398625303 297
1725390728302 0.49937251085977546 298
1725390728337 0.5467270719006122 299
1725390728363 0.5330331441734384 300
1725390728388 0.5850748102213356 301
1725390728418 0.650409307550851 302
1725390728445 0.5861320852228495 303
1725390728475 0.599872546668676 304
1725390728506 0.5530147339758866 305
1725390728536 0.589335279398104 306
1725390728563 0.522037767896906 307
1725390728591 0.48949797962231956 308
1725390728618 0.6095542191632607 309
1725390728646 0.5340270997720851 310
1725390728672 0.5464255160075525 311
1725390728696 0.5670350772623916 312
1725390728722 0.59626774480979 313
1725390728753 0.5780276544536987 314
1725390728778 0.5381614247646421 315
1725390728805 0.5207989276162064 316
1725390728833 0.506665718523413 317
1725390728859 0.4946924595469877 318
1725390728887 0.6566398560871302 319
1725390728914 0.635112886089207 320
1725390728941 0.5395944764692866 321
1725390728967 0.5644192307176592 322
1725390728994 0.650157227555269 323
1725390729017 0.609190392812486 324
1725390729040 0.6738258882520615 325
1725390729067 0.553336723060112 326
1725390729093 0.4691140104632193 327
1725390729122 0.5299572516006339 328
1725390729147 0.52045783775004 329
1725390729174 0.605424576943561 330
1725390729203 0.527267431465915 331
1725390729231 0.4717422068664293 332
1725390729258 0.6831993304934987 333
1725390729286 0.6239362606679013 334
1725390729310 0.5480008215988087 335
1725390729340 0.5066547776841942 336
1725390729372 0.5638389390587366 337
1725390729403 0.5333598856556684 338
1725390729433 0.5050401939976638 339
1725390729461 0.624046197064634 340
1725390729493 0.5501477983210967 341
1725390729521 0.5556562746672163 342
1725390729548 0.6228291954761745 343
1725390729575 0.5465938337474857 344
1725390729602 0.444767098290401 345
1725390729629 0.7264272651959378 346
1725390729659 0.49593856838121536 347
1725390729690 0.5293014125146931 348
1725390729718 0.5711840454743506 349
1725390729746 0.5814845023350468 350
1725390729767 0.6627215133965569 351
1725390729795 0.5739742347452964 352
1725390729821 0.5438361026982388 353
1725390729861 0.3828219795537028 354
1725390729886 0.5883553309767234 355
1725390729914 0.5288038285727187 356
1725390729939 0.49330546458336205 357
1725390729966 0.6036099923796467 358
1725390729992 0.6224626561827096 359
1725390730021 0.501899799143661 360
1725390730054 0.523009199408755 361
1725390730080 0.5427822495531626 362
1725390730112 0.46112841228002394 363
1725390730136 0.6705321219398774 364
1725390730164 0.7702362571555357 365
1725390730196 0.5255950377808211 366
1725390730227 0.5164616262109127 367
1725390730254 0.5871680050531032 368
1725390730284 0.4912058686370157 369
1725390730313 0.6027024813034221 370
1725390730344 0.5516442106862712 371
1725390730386 0.5093634578805775 372
1725390730420 0.5719824391432586 373
1725390730447 0.4670753697447664 374
1725390730475 0.43884645172047637 375
1725390730502 0.48774889688928846 376
1725390730526 0.6579862058712361 377
1725390730552 0.5293304605048407 378
1725390730586 0.7605793939716875 379
1725390730609 0.6252944565058605 380
1725390730636 0.5830964681259025 381
1725390730667 0.5335403034551234 382
1725390730698 0.6232718247134036 383
1725390730730 0.5267442014413614 384
1725390730755 0.5370185278034885 385
1725390730782 0.688267702536065 386
1725390730810 0.4739951178674724 387
1725390730834 0.6036682981591165 388
1725390730864 0.5333192770273094 389
1725390730895 0.5002200010705903 390
1725390730926 0.48989560788247966 391
1725390730956 0.41889443337597876 392
1725390730986 0.5855608796861523 393
1725390731018 0.4282653982125934 394
1725390731047 0.6901130056861183 395
1725390731076 0.5564026369890361 396
1725390731105 0.46115573736083665 397
1725390731135 0.5389137102949003 398
1725390731166 0.5639789134262403 399
1725390731199 0.7174276112065592 400
1725390731227 0.6399159037488961 401
1725390731255 0.5522299509285226 402
1725390731282 0.5591531883231527 403
1725390731309 0.5079700556130817 404
1725390731336 0.7046612229940941 405
1725390731373 0.44152041266413217 406
1725390731401 0.552286703675326 407
1725390731430 0.5817309606612698 408
1725390731455 0.5706107975643909 409
1725390731486 0.5999655846050661 410
1725390731510 0.5951803532577381 411
1725390731537 0.5122773781275981 412
1725390731563 0.6361015629409246 413
1725390731589 0.4061204455200162 414
1725390731614 0.47488192175944793 415
1725390731641 0.5065640859726742 416
1725390731668 0.5442166999597208 417
1725390731699 0.5847506098631203 418
1725390731727 0.6527199214053335 419
1725390731755 0.5658727334211224 420
1725390731783 0.5270909503393981 421
1725390731812 0.5063401591450872 422
1725390731841 0.4574106112546968 423
1725390731871 0.5282377552847713 424
1725390731896 0.48940535171653765 425
1725390731927 0.5776254196439173 426
1725390731954 0.4949335260598505 427
1725390731984 0.7605485297817723 428
1725390732016 0.4617370343892357 429
1725390732044 0.5473727349572615 430
1725390732074 0.5682907219720904 431
1725390732101 0.5426092485591476 432
1725390732128 0.6700490915468718 433
1725390732155 0.5557719812981111 434
1725390732189 0.45676332893053706 435
1725390732216 0.5735814545616847 436
1725390732240 0.6044650616414772 437
1725390732266 0.6143156451769997 438
1725390732295 0.45763048656045713 439
1725390732326 0.51859327443924 440
1725390732361 0.5819099300340764 441
1725390732401 0.49555437712805256 442
1725390732434 0.6477786021111984 443
1725390732464 0.4880525772691081 444
1725390732496 0.6108659862759928 445
1725390732525 0.4526713492917553 446
1725390732554 0.4686058427321704 447
1725390732583 0.5257409105036127 448
1725390732610 0.5605261108193069 449
1725390732634 0.5905014294389456 450
1725390732663 0.5964424300958433 451
1725390732693 0.42511720836692907 452
1725390732723 0.4725325777724591 453
1725390732752 0.46253881876786496 454
1725390732780 0.5675370748454691 455
1725390732809 0.6170789202145509 456
1725390732840 0.5587446182399856 457
1725390732870 0.44941288645174177 458
1725390732900 0.5368832637599004 459
1725390732931 0.5676040568727113 460
1725390732964 0.6553642156951653 461
1725390732995 0.5564933930989883 462
1725390733025 0.5313532985519028 463
1725390733051 0.49452955611709515 464
1725390733087 0.45461760218710423 465
1725390733121 0.7789246446432555 466
1725390733144 0.487938834678978 467
1725390733172 0.6344888636293945 468
1725390733206 0.5801397053592514 469
1725390733236 0.4641851054901475 470
1725390733265 0.41531478318453485 471
1725390733298 0.4990924018636268 472
1725390733324 0.593414986012939 473
1725390733351 0.5232154468463807 474
1725390733374 0.4915959622175223 475
1725390733411 0.4167602932169816 476
1725390733442 0.5434651514711202 477
1725390733474 0.604532987648884 478
1725390733506 0.47874489355021216 479
1725390733533 0.5541009233992142 480
1725390733561 0.5360604269456223 481
1725390733591 0.5968382522520337 482
1725390733618 0.5498323096450701 483
1725390733649 0.4801200464286685 484
1725390733681 0.49320529237176514 485
1725390733709 0.5831249224881635 486
1725390733736 0.5774104863340608 487
1725390733763 0.4878309524241181 488
1725390733793 0.5286134888756712 489
1725390733820 0.5609094572585933 490
1725390733849 0.5763193697737573 491
1725390733877 0.4914118882973422 492
1725390733906 0.46187383457348785 493
1725390733935 0.5099480513108384 494
1725390733964 0.5677356312458854 495
1725390733994 0.6159244460176608 496
1725390734024 0.49691781361449255 497
1725390734053 0.6585180470091011 498
1725390734076 0.5592317395067036 499
