1725360437150 165.75061583783284 0
1725360437174 157.0928900163946 1
1725360437203 158.65649033925033 2
1725360437227 158.9568321144616 3
1725360437251 155.4714700818408 4
1725360437283 146.1904806231612 5
1725360437308 146.15570024490796 6
1725360437335 148.86851320586266 7
1725360437358 141.25060481492972 8
1725360437388 130.97714784565125 9
1725360437434 137.5892862013824 10
1725360437466 136.59383546657713 11
1725360437496 136.73900344350065 12
1725360437522 130.02505811198478 13
1725360437547 130.97946846888732 14
1725360437577 126.34960027594627 15
1725360437601 126.47851939855748 16
1725360437623 127.80754134177192 17
1725360437651 117.60127116296717 18
1725360437673 116.57264269433676 19
1725360437699 115.96426567278708 20
1725360437730 112.69135068319711 21
1725360437754 112.68582767194623 22
1725360437779 109.33134545669515 23
1725360437807 109.27932480615857 24
1725360437824 106.80181571589591 25
1725360437845 106.28028157690886 26
1725360437874 102.45552521885529 27
1725360437898 98.06908513922792 28
1725360437932 100.67914021425655 29
1725360437966 95.74914534059558 30
1725360438007 93.15220225035127 31
1725360438036 95.1749619545269 32
1725360438066 90.5279336495877 33
1725360438091 90.31751382054952 34
1725360438121 92.41595270509339 35
1725360438144 89.16168022468652 36
1725360438167 86.09902477039283 37
1725360438191 82.20821810090192 38
1725360438218 86.011823732847 39
1725360438240 80.43464041499205 40
1725360438267 78.24636572585193 41
1725360438296 80.33290429055805 42
1725360438321 78.45680568408906 43
1725360438342 71.92323027940837 44
1725360438365 74.23963031204279 45
1725360438395 74.39700880426112 46
1725360438421 69.03769440435778 47
1725360438445 69.27350838060337 48
1725360438467 69.3945005481986 49
1725360438489 69.96767981502488 50
1725360438513 66.1033423080527 51
1725360438540 65.76224596331173 52
1725360438566 65.22109385653333 53
1725360438588 63.93608351888964 54
1725360438615 62.71601571754432 55
1725360438640 62.49745932058046 56
1725360438664 59.97685229632182 57
1725360438687 58.58566370781591 58
1725360438710 58.994235890267426 59
1725360438732 57.30855891566803 60
1725360438754 54.607584815145806 61
1725360438781 53.16452035577994 62
1725360438799 54.55512748164358 63
1725360438822 53.30486011650713 64
1725360438845 49.45618267595034 65
1725360438863 52.62336639006062 66
1725360438887 49.11985524289241 67
1725360438913 49.04948243577684 68
1725360438949 48.832080988710366 69
1725360439020 46.1954454398294 70
1725360439040 47.70914069218268 71
1725360439062 46.04436648168971 72
1725360439083 46.27619974141535 73
1725360439105 46.08329961746513 74
1725360439126 43.54913163451022 75
1725360439149 44.48642893404869 76
1725360439171 42.96664273305892 77
1725360439193 41.3681337088467 78
1725360439214 40.02941742489881 79
1725360439237 40.84022596611851 80
1725360439259 40.137234303084675 81
1725360439288 37.24089842289671 82
1725360439314 38.29057957478695 83
1725360439343 38.03587370134831 84
1725360439367 37.51149844722713 85
1725360439389 37.1797291719811 86
1725360439414 36.367606577251664 87
1725360439437 34.20527947797629 88
1725360439461 33.17210420769744 89
1725360439485 35.238147010577904 90
1725360439507 31.920871558606674 91
1725360439530 32.49850496038879 92
1725360439553 33.69645246171633 93
1725360439579 30.69149190605822 94
1725360439605 30.263377429810326 95
1725360439633 30.618064678713683 96
1725360439664 30.02055908142266 97
1725360439689 29.071120847502115 98
1725360439775 28.04130814603163 99
1725360439795 28.01864950075932 100
1725360439818 27.288233985155166 101
1725360439844 27.140695243117857 102
1725360439871 26.588615556278047 103
1725360439896 25.903354857794113 104
1725360439922 25.203680397784865 105
1725360439947 24.595486397495407 106
1725360439973 24.663114673038532 107
1725360439998 24.528745473655647 108
1725360440024 23.65239386992801 109
1725360440047 22.20273746942471 110
1725360440072 23.198287824037692 111
1725360440100 21.9111660877215 112
1725360440122 22.078196684246254 113
1725360440145 24.750873510970322 114
1725360440171 21.75478503389333 115
1725360440197 22.43010645910224 116
1725360440223 20.15861601941305 117
1725360440250 20.458566439281608 118
1725360440363 19.616074834618857 119
1725360440400 19.56110003388209 120
1725360440426 21.371115082007748 121
1725360440459 18.44580995527928 122
1725360440483 18.26051359352094 123
1725360440503 18.46156957940789 124
1725360440523 18.603707914410034 125
1725360440546 17.82558077523033 126
1725360440566 17.111887239938135 127
1725360440594 16.447133081182507 128
1725360440619 16.942470260469047 129
1725360440646 18.193731208476404 130
1725360440672 16.381416113140688 131
1725360440698 16.488865246667427 132
1725360440722 15.82396524815309 133
1725360440748 15.142409451909357 134
1725360440770 14.258637464654582 135
1725360440788 13.869869929085207 136
1725360440815 14.957386704038017 137
1725360440838 14.91554281370222 138
1725360440864 14.75101079827152 139
1725360440903 14.603827845330228 140
1725360440957 15.03267938909942 141
1725360441000 13.134597915842422 142
1725360441033 13.101586471022198 143
1725360441101 12.498238708679203 144
1725360441128 12.669253449727961 145
1725360441157 12.244602319326674 146
1725360441181 12.85603646999619 147
1725360441202 12.133131670803886 148
1725360441291 11.015007921537388 149
1725360441315 11.591081134447013 150
1725360441340 11.800678509313896 151
1725360441364 10.714122556457212 152
1725360441389 11.981351461839317 153
1725360441412 10.92824205943468 154
1725360441438 10.377142103100589 155
1725360441467 10.692274989472889 156
1725360441495 10.558268252228308 157
1725360441520 9.885487027719114 158
1725360441547 10.373266843529972 159
1725360441571 10.244809685838558 160
1725360441593 10.179285894452955 161
1725360441616 9.625334121905535 162
1725360441639 9.754866864736577 163
1725360441662 9.770439063801037 164
1725360441685 9.159224982824085 165
1725360441720 8.628416137246775 166
1725360441745 8.968954704876705 167
1725360441770 9.087198648246025 168
1725360441789 8.395214450073796 169
1725360441811 8.622523588554182 170
1725360441837 8.669200570127309 171
1725360441858 8.73571357743662 172
1725360441878 7.75390806081585 173
1725360441902 8.168128606673877 174
1725360441927 7.871960388297781 175
1725360441954 7.703675568846418 176
1725360441979 7.28990237140372 177
1725360442014 7.398006283135727 178
1725360442038 6.5937750949753715 179
1725360442061 7.374535928562999 180
1725360442090 6.6319943463933795 181
1725360442114 7.1574216966311575 182
1725360442136 6.589128363148839 183
1725360442161 6.411780065377795 184
1725360442190 7.0862422039293875 185
1725360442212 6.351158664526464 186
1725360442235 5.824069458542477 187
1725360442317 6.336521889169305 188
1725360442357 6.626713571250145 189
1725360442436 6.462353127956562 190
1725360442459 6.273902391744165 191
1725360442483 5.432221775593996 192
1725360442509 5.600038064517102 193
1725360442534 5.7765709115160755 194
1725360442560 5.965139577138277 195
1725360442587 5.586343038939662 196
1725360442623 5.418622468715865 197
1725360442647 5.256851272868885 198
1725360442679 4.862057857676637 199
1725360442707 4.45810075247488 200
1725360442729 4.702535429425608 201
1725360442764 4.509891816904401 202
1725360442789 4.758713675065191 203
1725360442812 4.915281325184367 204
1725360442837 4.762730596322273 205
1725360442861 4.4802336697874034 206
1725360442879 4.301742831818168 207
1725360442905 4.474358380353343 208
1725360442935 4.278547740014629 209
1725360442958 4.193049108682803 210
1725360442982 4.128437079993929 211
1725360443008 4.0776146689571755 212
1725360443032 4.276680815519982 213
1725360443057 3.7172523467434258 214
1725360443083 3.9414048945643927 215
1725360443114 3.7687507962025717 216
1725360443148 3.6825039599581046 217
1725360443174 3.4542728175624626 218
1725360443201 3.9664122038318346 219
1725360443231 3.6545922286308516 220
1725360443256 3.8451225203927404 221
1725360443279 3.2276273440850507 222
1725360443304 3.2710305209974 223
1725360443341 3.716063739310528 224
1725360443366 3.6014654463034366 225
1725360443395 3.19662963816991 226
1725360443420 3.419229436431269 227
1725360443443 3.116499986723178 228
1725360443465 3.095350346325603 229
1725360443490 3.3918018680180517 230
1725360443514 2.900342533895552 231
1725360443537 2.946710294071968 232
1725360443561 2.8963539990284626 233
1725360443584 2.9028428509546624 234
1725360443608 3.051818303219495 235
1725360443633 2.777281014685377 236
1725360443658 2.952255760920318 237
1725360443689 2.7058460137842753 238
1725360443724 2.51166435079615 239
1725360443750 2.6255327403230444 240
1725360443784 2.410421692626586 241
1725360443814 2.5136332519708193 242
1725360443840 2.4224708272391644 243
1725360443870 2.6636710280181615 244
1725360443895 2.4524798442332925 245
1725360443921 2.3220143309029315 246
1725360443941 2.015488611925894 247
1725360443966 2.2723908222570532 248
1725360443988 2.1038458088477734 249
1725360444012 2.0151921463924154 250
1725360444034 2.194639564986387 251
1725360444069 2.065863233427241 252
1725360444091 2.1176789287092177 253
1725360444122 1.9020033476156568 254
1725360444155 2.2904173811483424 255
1725360444177 1.8721937207450512 256
1725360444200 2.2050380021381972 257
1725360444224 1.7633042420051384 258
1725360444248 1.9135075161759685 259
1725360444273 1.7082854616421768 260
1725360444299 1.7071223063592271 261
1725360444331 1.7986856503976405 262
1725360444357 1.9435819611680165 263
1725360444385 1.7397303121714003 264
1725360444418 1.5026558042832512 265
1725360444440 1.618964500521162 266
1725360444468 1.8773189981347391 267
1725360444491 1.8127707125434822 268
1725360444517 1.8740488256095122 269
1725360444549 1.6052479897982839 270
1725360444575 1.4922246753567845 271
1725360444598 1.8436493923204191 272
1725360444623 1.5936651652794624 273
1725360444648 1.567813968973772 274
1725360444670 1.442926172651576 275
1725360444692 1.6827026611157199 276
1725360444715 1.5902452506980556 277
1725360444740 1.442973919301892 278
1725360444762 1.3889619331448504 279
1725360444787 1.4828548202323335 280
1725360444816 1.3780533809409925 281
1725360444838 1.2660993489569747 282
1725360444862 1.1951503421127083 283
1725360444887 1.35884961387547 284
1725360444915 1.27945305427872 285
1725360444939 1.170154929607628 286
1725360444972 1.3700672965527896 287
1725360445001 1.1988343417691179 288
1725360445034 1.2087351166375115 289
1725360445056 1.501428921755431 290
1725360445079 1.4689718535673049 291
1725360445110 1.1047609132473033 292
1725360445133 1.145102433023089 293
1725360445160 1.062701927344175 294
1725360445190 1.1794962981888373 295
1725360445213 1.1837409212846217 296
1725360445239 1.1323074359617027 297
1725360445264 1.4097779918731268 298
1725360445289 1.10512689154132 299
1725360445312 1.0197402154363984 300
1725360445342 0.821650624139701 301
1725360445364 0.9584247416726894 302
1725360445388 0.9684888075493885 303
1725360445412 0.9993826600495923 304
1725360445434 0.9431874002335151 305
1725360445462 0.9534713681095701 306
1725360445489 0.829383343941072 307
1725360445515 1.0627197753135695 308
1725360445543 0.8067984941223908 309
1725360445567 0.8132410850308459 310
1725360445590 1.1099345312617994 311
1725360445617 0.867469037148978 312
1725360445642 0.8219341904390657 313
1725360445665 0.8992194341864673 314
1725360445692 0.9664982734066748 315
1725360445713 0.6993174344175427 316
1725360445740 0.9737003377868395 317
1725360445762 0.8243687287008048 318
1725360445790 0.7514081049111175 319
1725360445815 0.8999822268905022 320
1725360445840 0.8051597963819723 321
1725360445862 0.8462941011622769 322
1725360445890 0.8989498033297105 323
1725360445918 0.6922833223530772 324
1725360445942 0.8098141888956835 325
1725360445966 0.7922972676207801 326
1725360445989 0.62195724717772 327
1725360446013 0.8127913163945509 328
1725360446043 0.8014248180256851 329
1725360446075 0.8949544858617992 330
1725360446098 0.639973655433532 331
1725360446124 0.673340422300896 332
1725360446148 0.5825364055572698 333
1725360446174 0.7357865234975746 334
1725360446199 0.6869663291377694 335
1725360446223 0.7786558246189106 336
1725360446247 0.7513188790512851 337
1725360446271 0.5674960840917976 338
1725360446295 0.6188939901267124 339
1725360446316 0.6123451655302942 340
1725360446352 0.4659820303513157 341
1725360446374 0.5107975082068099 342
1725360446408 0.6032218347953981 343
1725360446432 0.6725537690995709 344
1725360446455 0.5853489744422005 345
1725360446481 0.5665172354116206 346
1725360446506 0.5529757869558738 347
1725360446531 0.6631350767894366 348
1725360446555 0.5960619453424527 349
1725360446580 0.48893595962622677 350
1725360446605 0.5500938596794376 351
1725360446628 0.4621308303013341 352
1725360446655 0.421552721269011 353
1725360446684 0.4642424917235738 354
1725360446708 0.46774371044597235 355
1725360446736 0.5130526603325813 356
1725360446756 0.4760094119694476 357
1725360446785 0.3567000752894024 358
1725360446810 0.5954421482000839 359
1725360446833 0.5083097851196453 360
1725360446857 0.5341741064855932 361
1725360446885 0.5768929982861118 362
1725360446907 0.4414681124408457 363
1725360446935 0.441609990970043 364
1725360446960 0.4599594604564273 365
1725360446990 0.446333278844112 366
1725360447011 0.4352987615743074 367
1725360447040 0.44063677465753187 368
1725360447064 0.4693785931118224 369
1725360447087 0.4294237791037436 370
1725360447112 0.3716241671425432 371
1725360447138 0.4072114315922145 372
1725360447166 0.34726961929566136 373
1725360447198 0.39020161812772614 374
1725360447222 0.45975494326816346 375
1725360447250 0.4359750561266272 376
1725360447275 0.3749972019094028 377
1725360447298 0.525348844259128 378
1725360447321 0.39894010796802093 379
1725360447346 0.5016556004789774 380
1725360447380 0.2993380325948052 381
1725360447402 0.37447274851571793 382
1725360447428 0.3946625998823611 383
1725360447452 0.3250594979007582 384
1725360447472 0.37895957606522085 385
1725360447499 0.3586101214701824 386
1725360447523 0.4700639341725904 387
1725360447545 0.34242814314648057 388
1725360447572 0.3786403126825979 389
1725360447607 0.31372379789822147 390
1725360447639 0.38867704305593814 391
1725360447664 0.3097894351003459 392
1725360447685 0.41667418858984456 393
1725360447708 0.28163643053760545 394
1725360447731 0.3479946086989698 395
1725360447756 0.3471317592115135 396
1725360447783 0.31006112779677936 397
1725360447808 0.31041389330186103 398
1725360447827 0.32849253704468967 399
1725360447851 0.2963728869265403 400
1725360447880 0.4044988579155782 401
1725360447905 0.2915777573406328 402
1725360447934 0.3084469237656386 403
1725360447962 0.3108212186620922 404
1725360447992 0.31050188147912794 405
1725360448024 0.2832001156621049 406
1725360448055 0.2892275597347186 407
1725360448091 0.3521698627948089 408
1725360448115 0.32092394501873994 409
1725360448140 0.34908957360743964 410
1725360448172 0.20390202373880537 411
1725360448204 0.30067149309813024 412
1725360448231 0.3026036580313053 413
1725360448258 0.2696808191607592 414
1725360448288 0.19459587832056388 415
1725360448318 0.36712151377707164 416
1725360448348 0.3324501939898524 417
1725360448383 0.4080447760727319 418
1725360448407 0.27424182677048176 419
1725360448430 0.30431842206279136 420
1725360448456 0.28201604768370736 421
1725360448481 0.24423810247000913 422
1725360448508 0.18640120276743208 423
1725360448532 0.2740159379746392 424
1725360448559 0.23645697131184765 425
1725360448583 0.23451986784008932 426
1725360448606 0.2171163435074632 427
1725360448629 0.2719576462738287 428
1725360448652 0.29298508455938543 429
1725360448676 0.23654314084769348 430
1725360448703 0.3439335770488981 431
1725360448730 0.28039951397983476 432
1725360448759 0.3464685161701968 433
1725360448791 0.22351141302672792 434
1725360448808 0.23773398427035422 435
1725360448831 0.2696081983005635 436
1725360448853 0.22251741924908094 437
1725360448879 0.20049596475350373 438
1725360448911 0.20769512760963368 439
1725360448943 0.2581201997602311 440
1725360448976 0.2873031814191857 441
1725360449004 0.26686514168850217 442
1725360449032 0.24447465830502127 443
1725360449060 0.2568206320313146 444
1725360449085 0.21679804838066424 445
1725360449111 0.19784492067141993 446
1725360449135 0.23989930433708068 447
1725360449161 0.26247776446836163 448
1725360449188 0.25219187029184303 449
1725360449213 0.17722384443275482 450
1725360449240 0.1928553925008544 451
1725360449263 0.23124279705406922 452
1725360449291 0.36051291694796106 453
1725360449320 0.22138089932746113 454
1725360449347 0.25301340107087106 455
1725360449385 0.1745608204564151 456
1725360449416 0.20761218031868126 457
1725360449446 0.1869894287201679 458
1725360449472 0.2298658457889583 459
1725360449497 0.23279716641367396 460
1725360449524 0.19177306845763384 461
1725360449550 0.2017268159515557 462
1725360449581 0.2740620968834032 463
1725360449607 0.21037256340161845 464
1725360449633 0.20012117952961073 465
1725360449669 0.31151800023768333 466
1725360449689 0.1978781871762307 467
1725360449722 0.13229676117699915 468
1725360449756 0.26567538268722074 469
1725360449800 0.12689659469326287 470
1725360449859 0.215521160944252 471
1725360449903 0.29415803814336006 472
1725360449934 0.18697392659616863 473
1725360449962 0.22041336512265622 474
1725360449984 0.21250906475021833 475
1725360450050 0.18702521264343616 476
1725360450067 0.17927618929402825 477
1725360450085 0.28029452769455016 478
1725360450099 0.18876959698982884 479
1725360450126 0.1710717555579009 480
1725360450150 0.2097353968792811 481
1725360450192 0.15038701999650084 482
1725360450225 0.14522783476900678 483
1725360450258 0.20529820991797737 484
1725360450289 0.1646660786451567 485
1725360450318 0.2297357992931762 486
1725360450343 0.25111715586433275 487
1725360450366 0.16822907665957373 488
1725360450396 0.22837138829866357 489
1725360450422 0.15676970214445413 490
1725360450446 0.17526532198310918 491
1725360450471 0.14552981878732776 492
1725360450492 0.15957423650886646 493
1725360450513 0.17989106791498605 494
1725360450535 0.22765640695373815 495
1725360450557 0.2714239763157378 496
1725360450580 0.21147623782608263 497
1725360450605 0.15668988451297589 498
1725360450628 0.23999421677951935 499
