1725392483614 173.24075465493075 0
1725392483628 169.75510752993316 1
1725392483642 166.34700485977552 2
1725392483655 163.01463185570051 3
1725392483669 159.75621794216116 4
1725392483681 156.57003563398888 5
1725392483693 153.45439944363858 6
1725392483705 150.40766481764362 7
1725392483717 147.428227101443 8
1725392483730 144.51452053176794 9
1725392483764 141.66501725580133 10
1725392483793 138.87822637634753 11
1725392483814 136.152693022274 12
1725392483836 133.48699744350947 13
1725392483862 130.87975412990446 14
1725392483881 128.3296109532822 15
1725392483906 125.83524833202871 16
1725392483934 123.3953784175899 17
1725392483960 121.00874430226374 18
1725392483986 118.67411924769314 19
1725392484013 116.39030593348481 20
1725392484035 114.15613572539436 21
1725392484055 111.97046796253748 22
1725392484081 109.8321892631007 23
1725392484102 107.74021284804287 24
1725392484130 105.69347788229297 25
1725392484153 103.69094883296378 26
1725392484179 101.73161484411726 27
1725392484199 99.81448912762846 28
1725392484221 97.93860836971076 29
1725392484242 96.10303215267639 30
1725392484262 94.30684239151904 31
1725392484286 92.54914278491789 32
1725392484316 90.82905828027373 33
1725392484337 89.14573455239892 34
1725392484377 87.4983374954944 35
1725392484389 85.886052728057 36
1725392484401 84.30808511037122 37
1725392484413 82.76365827424895 38
1725392484425 81.25201416469056 39
1725392484437 79.77241259315002 40
1725392484449 78.32413080209611 41
1725392484461 76.90646304056945 42
1725392484473 75.51872015044555 43
1725392484494 74.16022916311968 44
1725392484522 72.8303329063397 45
1725392484547 71.52838962091944 46
1725392484569 70.2537725870732 47
1725392484589 69.00586976011826 48
1725392484612 67.78408341530135 49
1725392484628 66.58782980150951 50
1725392484645 65.41653880363391 51
1725392484660 64.2696536133612 52
1725392484676 63.14663040817307 53
1725392484693 62.04693803834088 54
1725392484709 60.97005772170804 55
1725392484726 59.915482746058586 56
1725392484753 58.88271817887574 57
1725392484776 57.8712805842997 58
1725392484805 56.88069774709929 59
1725392484832 55.91050840347677 60
1725392484868 54.96026197853021 61
1725392484923 54.0295183302028 62
1725392484935 53.11784749955246 63
1725392484947 52.22482946718068 64
1725392484960 51.350053915662144 65
1725392484974 50.493119997823165 66
1725392484992 49.65363611071891 67
1725392485015 48.83121967516493 68
1725392485037 48.025496920681434 69
1725392485064 47.23610267571313 70
1725392485093 46.46268016299061 71
1725392485116 45.70488079990332 72
1725392485137 44.96236400375705 73
1725392485165 44.23479700179276 74
1725392485186 43.521854645846325 75
1725392485208 42.823219231532555 76
1725392485226 42.13858032183914 77
1725392485248 41.46763457501993 78
1725392485267 40.81008557667945 79
1725392485290 40.16564367594326 80
1725392485338 39.53402582561199 81
1725392485360 38.91495542619927 82
1725392485395 38.30816217375601 83
1725392485419 37.71338191138695 84
1725392485444 37.13035648436686 85
1725392485465 36.55883359876676 86
1725392485487 35.998566683502716 87
1725392485499 35.44931475572214 88
1725392485514 34.91084228944406 89
1725392485526 34.382919087373175 90
1725392485539 33.86532015580856 91
1725392485557 33.357825582570186 92
1725392485571 32.86022041786876 93
1725392485583 32.372294558045645 94
1725392485600 31.893842632112275 95
1725392485624 31.424663891019605 96
1725392485647 30.964562099590086 97
1725392485673 30.51334543104694 98
1725392485698 30.070826364075984 99
1725392485722 29.636821582358433 100
1725392485749 29.211151876513195 101
1725392485771 28.79364204838972 102
1725392485799 28.38412081765351 103
1725392485822 27.982420730608265 104
1725392485848 27.58837807119931 105
1725392485872 27.20183277414525 106
1725392485897 26.82262834014552 107
1725392485920 26.450611753112984 108
1725392485939 26.085633399382115 109
1725392485961 25.72754698884443 110
1725392485989 25.376209477964107 111
1725392486016 25.031480994627863 112
1725392486041 24.69322476478438 113
1725392486063 24.36130704082941 114
1725392486086 24.035597031694795 115
1725392486108 23.715966834598635 116
1725392486125 23.40229136841733 117
1725392486141 23.09444830863982 118
1725392486157 22.792318023864834 119
1725392486173 22.495783513804703 120
1725392486189 22.204730348758602 121
1725392486205 21.91904661051959 122
1725392486221 21.638622834680813 123
1725392486238 21.363351954307163 124
1725392486254 21.093129244938655 125
1725392486270 20.827852270894358 126
1725392486291 20.567420832844334 127
1725392486307 20.31173691661984 128
1725392486324 20.06070464323119 129
1725392486340 19.81423022006463 130
1725392486357 19.572221893229454 131
1725392486377 19.334589901027822 132
1725392486409 19.101246428520106 133
1725392486432 18.872105563159536 134
1725392486456 18.647083251470075 135
1725392486480 18.426097256742793 136
1725392486496 18.209067117726192 137
1725392486513 17.995914108286204 138
1725392486529 17.786561198013146 139
1725392486546 17.58093301375246 140
1725392486563 17.378955802037186 141
1725392486580 17.180557392400814 142
1725392486596 16.98566716154895 143
1725392486613 16.79421599836946 144
1725392486638 16.606136269761 145
1725392486664 16.421361787260633 146
1725392486686 16.239827774450667 147
1725392486710 16.061470835126762 148
1725392486726 15.886228922209082 149
1725392486747 15.714041307378123 150
1725392486763 15.544848551418779 151
1725392486780 15.378592475254932 152
1725392486792 15.21521613165886 153
1725392486805 15.054663777618641 154
1725392486817 14.896880847348335 155
1725392486830 14.741813925925662 156
1725392486843 14.589410723541965 157
1725392486857 14.439620050349923 158
1725392486874 14.29239179189515 159
1725392486890 14.147676885117214 160
1725392486906 14.005427294907294 161
1725392486922 13.865595991208458 162
1725392486939 13.728136926646098 163
1725392486955 13.593005014676264 164
1725392486972 13.460156108238744 165
1725392486996 13.3295469789038 166
1725392487024 13.20113529650034 167
1725392487048 13.074879609214351 168
1725392487071 12.950739324146241 169
1725392487091 12.82867468831658 170
1725392487111 12.708646770109336 171
1725392487128 12.590617441142328 172
1725392487145 12.474549358554878 173
1725392487160 12.360405947702704 174
1725392487175 12.248151385250615 175
1725392487192 12.13775058265343 176
1725392487209 12.029169170016022 177
1725392487225 11.922373480323566 178
1725392487249 11.817330534033445 179
1725392487275 11.714008024019803 180
1725392487295 11.612374300862946 181
1725392487315 11.51239835847543 182
1725392487336 11.414049820056377 183
1725392487355 11.31729892436725 184
1725392487371 11.222116512320364 185
1725392487383 11.12847401387391 186
1725392487395 11.036343435225666 187
1725392487416 10.945697346298221 188
1725392487428 10.856508868509692 189
1725392487440 10.768751662822186 190
1725392487452 10.6823999180625 191
1725392487464 10.59742833950777 192
1725392487476 10.513812137730739 193
1725392487492 10.431527017697745 194
1725392487507 10.350549168114275 195
1725392487524 10.270855251011673 196
1725392487539 10.192422391569663 197
1725392487555 10.115228168169319 198
1725392487576 10.039250602670693 199
1725392487592 9.964468150910415 200
1725392487608 9.8908596934133 201
1725392487623 9.81840452631416 202
1725392487647 9.747082352483615 203
1725392487673 9.676873272854316 204
1725392487701 9.607757777941949 205
1725392487719 9.539716739557315 206
1725392487743 9.472731402704344 207
1725392487762 9.406783377660293 208
1725392487786 9.341854632233453 209
1725392487806 9.277927484194542 210
1725392487829 9.214984593877551 211
1725392487848 9.153008956946366 212
1725392487865 9.091983897322981 213
1725392487882 9.03189306027383 214
1725392487902 8.972720405650481 215
1725392487928 8.91445020128118 216
1725392487953 8.85706701650957 217
1725392487974 8.800555715877415 218
1725392487994 8.744901452947882 219
1725392488011 8.690089664266187 220
1725392488027 8.63610606345425 221
1725392488044 8.582936635436683 222
1725392488060 8.530567630794515 223
1725392488076 8.478985560244329 224
1725392488092 8.428177189239282 225
1725392488109 8.378129532689842 226
1725392488129 8.328829849800915 227
1725392488149 8.280265639023105 228
1725392488175 8.232424633115293 229
1725392488192 8.185294794316004 230
1725392488221 8.138864309621075 231
1725392488245 8.093121586165033 232
1725392488263 8.0480552467043 233
1725392488281 8.003654125199244 234
1725392488295 7.959907262493269 235
1725392488317 7.9168039020864125 236
1725392488339 7.874333486001681 237
1725392488358 7.832485650741552 238
1725392488387 7.791250223333015 239
1725392488407 7.750617217458656 240
1725392488440 7.7105768296722434 241
1725392488459 7.671119435696917 242
1725392488485 7.632235586803397 243
1725392488501 7.593916006267452 244
1725392488517 7.5561515859039075 245
1725392488535 7.518933382675991 246
1725392488551 7.4822526153781475 247
1725392488566 7.4461006613904965 248
1725392488584 7.410469053503539 249
1725392488600 7.3753494768116035 250
1725392488620 7.340733765672848 251
1725392488639 7.306613900735334 252
1725392488652 7.272982006026661 253
1725392488663 7.239830346106356 254
1725392488676 7.207151323279454 255
1725392488688 7.174937474869672 256
1725392488699 7.143181470551348 257
1725392488711 7.111876109737929 258
1725392488727 7.081014319026945 259
1725392488744 7.05058914969895 260
1725392488760 7.020593775270195 261
1725392488776 6.991021489097235 262
1725392488798 6.9618657020325365 263
1725392488819 6.933119940129996 264
1725392488838 6.904777842398998 265
1725392488856 6.876833158606236 266
1725392488879 6.849279747123937 267
1725392488908 6.822111572823706 268
1725392488931 6.795322705014771 269
1725392488955 6.768907315425776 270
1725392488976 6.742859676229052 271
1725392488994 6.717174158106424 272
1725392489009 6.69184522835575 273
1725392489024 6.666867449037153 274
1725392489040 6.6422354751580555 275
1725392489054 6.617944052896255 276
1725392489070 6.59398801786018 277
1725392489086 6.57036229338538 278
1725392489103 6.547061888866535 279
1725392489127 6.524081898124289 280
1725392489154 6.501417497805937 281
1725392489175 6.479063945819347 282
1725392489202 6.4570165797994425 283
1725392489226 6.4352708156061595 284
1725392489245 6.413822145853924 285
1725392489262 6.392666138470991 286
1725392489282 6.37179843528888 287
1725392489300 6.351214750660618 288
1725392489318 6.330910870107511 289
1725392489337 6.310882648993628 290
1725392489354 6.291126011227533 291
1725392489375 6.2716369479905145 292
1725392489404 6.252411516490839 293
1725392489435 6.2334458387434895 294
1725392489465 6.214736100374712 295
1725392489498 6.196278549450855 296
1725392489520 6.178069495331163 297
1725392489544 6.160105307543611 298
1725392489572 6.142382414683743 299
1725392489598 6.124897303335628 300
1725392489627 6.10764651701471 301
1725392489659 6.090626655131893 302
1725392489691 6.073834371978555 303
1725392489722 6.057266375731903 304
1725392489752 6.040919427480349 305
1725392489788 6.02479034026836 306
1725392489814 6.00887597816045 307
1725392489839 5.993173255323968 308
1725392489863 5.9776791351298915 309
1725392489889 5.962390629271905 310
1725392489911 5.947304796902641 311
1725392489938 5.932418743787328 312
1725392489969 5.917729621474077 313
1725392490001 5.903234626480548 314
1725392490030 5.888930999496862 315
1725392490063 5.874816024603898 316
1725392490095 5.86088702850742 317
1725392490127 5.847141379786846 318
1725392490154 5.833576488158987 319
1725392490180 5.820189803756115 320
1725392490207 5.80697881641821 321
1725392490236 5.79394105499894 322
1725392490267 5.781074086685202 323
1725392490296 5.768375516329943 324
1725392490326 5.755842985797805 325
1725392490356 5.743474173323656 326
1725392490381 5.731266792883288 327
1725392490409 5.719218593576466 328
1725392490445 5.707327359021792 329
1725392490469 5.695590906763172 330
1725392490493 5.684007087687831 331
1725392490519 5.672573785455271 332
1725392490546 5.661288915937371 333
1725392490573 5.650150426669078 334
1725392490601 5.639156296309566 335
1725392490629 5.628304534113652 336
1725392490655 5.617593179413373 337
1725392490685 5.6070203011092055 338
1725392490715 5.596583997171106 339
1725392490747 5.586282394148834 340
1725392490771 5.576113646691588 341
1725392490799 5.566075937076624 342
1725392490829 5.556167474746924 343
1725392490857 5.546386495857211 344
1725392490883 5.536731262828708 345
1725392490909 5.527200063912225 346
1725392490936 5.517791212759187 347
1725392490962 5.508503048000893 348
1725392490988 5.499333932835455 349
1725392491012 5.490282254622373 350
1725392491038 5.481346424484719 351
1725392491063 5.472524876918593 352
1725392491094 5.463816069409786 353
1725392491121 5.45521848205761 354
1725392491148 5.446730617205371 355
1725392491174 5.438350999077925 356
1725392491201 5.430078173425714 357
1725392491228 5.421910707175214 358
1725392491258 5.41384718808597 359
1725392491288 5.405886224413675 360
1725392491317 5.398026444579468 361
1725392491348 5.3902664968452285 362
1725392491373 5.382605048994618 363
1725392491400 5.3750407880200735 364
1725392491426 5.367572419815274 365
1725392491464 5.3601986688731875 366
1725392491491 5.35291827798956 367
1725392491516 5.345730007971694 368
1725392491543 5.3386326373524335 369
1725392491570 5.331624962109206 370
1725392491592 5.324705795388155 371
1725392491619 5.317873967233058 372
1725392491645 5.3111283243191085 373
1725392491671 5.304467729691523 374
1725392491697 5.297891062508456 375
1725392491724 5.291397217788777 376
1725392491753 5.284985106164063 377
1725392491784 5.278653653635057 378
1725392491813 5.272401801332327 379
1725392491839 5.26622850528109 380
1725392491865 5.2601327361702435 381
1725392491894 5.254113479125333 382
1725392491919 5.248169733485427 383
1725392491941 5.2423005125839195 384
1725392491967 5.236504843533147 385
1725392491994 5.230781767012734 386
1725392492025 5.225130337061362 387
1725392492053 5.219549620872481 388
1725392492079 5.21403869859321 389
1725392492104 5.208596663126881 390
1725392492131 5.203222619938864 391
1725392492158 5.197915686865676 392
1725392492185 5.1926749939275085 393
1725392492212 5.187499683143584 394
1725392492239 5.182388908351147 395
1725392492266 5.177341835027005 396
1725392492291 5.172357640112409 397
1725392492316 5.167435511840842 398
1725392492345 5.162574649568581 399
1725392492372 5.157774263608084 400
1725392492398 5.153033575064452 401
1725392492425 5.14835181567421 402
1725392492451 5.1437282276471485 403
1725392492482 5.139162063510527 404
1725392492512 5.134652585955967 405
1725392492541 5.130199067688985 406
1725392492574 5.125800791280764 407
1725392492605 5.121457049022621 408
1725392492635 5.117167142782741 409
1725392492664 5.112930383865246 410
1725392492694 5.108746092871708 411
1725392492725 5.104613599564711 412
1725392492751 5.100532242733942 413
1725392492775 5.096501370064118 414
1725392492796 5.092520338005296 415
1725392492820 5.088588511645302 416
1725392492847 5.084705264584017 417
1725392492866 5.0808699788099965 418
1725392492892 5.077082044578745 419
1725392492919 5.073340860293167 420
1725392492940 5.069645832385998 421
1725392492967 5.06599637520391 422
1725392492990 5.062391910893545 423
1725392493017 5.058831869289551 424
1725392493043 5.055315687804066 425
1725392493070 5.051842811318272 426
1725392493100 5.048412692075523 427
1725392493130 5.045024789576158 428
1725392493157 5.041678570474086 429
1725392493185 5.0383735084747565 430
1725392493211 5.0351090842351365 431
1725392493240 5.031884785264835 432
1725392493273 5.028700105829069 433
1725392493301 5.0255545468531 434
1725392493333 5.022447615827946 435
1725392493363 5.019378826717949 436
1725392493390 5.01634769986945 437
1725392493418 5.013353761920969 438
1725392493444 5.01039654571495 439
1725392493476 5.0074755902106 440
1725392493503 5.004590440398288 441
1725392493531 5.001740647215158 442
1725392493559 4.998925767462086 443
1725392493586 4.996145363721858 444
1725392493612 4.993399004278706 445
1725392493637 4.990686263038939 446
1725392493663 4.988006719452904 447
1725392493690 4.9853599584380675 448
1725392493719 4.982745570303361 449
1725392493744 4.980163150674458 450
1725392493771 4.97761230042048 451
1725392493797 4.975092625581593 452
1725392493826 4.972603737297776 453
1725392493848 4.97014525173869 454
1725392493871 4.9677167900344825 455
1725392493893 4.965317978207839 456
1725392493920 4.962948447106846 457
1725392493945 4.960607832339 458
1725392493971 4.9582957742060945 459
1725392493996 4.956011917640176 460
1725392494023 4.953755912140387 461
1725392494050 4.951527411710831 462
1725392494077 4.949326074799186 463
1725392494112 4.947151564236447 464
1725392494142 4.9450035471774205 465
1725392494169 4.942881695042157 466
1725392494197 4.940785683458109 467
1725392494226 4.938715192203432 468
1725392494257 4.9366699051507705 469
1725392494284 4.934649510212174 470
1725392494313 4.9326536992845815 471
1725392494341 4.930682168196245 472
1725392494370 4.9287346166538715 473
1725392494393 4.926810748190626 474
1725392494420 4.9249102701147205 475
1725392494449 4.9230328934588865 476
1725392494487 4.921178332930583 477
1725392494511 4.919346306862831 478
1725392494540 4.91753653716584 479
1725392494565 4.915748749279333 480
1725392494588 4.913982672125406 481
1725392494611 4.9122380380623305 482
1725392494641 4.91051458283882 483
1725392494676 4.908812045549002 484
1725392494705 4.907130168588005 485
1725392494729 4.90546869760835 486
1725392494760 4.903827381476613 487
1725392494787 4.9022059722311235 488
1725392494813 4.9006042250399755 489
1725392494840 4.899021898159699 490
1725392494869 4.897458752894557 491
1725392494894 4.895914553556464 492
1725392494922 4.894389067425316 493
1725392494949 4.892882064709997 494
1725392494975 4.891393318509951 495
1725392495002 4.889922604777225 496
1725392495031 4.888469702279076 497
1725392495056 4.887034392561083 498
1725392495083 4.885616459910819 499
