1725342024455 nan 0
1725342024473 nan 1
1725342024491 nan 2
1725342024517 nan 3
1725342024536 nan 4
1725342024556 nan 5
1725342024582 nan 6
1725342024600 nan 7
1725342024636 nan 8
1725342024653 nan 9
1725342024670 nan 10
1725342024690 nan 11
1725342024706 nan 12
1725342024723 nan 13
1725342024741 nan 14
1725342024756 nan 15
1725342024806 nan 16
1725342024826 nan 17
1725342024843 nan 18
1725342024859 nan 19
1725342024875 nan 20
1725342024895 nan 21
1725342024916 nan 22
1725342024936 nan 23
1725342024957 nan 24
1725342024973 nan 25
1725342024990 nan 26
1725342025005 nan 27
1725342025020 nan 28
1725342025034 nan 29
1725342025049 nan 30
1725342025066 nan 31
1725342025081 nan 32
1725342025095 nan 33
1725342025110 nan 34
1725342025128 nan 35
1725342025144 nan 36
1725342025161 nan 37
1725342025178 nan 38
1725342025201 nan 39
1725342025219 nan 40
1725342025253 nan 41
1725342025301 nan 42
1725342025319 nan 43
1725342025334 nan 44
1725342025349 nan 45
1725342025365 nan 46
1725342025379 nan 47
1725342025393 nan 48
1725342025408 nan 49
1725342025424 nan 50
1725342025439 nan 51
1725342025453 nan 52
1725342025478 nan 53
1725342025499 nan 54
1725342025521 nan 55
1725342025537 nan 56
1725342025554 nan 57
1725342025568 nan 58
1725342025584 nan 59
1725342025601 nan 60
1725342025615 nan 61
1725342025666 nan 62
1725342025690 nan 63
1725342025709 nan 64
1725342025725 nan 65
1725342025742 nan 66
1725342025760 nan 67
1725342025790 nan 68
1725342025831 nan 69
1725342025852 nan 70
1725342025869 nan 71
1725342025886 nan 72
1725342025924 nan 73
1725342025943 nan 74
1725342026034 nan 75
1725342026051 nan 76
1725342026065 nan 77
1725342026080 nan 78
1725342026094 nan 79
1725342026113 nan 80
1725342026129 nan 81
1725342026148 nan 82
1725342026166 nan 83
1725342026183 nan 84
1725342026203 nan 85
1725342026231 nan 86
1725342026268 nan 87
1725342026295 nan 88
1725342026315 nan 89
1725342026332 nan 90
1725342026346 nan 91
1725342026362 nan 92
1725342026376 nan 93
1725342026395 nan 94
1725342026413 nan 95
1725342026430 nan 96
1725342026451 nan 97
1725342026527 nan 98
1725342026550 nan 99
1725342026571 nan 100
1725342026588 nan 101
1725342026627 nan 102
1725342026658 nan 103
1725342026673 nan 104
1725342026695 nan 105
1725342026713 nan 106
1725342026778 nan 107
1725342026793 nan 108
1725342026809 nan 109
1725342026823 nan 110
1725342026839 nan 111
1725342026853 nan 112
1725342026868 nan 113
1725342026886 nan 114
1725342026903 nan 115
1725342026923 nan 116
1725342026946 nan 117
1725342027019 nan 118
1725342027037 nan 119
1725342027052 nan 120
1725342027065 nan 121
1725342027080 nan 122
1725342027096 nan 123
1725342027111 nan 124
1725342027129 nan 125
1725342027153 nan 126
1725342027178 nan 127
1725342027201 nan 128
1725342027223 nan 129
1725342027236 nan 130
1725342027252 nan 131
1725342027270 nan 132
1725342027298 nan 133
1725342027321 nan 134
1725342027341 nan 135
1725342027359 nan 136
1725342027375 nan 137
1725342027390 nan 138
1725342027406 nan 139
1725342027421 nan 140
1725342027436 nan 141
1725342027454 nan 142
1725342027469 nan 143
1725342027483 nan 144
1725342027499 nan 145
1725342027513 nan 146
1725342027528 nan 147
1725342027543 nan 148
1725342027558 nan 149
1725342027573 nan 150
1725342027589 nan 151
1725342027605 nan 152
1725342027619 nan 153
1725342027637 nan 154
1725342027666 nan 155
1725342027684 nan 156
1725342027699 nan 157
1725342027716 nan 158
1725342027733 nan 159
1725342027749 nan 160
1725342027762 nan 161
1725342027776 nan 162
1725342027792 nan 163
1725342027807 nan 164
1725342027822 nan 165
1725342027837 nan 166
1725342027852 nan 167
1725342027867 nan 168
1725342027880 nan 169
1725342027894 nan 170
1725342027909 nan 171
1725342027923 nan 172
1725342027941 nan 173
1725342027955 nan 174
1725342027970 nan 175
1725342027984 nan 176
1725342027999 nan 177
1725342028018 nan 178
1725342028033 nan 179
1725342028051 nan 180
1725342028068 nan 181
1725342028084 nan 182
1725342028102 nan 183
1725342028119 nan 184
1725342028140 nan 185
1725342028159 nan 186
1725342028174 nan 187
1725342028188 nan 188
1725342028205 nan 189
1725342028220 nan 190
1725342028233 nan 191
1725342028249 nan 192
1725342028266 nan 193
1725342028283 nan 194
1725342028301 nan 195
1725342028318 nan 196
1725342028339 nan 197
1725342028357 nan 198
1725342028374 nan 199
1725342028389 nan 200
1725342028403 nan 201
1725342028417 nan 202
1725342028433 nan 203
1725342028448 nan 204
1725342028462 nan 205
1725342028476 nan 206
1725342028490 nan 207
1725342028504 nan 208
1725342028523 nan 209
1725342028542 nan 210
1725342028558 nan 211
1725342028576 nan 212
1725342028597 nan 213
1725342028621 nan 214
1725342028644 nan 215
1725342028663 nan 216
1725342028699 nan 217
1725342028718 nan 218
1725342028736 nan 219
1725342028754 nan 220
1725342028774 nan 221
1725342028797 nan 222
1725342028820 nan 223
1725342028842 nan 224
1725342028861 nan 225
1725342028879 nan 226
1725342028894 nan 227
1725342028909 nan 228
1725342028924 nan 229
1725342028939 nan 230
1725342028955 nan 231
1725342028969 nan 232
1725342028985 nan 233
1725342029001 nan 234
1725342029019 nan 235
1725342029037 nan 236
1725342029052 nan 237
1725342029076 nan 238
1725342029101 nan 239
1725342029124 nan 240
1725342029143 nan 241
1725342029159 nan 242
1725342029176 nan 243
1725342029193 nan 244
1725342029211 nan 245
1725342029230 nan 246
1725342029247 nan 247
1725342029260 nan 248
1725342029275 nan 249
1725342029292 nan 250
1725342029304 nan 251
1725342029320 nan 252
1725342029335 nan 253
1725342029351 nan 254
1725342029366 nan 255
1725342029383 nan 256
1725342029400 nan 257
1725342029414 nan 258
1725342029433 nan 259
1725342029449 nan 260
1725342029467 nan 261
1725342029483 nan 262
1725342029501 nan 263
1725342029518 nan 264
1725342029536 nan 265
1725342029553 nan 266
1725342029569 nan 267
1725342029587 nan 268
1725342029602 nan 269
1725342029618 nan 270
1725342029635 nan 271
1725342029655 nan 272
1725342029671 nan 273
1725342029704 nan 274
1725342029720 nan 275
1725342029769 nan 276
1725342029808 nan 277
1725342029827 nan 278
1725342029844 nan 279
1725342029859 nan 280
1725342029875 nan 281
1725342029893 nan 282
1725342029929 nan 283
1725342029967 nan 284
1725342030001 nan 285
1725342030016 nan 286
1725342030035 nan 287
1725342030070 nan 288
1725342030086 nan 289
1725342030103 nan 290
1725342030118 nan 291
1725342030134 nan 292
1725342030152 nan 293
1725342030167 nan 294
1725342030219 nan 295
1725342030248 nan 296
1725342030263 nan 297
1725342030278 nan 298
1725342030293 nan 299
1725342030309 nan 300
1725342030326 nan 301
1725342030341 nan 302
1725342030356 nan 303
1725342030371 nan 304
1725342030403 nan 305
1725342030466 nan 306
1725342030497 nan 307
1725342030518 nan 308
1725342030533 nan 309
1725342030550 nan 310
1725342030565 nan 311
1725342030580 nan 312
1725342030596 nan 313
1725342030613 nan 314
1725342030627 nan 315
1725342030644 nan 316
1725342030665 nan 317
1725342030683 nan 318
1725342030719 nan 319
1725342030740 nan 320
1725342030757 nan 321
1725342030772 nan 322
1725342030789 nan 323
1725342030804 nan 324
1725342030817 nan 325
1725342030832 nan 326
1725342030847 nan 327
1725342030860 nan 328
1725342030876 nan 329
1725342030903 nan 330
1725342030966 nan 331
1725342031008 nan 332
1725342031028 nan 333
1725342031049 nan 334
1725342031066 nan 335
1725342031084 nan 336
1725342031102 nan 337
1725342031121 nan 338
1725342031136 nan 339
1725342031157 nan 340
1725342031172 nan 341
1725342031187 nan 342
1725342031209 nan 343
1725342031226 nan 344
1725342031243 nan 345
1725342031260 nan 346
1725342031279 nan 347
1725342031300 nan 348
1725342031319 nan 349
1725342031342 nan 350
1725342031359 nan 351
1725342031380 nan 352
1725342031395 nan 353
1725342031454 nan 354
1725342031468 nan 355
1725342031488 nan 356
1725342031526 nan 357
1725342031548 nan 358
1725342031565 nan 359
1725342031582 nan 360
1725342031598 nan 361
1725342031614 nan 362
1725342031631 nan 363
1725342031649 nan 364
1725342031666 nan 365
1725342031682 nan 366
1725342031699 nan 367
1725342031713 nan 368
1725342031742 nan 369
1725342031756 nan 370
1725342031770 nan 371
1725342031784 nan 372
1725342031803 nan 373
1725342031818 nan 374
1725342031832 nan 375
1725342031847 nan 376
1725342031861 nan 377
1725342031876 nan 378
1725342031893 nan 379
1725342031909 nan 380
1725342031927 nan 381
1725342031940 nan 382
1725342031954 nan 383
1725342031970 nan 384
1725342032006 nan 385
1725342032028 nan 386
1725342032049 nan 387
1725342032059 nan 388
1725342032075 nan 389
1725342032090 nan 390
1725342032105 nan 391
1725342032119 nan 392
1725342032134 nan 393
1725342032148 nan 394
1725342032162 nan 395
1725342032176 nan 396
1725342032192 nan 397
1725342032213 nan 398
1725342032240 nan 399
1725342032254 nan 400
1725342032273 nan 401
1725342032312 nan 402
1725342032368 nan 403
1725342032390 nan 404
1725342032409 nan 405
1725342032425 nan 406
1725342032441 nan 407
1725342032456 nan 408
1725342032473 nan 409
1725342032491 nan 410
1725342032507 nan 411
1725342032521 nan 412
1725342032535 nan 413
1725342032556 nan 414
1725342032582 nan 415
1725342032603 nan 416
1725342032622 nan 417
1725342032639 nan 418
1725342032655 nan 419
1725342032756 nan 420
1725342032771 nan 421
1725342032793 nan 422
1725342032808 nan 423
1725342032823 nan 424
1725342032838 nan 425
1725342032854 nan 426
1725342032868 nan 427
1725342032887 nan 428
1725342032904 nan 429
1725342032923 nan 430
1725342032961 nan 431
1725342033000 nan 432
1725342033018 nan 433
1725342033033 nan 434
1725342033049 nan 435
1725342033064 nan 436
1725342033078 nan 437
1725342033092 nan 438
1725342033106 nan 439
1725342033120 nan 440
1725342033136 nan 441
1725342033152 nan 442
1725342033174 nan 443
1725342033236 nan 444
1725342033266 nan 445
1725342033285 nan 446
1725342033307 nan 447
1725342033324 nan 448
1725342033344 nan 449
1725342033367 nan 450
1725342033391 nan 451
1725342033406 nan 452
1725342033421 nan 453
1725342033436 nan 454
1725342033450 nan 455
1725342033466 nan 456
1725342033479 nan 457
1725342033494 nan 458
1725342033510 nan 459
1725342033525 nan 460
1725342033543 nan 461
1725342033559 nan 462
1725342033579 nan 463
1725342033595 nan 464
1725342033611 nan 465
1725342033629 nan 466
1725342033644 nan 467
1725342033658 nan 468
1725342033673 nan 469
1725342033690 nan 470
1725342033734 nan 471
1725342033748 nan 472
1725342033780 nan 473
1725342033795 nan 474
1725342033811 nan 475
1725342033826 nan 476
1725342033841 nan 477
1725342033858 nan 478
1725342033875 nan 479
1725342033889 nan 480
1725342033903 nan 481
1725342033917 nan 482
1725342033935 nan 483
1725342033952 nan 484
1725342033969 nan 485
1725342033986 nan 486
1725342034001 nan 487
1725342034018 nan 488
1725342034035 nan 489
1725342034057 nan 490
1725342034074 nan 491
1725342034093 nan 492
1725342034110 nan 493
1725342034128 nan 494
1725342034144 nan 495
1725342034159 nan 496
1725342034173 nan 497
1725342034186 nan 498
1725342034201 nan 499
