1725392227511 186.94576460710914 0
1725392227604 78.9825999076876 1
1725392227694 45.12320510923806 2
1725392227768 31.5541186509899 3
1725392227822 16.67017233130939 4
1725392227880 16.86157947203273 5
1725392227958 11.527798247397746 6
1725392228058 7.615546380255116 7
1725392228139 4.991996966919624 8
1725392228202 5.218323946107279 9
1725392228263 3.984133910562868 10
1725392228318 3.0726390545089495 11
1725392228378 2.221447757303948 12
1725392228460 1.4744336361441426 13
1725392228521 0.8838291583360327 14
1725392228593 0.10286954219950532 15
1725392228667 1.4819012989140472 16
1725392228753 0.14067783172699985 17
1725392228826 1.7356334829257911 18
1725392228965 0.6225272633251933 19
1725392229031 0.9662834969182951 20
1725392229100 1.5568850837312747 21
1725392229163 0.9307515095128408 22
1725392229218 0.5872374898337743 23
1725392229301 0.11176740268732921 24
1725392229376 0.8833994463798266 25
1725392229469 1.4868494133377648 26
1725392229561 0.0017448569862680034 27
1725392229622 0.05231818472724819 28
1725392229708 1.1879248154900477 29
1725392229786 1.788597287557774 30
1725392229860 1.113762207072034 31
1725392229942 0.5841088922872275 32
1725392230019 0.7563286059064254 33
1725392230090 0.7016630833898824 34
1725392230179 0.410576549518784 35
1725392230263 0.1174533638217416 36
1725392230331 0.0029570916359965157 37
1725392230405 0.3825128692285762 38
1725392230475 1.0654611529174367 39
1725392230562 0.42783273750120254 40
1725392230645 2.5521073018670077 41
1725392230700 0.5179867862111428 42
1725392230818 0.23270647396853847 43
1725392230879 0.4331769894050635 44
1725392230954 0.3618921195116304 45
1725392231016 1.3168306623389625 46
1725392231080 0.5612379679621852 47
1725392231156 0.40774184698222193 48
1725392231233 1.279162093217013 49
1725392231303 0.06255008007310861 50
1725392231382 1.28740891725439 51
1725392231455 0.14642941575775725 52
1725392231527 0.339912011849277 53
1725392231596 0.19296117084174022 54
1725392231671 0.48679506422812013 55
1725392231738 0.8944226691106951 56
1725392231815 0.4222064168933487 57
1725392231882 0.39214284531836524 58
1725392231963 0.7452546984610962 59
1725392232027 1.191887333694517 60
1725392232093 0.394500721417817 61
1725392232164 0.5596886510110975 62
1725392232243 0.23135133197151478 63
1725392232313 0.6263677653655145 64
1725392232377 0.14408565684547298 65
1725392232446 0.42541362390103654 66
1725392232516 0.35612062542887596 67
1725392232580 0.2179510851021477 68
1725392232651 0.47969256401488575 69
1725392232719 0.3712262891850694 70
1725392232795 0.3080760525225573 71
1725392232866 1.963584420323766 72
1725392232932 0.14698084094162814 73
1725392233015 0.16927180854492602 74
1725392233094 0.11501121730638228 75
1725392233189 0.14336457853859677 76
1725392233268 0.04666207085097791 77
1725392233335 0.9158005097858993 78
1725392233401 1.604239879991787 79
1725392233479 0.6434402196109515 80
1725392233554 1.2027875480628554 81
1725392233624 0.37289939178449877 82
1725392233707 0.1491450846706327 83
1725392233774 0.5805486668580344 84
1725392233845 0.6852909573658 85
1725392233921 0.3302874165085213 86
1725392233996 1.0891410106700403 87
1725392234075 0.4903627260823919 88
1725392234149 1.6249347006928192 89
1725392234229 0.118043906289904 90
1725392234300 0.08791876508052751 91
1725392234373 0.685607565671275 92
1725392234436 0.7740595412212355 93
1725392234513 0.8987360120818082 94
1725392234603 0.5999716274147704 95
1725392234681 0.6405565394851522 96
1725392234746 0.44689496590009553 97
1725392234816 0.1404783808179296 98
1725392234892 0.09271254956135302 99
1725392234969 0.17533656441638526 100
1725392235044 0.4162473069691112 101
1725392235119 0.19038673633609332 102
1725392235189 0.18718212118085614 103
1725392235259 0.9490161143404963 104
1725392235324 0.12299796812319519 105
1725392235394 0.04632865851697236 106
1725392235469 0.4809902097077597 107
1725392235548 0.5741225548065526 108
1725392235616 0.7798663761027002 109
1725392235677 0.20685666778477824 110
1725392235753 1.7470178557220721 111
1725392235821 0.07793588049607288 112
1725392235903 0.1515705075892918 113
1725392235978 0.24728406839427894 114
1725392236047 1.0738041868784376 115
1725392236115 0.5106588930994085 116
1725392236188 0.31956876823808666 117
1725392236265 0.13244859466572992 118
1725392236336 0.09240388153011443 119
1725392236400 1.6503026699492513 120
1725392236464 0.6346001620436863 121
1725392236533 1.3015848550038165 122
1725392236604 0.33145390527988855 123
1725392236669 0.26156342687223016 124
1725392236745 0.7031982254951483 125
1725392236809 0.566941927871801 126
1725392236885 0.43136731517308086 127
1725392236960 0.2602296509931294 128
1725392237032 1.1396971058931145 129
1725392237108 0.9755122845318445 130
1725392237182 0.31240591284642405 131
1725392237263 0.21939582689069534 132
1725392237333 0.34113537164853236 133
1725392237403 0.7947145700375269 134
1725392237464 1.0924002102116976 135
1725392237541 0.6706569110865888 136
1725392237610 2.320619508684862 137
1725392237685 1.0168786066379838 138
1725392237756 0.6135858578304281 139
1725392237829 0.526121572452868 140
1725392237892 0.687731918437145 141
1725392237972 0.2784631380757729 142
1725392238036 0.4438091155796041 143
1725392238107 0.2624341579874762 144
1725392238186 0.16165627948577374 145
1725392238260 0.05454426133545781 146
1725392238327 1.1885664329018275 147
1725392238391 0.3079488187508687 148
1725392238461 0.5427553450494115 149
1725392238526 1.7613244392964595 150
1725392238601 0.0017342638565204453 151
1725392238675 0.3608305014125899 152
1725392238753 0.8268245036041063 153
1725392238826 0.10627246876303285 154
1725392238901 0.42691786478329347 155
1725392238965 1.1899938102850913 156
1725392239042 0.6076250192092215 157
1725392239158 0.11112407928092119 158
1725392239234 0.3953197790741147 159
1725392239319 0.6412215372011313 160
1725392239404 0.7521895439231425 161
1725392239477 0.05020467218940791 162
1725392239551 0.5357564792453033 163
1725392239606 0.143684077252664 164
1725392239666 0.5604998001954494 165
1725392239746 0.2750780087205224 166
1725392239817 0.1723770636731251 167
1725392239872 0.3822994633700506 168
1725392239940 0.12125400589201434 169
1725392240030 0.4048402449556829 170
1725392240124 0.2627149309356995 171
1725392240191 0.12696241623707177 172
1725392240258 2.379949297548927 173
1725392240319 1.4276195061940697 174
1725392240375 0.5820220944366878 175
1725392240435 0.40671424196325384 176
1725392240489 1.0227364585224505 177
1725392240557 0.5999094290527042 178
1725392240641 0.5137253232064529 179
1725392240710 0.3421540615647809 180
1725392240765 0.520347690345907 181
1725392240854 0.39012446278374974 182
1725392240930 0.5749115725759217 183
1725392240984 0.1719706095788733 184
1725392241034 0.9756936391852383 185
1725392241110 0.07323814597803242 186
1725392241207 0.2674868675116506 187
1725392241258 0.36807744498385186 188
1725392241319 0.3467060744665531 189
1725392241381 0.1166591335031964 190
1725392241435 0.15316611133579874 191
1725392241492 0.36578483027848735 192
1725392241544 0.840151491419694 193
1725392241627 0.3650040441028776 194
1725392241717 0.5035994841657999 195
1725392241799 0.127713744615236 196
1725392241865 0.4503257344764515 197
1725392241934 0.00782029677295756 198
1725392242020 0.8082545785893233 199
1725392242108 0.6033734278579167 200
1725392242207 0.20166223007005862 201
1725392242295 0.057504861653698655 202
1725392242376 0.2570704356235147 203
1725392242440 0.48463665039161813 204
1725392242528 0.6468446110228568 205
1725392242607 0.012477825721328571 206
1725392242680 0.07576066070426207 207
1725392242751 0.20341888198327363 208
1725392242828 1.0843549987494991 209
1725392242913 1.2911937877298498 210
1725392242968 0.04838735840122934 211
1725392243037 0.0988274168876007 212
1725392243120 0.017207897224843536 213
1725392243207 1.4057815402010354 214
1725392243263 0.2624396132881562 215
1725392243313 0.31469159955608095 216
1725392243372 0.1270106336230025 217
1725392243436 1.0502764413508396 218
1725392243518 0.215479015345054 219
1725392243581 0.5067811979563461 220
1725392243635 0.7404362558114743 221
1725392243725 0.6566283633089635 222
1725392243801 1.9350685805149916 223
1725392243855 0.462324171479509 224
1725392243910 0.0034656156531338027 225
1725392243964 1.4021410542317234 226
1725392244019 0.5394369834857522 227
1725392244093 0.25122277030507006 228
1725392244179 0.0008071067589155599 229
1725392244267 0.2225349239762386 230
1725392244343 0.14365744668499755 231
1725392244426 0.4323227356101482 232
1725392244513 0.1425090190650179 233
1725392244607 0.2680359027636735 234
1725392244684 0.24549579398775212 235
1725392244751 0.4534696812178273 236
1725392244810 1.2415922165041318 237
1725392244897 0.741923857585372 238
1725392244959 1.525717299597494 239
1725392245018 0.5174662466234399 240
1725392245103 0.17889606735058605 241
1725392245189 0.8594343790320648 242
1725392245242 0.460916916397797 243
1725392245297 0.9379371523996564 244
1725392245357 0.0674305207515309 245
1725392245411 0.6642986670399509 246
1725392245484 0.7595676269479605 247
1725392245573 0.7132425081162932 248
1725392245657 0.506699738732247 249
1725392245711 0.8251790116796957 250
1725392245760 0.22631250305911532 251
1725392245819 0.6316968668779092 252
1725392245881 0.2762056373196012 253
1725392245958 0.06886476417312277 254
1725392246026 0.2989155899717777 255
1725392246097 0.755511747995406 256
1725392246175 0.18736380840372535 257
1725392246239 0.3883382203138767 258
1725392246308 0.2504516333731248 259
1725392246377 0.38964922811504105 260
1725392246456 0.3481936702597523 261
1725392246530 0.4833336379068397 262
1725392246592 0.14306373494725186 263
1725392246674 0.5973769545898105 264
1725392246749 1.319326367838991 265
1725392246822 6.204852635426634e-05 266
1725392246890 1.1444755364681165 267
1725392246965 0.5134427409226007 268
1725392247029 0.8590809669512257 269
1725392247132 0.04213310621836131 270
1725392247212 0.3142764377874718 271
1725392247289 0.05586249365886466 272
1725392247359 0.12914165449629214 273
1725392247433 2.2097730766226134 274
1725392247526 0.08467969983454435 275
1725392247609 0.40882924195130765 276
1725392247686 0.3075999781918517 277
1725392247755 0.3314087697067377 278
1725392247832 0.44488697924242254 279
1725392247912 0.4091671157815994 280
1725392247981 1.071788521891905 281
1725392248054 1.092985343589974 282
1725392248129 0.046820102319436195 283
