1725342999667 nan 0
1725342999687 nan 1
1725342999706 nan 2
1725342999726 nan 3
1725342999743 nan 4
1725342999763 nan 5
1725342999782 nan 6
1725342999802 nan 7
1725342999824 nan 8
1725342999844 nan 9
1725342999864 nan 10
1725342999881 nan 11
1725342999899 nan 12
1725342999919 nan 13
1725342999940 nan 14
1725342999958 nan 15
1725342999977 nan 16
1725342999995 nan 17
1725343000015 nan 18
1725343000037 nan 19
1725343000069 nan 20
1725343000086 nan 21
1725343000103 nan 22
1725343000120 nan 23
1725343000137 nan 24
1725343000155 nan 25
1725343000172 nan 26
1725343000194 nan 27
1725343000211 nan 28
1725343000229 nan 29
1725343000248 nan 30
1725343000273 nan 31
1725343000291 nan 32
1725343000310 nan 33
1725343000327 nan 34
1725343000346 nan 35
1725343000368 nan 36
1725343000386 nan 37
1725343000403 nan 38
1725343000420 nan 39
1725343000438 nan 40
1725343000459 nan 41
1725343000478 nan 42
1725343000496 nan 43
1725343000513 nan 44
1725343000535 nan 45
1725343000553 nan 46
1725343000573 nan 47
1725343000591 nan 48
1725343000611 nan 49
1725343000630 nan 50
1725343000652 nan 51
1725343000671 nan 52
1725343000688 nan 53
1725343000707 nan 54
1725343000725 nan 55
1725343000745 nan 56
1725343000765 nan 57
1725343000784 nan 58
1725343000823 nan 59
1725343000858 nan 60
1725343000886 nan 61
1725343000915 nan 62
1725343000941 nan 63
1725343000964 nan 64
1725343000987 nan 65
1725343001007 nan 66
1725343001027 nan 67
1725343001047 nan 68
1725343001081 nan 69
1725343001098 nan 70
1725343001117 nan 71
1725343001135 nan 72
1725343001155 nan 73
1725343001172 nan 74
1725343001189 nan 75
1725343001205 nan 76
1725343001221 nan 77
1725343001239 nan 78
1725343001255 nan 79
1725343001276 nan 80
1725343001335 nan 81
1725343001351 nan 82
1725343001372 nan 83
1725343001387 nan 84
1725343001411 nan 85
1725343001428 nan 86
1725343001446 nan 87
1725343001465 nan 88
1725343001484 nan 89
1725343001502 nan 90
1725343001521 nan 91
1725343001538 nan 92
1725343001556 nan 93
1725343001577 nan 94
1725343001599 nan 95
1725343001618 nan 96
1725343001637 nan 97
1725343001655 nan 98
1725343001678 nan 99
1725343001693 nan 100
1725343001713 nan 101
1725343001730 nan 102
1725343001751 nan 103
1725343001770 nan 104
1725343001790 nan 105
1725343001808 nan 106
1725343001868 nan 107
1725343001895 nan 108
1725343001914 nan 109
1725343001933 nan 110
1725343001949 nan 111
1725343001966 nan 112
1725343001982 nan 113
1725343001998 nan 114
1725343002014 nan 115
1725343002031 nan 116
1725343002048 nan 117
1725343002065 nan 118
1725343002097 nan 119
1725343002119 nan 120
1725343002145 nan 121
1725343002177 nan 122
1725343002200 nan 123
1725343002222 nan 124
1725343002241 nan 125
1725343002262 nan 126
1725343002281 nan 127
1725343002298 nan 128
1725343002316 nan 129
1725343002333 nan 130
1725343002349 nan 131
1725343002365 nan 132
1725343002381 nan 133
1725343002400 nan 134
1725343002417 nan 135
1725343002432 nan 136
1725343002453 nan 137
1725343002476 nan 138
1725343002493 nan 139
1725343002512 nan 140
1725343002532 nan 141
1725343002550 nan 142
1725343002567 nan 143
1725343002583 nan 144
1725343002600 nan 145
1725343002618 nan 146
1725343002636 nan 147
1725343002652 nan 148
1725343002669 nan 149
1725343002686 nan 150
1725343002703 nan 151
1725343002722 nan 152
1725343002739 nan 153
1725343002756 nan 154
1725343002775 nan 155
1725343002794 nan 156
1725343002813 nan 157
1725343002831 nan 158
1725343002847 nan 159
1725343002864 nan 160
1725343002885 nan 161
1725343002903 nan 162
1725343002922 nan 163
1725343002941 nan 164
1725343002959 nan 165
1725343002978 nan 166
1725343002999 nan 167
1725343003018 nan 168
1725343003037 nan 169
1725343003056 nan 170
1725343003076 nan 171
1725343003105 nan 172
1725343003123 nan 173
1725343003145 nan 174
1725343003167 nan 175
1725343003186 nan 176
1725343003203 nan 177
1725343003220 nan 178
1725343003239 nan 179
1725343003259 nan 180
1725343003271 nan 181
1725343003285 nan 182
1725343003297 nan 183
1725343003308 nan 184
1725343003319 nan 185
1725343003326 nan 186
1725343003333 nan 187
1725343003340 nan 188
1725343003347 nan 189
1725343003355 nan 190
1725343003362 nan 191
1725343003369 nan 192
1725343003377 nan 193
1725343003384 nan 194
1725343003391 nan 195
1725343003398 nan 196
1725343003406 nan 197
1725343003413 nan 198
1725343003420 nan 199
1725343003426 nan 200
1725343003433 nan 201
1725343003447 nan 202
1725343003460 nan 203
1725343003472 nan 204
1725343003490 nan 205
1725343003504 nan 206
1725343003524 nan 207
1725343003545 nan 208
1725343003571 nan 209
1725343003584 nan 210
1725343003597 nan 211
1725343003608 nan 212
1725343003621 nan 213
1725343003634 nan 214
1725343003645 nan 215
1725343003655 nan 216
1725343003668 nan 217
1725343003681 nan 218
1725343003690 nan 219
1725343003697 nan 220
1725343003704 nan 221
1725343003712 nan 222
1725343003720 nan 223
1725343003728 nan 224
1725343003737 nan 225
1725343003744 nan 226
1725343003750 nan 227
1725343003757 nan 228
1725343003765 nan 229
1725343003772 nan 230
1725343003779 nan 231
1725343003788 nan 232
1725343003794 nan 233
1725343003802 nan 234
1725343003809 nan 235
1725343003828 nan 236
1725343003847 nan 237
1725343003863 nan 238
1725343003880 nan 239
1725343003897 nan 240
1725343003916 nan 241
1725343003955 nan 242
1725343003980 nan 243
1725343003994 nan 244
1725343004012 nan 245
1725343004028 nan 246
1725343004051 nan 247
1725343004071 nan 248
1725343004090 nan 249
1725343004130 nan 250
1725343004149 nan 251
1725343004169 nan 252
1725343004187 nan 253
1725343004205 nan 254
1725343004221 nan 255
1725343004241 nan 256
1725343004258 nan 257
1725343004275 nan 258
1725343004291 nan 259
1725343004308 nan 260
1725343004326 nan 261
1725343004381 nan 262
1725343004440 nan 263
1725343004465 nan 264
1725343004491 nan 265
1725343004510 nan 266
1725343004529 nan 267
1725343004548 nan 268
1725343004566 nan 269
1725343004585 nan 270
1725343004604 nan 271
1725343004622 nan 272
1725343004640 nan 273
1725343004658 nan 274
1725343004677 nan 275
1725343004694 nan 276
1725343004710 nan 277
1725343004725 nan 278
1725343004741 nan 279
1725343004757 nan 280
1725343004773 nan 281
1725343004789 nan 282
1725343004807 nan 283
1725343004824 nan 284
1725343004841 nan 285
1725343004859 nan 286
1725343004883 nan 287
1725343004901 nan 288
1725343004920 nan 289
1725343004937 nan 290
1725343004954 nan 291
1725343004972 nan 292
1725343004988 nan 293
1725343005004 nan 294
1725343005022 nan 295
1725343005040 nan 296
1725343005058 nan 297
1725343005073 nan 298
1725343005089 nan 299
1725343005105 nan 300
1725343005122 nan 301
1725343005141 nan 302
1725343005158 nan 303
1725343005174 nan 304
1725343005191 nan 305
1725343005210 nan 306
1725343005228 nan 307
1725343005247 nan 308
1725343005264 nan 309
1725343005281 nan 310
1725343005300 nan 311
1725343005319 nan 312
1725343005335 nan 313
1725343005350 nan 314
1725343005367 nan 315
1725343005383 nan 316
1725343005399 nan 317
1725343005415 nan 318
1725343005431 nan 319
1725343005449 nan 320
1725343005466 nan 321
1725343005482 nan 322
1725343005497 nan 323
1725343005517 nan 324
1725343005535 nan 325
1725343005553 nan 326
1725343005571 nan 327
1725343005589 nan 328
1725343005606 nan 329
1725343005622 nan 330
1725343005639 nan 331
1725343005655 nan 332
1725343005671 nan 333
1725343005686 nan 334
1725343005704 nan 335
1725343005723 nan 336
1725343005742 nan 337
1725343005762 nan 338
1725343005781 nan 339
1725343005800 nan 340
1725343005818 nan 341
1725343005834 nan 342
1725343005850 nan 343
1725343005866 nan 344
1725343005881 nan 345
1725343005897 nan 346
1725343005912 nan 347
1725343005930 nan 348
1725343005948 nan 349
1725343005964 nan 350
1725343005982 nan 351
1725343006000 nan 352
1725343006023 nan 353
1725343006040 nan 354
1725343006057 nan 355
1725343006078 nan 356
1725343006095 nan 357
1725343006118 nan 358
1725343006151 nan 359
1725343006181 nan 360
1725343006205 nan 361
1725343006227 nan 362
1725343006252 nan 363
1725343006273 nan 364
1725343006297 nan 365
1725343006326 nan 366
1725343006345 nan 367
1725343006361 nan 368
1725343006378 nan 369
1725343006394 nan 370
1725343006410 nan 371
1725343006427 nan 372
1725343006442 nan 373
1725343006460 nan 374
1725343006481 nan 375
1725343006503 nan 376
1725343006521 nan 377
1725343006539 nan 378
1725343006558 nan 379
1725343006575 nan 380
1725343006591 nan 381
1725343006607 nan 382
1725343006623 nan 383
1725343006639 nan 384
1725343006657 nan 385
1725343006674 nan 386
1725343006692 nan 387
1725343006713 nan 388
1725343006739 nan 389
1725343006763 nan 390
1725343006782 nan 391
1725343006802 nan 392
1725343006827 nan 393
1725343006847 nan 394
1725343006867 nan 395
1725343006886 nan 396
1725343006909 nan 397
1725343006937 nan 398
1725343006954 nan 399
1725343006972 nan 400
1725343006988 nan 401
1725343007004 nan 402
1725343007020 nan 403
1725343007036 nan 404
1725343007051 nan 405
1725343007067 nan 406
1725343007084 nan 407
1725343007101 nan 408
1725343007116 nan 409
1725343007134 nan 410
1725343007155 nan 411
1725343007172 nan 412
1725343007190 nan 413
1725343007206 nan 414
1725343007222 nan 415
1725343007238 nan 416
1725343007253 nan 417
1725343007269 nan 418
1725343007285 nan 419
1725343007300 nan 420
1725343007316 nan 421
1725343007335 nan 422
1725343007351 nan 423
1725343007370 nan 424
1725343007387 nan 425
1725343007405 nan 426
1725343007424 nan 427
1725343007441 nan 428
1725343007459 nan 429
1725343007476 nan 430
1725343007497 nan 431
1725343007514 nan 432
1725343007529 nan 433
1725343007547 nan 434
1725343007564 nan 435
1725343007580 nan 436
1725343007596 nan 437
1725343007612 nan 438
1725343007628 nan 439
1725343007643 nan 440
1725343007659 nan 441
1725343007675 nan 442
1725343007690 nan 443
1725343007707 nan 444
1725343007725 nan 445
1725343007744 nan 446
1725343007762 nan 447
1725343007781 nan 448
1725343007796 nan 449
1725343007812 nan 450
1725343007829 nan 451
1725343007845 nan 452
1725343007860 nan 453
1725343007876 nan 454
1725343007892 nan 455
1725343007908 nan 456
1725343007923 nan 457
1725343007939 nan 458
1725343007955 nan 459
1725343007973 nan 460
1725343007990 nan 461
1725343008007 nan 462
1725343008023 nan 463
1725343008040 nan 464
1725343008061 nan 465
1725343008077 nan 466
1725343008092 nan 467
1725343008108 nan 468
1725343008125 nan 469
1725343008141 nan 470
1725343008168 nan 471
1725343008185 nan 472
1725343008200 nan 473
1725343008219 nan 474
1725343008239 nan 475
1725343008256 nan 476
1725343008273 nan 477
1725343008293 nan 478
1725343008310 nan 479
1725343008329 nan 480
1725343008353 nan 481
1725343008375 nan 482
1725343008395 nan 483
1725343008412 nan 484
1725343008430 nan 485
1725343008447 nan 486
1725343008464 nan 487
1725343008480 nan 488
1725343008496 nan 489
1725343008513 nan 490
1725343008530 nan 491
1725343008550 nan 492
1725343008565 nan 493
1725343008581 nan 494
1725343008597 nan 495
1725343008614 nan 496
1725343008630 nan 497
1725343008647 nan 498
1725343008666 nan 499
