1725403161632 57.16732905447967 0
1725403161704 21.863306720652513 1
1725403161787 13.94716073357492 2
1725403161855 1.3879638297047918 3
1725403161925 2.4248858888979927 4
1725403161992 2.015201243622558 5
1725403162062 0.62452808289272 6
1725403162121 0.43503885527664327 7
1725403162181 0.18229218948290796 8
1725403162243 0.0028330481682313983 9
1725403162308 0.29103160641519377 10
1725403162393 0.0011248683825020394 11
1725403162463 0.060168016695808686 12
1725403162534 0.16775830976664913 13
1725403162596 0.00042004769400437805 14
1725403162669 0.0016046851571697488 15
1725403162739 0.03861772748229396 16
1725403162800 0.0014312168582495822 17
1725403162874 0.004056046382689352 18
1725403162946 0.01611054526607503 19
1725403163018 0.008785674929168659 20
1725403163095 0.226210071534634 21
