1725360196818 173.6519951823157 0
1725360196842 170.15442956990657 1
1725360196866 166.72731710998886 2
1725360196892 163.42012232699037 3
1725360196913 160.17904144266896 4
1725360196934 157.00274335632236 5
1725360196958 153.8899240286753 6
1725360196982 150.83930592325092 7
1725360197005 147.84963745957052 8
1725360197028 144.91969247792184 9
1725360197049 142.04826971543952 10
1725360197071 139.2341922932495 11
1725360197095 136.47630721443355 12
1725360197120 133.77348487257638 13
1725360197144 131.12461857066378 14
1725360197169 128.52862405010433 15
1725360197194 125.98727354925435 16
1725360197217 123.49656786716349 17
1725360197249 121.05549152736981 18
1725360197270 118.66304957323891 19
1725360197295 116.31826714844968 20
1725360197321 114.02018908622397 21
1725360197343 111.76787950711288 22
1725360197366 109.56042142515467 23
1725360197388 107.39691636222513 24
1725360197409 105.27648397040394 25
1725360197431 103.19826166218559 26
1725360197452 101.16140424836662 27
1725360197478 99.16664785347116 28
1725360197497 97.21154189246833 29
1725360197528 95.29529436602907 30
1725360197556 93.41712917702425 31
1725360197578 91.57628580910948 32
1725360197601 89.7720190118709 33
1725360197623 88.00359849239577 34
1725360197644 86.27030861313492 35
1725360197665 84.5714480959267 36
1725360197686 82.90632973205435 37
1725360197707 81.27428009821263 38
1725360197728 79.67463927826077 39
1725360197750 78.10676059064284 40
1725360197772 76.57001032135737 41
1725360197793 75.06376746236303 42
1725360197818 73.58742345530675 43
1725360197842 72.14038194046535 44
1725360197861 70.72205851079289 45
1725360197882 69.33225736403304 46
1725360197904 67.97002015009676 47
1725360197929 66.63479770825501 48
1725360197953 65.32605186643131 49
1725360197973 64.04325522024068 50
1725360198005 62.785890916501195 51
1725360198081 61.55345244112688 52
1725360198112 60.34544341131261 53
1725360198135 59.16137737192265 54
1725360198166 58.000777595997825 55
1725360198187 56.863176889296206 56
1725360198211 55.747760728143426 57
1725360198232 54.65480236110953 58
1725360198254 53.58349649550861 59
1725360198273 52.53341220137182 60
1725360198293 51.504575368218866 61
1725360198322 50.496103939434796 62
1725360198345 49.507593049632284 63
1725360198364 48.538731867861266 64
1725360198385 47.589207234229605 65
1725360198413 46.65855512963678 66
1725360198434 45.74622692598412 67
1725360198460 44.85203017119825 68
1725360198483 43.97551985044294 69
1725360198504 43.115987170176076 70
1725360198527 42.27401359181226 71
1725360198561 41.44826186806812 72
1725360198583 40.639033472240776 73
1725360198606 39.84600573433864 74
1725360198628 39.068559510576335 75
1725360198648 38.30627752976572 76
1725360198674 37.55917434174414 77
1725360198699 36.82697879135121 78
1725360198721 36.10937804903201 79
1725360198742 35.40586397481873 80
1725360198771 34.71599035468528 81
1725360198793 34.039988380021974 82
1725360198815 33.37680833980844 83
1725360198836 32.72718232310915 84
1725360198856 32.0902450242225 85
1725360198877 31.466155402196627 86
1725360198901 30.85438066128588 87
1725360198925 30.25444142992298 88
1725360198944 29.666385892353627 89
1725360198967 29.08973132958549 90
1725360198989 28.52467913796177 91
1725360199010 27.970619010170125 92
1725360199032 27.42758091246742 93
1725360199054 26.8953034490578 94
1725360199076 26.373649455271593 95
1725360199099 25.862193304506686 96
1725360199118 25.36077148659767 97
1725360199139 24.869055542253584 98
1725360199161 24.387363247994372 99
1725360199184 23.914683799120326 100
1725360199206 23.451692686692894 101
1725360199228 22.997989988413465 102
1725360199249 22.552982989784127 103
1725360199272 22.116804606796975 104
1725360199294 21.689393022763213 105
1725360199314 21.2703044878166 106
1725360199337 20.859548033784346 107
1725360199358 20.45602023493649 108
1725360199380 20.061338287317938 109
1725360199409 19.674251332614386 110
1725360199430 19.294686694649606 111
1725360199455 18.922920327623356 112
1725360199476 18.558371455379568 113
1725360199497 18.200869417039957 114
1725360199518 17.850015278608044 115
1725360199541 17.506804770593305 116
1725360199572 17.16979935959426 117
1725360199592 16.839691154437322 118
1725360199610 16.516109950457935 119
1725360199635 16.198456633047577 120
1725360199658 15.887707722868681 121
1725360199680 15.582313603812882 122
1725360199701 15.283308037108833 123
1725360199728 14.990356433786097 124
1725360199751 14.703311841150954 125
1725360199775 14.421218668790374 126
1725360199799 14.145242154102956 127
1725360199823 13.874425661282691 128
1725360199849 13.608801653987529 129
1725360199871 13.34873453968731 130
1725360199894 13.093731590512698 131
1725360199923 12.843597985654682 132
1725360199945 12.598262557707718 133
1725360199968 12.35817354905502 134
1725360199989 12.121861757283206 135
1725360200010 11.890698750674362 136
1725360200030 11.664359132556005 137
1725360200052 11.442147567682719 138
1725360200074 11.2242749710025 139
1725360200095 11.011163316250636 140
1725360200116 10.80121849715192 141
1725360200138 10.596005042291713 142
1725360200159 10.394909547026616 143
1725360200180 10.197665237094935 144
1725360200201 10.004304387674402 145
1725360200223 9.814490269660151 146
1725360200245 9.628358971208998 147
1725360200266 9.446247130336193 148
1725360200287 9.267429200809705 149
1725360200309 9.092123611620147 150
1725360200331 8.920303095977756 151
1725360200355 8.751800586134936 152
1725360200383 8.586501757212615 153
1725360200405 8.424116151941583 154
1725360200429 8.265584744943329 155
1725360200452 8.109798400755654 156
1725360200473 7.957275766256546 157
1725360200493 7.80711065115949 158
1725360200514 7.6605541458626565 159
1725360200535 7.516822085456214 160
1725360200566 7.375515062888787 161
1725360200587 7.237218034121157 162
1725360200609 7.101305212761298 163
1725360200629 6.968435104710219 164
1725360200649 6.83790033472575 165
1725360200668 6.710203179041714 166
1725360200691 6.584747205749644 167
1725360200716 6.461946370190808 168
1725360200738 6.341179766140869 169
1725360200761 6.2228514397466785 170
1725360200783 6.107276683307993 171
1725360200804 5.993333036818576 172
1725360200824 5.882127348793273 173
1725360200849 5.7727449383662055 174
1725360200871 5.665322909390861 175
1725360200894 5.560680042912295 176
1725360200924 5.457615735675091 177
1725360200946 5.356034361567312 178
1725360200975 5.256959756816214 179
1725360200996 5.159657341996282 180
1725360201028 5.064618440411873 181
1725360201052 4.971085199701862 182
1725360201077 4.879346841939259 183
1725360201098 4.789688349753878 184
1725360201119 4.701299494273406 185
1725360201140 4.615316009197915 186
1725360201162 4.530665400386493 187
1725360201184 4.447176562590021 188
1725360201206 4.365799489988504 189
1725360201228 4.285917727805381 190
1725360201246 4.207489027773801 191
1725360201271 4.13078397202266 192
1725360201296 4.05530932841221 193
1725360201321 3.9812154486787157 194
1725360201343 3.90854283125702 195
1725360201363 3.8377445386173643 196
1725360201386 3.768060931624756 197
1725360201408 3.699723020172659 198
1725360201430 3.6325977324259604 199
1725360201451 3.5668363327604675 200
1725360201473 3.5026562568436828 201
1725360201497 3.4395068441741645 202
1725360201518 3.377504515707071 203
1725360201543 3.3165337881665096 204
1725360201563 3.2572592515647956 205
1725360201594 3.198516132021301 206
1725360201617 3.1412897855950326 207
1725360201638 3.084573056643991 208
1725360201662 3.0296054978945635 209
1725360201685 2.9755076734658137 210
1725360201711 2.922628818425339 211
1725360201735 2.870455390297819 212
1725360201755 2.819543486969144 213
1725360201777 2.769624939409113 214
1725360201805 2.72046512561124 215
1725360201828 2.672557579107413 216
1725360201849 2.62535956190726 217
1725360201872 2.5787685697113116 218
1725360201895 2.5339023290093685 219
1725360201916 2.4895568327870117 220
1725360201937 2.445315518976282 221
1725360201959 2.4028635588300506 222
1725360201982 2.3607289109496863 223
1725360202004 2.3196600749284766 224
1725360202025 2.2789011583372565 225
1725360202047 2.2393226720129658 226
1725360202068 2.2006817433475527 227
1725360202089 2.1626865198728487 228
1725360202111 2.1255633162681122 229
1725360202133 2.0884208679567493 230
1725360202154 2.052759401133942 231
1725360202178 2.0174763266966305 232
1725360202197 1.9828761626542102 233
1725360202218 1.948475187598503 234
1725360202240 1.9153068593202585 235
1725360202261 1.8827493714227435 236
1725360202282 1.8509268628241597 237
1725360202303 1.8191722409046855 238
1725360202324 1.7885524484904385 239
1725360202346 1.758262067029929 240
1725360202368 1.7288762369011619 241
1725360202394 1.6997420146509166 242
1725360202414 1.6708998165024351 243
1725360202435 1.6432634453464907 244
1725360202462 1.6158293448806644 245
1725360202485 1.5888543919086922 246
1725360202511 1.562745067964159 247
1725360202531 1.5368384519484366 248
1725360202554 1.511090545131314 249
1725360202575 1.4864222889814502 250
1725360202609 1.461948740298248 251
1725360202635 1.4378184035574426 252
1725360202660 1.4146982861020314 253
1725360202683 1.3915858942051191 254
1725360202704 1.3686482071510826 255
1725360202724 1.3466146931188452 256
1725360202745 1.3249566213118775 257
1725360202766 1.303081182917391 258
1725360202792 1.2821235318367206 259
1725360202815 1.2615885188011222 260
1725360202837 1.241129681764084 261
1725360202859 1.2213160057391566 262
1725360202881 1.2020844050865211 263
1725360202904 1.183239668601761 264
1725360202925 1.1644898343266015 265
1725360202947 1.1460895011669627 266
1725360202966 1.1282634786538843 267
1725360202989 1.110346566877837 268
1725360203008 1.0934099577047558 269
1725360203028 1.0757972431186393 270
1725360203051 1.0591586533492128 271
1725360203072 1.0424582582447095 272
1725360203094 1.0266746115283407 273
1725360203116 1.0107452588398285 274
1725360203138 0.9952132890944321 275
1725360203161 0.9801883177310458 276
1725360203181 0.9656127046594566 277
1725360203208 0.9509274813750744 278
1725360203231 0.9362281883651606 279
1725360203250 0.9220898969830887 280
1725360203273 0.9081883990667362 281
1725360203296 0.8943269090696063 282
1725360203320 0.8809936671083933 283
1725360203343 0.8677973013460357 284
1725360203364 0.8552496404053116 285
1725360203386 0.8423979580603245 286
1725360203408 0.8304050936333648 287
1725360203430 0.818291547854853 288
1725360203452 0.8060461721375609 289
1725360203475 0.7944614470908712 290
1725360203501 0.7832719468952903 291
1725360203526 0.771682662071529 292
1725360203544 0.7607727674266654 293
1725360203567 0.7500447343356832 294
1725360203587 0.7389319188492504 295
1725360203622 0.7288429014296336 296
1725360203645 0.7181348297843118 297
1725360203664 0.7082063315797192 298
1725360203685 0.6982996690625362 299
1725360203705 0.6888292818021781 300
1725360203727 0.6791109055420674 301
1725360203749 0.6692218856507585 302
1725360203767 0.6600642880624151 303
1725360203789 0.6512130613495097 304
1725360203812 0.6425215320670957 305
1725360203839 0.6330397499927056 306
1725360203860 0.6251922108207216 307
1725360203880 0.6163121840385959 308
1725360203901 0.6081620993400697 309
1725360203924 0.6000609407605868 310
1725360203946 0.591840267461107 311
1725360203967 0.5842717454492227 312
1725360203988 0.576829815930884 313
1725360204010 0.5686061965367505 314
1725360204033 0.5612361612697183 315
1725360204057 0.5543077952865709 316
1725360204078 0.5471001248977959 317
1725360204100 0.5398572770489619 318
1725360204122 0.5326987238777537 319
1725360204144 0.526283828929139 320
1725360204168 0.5193075203247326 321
1725360204188 0.5127306639098463 322
1725360204211 0.5066057866516154 323
1725360204232 0.5000250925707751 324
1725360204253 0.49417071067286833 325
1725360204276 0.4880769385322673 326
1725360204296 0.4821075702503722 327
1725360204318 0.4766627058019137 328
1725360204338 0.47025019288833375 329
1725360204361 0.46475443404841166 330
1725360204384 0.4591798933235639 331
1725360204407 0.4534064553023657 332
1725360204430 0.44813372099315 333
1725360204455 0.4427604104856914 334
1725360204479 0.43765108358227495 335
1725360204503 0.43224736724312524 336
1725360204525 0.427671807998314 337
1725360204545 0.4228674716795528 338
1725360204570 0.4178218932807663 339
1725360204593 0.41332105483130005 340
1725360204624 0.4088436905767095 341
1725360204645 0.40396525509132447 342
1725360204677 0.3998722483768477 343
1725360204707 0.3953530074950569 344
1725360204728 0.3909276519153245 345
1725360204746 0.3867330125808439 346
1725360204767 0.3826627653688497 347
1725360204787 0.3783190114824487 348
1725360204810 0.3742836031851297 349
1725360204833 0.37042150717008543 350
1725360204854 0.3664537758419374 351
1725360204877 0.36281086643420324 352
1725360204901 0.35939361258714747 353
1725360204922 0.35590361035206 354
1725360204946 0.3517926315483047 355
1725360204969 0.3483704035048241 356
1725360204990 0.34512951456624946 357
1725360205012 0.3416210671790735 358
1725360205034 0.3382803540928626 359
1725360205062 0.334966701833329 360
1725360205088 0.3316015061397449 361
1725360205110 0.32846452119252256 362
1725360205134 0.3250722787702899 363
1725360205160 0.3222387628475806 364
1725360205185 0.31907750700381404 365
1725360205207 0.3161597659163731 366
1725360205227 0.3134538140699936 367
1725360205248 0.310573572900397 368
1725360205273 0.3073933499595227 369
1725360205295 0.30473106868432603 370
1725360205314 0.3018933344495627 371
1725360205338 0.29943450857884396 372
1725360205362 0.2970202414520987 373
1725360205382 0.2941566773862714 374
1725360205401 0.29153554337280096 375
1725360205422 0.2892948686685389 376
1725360205440 0.286699642854899 377
1725360205459 0.28471740371233445 378
1725360205483 0.2821762744720441 379
1725360205509 0.27948872979370715 380
1725360205530 0.27735857826654914 381
1725360205551 0.27528912690460067 382
1725360205572 0.27294710343272954 383
1725360205595 0.27131115397001715 384
1725360205624 0.2686671539235287 385
1725360205646 0.2667085670110059 386
1725360205669 0.2647607748346578 387
1725360205693 0.26278589912834655 388
1725360205716 0.2606159235952001 389
1725360205739 0.25864638345991 390
1725360205766 0.2561110166532364 391
1725360205784 0.2544741117181532 392
1725360205805 0.25260402052438785 393
1725360205833 0.25086118476096214 394
1725360205855 0.2492629658206892 395
1725360205877 0.24756979452112668 396
1725360205907 0.24591895653627163 397
1725360205929 0.24418631086713494 398
1725360205954 0.2421269447474702 399
1725360205978 0.24083786573953359 400
1725360206001 0.23892198839309597 401
1725360206026 0.2378138996817007 402
1725360206048 0.23604252297454204 403
1725360206070 0.23431046939452307 404
1725360206094 0.23310300155290398 405
1725360206115 0.23169214062187132 406
1725360206136 0.23022906963127737 407
1725360206167 0.22856950188191455 408
1725360206189 0.22689758562746498 409
1725360206212 0.2257415209225666 410
1725360206233 0.2244343070014688 411
1725360206256 0.22344695373053883 412
1725360206280 0.2219565840982912 413
1725360206300 0.22032736277743978 414
1725360206321 0.2192496580677675 415
1725360206344 0.21779196061636072 416
1725360206362 0.2165424559050951 417
1725360206382 0.21506149669871016 418
1725360206404 0.21382811658107476 419
1725360206426 0.21275678900158917 420
1725360206446 0.21172340064205245 421
1725360206468 0.21060730700511035 422
1725360206490 0.20966947214351794 423
1725360206519 0.20831292835780532 424
1725360206541 0.20728779639892428 425
1725360206565 0.20594850695046127 426
1725360206585 0.20532290637276368 427
1725360206605 0.20412614640534357 428
1725360206636 0.20319864269529428 429
1725360206660 0.20222094774871496 430
1725360206680 0.20143035612365995 431
1725360206705 0.2003286035608491 432
1725360206730 0.19958226046134306 433
1725360206754 0.19879895616681315 434
1725360206778 0.19720097743336104 435
1725360206802 0.19669962138831476 436
1725360206827 0.19577821655666483 437
1725360206846 0.19466247910547876 438
1725360206872 0.19435934029957924 439
1725360206892 0.19273060882522072 440
1725360206913 0.19212752575485478 441
1725360206939 0.19161385437078787 442
1725360206963 0.19027569639483205 443
1725360206987 0.18951579448998135 444
1725360207013 0.18902173498791283 445
1725360207038 0.18796827027377114 446
1725360207061 0.18754017181163393 447
1725360207083 0.18678429663791657 448
1725360207109 0.18612500339680657 449
1725360207134 0.18516640735524018 450
1725360207159 0.18468820167965908 451
1725360207189 0.18358346012208412 452
1725360207211 0.18313940010948268 453
1725360207230 0.18249777448439 454
1725360207250 0.1816819532637763 455
1725360207270 0.18137368390128783 456
1725360207290 0.18039751030594905 457
1725360207313 0.18015368120128977 458
1725360207336 0.17929908457432703 459
1725360207361 0.17885647600923535 460
1725360207387 0.1781283894858927 461
1725360207410 0.17696701238686743 462
1725360207431 0.17660180960451982 463
1725360207451 0.1761712929470461 464
1725360207474 0.17564393560782915 465
1725360207501 0.17521156203833277 466
1725360207525 0.1743154539982797 467
1725360207548 0.17364613414796828 468
1725360207572 0.17345225639808654 469
1725360207594 0.1729606890690837 470
1725360207614 0.17222418956372804 471
1725360207637 0.17195319692379624 472
1725360207666 0.1714461556780199 473
1725360207689 0.17085153986815776 474
1725360207711 0.1708290529774418 475
1725360207732 0.16967574321562778 476
1725360207752 0.16919641542756175 477
1725360207776 0.16895823909402893 478
1725360207802 0.16867310102478741 479
1725360207828 0.16841087702895446 480
1725360207851 0.167613646380876 481
1725360207874 0.16723460127466644 482
1725360207896 0.16654060316311042 483
1725360207917 0.1662865578744543 484
1725360207940 0.16587496450811012 485
1725360207964 0.16479833705649452 486
1725360207985 0.16506438556049233 487
1725360208006 0.16444753195400702 488
1725360208029 0.16430773610420124 489
1725360208051 0.16390825518415786 490
1725360208074 0.16344379267579243 491
1725360208095 0.16279752849253337 492
1725360208113 0.16247980267192388 493
1725360208134 0.16244287474260177 494
1725360208158 0.16169840294497226 495
1725360208179 0.16159663183600567 496
1725360208202 0.16119476791582069 497
1725360208223 0.16114366040237701 498
1725360208242 0.1607805951273022 499
