1725396846447 157.1031904421765 0
1725396846479 138.71385729767536 1
1725396846510 129.47718144857367 2
1725396846538 118.52170674694591 3
1725396846568 106.007901467059 4
1725396846599 99.75326257250953 5
1725396846629 87.61358882314431 6
1725396846661 83.54255496676458 7
1725396846690 76.74966200917771 8
1725396846722 68.72328303281361 9
1725396846752 63.938579802346005 10
1725396846783 59.06346463630686 11
1725396846812 54.73379691214263 12
1725396846842 48.46933915082592 13
1725396846872 44.9154057322991 14
1725396846896 42.009155002662396 15
1725396846928 37.54206091100544 16
1725396846957 33.82295327078576 17
1725396846986 31.38691559312707 18
1725396847018 30.204553107586587 19
1725396847047 28.069030433211342 20
1725396847085 23.84768570580562 21
1725396847119 23.071867526942473 22
1725396847151 20.02989171294151 23
1725396847183 18.466117883462257 24
1725396847212 16.362573409551544 25
1725396847243 15.92302852644147 26
1725396847275 14.305416197244218 27
1725396847299 12.503756538620566 28
1725396847326 11.66041977434602 29
1725396847351 11.214586453341903 30
1725396847382 9.613261377982534 31
1725396847420 8.537209678892692 32
1725396847451 8.105973091321964 33
1725396847482 7.7219716959689535 34
1725396847516 7.28687449041033 35
1725396847547 7.27608967590587 36
1725396847579 5.627299461997865 37
1725396847608 5.48881127076662 38
1725396847639 4.808266059110934 39
1725396847672 4.784935301214367 40
1725396847702 4.168219351107141 41
1725396847732 4.0324326652944 42
1725396847763 3.8005057788330214 43
1725396847791 3.065651385345712 44
1725396847820 3.0311804764222856 45
1725396847849 3.1861768483471615 46
1725396847878 2.6901534678315384 47
1725396847909 2.4361435544848526 48
1725396847938 2.0410144319267864 49
1725396847969 2.202277857658244 50
1725396847997 2.1362035098631136 51
1725396848025 1.7094656053067878 52
1725396848074 1.6845786275414194 53
1725396848093 1.4801587971194503 54
1725396848116 1.273247699248679 55
1725396848138 1.4142758886140798 56
1725396848169 1.0010585902019045 57
1725396848199 1.217133292473282 58
1725396848230 0.7449960909867226 59
1725396848259 1.0324652863584285 60
1725396848291 0.6954149626353613 61
1725396848322 1.0446730238709077 62
1725396848348 0.7178625259438375 63
1725396848375 0.8845301360749659 64
1725396848439 0.5992131932832477 65
1725396848469 0.5695318999439963 66
1725396848499 0.6675166416655685 67
1725396848529 0.572816916445832 68
1725396848561 0.5257995894328235 69
1725396848590 0.4337317033043729 70
1725396848622 0.48039328990836655 71
1725396848648 0.6844774625117708 72
1725396848679 0.4259512848990296 73
1725396848713 0.49418001313191795 74
1725396848754 0.4559892846247564 75
1725396848779 0.3996232217204082 76
1725396848797 0.4810143679482499 77
1725396848814 0.25034906258346823 78
1725396848827 0.37587898601555114 79
1725396848840 0.2861685348786663 80
1725396848852 0.30317460576060695 81
1725396848865 0.3362026898226157 82
1725396848878 0.23873890883796586 83
1725396848891 0.27681229723151707 84
1725396848904 0.25991045521880624 85
1725396848922 0.30724814359998226 86
1725396848950 0.25746663805369385 87
1725396848973 0.21189108318838498 88
1725396848994 0.3522953384905553 89
1725396849013 0.26547355478535334 90
1725396849033 0.15664690650182947 91
1725396849057 0.14190355655837825 92
1725396849088 0.20074347242215088 93
1725396849110 0.26302801632649725 94
1725396849134 0.18251367842717153 95
1725396849158 0.22367826154400916 96
1725396849176 0.23152491572024078 97
1725396849194 0.16649683175172067 98
1725396849212 0.22659263625223885 99
1725396849230 0.2369382139133243 100
1725396849248 0.23581829859721937 101
1725396849265 0.15007547621016107 102
1725396849282 0.13276887006124596 103
1725396849301 0.1454734052497847 104
1725396849329 0.13039366520513965 105
1725396849361 0.15878652682482347 106
1725396849402 0.20507971326880023 107
1725396849429 0.17723169071152384 108
1725396849459 0.21018717278485038 109
1725396849478 0.2346672051387098 110
1725396849499 0.2010645684707444 111
1725396849517 0.21727186444943059 112
1725396849535 0.16941259377522608 113
1725396849579 0.12631111528871636 114
1725396849608 0.12118355189318306 115
1725396849645 0.13992160022069955 116
1725396849676 0.15340664748312346 117
1725396849694 0.19647916569833823 118
1725396849719 0.13127243478435868 119
1725396849741 0.11047455850781389 120
1725396849763 0.15393230393918228 121
1725396849788 0.2063081946291606 122
1725396849807 0.17890660314092727 123
1725396849825 0.17350107110411975 124
1725396849844 0.192063151246421 125
1725396849862 0.22053951255500384 126
1725396849881 0.10308982251084776 127
1725396849900 0.11070266117723068 128
1725396849923 0.14437571105876887 129
1725396849943 0.2631114032561537 130
1725396849959 0.11630990517591414 131
1725396849976 0.14937951483940629 132
1725396849994 0.09135882711838121 133
1725396850012 0.16207921171471573 134
1725396850030 0.16508957859915316 135
1725396850059 0.1797634101254317 136
1725396850085 0.07380592617401383 137
1725396850109 0.10200887942490515 138
1725396850138 0.127537062672881 139
1725396850163 0.12104438664504819 140
1725396850182 0.14597207631090603 141
1725396850201 0.10145900083640479 142
1725396850221 0.15396806080944792 143
1725396850239 0.21087942858409414 144
1725396850258 0.12386811910287247 145
1725396850276 0.07181495087920489 146
1725396850297 0.15714522955149363 147
1725396850321 0.0841965784998332 148
1725396850344 0.12472692038710774 149
1725396850365 0.09211666261074512 150
1725396850387 0.20663217846946044 151
1725396850420 0.1227658864290763 152
1725396850446 0.13324963317960237 153
1725396850477 0.11730601122762514 154
1725396850500 0.1449376433495696 155
1725396850526 0.10426844218765756 156
