1725388779495 68.58338106946333 0
1725388779523 27.678092877585737 1
1725388779553 10.769593872843542 2
1725388779571 4.421997251459213 3
1725388779585 1.836441190419081 4
1725388779596 0.8428140617428123 5
1725388779608 0.3294326838414702 6
1725388779620 0.21298283225222994 7
1725388779632 0.13810237959049412 8
1725388779649 0.10671368203445503 9
1725388779665 0.0935970955211575 10
1725388779689 0.06305375125558971 11
1725388779708 0.05973465909961079 12
1725388779726 0.08878473513918012 13
1725388779743 0.03911276481729073 14
1725388779760 0.07980779226538147 15
1725388779777 0.04945042448853039 16
1725388779793 0.08236147722371033 17
1725388779807 0.05967836109668837 18
1725388779825 0.05880278920412245 19
1725388779840 0.09341195334676122 20
1725388779858 0.10737251597163032 21
1725388779874 0.07153821242291769 22
1725388779905 0.10228548089148227 23
1725388779931 0.17575397178408514 24
1725388779953 0.05132107978524322 25
1725388779969 0.09433409967092322 26
1725388779988 0.0954545533726395 27
1725388780006 0.08653096948239192 28
1725388780026 0.10106533211258165 29
1725388780046 0.06247788088685095 30
1725388780067 0.046534988251817885 31
1725388780091 0.10490304469134099 32
1725388780111 0.051204423239281524 33
