1725423414239 161.81068237088735 0
1725423414269 142.12055502994133 1
1725423414301 129.32023151508162 2
1725423414344 126.15992866506389 3
1725423414387 110.78222788999537 4
1725423414412 98.13330010287771 5
1725423414449 93.49939585860125 6
1725423414467 81.9830203892214 7
1725423414487 77.31541961455223 8
1725423414509 70.21086195974762 9
1725423414525 64.69937443076556 10
1725423414548 59.070374581035466 11
1725423414576 53.246147692181815 12
1725423414595 48.87377347444044 13
1725423414622 46.421321969653185 14
1725423414655 42.96724504992253 15
1725423414695 39.26679953483724 16
1725423414720 37.02903628670305 17
1725423414762 32.5782317151042 18
1725423414797 28.802549406233176 19
1725423414851 27.154886774570095 20
1725423414881 24.914036731788713 21
1725423414901 22.236711045276326 22
1725423414920 20.38732933818763 23
1725423414952 18.58490311524576 24
1725423414981 17.810446254594734 25
1725423415025 15.49565775403563 26
1725423415054 13.94961035726118 27
1725423415091 13.564428278266757 28
1725423415115 12.491222408005283 29
1725423415139 10.402451721715074 30
1725423415154 9.8584661773714 31
1725423415175 8.734567490188365 32
1725423415191 8.354545869620166 33
1725423415208 8.628829360628341 34
1725423415230 6.933660948479658 35
1725423415251 6.4544710503933365 36
1725423415284 6.378794532788169 37
1725423415312 5.188413101609057 38
1725423415341 5.280972381904847 39
1725423415386 4.619632948550199 40
1725423415423 4.757699677163229 41
1725423415468 4.105810066338588 42
1725423415490 3.5617032949765006 43
1725423415517 3.285750932723596 44
1725423415545 2.9964278449245567 45
1725423415571 3.223157842599378 46
1725423415588 2.643666948398748 47
1725423415608 2.3390484208175115 48
1725423415628 2.2125347669298803 49
1725423415648 2.2427791138410518 50
1725423415670 1.8079107551274936 51
1725423415688 1.8366066855667533 52
1725423415707 1.7418791760829144 53
1725423415728 1.475987570305173 54
1725423415755 1.4340956151620068 55
1725423415792 1.4017567636935346 56
1725423415821 1.3974046557070825 57
1725423415854 1.1337325187624738 58
1725423415878 1.140274863441963 59
1725423415899 0.9624072645334375 60
1725423415919 1.0404392883714064 61
1725423415996 0.8122024275416008 62
1725423416060 0.6218278211864924 63
1725423416095 0.7739683045137146 64
1725423416125 0.6529494681877448 65
1725423416143 0.5707985540636435 66
1725423416162 0.8544428614470618 67
1725423416181 0.6570571398293655 68
1725423416203 0.5546346192629827 69
1725423416222 0.5137957553991057 70
1725423416242 0.5566818548761682 71
1725423416260 0.4333566558103819 72
1725423416277 0.48836120245126374 73
1725423416297 0.40509751695303314 74
1725423416314 0.41816134474436123 75
1725423416340 0.2354133580111681 76
1725423416364 0.4336848875572933 77
1725423416395 0.4157168359560469 78
1725423416419 0.3296524799340942 79
1725423416438 0.30184985393628894 80
1725423416453 0.27717986189843646 81
1725423416477 0.2903289265853068 82
1725423416499 0.29646592671666067 83
1725423416516 0.2582079950316507 84
1725423416533 0.1611868732109582 85
1725423416549 0.2352081530666252 86
1725423416580 0.15065947279777891 87
1725423416599 0.26297586795293443 88
1725423416620 0.2563703431839977 89
1725423416645 0.2581893149138726 90
1725423416665 0.1475484516121462 91
1725423416681 0.1567905999920485 92
1725423416702 0.21503114835543502 93
1725423416717 0.19097433301896796 94
1725423416770 0.20900075943163962 95
1725423416816 0.23819312935347933 96
1725423416873 0.16848590831822277 97
1725423416909 0.18993605194793384 98
1725423416950 0.1850729459721834 99
1725423416983 0.20217645628875636 100
1725423417005 0.14877057694373408 101
1725423417029 0.17270858463865688 102
1725423417048 0.19926348196137 103
1725423417066 0.15353733966420569 104
1725423417082 0.12325202574405954 105
1725423417110 0.12013567322820146 106
1725423417130 0.17772745401072093 107
1725423417152 0.12731085170962986 108
1725423417175 0.16869916652452427 109
1725423417196 0.16887863578572365 110
1725423417217 0.1898976377107801 111
1725423417242 0.1384081587711282 112
1725423417262 0.13503915785471646 113
1725423417278 0.09395894351276327 114
1725423417296 0.12749748386703835 115
1725423417318 0.15374573694289514 116
1725423417338 0.14393205539947584 117
1725423417360 0.1271558944270278 118
1725423417376 0.11027261238081153 119
1725423417398 0.15348133057125 120
1725423417414 0.1559282658838073 121
1725423417439 0.16939535520336665 122
1725423417456 0.10981859227942936 123
1725423417497 0.16610457929325614 124
1725423417537 0.18471400351458153 125
1725423417574 0.13925129231662137 126
1725423417602 0.15992145191889187 127
1725423417621 0.16194921774585724 128
1725423417648 0.07858797700386527 129
1725423417671 0.15477599127354352 130
1725423417687 0.1011450939686629 131
1725423417709 0.14767998595532908 132
1725423417729 0.1337382326632624 133
1725423417751 0.1140592373776764 134
1725423417779 0.17805999979346185 135
1725423417800 0.14661386315472047 136
1725423417823 0.1558011393803937 137
1725423417857 0.1320945234237406 138
1725423417881 0.14469664108374802 139
1725423417901 0.12900397639733488 140
1725423417919 0.17029653440556264 141
1725423417937 0.12061656170839402 142
1725423417953 0.11568784253612387 143
1725423417972 0.13122633418058374 144
1725423417994 0.1388794980512439 145
1725423418018 0.11053684262413606 146
1725423418043 0.11961237535136965 147
1725423418069 0.14053637709885222 148
1725423418089 0.21403626630175326 149
1725423418111 0.126895977867793 150
1725423418133 0.11300538992979951 151
1725423418149 0.18291702237892626 152
1725423418172 0.16895946584116375 153
1725423418189 0.11451860024843277 154
1725423418209 0.1124392058279212 155
1725423418233 0.18165667326235385 156
1725423418260 0.17990399138371516 157
1725423418292 0.14013625033018154 158
1725423418322 0.20340331302714787 159
1725423418351 0.12128370096623106 160
1725423418374 0.1368016685626799 161
1725423418398 0.11183529969923861 162
1725423418415 0.12984305939129248 163
1725423418436 0.12969141688811056 164
1725423418453 0.12216110073839372 165
1725423418482 0.15301209171817357 166
1725423418514 0.0915354722777012 167
1725423418544 0.14636295746411684 168
1725423418589 0.15637185771255938 169
1725423418627 0.1173677325733443 170
1725423418661 0.12067866372081598 171
1725423418694 0.11298938688751221 172
1725423418730 0.13811520358029808 173
1725423418746 0.13290202088894135 174
1725423418763 0.1336587742504038 175
1725423418779 0.1290440042955769 176
1725423418797 0.15155405169346736 177
1725423418814 0.16915447596210892 178
1725423418842 0.1348947042622947 179
1725423418877 0.16255460175351283 180
1725423418910 0.23010353459457736 181
1725423418945 0.1594746460323892 182
1725423418979 0.11671652808533912 183
1725423419014 0.09640972847740233 184
1725423419058 0.1518865783499273 185
1725423419091 0.12431003415030352 186
1725423419125 0.2374215840059632 187
1725423419159 0.15985217472338248 188
1725423419192 0.15699953301620284 189
1725423419216 0.12844528411721343 190
1725423419262 0.17602170923326868 191
1725423419294 0.17789914101707854 192
1725423419332 0.09924090690167807 193
1725423419364 0.1558444871912433 194
1725423419392 0.15390205024913017 195
1725423419432 0.14907625419860823 196
1725423419468 0.14265235296956985 197
1725423419503 0.1251802520671881 198
1725423419535 0.1125230848132608 199
1725423419569 0.18540586159215333 200
1725423419605 0.23978800664553263 201
1725423419659 0.19280501917506265 202
1725423419690 0.1326076406035129 203
1725423419729 0.15422041650616847 204
1725423419768 0.14874592254903551 205
1725423419812 0.1334535436454702 206
1725423419851 0.10681800535887767 207
1725423419893 0.12840594675716516 208
1725423419927 0.16038669913289777 209
1725423419965 0.12326751394785794 210
1725423420005 0.1525954060246742 211
1725423420044 0.11492100585167966 212
1725423420076 0.16183578956716038 213
1725423420106 0.1654100999455639 214
1725423420137 0.14138115740431703 215
1725423420172 0.10963008970497182 216
1725423420208 0.1851513535590914 217
1725423420248 0.10781906965132595 218
1725423420293 0.17908122795832526 219
1725423420338 0.1362018663646309 220
1725423420374 0.1287030857742026 221
1725423420404 0.12133990033554048 222
1725423420443 0.10619622096603855 223
1725423420481 0.13440142944196273 224
1725423420516 0.09737800924707078 225
1725423420560 0.11508551733675013 226
1725423420601 0.06409279825215841 227
1725423420654 0.11320368046865847 228
1725423420693 0.08731102936221354 229
1725423420726 0.16800351731333904 230
1725423420759 0.11100419042574096 231
1725423420794 0.13178274493392894 232
1725423420840 0.14628755696215726 233
1725423420875 0.10545258057627084 234
1725423420910 0.059349208919887896 235
1725423420946 0.10134310225559895 236
1725423420982 0.1237572732550384 237
1725423421024 0.11278521004458687 238
1725423421058 0.1114450743616288 239
1725423421094 0.16943979426328665 240
1725423421134 0.18704829499008369 241
1725423421169 0.10564343906611942 242
1725423421204 0.12201660859212687 243
1725423421240 0.176342172279346 244
1725423421274 0.13542805104674557 245
1725423421309 0.12680958948765841 246
1725423421350 0.10617140359983299 247
1725423421380 0.14123571830675283 248
1725423421410 0.11202226714927743 249
1725423421441 0.15329476018675756 250
1725423421471 0.1056786676771535 251
1725423421506 0.14355739718732885 252
1725423421541 0.08153061395029625 253
1725423421575 0.1367013501617561 254
1725423421624 0.09809232792170439 255
1725423421659 0.10803882507286694 256
1725423421696 0.1210409456954938 257
1725423421724 0.17563737463580165 258
1725423421763 0.1396290264122734 259
1725423421799 0.12363015914990218 260
1725423421833 0.119965636614686 261
1725423421861 0.15147268051347013 262
1725423421890 0.12480418770366179 263
1725423421919 0.1795211477524675 264
1725423421949 0.1371431059611687 265
1725423421987 0.1776402546759164 266
1725423422025 0.13631025969080227 267
1725423422070 0.1401954665881377 268
1725423422108 0.11699287010999183 269
1725423422140 0.1127874555183595 270
1725423422177 0.13615779297966732 271
1725423422207 0.16495916957517645 272
1725423422238 0.17073120960048807 273
1725423422272 0.11143090332462907 274
1725423422303 0.11411370216002042 275
1725423422328 0.19358989071244154 276
1725423422369 0.12320367352680511 277
1725423422424 0.13939384699991814 278
1725423422460 0.15129921855800493 279
1725423422485 0.14676975723853025 280
1725423422512 0.13622996575480872 281
1725423422536 0.1257923968853379 282
1725423422561 0.11175221833128425 283
1725423422578 0.09483682431632749 284
1725423422613 0.11378857983689158 285
1725423422648 0.13911647533149643 286
1725423422681 0.12604553779787736 287
1725423422722 0.14798365292380572 288
1725423422743 0.16341540092984122 289
1725423422769 0.16803257614056102 290
1725423422791 0.11270849468456533 291
1725423422808 0.16294901445283674 292
1725423422826 0.16523960293534734 293
1725423422846 0.17162063237854663 294
1725423422875 0.13234205143208014 295
1725423422904 0.09732510801015352 296
1725423422932 0.1864174575641756 297
1725423422958 0.1609645770179311 298
1725423422982 0.1273536760811779 299
1725423423000 0.14111231753103867 300
1725423423016 0.08355995929981924 301
1725423423035 0.13051012383596647 302
1725423423051 0.13615922653578402 303
1725423423068 0.07115955529194143 304
1725423423084 0.13628646736038721 305
1725423423108 0.1555971245220162 306
1725423423145 0.12204830308863517 307
1725423423182 0.10088717037964895 308
1725423423219 0.16929456886425565 309
1725423423242 0.1624991683596782 310
1725423423259 0.14770520201877904 311
1725423423277 0.1714331973784149 312
1725423423295 0.10793632450029234 313
1725423423310 0.13209358078920408 314
1725423423332 0.10944876099264272 315
