1725393533622 175.51379052902416 0
1725393533636 172.08381331521178 1
1725393533650 170.37922426757567 2
1725393533665 168.68318027060778 3
1725393533681 167.0058129546231 4
1725393533700 165.34684611398274 5
1725393533719 163.70606919105649 6
1725393533741 162.08327372923563 7
1725393533767 160.47825373027445 8
1725393533788 158.89080562239576 9
1725393533816 157.32072823115254 10
1725393533833 155.76782275063113 11
1725393533850 154.23189271500732 12
1725393533866 152.71274397044982 13
1725393533883 151.21018464736764 14
1725393533899 149.7240251329964 15
1725393533914 148.2540780443199 16
1725393533933 146.8001582013225 17
1725393533957 145.36208260056802 18
1725393533985 143.93967038910137 19
1725393534012 142.53274283866892 20
1725393534038 141.14112332025314 21
1725393534060 139.7646372789182 22
1725393534083 138.40311220896237 23
1725393534104 137.05637762937337 24
1725393534126 135.724265059583 25
1725393534143 134.40660799551716 26
1725393534174 133.10324188593785 27
1725393534194 131.8140041090733 28
1725393534211 130.5387339495327 29
1725393534236 129.27727257550205 30
1725393534257 128.02946301621765 31
1725393534284 126.79515013971347 32
1725393534303 125.57418063083965 33
1725393534323 124.36640296954806 34
1725393534353 123.1716674094421 35
1725393534377 121.98982595658713 36
1725393534398 120.8207323485786 37
1725393534423 119.6642420338645 38
1725393534437 118.52021215131894 39
1725393534450 117.38850151006385 40
1725393534462 116.26897056953584 41
1725393534475 115.16148141979482 42
1725393534487 114.06589776207188 43
1725393534499 112.98208488955291 44
1725393534511 111.90990966839561 45
1725393534524 110.84924051897661 46
1725393534536 109.79994739736601 47
1725393534549 108.76190177702654 48
1725393534571 107.73497663073444 49
1725393534591 106.71904641271942 50
1725393534616 105.71398704102126 51
1725393534635 104.71967588005967 52
1725393534657 103.7359917234155 53
1725393534682 102.76281477682045 54
1725393534711 101.80002664135247 55
1725393534732 100.84751029683466 56
1725393534758 99.90515008543495 57
1725393534784 98.9728316954643 58
1725393534808 98.05044214537057 59
1725393534865 97.13786976792623 60
1725393534932 96.23500419460687 61
1725393534945 95.34173634015895 62
1725393534959 94.45795838735334 63
1725393534970 93.583563771924 64
1725393534982 92.71844716768751 65
1725393534995 91.86250447184311 66
1725393535009 91.01563279044976 67
1725393535022 90.17773042407866 68
1725393535037 89.34869685363898 69
1725393535054 88.52843272637423 70
1725393535079 87.71683984202818 71
1725393535097 86.91382113917693 72
1725393535122 86.11928068172637 73
1725393535144 85.33312364557199 74
1725393535166 84.55525630541976 75
1725393535187 83.78558602176562 76
1725393535207 83.02402122803201 77
1725393535233 82.27047141785923 78
1725393535259 81.52484713254982 79
1725393535280 80.78705994866434 80
1725393535297 80.05702246576615 81
1725393535319 79.33464829431394 82
1725393535338 78.61985204369985 83
1725393535352 77.9125493104316 84
1725393535366 77.21265666645657 85
1725393535384 76.52009164762651 86
1725393535402 75.83477274230083 87
1725393535418 75.15661938008702 88
1725393535436 74.48555192071629 89
1725393535449 73.8214916430528 90
1725393535461 73.1643607342352 91
1725393535472 72.51408227894854 92
1725393535484 71.87058024882462 93
1725393535497 71.23377949197047 94
1725393535508 70.60360572262154 95
1725393535521 69.97998551091987 96
1725393535533 69.36284627281452 97
1725393535545 68.75211626008343 98
1725393535573 68.14772455047468 99
1725393535596 67.54960103796633 100
1725393535622 66.95767642314281 101
1725393535644 66.37188220368694 102
1725393535665 65.79215066498556 103
1725393535683 65.21841487084815 104
1725393535707 64.65060865433654 105
1725393535726 64.08866660870426 106
1725393535743 63.532524078444865 107
1725393535761 62.982117150446975 108
1725393535778 62.43738264525563 109
1725393535796 61.89825810843815 110
1725393535823 61.364681802053205 111
1725393535855 60.8365926962221 112
1725393535880 60.31393046080095 113
1725393535904 59.79663545715249 114
1725393535932 59.28464873001612 115
1725393535951 58.77791199947542 116
1725393535974 58.27636765302165 117
1725393535994 57.779958737711965 118
1725393536019 57.28862895242154 119
1725393536044 56.80232264018832 120
1725393536062 56.320984780649006 121
1725393536076 55.84456098256577 122
1725393536088 55.3729974764417 123
1725393536104 54.90624110722518 124
1725393536117 54.444239327100505 125
1725393536129 53.986940188365416 126
1725393536142 53.53429233639302 127
1725393536156 53.086245002677984 128
1725393536168 52.64274799796562 129
1725393536184 52.20375170546307 130
1725393536210 51.76920707413129 131
1725393536231 51.33906561205712 132
1725393536251 50.913279379904324 133
1725393536274 50.49180098444294 134
1725393536293 50.07458357215525 135
1725393536315 49.661580822918616 136
1725393536340 49.25274694376297 137
1725393536368 48.84803666270314 138
1725393536388 48.44740522264426 139
1725393536414 48.0508083753601 140
1725393536431 47.65820237554293 141
1725393536448 47.269543974924105 142
1725393536464 46.884790416464945 143
1725393536479 46.50389942861642 144
1725393536497 46.12682921964735 145
1725393536514 45.75353847204006 146
1725393536530 45.38398633695261 147
1725393536547 45.01813242874694 148
1725393536570 44.655936819582074 149
1725393536594 44.29736003407163 150
1725393536612 43.94236304400479 151
1725393536629 43.59090726313004 152
1725393536651 43.2429545420009 153
1725393536673 42.89846716288286 154
1725393536689 42.55740783472082 155
1725393536706 42.21973968816637 156
1725393536723 41.885426270664 157
1725393536740 41.554431541595704 158
1725393536758 41.226719867483375 159
1725393536775 40.90225601724778 160
1725393536791 40.581005157524146 161
1725393536816 40.26293284803318 162
1725393536848 39.948005037007086 163
1725393536873 39.63618805666953 164
1725393536901 39.327448618769644 165
1725393536919 39.02175381016873 166
1725393536945 38.71907108847925 167
1725393536962 38.41936827775569 168
1725393536979 38.12261356423633 169
1725393536996 37.82877549213547 170
1725393537012 37.53782295948564 171
1725393537026 37.2497252140289 172
1725393537038 36.96445184915694 173
1725393537051 36.68197279989909 174
1725393537068 36.402258338958 175
1725393537086 36.125279072792075 176
1725393537102 35.851005937744475 177
1725393537118 35.579410196217665 178
1725393537134 35.31046343289342 179
1725393537150 35.044137550997554 180
1725393537167 34.78040476860864 181
1725393537188 34.5192376150105 182
1725393537218 34.26060892708786 183
1725393537238 34.00449184576446 184
1725393537262 33.75085981248348 185
1725393537290 33.49968656572939 186
1725393537308 33.250946137590844 187
1725393537334 33.004612850364325 188
1725393537356 32.76066131319786 189
1725393537376 32.5190664187743 190
1725393537394 32.27980334003384 191
1725393537419 32.04284752693515 192
1725393537436 31.808174703254853 193
1725393537453 31.57576086342453 194
1725393537470 31.345582269405384 195
1725393537487 31.117615447599466 196
1725393537504 30.891837185797492 197
1725393537521 30.66822453016264 198
1725393537538 30.446754782249762 199
1725393537555 30.22740549606003 200
1725393537573 30.01015447512996 201
1725393537596 29.794979769654972 202
1725393537617 29.581859673646733 203
1725393537638 29.37077272212403 204
1725393537663 29.16169768833671 205
1725393537687 28.95461358102229 206
1725393537703 28.74949964169489 207
1725393537720 28.546335341966095 208
1725393537737 28.34510038089737 209
1725393537754 28.145774682383475 210
1725393537770 27.94833839256689 211
1725393537787 27.752771877282463 212
1725393537809 27.55905571953228 213
1725393537833 27.367170716990042 214
1725393537869 27.17709787953497 215
1725393537896 26.98881842681453 216
1725393537921 26.802313785835942 217
1725393537938 26.617565588585897 218
1725393537956 26.434555669678307 219
1725393537973 26.253266064029585 220
1725393537989 26.073679004561324 221
1725393538006 25.89577691992995 222
1725393538023 25.719542432282953 223
1725393538040 25.544958355041565 224
1725393538064 25.372007690709236 225
1725393538093 25.200673628706205 226
1725393538120 25.03093954322908 227
1725393538147 24.862788991135734 228
1725393538176 24.696205709855025 229
1725393538206 24.531173615320924 230
1725393538238 24.367676799930834 231
1725393538269 24.205699530528072 232
1725393538301 24.04522624640764 233
1725393538329 23.886241557345777 234
1725393538358 23.728730241652034 235
1725393538389 23.57267724424484 236
1725393538413 23.41806767474903 237
1725393538444 23.264886805615994 238
1725393538475 23.113120070265584 239
1725393538505 22.962753061250112 240
1725393538536 22.813771528439265 241
1725393538560 22.666161377226974 242
1725393538588 22.519908666758653 243
1725393538611 22.37499960817946 244
1725393538633 22.231420562902876 245
1725393538668 22.089158040899896 246
1725393538695 21.948198699007627 247
1725393538727 21.80852933925814 248
1725393538757 21.670136907226677 249
1725393538787 21.533008490399045 250
1725393538818 21.397131316558305 251
1725393538846 21.262492752190113 252
1725393538882 21.129080300906697 253
1725393538910 20.996881601889303 254
1725393538937 20.865884428348856 255
1725393538967 20.736076686004377 256
1725393538999 20.607446411579364 257
1725393539022 20.479981771315575 258
1725393539050 20.353671059504272 259
1725393539086 20.228502697034425 260
1725393539113 20.104465229957846 261
1725393539144 19.98154732807136 262
1725393539173 19.859737783514934 263
1725393539197 19.73902550938679 264
1725393539228 19.619399538373923 265
1725393539259 19.500849021399308 266
1725393539289 19.383363226284295 267
1725393539318 19.266931536426775 268
1725393539346 19.151543449494778 269
1725393539373 19.03718857613527 270
1725393539407 18.923856638697785 271
1725393539435 18.811537469973064 272
1725393539463 18.700221011946496 273
1725393539491 18.589897314565604 274
1725393539518 18.48055653452229 275
1725393539546 18.372188934049134 276
1725393539571 18.264784879729483 277
1725393539601 18.15833484132149 278
1725393539632 18.052829390595928 279
1725393539673 17.948259200187277 280
1725393539700 17.844615042458262 281
1725393539727 17.741887788377632 282
1725393539755 17.640068406410737 283
1725393539782 17.53914796142325 284
1725393539810 17.43911761359738 285
1725393539838 17.33996861736079 286
1725393539874 17.241692320327903 287
1725393539903 17.144280162253402 288
1725393539934 17.047723673997872 289
1725393539962 16.952014476505628 290
1725393539989 16.85714427979407 291
1725393540018 16.763104881954902 292
1725393540045 16.669888168166928 293
1725393540072 16.57748610972028 294
1725393540100 16.485890763051792 295
1725393540126 16.39509426879187 296
1725393540152 16.305088850821807 297
1725393540177 16.215866815342686 298
1725393540199 16.127420549954557 299
1725393540226 16.039742522746366 300
1725393540255 15.952825281396576 301
1725393540285 15.866661452284008 302
1725393540313 15.781243739608906 303
1725393540340 15.696564924524308 304
1725393540367 15.612617864277471 305
1725393540393 15.529395491360924 306
1725393540420 15.446890812673642 307
1725393540447 15.36509690869174 308
1725393540477 15.284006932648653 309
1725393540508 15.203614109724995 310
1725393540536 15.123911736247566 311
1725393540564 15.04489317889773 312
1725393540591 14.966551873928722 313
1725393540623 14.888881326392156 314
1725393540651 14.811875109373428 315
1725393540678 14.73552686323574 316
1725393540710 14.65983029487315 317
1725393540739 14.584779176971772 318
1725393540770 14.510367347280024 319
1725393540802 14.436588707886743 320
1725393540828 14.36343722450791 321
1725393540852 14.290906925781584 322
1725393540884 14.218991902570734 323
1725393540909 14.147686307274304 324
1725393540935 14.076984353146084 325
1725393540961 14.006880313621306 326
1725393540988 13.937368521651273 327
1725393541010 13.868443369045218 328
1725393541038 13.800099305820186 329
1725393541064 13.732330839557864 330
1725393541090 13.665132534769318 331
1725393541117 13.598499012266489 332
1725393541146 13.53242494854131 333
1725393541177 13.466905075151807 334
1725393541203 13.401934178115011 335
1725393541231 13.337507097307371 336
1725393541258 13.273618725871275 337
1725393541286 13.210264009629103 338
1725393541312 13.147437946503496 339
1725393541343 13.085135585944483 340
1725393541372 13.023352028363124 341
1725393541399 12.962082424571523 342
1725393541425 12.901321975229461 343
1725393541451 12.841065930297175 344
1725393541478 12.781309588494286 345
1725393541503 12.72204829676538 346
1725393541529 12.663277449751096 347
1725393541553 12.604992489265705 348
1725393541577 12.547188903780404 349
1725393541602 12.4898622279126 350
1725393541631 12.433008041921035 351
1725393541656 12.376621971206541 352
1725393541683 12.320699685818784 353
1725393541708 12.265236899968263 354
1725393541736 12.2102293715441 355
1725393541763 12.155672901637239 356
1725393541791 12.101563334069153 357
1725393541822 12.047896554925865 358
1725393541844 11.994668492097224 359
1725393541871 11.94187511482148 360
1725393541902 11.889512433235112 361
1725393541933 11.837576497927563 362
1725393541958 11.786063399501343 363
1725393541989 11.734969268136846 364
1725393542018 11.684290273162205 365
1725393542048 11.634022622628132 366
1725393542079 11.584162562887501 367
1725393542107 11.534706378179678 368
1725393542143 11.485650390219623 369
1725393542172 11.43699095779158 370
1725393542202 11.388724476347543 371
1725393542234 11.340847377610094 372
1725393542265 11.293356129179765 373
1725393542295 11.246247234146937 374
1725393542329 11.199517230708137 375
1725393542357 11.15316269178657 376
1725393542389 11.107180224656984 377
1725393542420 11.06156647057495 378
1725393542451 11.016318104410045 379
1725393542482 10.97143183428343 380
1725393542512 10.926904401209312 381
1725393542545 10.882732578740745 382
1725393542572 10.838913172619073 383
1725393542597 10.795443020427717 384
1725393542626 10.752318991249526 385
1725393542651 10.709537985328211 386
1725393542681 10.66709693373354 387
1725393542709 10.624992798030219 388
1725393542733 10.58322256995082 389
1725393542759 10.541783271071882 390
1725393542788 10.500671952494121 391
1725393542819 10.45988569452606 392
1725393542845 10.41942160637117 393
1725393542872 10.379276825818648 394
1725393542907 10.339448518937607 395
1725393542932 10.299933879774702 396
1725393542961 10.26073013005525 397
1725393542989 10.221834518887524 398
1725393543016 10.183244322470598 399
1725393543043 10.144956843805254 400
1725393543072 10.10696941240831 401
1725393543106 10.069279384030105 402
1725393543137 10.031884140375073 403
1725393543166 9.994781088825519 404
1725393543192 9.957967662168521 405
1725393543219 9.921441318325916 406
1725393543246 9.885199540087118 407
1725393543272 9.849239834845136 408
1725393543299 9.813559734335566 409
1725393543325 9.778156794378255 410
1725393543352 9.74302859462217 411
1725393543382 9.708172738292888 412
1725393543411 9.673586851942984 413
1725393543442 9.639268585205308 414
1725393543472 9.605215610548827 415
1725393543499 9.571425623037333 416
1725393543520 9.537896340090814 417
1725393543544 9.504625501249519 418
1725393543570 9.471610867940585 419
1725393543593 9.438850223247183 420
1725393543615 9.406341371680643 421
1725393543643 9.374082138954547 422
1725393543668 9.342070371761766 423
1725393543694 9.310303937553805 424
1725393543725 9.278780724322626 425
1725393543756 9.247498640384961 426
1725393543787 9.216455614168881 427
1725393543816 9.185649594002891 428
1725393543845 9.155078547907314 429
1725393543871 9.124740463387955 430
1725393543905 9.094633347232092 431
1725393543941 9.064755225306737 432
1725393543972 9.035104142359115 433
1725393544026 9.00567816181938 434
1725393544051 8.976475365605502 435
1725393544075 8.947493853930295 436
1725393544103 8.918731745110646 437
1725393544131 8.890187175378744 438
1725393544159 8.861858298695596 439
1725393544190 8.833743286566373 440
1725393544220 8.805840327857947 441
1725393544251 8.7781476286184 442
1725393544283 8.750663411898524 443
1725393544313 8.723385917575376 444
1725393544340 8.696313402177566 445
1725393544368 8.669444138712722 446
1725393544395 8.642776416496748 447
1725393544422 8.616308540984924 448
1725393544450 8.590038833604913 449
1725393544477 8.563965631591666 450
1725393544502 8.538087287823988 451
1725393544532 8.51240217066312 452
1725393544564 8.486908663792885 453
1725393544593 8.461605166061684 454
1725393544623 8.436490091326288 455
1725393544656 8.411561868297275 456
1725393544687 8.386818940386146 457
1725393544717 8.362259765554164 458
1725393544743 8.33788281616287 459
1725393544770 8.313686578826161 460
1725393544796 8.289669554264082 461
1725393544827 8.265830257158132 462
1725393544857 8.242167216008228 463
1725393544886 8.218678972991233 464
1725393544917 8.195364083820902 465
1725393544942 8.172221117609624 466
1725393544972 8.14924865673136 467
1725393545004 8.126445296686297 468
1725393545034 8.103809645966964 469
1725393545066 8.081340325925694 470
1725393545095 8.059035970643638 471
1725393545121 8.03689522680112 472
1725393545154 8.01491675354955 473
1725393545185 7.993099222384591 474
1725393545216 7.971441317020705 475
1725393545247 7.949941733267203 476
1725393545276 7.928599178905493 477
1725393545308 7.907412373567814 478
1725393545337 7.886380048617077 479
1725393545369 7.865500947028251 480
1725393545401 7.844773823270863 481
1725393545452 7.824197443192847 482
1725393545481 7.8037705839056315 483
1725393545512 7.783492033670489 484
1725393545545 7.763360591786164 485
1725393545573 7.743375068477564 486
1725393545603 7.723534284785803 487
1725393545630 7.703837072459426 488
1725393545658 7.684282273846722 489
1725393545685 7.664868741789245 490
1725393545707 7.6455953395166025 491
1725393545737 7.626460940542089 492
1725393545760 7.6074644285597515 493
1725393545790 7.5886046973424826 494
1725393545820 7.569880650640993 495
1725393545846 7.551291202084281 496
1725393545873 7.532835275080783 497
1725393545901 7.514511802720772 498
1725393545932 7.496319727679836 499
