1725405141222 174.67795186851473 0
1725405141241 174.6599471178348 1
1725405141259 174.64236980111517 2
1725405141277 174.62479424437677 3
1725405141290 174.60722046981635 4
1725405141307 174.58964847724963 5
1725405141321 174.57207826649343 6
1725405141342 174.55450983736475 7
1725405141359 174.53694318968041 8
1725405141388 174.51937832325746 9
1725405141407 174.50181523791272 10
1725405141426 174.4842539334633 11
1725405141442 174.46669440972607 12
1725405141465 174.44913666651814 13
1725405141482 174.43158070365658 14
1725405141500 174.41402652095837 15
1725405141518 174.39647411824058 16
1725405141542 174.37892349532032 17
1725405141570 174.36137465201475 18
1725405141616 174.3438275881409 19
1725405141656 174.32628230351605 20
1725405141707 174.30873879795726 21
1725405141729 174.2911970712818 22
1725405141751 174.2736571233068 23
1725405141775 174.25611895384958 24
1725405141798 174.23858256272732 25
1725405141816 174.22104794975735 26
1725405141839 174.20351511475684 27
1725405141860 174.18598405754327 28
1725405141900 174.1684547779338 29
1725405141923 174.15092727574583 30
1725405141948 174.13340155079678 31
1725405141968 174.11587760290396 32
1725405141986 174.0983554318848 33
1725405142005 174.08083503755677 34
1725405142023 174.06331641973722 35
1725405142041 174.04579957824365 36
1725405142059 174.02828451289358 37
1725405142082 174.01077122350443 38
1725405142109 173.99325970989378 39
1725405142134 173.97574997187914 40
1725405142160 173.95824200927808 41
1725405142192 173.94073582190816 42
1725405142239 173.92323140958698 43
1725405142281 173.90572877213214 44
1725405142309 173.8882279093613 45
1725405142335 173.8707288210921 46
1725405142364 173.8532315071422 47
1725405142418 173.83573596732933 48
1725405142485 173.81824220147115 49
1725405142502 173.80075020938543 50
1725405142520 173.78325999088986 51
1725405142538 173.7657715458023 52
1725405142557 173.74828487394043 53
1725405142575 173.73079997512212 54
1725405142593 173.7133168491652 55
1725405142610 173.69583549588754 56
1725405142631 173.67835591510692 57
1725405142648 173.66087810664126 58
1725405142666 173.64340207030847 59
1725405142682 173.62592780592647 60
1725405142700 173.60845531331321 61
1725405142722 173.59098459228665 62
1725405142740 173.57351564266472 63
1725405142760 173.55604846426544 64
1725405142779 173.53858305690687 65
1725405142800 173.52111942040705 66
1725405142818 173.50365755458395 67
1725405142840 173.48619745925572 68
1725405142858 173.46873913424042 69
1725405142876 173.45128257935622 70
1725405142893 173.43382779442118 71
1725405142911 173.41637477925346 72
1725405142929 173.39892353367125 73
1725405142948 173.38147405749274 74
1725405142974 173.36402635053614 75
1725405143006 173.34658041261966 76
1725405143031 173.32913624356158 77
1725405143055 173.3116938431801 78
1725405143082 173.2942532112936 79
1725405143098 173.27681434772032 80
1725405143111 173.25937725227863 81
1725405143126 173.2419419247868 82
1725405143139 173.2245083650633 83
1725405143152 173.2070765729264 84
1725405143166 173.18964654819453 85
1725405143181 173.17221829068615 86
1725405143195 173.15479180021967 87
1725405143211 173.13736707661351 88
1725405143236 173.11994411968627 89
1725405143261 173.10252292925634 90
1725405143286 173.08510350514223 91
1725405143317 173.0676858471625 92
1725405143337 173.05026995513572 93
1725405143359 173.03285582888043 94
1725405143378 173.0154434682153 95
1725405143397 172.99803287295882 96
1725405143415 172.9806240429297 97
1725405143435 172.96321697794656 98
1725405143451 172.9458116778281 99
1725405143469 172.92840814239298 100
1725405143489 172.91100637145988 101
1725405143507 172.89360636484759 102
1725405143526 172.87620812237478 103
1725405143544 172.8588116438603 104
1725405143562 172.84141692912286 105
1725405143581 172.82402397798128 106
1725405143609 172.80663279025438 107
1725405143626 172.78924336576102 108
1725405143644 172.77185570432007 109
1725405143663 172.7544698057504 110
1725405143681 172.73708566987085 111
1725405143700 172.7197032965004 112
1725405143722 172.70232268545794 113
1725405143744 172.68494383656244 114
1725405143765 172.6675667496329 115
1725405143790 172.6501914244883 116
1725405143810 172.63281786094763 117
1725405143831 172.61544605882992 118
1725405143845 172.59807601795427 119
1725405143864 172.58070773813972 120
1725405143878 172.5633412192053 121
1725405143892 172.5459764609702 122
1725405143906 172.52861346325352 123
1725405143919 172.5112522258744 124
1725405143933 172.49389274865197 125
1725405143948 172.47653503140546 126
1725405143964 172.4591790739541 127
1725405143984 172.441824876117 128
1725405144003 172.42447243771352 129
1725405144022 172.40712175856285 130
1725405144039 172.38977283848428 131
1725405144053 172.37242567729712 132
1725405144068 172.3550802748207 133
1725405144084 172.33773663087428 134
1725405144111 172.32039474527733 135
1725405144139 172.30305461784914 136
1725405144165 172.28571624840913 137
1725405144193 172.2683796367767 138
1725405144218 172.25104478277132 139
1725405144236 172.23371168621236 140
1725405144255 172.21638034691932 141
1725405144273 172.19905076471179 142
1725405144291 172.18172293940913 143
1725405144305 172.16439687083096 144
1725405144319 172.14707255879674 145
1725405144334 172.1297500031261 146
1725405144360 172.11242920363864 147
1725405144385 172.0951101601539 148
1725405144414 172.07779287249153 149
1725405144443 172.06047734047118 150
1725405144467 172.04316356391246 151
1725405144485 172.02585154263514 152
1725405144503 172.00854127645886 153
1725405144521 171.99123276520328 154
1725405144538 171.97392600868824 155
1725405144556 171.95662100673343 156
1725405144573 171.93931775915866 157
1725405144599 171.92201626578367 158
1725405144624 171.9047165264283 159
1725405144646 171.8874185409124 160
1725405144673 171.87012230905577 161
1725405144694 171.85282783067834 162
1725405144717 171.83553510559992 163
1725405144736 171.8182441336405 164
1725405144754 171.80095491461995 165
1725405144775 171.78366744835822 166
1725405144793 171.76638173467532 167
1725405144807 171.74909777339113 168
1725405144821 171.73181556432573 169
1725405144840 171.7145351072991 170
1725405144859 171.69725640213136 171
1725405144877 171.67997944864243 172
1725405144891 171.66270424665248 173
1725405144905 171.64543079598158 174
1725405144919 171.62815909644988 175
1725405144932 171.6108891478775 176
1725405144945 171.5936209500845 177
1725405144966 171.5763545028912 178
1725405145008 171.55908980611767 179
1725405145034 171.54182685958418 180
1725405145058 171.52456566311093 181
1725405145093 171.5073062165182 182
1725405145122 171.49004851962616 183
1725405145149 171.47279257225526 184
1725405145182 171.45553837422568 185
1725405145207 171.43828592535775 186
1725405145236 171.42103522547185 187
1725405145268 171.40378627438835 188
1725405145308 171.3865390719276 189
1725405145342 171.36929361790996 190
1725405145368 171.35204991215593 191
1725405145398 171.33480795448588 192
1725405145434 171.3175677447203 193
1725405145457 171.30032928267963 194
1725405145483 171.28309256818443 195
1725405145515 171.26585760105513 196
1725405145542 171.2486243811123 197
1725405145566 171.2313929081765 198
1725405145602 171.2141631820683 199
1725405145624 171.19693520260824 200
1725405145648 171.17970896961697 201
1725405145673 171.16248448291512 202
1725405145698 171.1452617423233 203
1725405145724 171.12804074766217 204
1725405145756 171.11082149875247 205
1725405145791 171.09360399541487 206
1725405145818 171.07638823747 207
1725405145852 171.05917422473877 208
1725405145885 171.0419619570418 209
1725405145915 171.02475143419994 210
1725405145948 171.0075426560339 211
1725405145973 170.9903356223646 212
1725405146006 170.97313033301282 213
1725405146039 170.9559267877994 214
1725405146067 170.93872498654522 215
1725405146095 170.92152492907115 216
1725405146126 170.90432661519816 217
1725405146159 170.88713004474715 218
1725405146181 170.869935217539 219
1725405146207 170.85274213339477 220
1725405146233 170.8355507921354 221
1725405146259 170.81836119358186 222
1725405146284 170.80117333755524 223
1725405146317 170.78398722387655 224
1725405146343 170.7668028523668 225
1725405146374 170.7496202228471 226
1725405146399 170.73243933513862 227
1725405146427 170.71526018906243 228
1725405146458 170.69808278443958 229
1725405146484 170.68090712109134 230
1725405146511 170.6637331988388 231
1725405146544 170.6465610175032 232
1725405146571 170.62939057690568 233
1725405146603 170.61222187686758 234
1725405146634 170.59505491721006 235
1725405146663 170.57788969775447 236
1725405146693 170.56072621832195 237
1725405146726 170.54356447873397 238
1725405146759 170.52640447881174 239
1725405146790 170.50924621837663 240
1725405146826 170.49208969725 241
1725405146857 170.47493491525324 242
1725405146883 170.45778187220776 243
1725405146912 170.44063056793496 244
1725405146942 170.42348100225627 245
1725405146964 170.40633317499314 246
1725405146996 170.38918708596705 247
1725405147026 170.3720427349995 248
1725405147048 170.35490012191198 249
1725405147073 170.33775924652605 250
1725405147099 170.3206201086632 251
1725405147123 170.30348270814508 252
1725405147153 170.28634704479325 253
1725405147185 170.2692131184292 254
1725405147215 170.25208092887473 255
1725405147247 170.23495047595142 256
1725405147278 170.2178217594809 257
1725405147309 170.2006947792848 258
1725405147342 170.18356953518494 259
1725405147363 170.16644602700296 260
1725405147393 170.1493242545606 261
1725405147418 170.13220421767969 262
1725405147451 170.11508591618187 263
1725405147481 170.09796934988904 264
1725405147509 170.08085451862294 265
1725405147539 170.06374142220545 266
1725405147569 170.04663006045843 267
1725405147598 170.02952043320371 268
1725405147622 170.01241254026317 269
1725405147650 169.99530638145873 270
1725405147676 169.97820195661234 271
1725405147703 169.9610992655459 272
1725405147734 169.94399830808138 273
1725405147767 169.92689908404077 274
1725405147798 169.90980159324604 275
1725405147827 169.89270583551928 276
1725405147857 169.87561181068247 277
1725405147886 169.85851951855767 278
1725405147916 169.84142895896693 279
1725405147940 169.82434013173238 280
1725405147963 169.80725303667612 281
1725405147990 169.7901676736203 282
1725405148013 169.773084042387 283
1725405148043 169.75600214279848 284
1725405148065 169.73892197467686 285
1725405148090 169.72184353784436 286
1725405148120 169.70476683212323 287
1725405148151 169.68769185733564 288
1725405148180 169.6706186133039 289
1725405148209 169.65354709985033 290
1725405148235 169.6364773167972 291
1725405148266 169.6194092639668 292
1725405148296 169.60234294118143 293
1725405148332 169.58527834826356 294
1725405148357 169.56821548503544 295
1725405148391 169.55115435131955 296
1725405148424 169.53409494693824 297
1725405148453 169.517037271714 298
1725405148483 169.4999813254692 299
1725405148514 169.4829271080264 300
1725405148533 169.465874619208 301
1725405148557 169.44882385883656 302
1725405148582 169.43177482673454 303
1725405148605 169.41472752272458 304
1725405148634 169.39768194662915 305
1725405148668 169.38063809827085 306
1725405148699 169.3635959774723 307
1725405148723 169.34655558405612 308
1725405148751 169.32951691784487 309
1725405148775 169.31247997866132 310
1725405148808 169.29544476632807 311
1725405148834 169.2784112806678 312
1725405148856 169.26137952150324 313
1725405148888 169.24434948865712 314
1725405148916 169.22732118195222 315
1725405148940 169.21029460121122 316
1725405148972 169.193269746257 317
1725405149005 169.17624661691227 318
1725405149035 169.15922521299993 319
1725405149068 169.14220553434276 320
1725405149099 169.12518758076368 321
1725405149124 169.1081713520855 322
1725405149152 169.0911568481312 323
1725405149183 169.0741440687236 324
1725405149218 169.05713301368564 325
1725405149250 169.04012368284037 326
1725405149281 169.02311607601064 327
1725405149310 169.00611019301954 328
1725405149342 168.98910603369 329
1725405149375 168.9721035978451 330
1725405149402 168.95510288530784 331
1725405149432 168.93810389590132 332
1725405149461 168.9211066294486 333
1725405149493 168.9041110857728 334
1725405149523 168.88711726469703 335
1725405149552 168.8701251660444 336
1725405149575 168.8531347896381 337
1725405149609 168.8361461353013 338
1725405149639 168.8191592028572 339
1725405149670 168.80217399212898 340
1725405149700 168.7851905029399 341
1725405149732 168.7682087351132 342
1725405149758 168.75122868847217 343
1725405149802 168.73425036284007 344
1725405149831 168.7172737580402 345
1725405149860 168.7002988738959 346
1725405149886 168.6833257102305 347
1725405149917 168.66635426686736 348
1725405149946 168.64938454362988 349
1725405149972 168.6324165403415 350
1725405150002 168.6154502568255 351
1725405150033 168.59848569290543 352
1725405150056 168.58152284840472 353
1725405150083 168.5645617231468 354
1725405150109 168.54760231695522 355
1725405150132 168.5306446296535 356
1725405150160 168.51368866106506 357
1725405150184 168.49673441101353 358
1725405150209 168.47978187932253 359
1725405150240 168.46283106581552 360
1725405150272 168.44588197031618 361
1725405150302 168.42893459264815 362
1725405150334 168.41198893263498 363
1725405150367 168.3950449901004 364
1725405150397 168.37810276486806 365
1725405150427 168.36116225676165 366
1725405150458 168.34422346560493 367
1725405150488 168.32728639122158 368
1725405150517 168.31035103343535 369
1725405150551 168.29341739207004 370
1725405150583 168.27648546694945 371
1725405150624 168.25955525789735 372
1725405150657 168.24262676473757 373
1725405150685 168.22569998729395 374
1725405150720 168.20877492539037 375
1725405150749 168.19185157885073 376
1725405150778 168.17492994749887 377
1725405150809 168.15801003115874 378
1725405150840 168.14109182965433 379
1725405150868 168.12417534280948 380
1725405150902 168.10726057044826 381
1725405150930 168.0903475123946 382
1725405150958 168.07343616847257 383
1725405150988 168.05652653850612 384
1725405151020 168.03961862231938 385
1725405151051 168.02271241973637 386
1725405151077 168.0058079305812 387
1725405151108 167.98890515467792 388
1725405151138 167.97200409185072 389
1725405151166 167.95510474192366 390
1725405151196 167.93820710472102 391
1725405151227 167.92131118006688 392
1725405151250 167.9044169677854 393
1725405151276 167.88752446770093 394
1725405151308 167.8706336796376 395
1725405151333 167.85374460341967 396
1725405151369 167.83685723887146 397
1725405151400 167.81997158581714 398
1725405151427 167.8030876440812 399
1725405151459 167.78620541348778 400
1725405151491 167.76932489386138 401
1725405151521 167.75244608502624 402
1725405151550 167.7355689868068 403
1725405151583 167.71869359902743 404
1725405151611 167.70181992151262 405
1725405151639 167.6849479540867 406
1725405151667 167.66807769657422 407
1725405151690 167.65120914879958 408
1725405151725 167.63434231058733 409
1725405151757 167.6174771817619 410
1725405151783 167.60061376214787 411
1725405151815 167.58375205156983 412
1725405151841 167.56689204985227 413
1725405151865 167.55003375681977 414
1725405151899 167.533177172297 415
1725405151928 167.51632229610854 416
1725405151952 167.49946912807906 417
1725405151986 167.48261766803313 418
1725405152017 167.4657679157955 419
1725405152047 167.4489198711909 420
1725405152077 167.43207353404398 421
1725405152114 167.41522890417946 422
1725405152137 167.3983859814221 423
1725405152165 167.3815447655967 424
1725405152198 167.36470525652803 425
1725405152228 167.34786745404085 426
1725405152249 167.33103135796006 427
1725405152282 167.3141969681105 428
1725405152310 167.29736428431696 429
1725405152342 167.28053330640435 430
1725405152375 167.2637040341976 431
1725405152404 167.24687646752156 432
1725405152436 167.2300506062012 433
1725405152469 167.21322645006148 434
1725405152501 167.19640399892737 435
1725405152531 167.17958325262384 436
1725405152559 167.16276421097592 437
1725405152588 167.14594687380864 438
1725405152616 167.129131240947 439
1725405152641 167.1123173122161 440
1725405152668 167.09550508744104 441
1725405152701 167.07869456644684 442
1725405152735 167.06188574905872 443
1725405152767 167.04507863510173 444
1725405152792 167.0282732244011 445
1725405152824 167.01146951678191 446
1725405152851 166.99466751206947 447
1725405152874 166.97786721008885 448
1725405152905 166.96106861066542 449
1725405152939 166.94427171362435 450
1725405152968 166.92747651879085 451
1725405153000 166.91068302599032 452
1725405153032 166.89389123504805 453
1725405153064 166.87710114578925 454
1725405153100 166.86031275803933 455
1725405153129 166.84352607162364 456
1725405153161 166.8267410863676 457
1725405153182 166.80995780209653 458
1725405153206 166.79317621863586 459
1725405153234 166.7763963358111 460
1725405153257 166.75961815344758 461
1725405153287 166.74284167137083 462
1725405153319 166.72606688940633 463
1725405153355 166.70929380737957 464
1725405153383 166.6925224251161 465
1725405153412 166.67575274244143 466
1725405153438 166.65898475918112 467
1725405153468 166.64221847516075 468
1725405153497 166.62545389020596 469
1725405153524 166.6086910041423 470
1725405153555 166.5919298167954 471
1725405153581 166.575170327991 472
1725405153609 166.5584125375547 473
1725405153643 166.54165644531216 474
1725405153675 166.52490205108913 475
1725405153708 166.50814935471132 476
1725405153735 166.49139835600448 477
1725405153762 166.47464905479438 478
1725405153792 166.45790145090675 479
1725405153819 166.44115554416746 480
1725405153840 166.42441133440227 481
1725405153866 166.407668821437 482
1725405153891 166.39092800509755 483
1725405153916 166.3741888852098 484
1725405153942 166.3574514615996 485
1725405153973 166.34071573409287 486
1725405154009 166.32398170251548 487
1725405154040 166.30724936669353 488
1725405154066 166.2905187264528 489
1725405154090 166.2737897816194 490
1725405154119 166.2570625320192 491
1725405154150 166.24033697747834 492
1725405154181 166.22361311782282 493
1725405154209 166.2068909528787 494
1725405154239 166.190170482472 495
1725405154270 166.17345170642886 496
1725405154297 166.15673462457536 497
1725405154325 166.14001923673766 498
1725405154353 166.12330554274186 499
