1725358365204 175.8113297166922 0
1725358365225 175.4552084697123 1
1725358365249 175.09988552215933 2
1725358365270 174.74535898822492 3
1725358365291 174.39162698675247 4
1725358365312 174.0386876412253 5
1725358365337 173.6865390797547 6
1725358365364 173.33517943506808 7
1725358365387 172.9846068444966 8
1725358365412 172.63481944996383 9
1725358365437 172.2858153979735 10
1725358365464 171.93759283959776 11
1725358365486 171.59014993046551 12
1725358365506 171.24348483075053 13
1725358365531 170.89759570515966 14
1725358365564 170.55248072292127 15
1725358365584 170.20813805777354 16
1725358365605 169.86456588795275 17
1725358365632 169.52176239618169 18
1725358365652 169.17972576965818 19
1725358365675 168.83845420004343 20
1725358365698 168.49794588345057 21
1725358365722 168.1581990204332 22
1725358365746 167.81921181597383 23
1725358365776 167.4809824794727 24
1725358365798 167.143509224736 25
1725358365823 166.80679026996495 26
1725358365844 166.47082383774418 27
1725358365864 166.13560815503067 28
1725358365887 165.80114145314218 29
1725358365911 165.46742196774628 30
1725358365934 165.13444793884915 31
1725358365955 164.80221761078417 32
1725358365974 164.4707292322011 33
1725358365994 164.13998105605475 34
1725358366013 163.80997133959391 35
1725358366033 163.4806983443505 36
1725358366052 163.15216033612822 37
1725358366071 162.82435558499193 38
1725358366092 162.4972823652565 39
1725358366111 162.1709389554758 40
1725358366130 161.84532363843206 41
1725358366151 161.52043470112469 42
1725358366173 161.19627043475967 43
1725358366194 160.87282913473874 44
1725358366215 160.5501091006484 45
1725358366238 160.22810863624954 46
1725358366258 159.90682604946628 47
1725358366274 159.58625965237562 48
1725358366298 159.26640776119655 49
1725358366320 158.94726869627962 50
1725358366339 158.62884078209623 51
1725358366359 158.31112234722795 52
1725358366389 157.99411172435626 53
1725358366458 157.6778072502517 54
1725358366478 157.3622072657636 55
1725358366499 157.0473101158096 56
1725358366519 156.73311414936512 57
1725358366539 156.419617719453 58
1725358366571 156.10681918313315 59
1725358366589 155.79471690149222 60
1725358366614 155.48330923963326 61
1725358366635 155.1725945666654 62
1725358366655 154.86257125569352 63
1725358366672 154.55323768380828 64
1725358366698 154.24459223207555 65
1725358366720 153.93663328552654 66
1725358366739 153.62935923314745 67
1725358366761 153.32276846786948 68
1725358366783 153.0168593865586 69
1725358366802 152.71163039000558 70
1725358366829 152.40707988291595 71
1725358366849 152.1032062738999 72
1725358366867 151.8000079754624 73
1725358366889 151.4974834039931 74
1725358366911 151.1956309797565 75
1725358366934 150.8944491268821 76
1725358366954 150.59393627335436 77
1725358366975 150.29409085100298 78
1725358366998 149.99491129549293 79
1725358367032 149.69639604631485 80
1725358367062 149.39854354677504 81
1725358367082 149.10135224398599 82
1725358367104 148.80482058885636 83
1725358367125 148.50894703608148 84
1725358367144 148.2137300441337 85
1725358367164 147.91916807525257 86
1725358367184 147.62525959543544 87
1725358367206 147.3320030744276 88
1725358367222 147.03939698571307 89
1725358367245 146.74743980650473 90
1725358367267 146.45613001773498 91
1725358367292 146.1654661040462 92
1725358367314 145.8754465537814 93
1725358367340 145.58606985897453 94
1725358367360 145.29733451534136 95
1725358367381 145.00923902226995 96
1725358367405 144.72178188281114 97
1725358367423 144.43496160366956 98
1725358367442 144.1487766951941 99
1725358367460 143.86322567136853 100
1725358367480 143.5783070498025 101
1725358367507 143.29401935172217 102
1725358367528 143.01036110196094 103
1725358367550 142.72733082895036 104
1725358367581 142.44492706471098 105
1725358367603 142.16314834484302 106
1725358367624 141.88199320851766 107
1725358367645 141.60146019846744 108
1725358367667 141.32154786097766 109
1725358367687 141.04225474587696 110
1725358367708 140.7635794065287 111
1725358367729 140.48552039982155 112
1725358367749 140.20807628616092 113
1725358367769 139.93124562945962 114
1725358367788 139.65502699712937 115
1725358367808 139.37941896007152 116
1725358367826 139.10442009266848 117
1725358367852 138.8300289727746 118
1725358367871 138.55624418170765 119
1725358367891 138.28306430423976 120
1725358367913 138.01048792858876 121
1725358367934 137.7385136464094 122
1725358367953 137.46714005278466 123
1725358367973 137.1963657462171 124
1725358367991 136.92618932861996 125
1725358368012 136.65660940530876 126
1725358368029 136.38762458499244 127
1725358368050 136.11923347976497 128
1725358368071 135.85143470509658 129
1725358368090 135.58422687982525 130
1725358368110 135.31760862614826 131
1725358368131 135.05157856961347 132
1725358368153 134.78613533911104 133
1725358368174 134.52127756686485 134
1725358368194 134.25700388842395 135
1725358368222 133.9933129426544 136
1725358368251 133.7302033717306 137
1725358368276 133.467673821127 138
1725358368297 133.20572293960979 139
1725358368320 132.9443493792285 140
1725358368340 132.68355179530764 141
1725358368382 132.42332884643855 142
1725358368405 132.16367919447097 143
1725358368427 131.90460150450494 144
1725358368447 131.64609444488235 145
1725358368471 131.3881566871791 146
1725358368495 131.1307869061964 147
1725358368514 130.8739837799531 148
1725358368539 130.6177459896773 149
1725358368559 130.36207221979825 150
1725358368594 130.10696115793823 151
1725358368619 129.8524114949047 152
1725358368639 129.5984219246818 153
1725358368658 129.3449911444228 154
1725358368680 129.0921178544417 155
1725358368701 128.83980075820563 156
1725358368722 128.58803856232637 157
1725358368743 128.33682997655296 158
1725358368763 128.0861737137633 159
1725358368785 127.83606848995659 160
1725358368806 127.58651302424522 161
1725358368828 127.33750603884698 162
1725358368852 127.08904625907728 163
1725358368874 126.84113241334128 164
1725358368902 126.59376323312598 165
1725358368924 126.34693745299263 166
1725358368945 126.10065381056884 167
1725358368966 125.85491104654096 168
1725358368986 125.60970790464613 169
1725358369005 125.36504313166486 170
1725358369028 125.1209154774132 171
1725358369050 124.87732369473507 172
1725358369070 124.63426653949467 173
1725358369090 124.3917427705689 174
1725358369110 124.14975114983962 175
1725358369130 123.9082904421863 176
1725358369150 123.66735941547819 177
1725358369170 123.42695684056704 178
1725358369190 123.18708149127946 179
1725358369213 122.9477321444093 180
1725358369235 122.70890757971044 181
1725358369254 122.47060657988926 182
1725358369275 122.23282793059697 183
1725358369298 121.99557042042237 184
1725358369318 121.75883284088462 185
1725358369342 121.52261398642554 186
1725358369363 121.28691265440246 187
1725358369385 121.0517276450808 188
1725358369403 120.81705776162676 189
1725358369430 120.58290181010003 190
1725358369449 120.34925859944651 191
1725358369470 120.1161269414911 192
1725358369490 119.88350565093039 193
1725358369509 119.65139354532528 194
1725358369530 119.41978944509422 195
1725358369549 119.1886921735055 196
1725358369569 118.95810055667054 197
1725358369601 118.7280134235364 198
1725358369622 118.49842960587881 199
1725358369645 118.26934793829503 200
1725358369666 118.04076725819685 201
1725358369686 117.81268640580335 202
1725358369708 117.58510422413396 203
1725358369729 117.35801955900133 204
1725358369750 117.13143125900453 205
1725358369772 116.90533817552163 206
1725358369797 116.67973916270338 207
1725358369818 116.45463307746543 208
1725358369837 116.23001877948214 209
1725358369857 116.0058951311792 210
1725358369878 115.78226099772685 211
1725358369896 115.559115247033 212
1725358369917 115.33645674973644 213
1725358369941 115.11428437919972 214
1725358369961 114.89259701150272 215
1725358369980 114.67139352543542 216
1725358370000 114.45067280249148 217
1725358370021 114.23043372686112 218
1725358370043 114.01067518542457 219
1725358370064 113.79139606774531 220
1725358370085 113.57259526606327 221
1725358370102 113.35427167528812 222
1725358370125 113.13642419299266 223
1725358370146 112.91905171940608 224
1725358370164 112.70215315740737 225
1725358370185 112.48572741251853 226
1725358370207 112.26977339289813 227
1725358370228 112.05429000933461 228
1725358370248 111.83927617523973 229
1725358370268 111.62473080664196 230
1725358370285 111.41065282217998 231
1725358370304 111.19704114309603 232
1725358370324 110.9838946932296 233
1725358370351 110.77121239901071 234
1725358370371 110.5589931894536 235
1725358370393 110.3472359961501 236
1725358370413 110.13593975326339 237
1725358370434 109.9251033975213 238
1725358370458 109.71472586821015 239
1725358370478 109.50480610716819 240
1725358370501 109.29534305877931 241
1725358370522 109.08633566996657 242
1725358370539 108.87778289018597 243
1725358370559 108.66968367142 244
1725358370578 108.46203696817152 245
1725358370598 108.25484173745714 246
1725358370630 108.04809693880125 247
1725358370651 107.84180153422962 248
1725358370670 107.63595448826312 249
1725358370690 107.43055476791153 250
1725358370709 107.22560134266737 251
1725358370727 107.02109318449955 252
1725358370746 106.81702926784739 253
1725358370766 106.61340856961431 254
1725358370787 106.41023006916167 255
1725358370810 106.20749274830268 256
1725358370830 106.00519559129636 257
1725358370851 105.80333758484129 258
1725358370870 105.60191771806953 259
1725358370889 105.4009349825407 260
1725358370909 105.20038837223582 261
1725358370928 105.00027688355118 262
1725358370948 104.80059951529253 263
1725358370970 104.60135526866884 264
1725358370994 104.4025431472865 265
1725358371018 104.20416215714322 266
1725358371041 104.00621130662209 267
1725358371060 103.80868960648573 268
1725358371081 103.6115960698702 269
1725358371101 103.41492971227919 270
1725358371120 103.21868955157808 271
1725358371140 103.02287460798811 272
1725358371159 102.82748390408041 273
1725358371179 102.63251646477026 274
1725358371197 102.43797131731118 275
1725358371217 102.24384749128912 276
1725358371240 102.05014401861663 277
1725358371260 101.8568599335271 278
1725358371280 101.66399427256901 279
1725358371303 101.4715460746001 280
1725358371328 101.27951438078163 281
1725358371351 101.0878982345727 282
1725358371373 100.89669668172449 283
1725358371394 100.70590877027459 284
1725358371415 100.51553355054122 285
1725358371438 100.32557007511764 286
1725358371461 100.13601739886656 287
1725358371483 99.9468745789143 288
1725358371507 99.75814067464533 289
1725358371527 99.56981474769658 290
1725358371549 99.38189586195183 291
1725358371568 99.1943830835362 292
1725358371587 99.00727548081045 293
1725358371609 98.82057212436557 294
1725358371642 98.63427208701715 295
1725358371661 98.44837444379984 296
1725358371683 98.26287827196188 297
1725358371705 98.07778265095962 298
1725358371726 97.89308666245192 299
1725358371745 97.70878939029483 300
1725358371767 97.52488992053603 301
1725358371789 97.34138734140946 302
1725358371811 97.15828074332974 303
1725358371830 96.97556921888702 304
1725358371849 96.79325186284132 305
1725358371870 96.61132777211725 306
1725358371891 96.42979604579871 307
1725358371913 96.24865578512338 308
1725358371935 96.06790609347755 309
1725358371958 95.88754607639052 310
1725358371975 95.70757484152969 311
1725358372001 95.52799149869483 312
1725358372020 95.34879515981305 313
1725358372041 95.1699849389335 314
1725358372063 94.99155995222198 315
1725358372085 94.81351931795584 316
1725358372110 94.63586215651866 317
1725358372131 94.45858759039508 318
1725358372151 94.28169474416552 319
1725358372170 94.10518274450108 320
1725358372190 93.92905072015819 321
1725358372218 93.75329780197374 322
1725358372244 93.57792312285959 323
1725358372266 93.4029258177977 324
1725358372285 93.22830502383474 325
1725358372305 93.0540598800773 326
1725358372328 92.8801895276865 327
1725358372349 92.70669310987306 328
1725358372370 92.53356977189213 329
1725358372390 92.36081866103831 330
1725358372409 92.18843892664059 331
1725358372428 92.01642972005726 332
1725358372448 91.84479019467092 333
1725358372470 91.67351950588352 334
1725358372490 91.50261681111124 335
1725358372517 91.33208126977961 336
1725358372538 91.16191204331854 337
1725358372558 90.99210829515735 338
1725358372578 90.8226691907197 339
1725358372600 90.65359389741884 340
1725358372622 90.48488158465263 341
1725358372656 90.31653142379858 342
1725358372681 90.14854258820901 343
1725358372701 89.98091425320614 344
1725358372724 89.81364559607721 345
1725358372745 89.64673579606973 346
1725358372766 89.48018403438645 347
1725358372790 89.31398949418067 348
1725358372818 89.14815136055141 349
1725358372845 88.98266882053849 350
1725358372868 88.81754106311791 351
1725358372888 88.65276727919692 352
1725358372910 88.48834666160936 353
1725358372932 88.32427840511075 354
1725358372952 88.16056170637373 355
1725358372972 87.99719576398317 356
1725358372992 87.83417977843162 357
1725358373013 87.67151295211444 358
1725358373033 87.50919448932513 359
1725358373053 87.34722359625073 360
1725358373073 87.18559948096706 361
1725358373094 87.02432135343413 362
1725358373112 86.86338842549145 363
1725358373130 86.70279991085336 364
1725358373153 86.54255502510448 365
1725358373172 86.3826529856951 366
1725358373190 86.22309301193648 367
1725358373210 86.06387432499632 368
1725358373230 85.90499614789421 369
1725358373249 85.74645770549708 370
1725358373270 85.5882582245145 371
1725358373290 85.43039693349435 372
1725358373309 85.27287306281814 373
1725358373328 85.11568584469649 374
1725358373344 84.95883451316473 375
1725358373364 84.80231830407834 376
1725358373385 84.6461364551084 377
1725358373403 84.49028820573724 378
1725358373425 84.33477279725395 379
1725358373450 84.17958947274983 380
1725358373470 84.02473747711403 381
1725358373490 83.87021605702917 382
1725358373510 83.71602446096684 383
1725358373532 83.56216193918321 384
1725358373554 83.4086277437147 385
1725358373576 83.2554211283735 386
1725358373597 83.10254134874329 387
1725358373617 82.94998766217483 388
1725358373637 82.7977593277816 389
1725358373670 82.64585560643549 390
1725358373690 82.49427576076252 391
1725358373707 82.3430190551384 392
1725358373728 82.19208475568439 393
1725358373748 82.0414721302628 394
1725358373769 81.89118044847297 395
1725358373793 81.74120898164671 396
1725358373816 81.59155700284427 397
1725358373840 81.44222378685 398
1725358373861 81.29320861016811 399
1725358373886 81.14451075101843 400
1725358373907 80.99612948933218 401
1725358373928 80.84806410674797 402
1725358373947 80.7003138866072 403
1725358373967 80.55287811395026 404
1725358373987 80.40575607551212 405
1725358374008 80.25894705971834 406
1725358374031 80.11245035668075 407
1725358374052 79.96626525819345 408
1725358374069 79.82039105772851 409
1725358374092 79.67482705043206 410
1725358374115 79.52957253312007 411
1725358374138 79.38462680427415 412
1725358374155 79.23998916403771 413
1725358374176 79.09565891421164 414
1725358374201 78.95163535825037 415
1725358374220 78.80791780125774 416
1725358374240 78.66450554998306 417
1725358374261 78.52139791281695 418
1725358374282 78.3785941997874 419
1725358374306 78.23609372255574 420
1725358374327 78.09389579441255 421
1725358374347 77.95199973027377 422
1725358374367 77.81040484667662 423
1725358374388 77.66911046177583 424
1725358374406 77.52811589533933 425
1725358374428 77.38742046874458 426
1725358374448 77.24702350497452 427
1725358374471 77.10692432861364 428
1725358374490 76.96712226584411 429
1725358374510 76.82761664444166 430
1725358374530 76.68840679377202 431
1725358374550 76.54949204478667 432
1725358374569 76.41087173001922 433
1725358374594 76.27254518358139 434
1725358374612 76.13451174115916 435
1725358374634 75.996770740009 436
1725358374654 75.85932151895388 437
1725358374683 75.72216341837957 438
1725358374702 75.58529578023074 439
1725358374721 75.4487179480072 440
1725358374739 75.31242926676 441
1725358374758 75.17642908308764 442
1725358374777 75.0407167451325 443
1725358374803 74.90529160257668 444
1725358374823 74.7701530066386 445
1725358374845 74.63530031006893 446
1725358374865 74.50073286714714 447
1725358374888 74.36645003367755 448
1725358374915 74.23245116698563 449
1725358374935 74.09873562591436 450
1725358374956 73.96530277082044 451
1725358374976 73.83215196357057 452
1725358374997 73.6992825675379 453
1725358375018 73.56669394759814 454
1725358375038 73.43438547012613 455
1725358375057 73.30235650299188 456
1725358375084 73.17060641555724 457
1725358375103 73.03913457867183 458
1725358375123 72.90794036467 459
1725358375143 72.77702314736659 460
1725358375162 72.6463823020537 461
1725358375181 72.51601720549695 462
1725358375200 72.38592723593192 463
1725358375219 72.25611177306044 464
1725358375236 72.12657019804719 465
1725358375254 71.99730189351604 466
1725358375273 71.86830624354636 467
1725358375298 71.73958263366978 468
1725358375318 71.61113045086627 469
1725358375339 71.48294908356091 470
1725358375360 71.35503792162021 471
1725358375377 71.22739635634856 472
1725358375399 71.10002378048485 473
1725358375421 70.97291958819879 474
1725358375442 70.8460831750877 475
1725358375460 70.71951393817271 476
1725358375481 70.59321127589548 477
1725358375505 70.46717458811464 478
1725358375527 70.34140327610241 479
1725358375548 70.21589674254109 480
1725358375570 70.09065439151973 481
1725358375594 69.96567562853048 482
1725358375615 69.84095986046538 483
1725358375636 69.71650649561283 484
1725358375657 69.5923149436543 485
1725358375686 69.46838461566077 486
1725358375709 69.34471492408944 487
1725358375730 69.2213052827804 488
1725358375749 69.09815510695316 489
1725358375769 68.97526381320328 490
1725358375789 68.8526308194992 491
1725358375806 68.73025554517854 492
1725358375827 68.60813741094519 493
1725358375847 68.4862758388657 494
1725358375867 68.36467025236597 495
1725358375889 68.24332007622809 496
1725358375910 68.12222473658687 497
1725358375932 68.00138366092669 498
1725358375952 67.88079627807814 499
