1725358991298 4.294856725925036 0
1725358991352 5.456999426347402 1
1725358991421 5.0189827429694125 2
1725358991487 5.512653457792136 3
1725358991551 4.898785972011917 4
1725358991612 4.26967807085014 5
1725358991684 3.0636195422597665 6
1725358991771 5.310702019196702 7
1725358991825 5.963816668367371 8
1725358991880 6.4860067970995985 9
1725358991943 4.667125097202125 10
1725358991997 2.8414751503518905 11
1725358992057 1.0293456669721501 12
1725358992111 3.340923653498087 13
1725358992168 3.7373301888031425 14
1725358992227 12.724908798947464 15
1725358992280 6.476960408206379 16
1725358992333 787.9954111052293 17
1725358992399 6133.491780938528 18
1725358992461 1.7479206501333815 19
1725358992525 884.0291218302492 20
1725358992578 251.58334867385668 21
1725358992636 1047143.7110829853 22
1725358992698 77097020.93724811 23
1725358992786 35717873.29930387 24
1725358992862 36838599.074470624 25
1725358992934 179162853.95421502 26
1725358993136 1679915156.7746627 27
1725358993183 58104754.46211508 28
1725358993236 8207552436.578313 29
1725358993296 38475728037.94926 30
1725358993358 4290982325.790862 31
1725358993426 79985577050.36546 32
1725358993523 139750386331.9248 33
1725358993586 484865272610.3247 34
1725358993651 389899637947.8461 35
1725358993718 81401429691.85738 36
1725358993786 6448636925.143209 37
1725358993842 3439098960017710.0 38
1725358993909 30980227237067.242 39
1725358993976 409456727294151.2 40
1725358994030 264199375094310.53 41
1725358994099 5.838339780216352e+17 42
1725358994161 3304826699169872.5 43
1725358994215 2.2255497429113437e+17 44
1725358994289 4.5057726960421304e+16 45
1725358994351 6.396603652358395e+17 46
1725358994411 3.0513122296251136e+18 47
1725358994465 1.0851826054269328e+21 48
1725358994531 2.6878489686575534e+19 49
1725358994606 2.1888969662045983e+21 50
1725358994675 2.526585445352862e+17 51
1725358994741 7.533397787622308e+21 52
1725358994808 1.4127069045910602e+21 53
1725358994867 4.374647870120715e+22 54
1725358994927 1.4687326383999547e+23 55
1725358994992 8.170180604434676e+23 56
1725358995053 6.278317244379151e+24 57
1725358995117 2.459565401538636e+24 58
1725358995179 3.517426552385627e+24 59
1725358995233 1.0795818277126186e+27 60
1725358995297 2.4571974796736073e+28 61
1725358995363 6.872995061851295e+27 62
1725358995423 3.6238126452281335e+27 63
1725358995476 5.628403807849233e+28 64
1725358995540 3.8526350928045866e+28 65
1725358995601 7.879368328737627e+29 66
1725358995651 4.284039120389497e+28 67
1725358995709 1.5570328542912973e+25 68
1725358995768 1.760699770944511e+31 69
1725358995827 1.603537448036538e+32 70
1725358995905 9.269290054680494e+30 71
1725358995967 5.919421709467458e+32 72
1725358996029 3.0504585424836454e+33 73
1725358996090 3.2708298826233474e+31 74
1725358996147 3.81734245929921e+33 75
1725358996208 1.0840780129376305e+35 76
1725358996268 6.184972227674856e+36 77
1725358996331 2.1830864473121526e+36 78
1725358996392 1.760721822575657e+36 79
1725358996445 4.117552394085514e+35 80
1725358996504 1.890122253142841e+39 81
1725358996565 7.459375509982933e+39 82
1725358996628 8.193072174326071e+34 83
1725358996689 4.262675647372879e+37 84
1725358996752 1.8956070413425203e+38 85
1725358996820 1.04312381735432e+43 86
1725358996878 2.124212089623877e+40 87
1725358996929 1.799669547688288e+43 88
1725358996996 8.119020598424141e+42 89
1725358997051 5.2533888545688e+44 90
1725358997104 1.2137261801961289e+42 91
1725358997162 1.3527771791988275e+40 92
1725358997216 1.6039235069721792e+41 93
1725358997280 3.2499072167356653e+44 94
1725358997333 8.743039354561263e+44 95
1725358997386 5.87796213662786e+45 96
1725358997446 4.670568775015537e+44 97
1725358997506 7.819096326558469e+46 98
1725358997565 5.671759456531826e+47 99
1725358997625 2.2594095547700687e+47 100
1725358997692 3.1959111999662915e+49 101
1725358997775 1.0060911723447023e+49 102
1725358997845 2.0011849538167017e+46 103
1725358997911 9.346998296797253e+51 104
1725358997987 1.950975494725978e+51 105
1725358998069 8.206941516345471e+52 106
1725358998135 5.813151619920366e+53 107
1725358998195 9.379449234658266e+51 108
1725358998258 4.880790912585351e+53 109
1725358998330 1.550536340134655e+52 110
1725358998410 4.845757562540849e+56 111
1725358998477 6.169124247383062e+54 112
1725358998529 2.4711629945767507e+54 113
1725358998584 5.084644662155827e+52 114
1725358998654 1.1669381403668165e+54 115
1725358998702 6.493090654714454e+54 116
1725358998755 4.5555625754566463e+58 117
1725358998827 2.652520974819798e+58 118
1725358998882 1.4000547739786003e+58 119
1725358998949 2.836167420307183e+58 120
1725358999021 1.0026792566169358e+60 121
1725358999097 8.67740273999065e+58 122
1725358999176 3.679327720280037e+62 123
1725358999249 8.1144959847908635e+62 124
1725358999323 4.050540743654342e+62 125
1725358999376 1.2623714597731242e+62 126
1725358999444 1.806077214660197e+62 127
1725358999528 9.971422868342817e+63 128
1725358999597 2.3601237944233696e+64 129
1725358999670 1.3955770222394912e+64 130
1725358999746 1.2906727870602254e+64 131
1725358999815 5.485531364326202e+65 132
1725358999865 6.074164442831502e+66 133
1725358999920 4.065237843681742e+66 134
1725358999990 5.098482495736911e+69 135
1725359000052 1.3670308075154286e+70 136
1725359000101 9.555491616818692e+67 137
1725359000153 1.667056450891613e+68 138
1725359000213 1.868589449813484e+70 139
1725359000267 1.631196209610218e+70 140
1725359000342 8.076592661220864e+69 141
1725359000409 2.7925010041702894e+70 142
1725359000495 1.2706261685440307e+70 143
1725359000574 7.37720378736726e+72 144
1725359000652 6.846980864936828e+72 145
1725359000716 5.861637238072305e+72 146
1725359000773 7.458238810603538e+71 147
1725359000835 1.96874705722663e+75 148
1725359000889 2.1376527982322122e+72 149
1725359000955 2.6444557667076485e+77 150
1725359001018 2.5735932336726594e+74 151
1725359001078 2.1207358791336157e+75 152
1725359001140 4.4713958248191024e+77 153
1725359001201 2.3435247291883637e+79 154
1725359001254 8.838812759425346e+77 155
1725359001316 1.2018664194394817e+76 156
1725359001382 2.516149593255103e+77 157
1725359001434 2.0351888562954853e+82 158
1725359001498 3.6369200953811786e+80 159
1725359001563 2.874541259669662e+79 160
1725359001625 5.7397613961080315e+78 161
1725359001679 7.2789951927179e+79 162
1725359001737 5.639634254743639e+81 163
1725359001795 4.4261084482534546e+83 164
1725359001845 1.6494491298907162e+82 165
1725359001898 1.2074990466909882e+85 166
1725359001965 1.3643218666857093e+83 167
1725359002028 6.599959870855927e+86 168
1725359002100 3.2185603563946363e+86 169
1725359002164 3.1919918091565986e+85 170
1725359002224 5.890726263620745e+86 171
1725359002277 1.0710249808850113e+88 172
1725359002340 2.287352722482237e+87 173
1725359002404 3.0093326092526204e+89 174
1725359002463 2.2967416618583963e+90 175
1725359002529 3.961547768716956e+91 176
1725359002595 1.4673307315295238e+90 177
1725359002656 2.7293035947841395e+89 178
1725359002722 6.779158639225092e+90 179
1725359002784 4.838175861615482e+90 180
1725359002843 5.994731650153265e+91 181
1725359002898 3.43512969850042e+94 182
1725359002962 1.3811354284973095e+95 183
1725359003018 1.3088685565427166e+93 184
1725359003071 8.712191427133826e+94 185
1725359003136 8.851533697459644e+93 186
1725359003196 1.3342059993382165e+95 187
1725359003260 4.465887375238209e+96 188
1725359003333 1.7803428130369828e+97 189
1725359003406 1.6415786308010517e+98 190
1725359003469 4.218048356046776e+97 191
1725359003534 1.4265853129272522e+99 192
1725359003590 4.73515111282694e+99 193
1725359003667 1.2204458885626028e+97 194
1725359003721 1.0723219423354806e+99 195
1725359003774 4.495223245396139e+102 196
1725359003837 5.809486325421203e+103 197
1725359003907 4.502965934054685e+100 198
1725359003967 2.467316711652944e+100 199
1725359004028 2.9272018098212744e+104 200
1725359004084 1.6385712202903355e+104 201
1725359004137 1.8322899454001526e+103 202
1725359004206 1.0722501713875323e+104 203
1725359004276 5.11171478132287e+105 204
1725359004350 4.5473666117834867e+104 205
1725359004412 3.817269120769055e+102 206
1725359004476 3.875093215603747e+106 207
1725359004540 2.9251024512650576e+109 208
1725359004608 3.548034327787675e+107 209
1725359004676 4.9653550067001794e+107 210
1725359004748 2.0501167859337981e+111 211
1725359004809 3.357552102472682e+108 212
1725359004871 1.057752039249032e+111 213
1725359004941 2.7985474482221486e+111 214
1725359004994 3.253105183994234e+112 215
1725359005053 1.3497347669099397e+113 216
1725359005117 9.286405989772364e+111 217
1725359005181 2.0176562372656555e+111 218
1725359005249 2.843922432392766e+111 219
1725359005312 3.2716839149426063e+115 220
1725359005374 8.90901653104212e+112 221
1725359005435 1.4749645901880396e+116 222
1725359005500 6.1444724430390546e+116 223
1725359005563 7.563847793221402e+115 224
1725359005618 3.880959199425783e+116 225
1725359005679 1.8673538756403624e+116 226
1725359005730 3.82784176982918e+117 227
1725359005789 2.501689641674448e+118 228
1725359005845 3.219270114963743e+117 229
1725359005913 8.55105826632469e+118 230
1725359005967 6.84918100902361e+119 231
1725359006021 2.3480502361838747e+121 232
1725359006085 1.7175786651454994e+121 233
1725359006145 1.2358874812317311e+123 234
1725359006207 7.329588470276181e+120 235
1725359006264 2.5145629779060063e+123 236
1725359006324 7.742114413816662e+123 237
1725359006377 1.0829165108255278e+124 238
1725359006437 3.667197511666497e+125 239
1725359006509 3.085917650082296e+123 240
1725359006571 7.29238136547093e+125 241
1725359006636 8.659881324632223e+127 242
1725359006699 6.905404917900163e+128 243
1725359006754 4.016154187246322e+120 244
1725359006810 4.2092026957231205e+126 245
1725359006863 1.8879336411643103e+128 246
1725359006929 1.6765534708114678e+129 247
1725359006993 2.1514209067841214e+128 248
1725359007052 9.166712196785187e+128 249
1725359007119 6.5361402017917265e+128 250
1725359007183 8.333774801257877e+129 251
1725359007245 2.4075921899541606e+131 252
1725359007309 3.484445598761775e+131 253
1725359007366 1.043459476535419e+134 254
1725359007422 6.143552541323606e+133 255
1725359007490 1.615017643896859e+135 256
1725359007543 4.7105514247834516e+134 257
1725359007613 2.370631453234838e+133 258
1725359007681 6.395164786908429e+135 259
1725359007738 8.673778872459386e+134 260
1725359007801 1.0296132381675664e+138 261
1725359007860 7.47615304599744e+138 262
1725359007913 5.309250577181758e+139 263
1725359007972 4.534659874878808e+137 264
1725359008025 1.6646815341665506e+136 265
1725359008081 4.339876475113672e+139 266
1725359008142 1.8993965617407785e+138 267
1725359008202 9.176408553548636e+139 268
1725359008264 3.9161548788513267e+141 269
1725359008318 3.465289933296083e+139 270
1725359008372 6.762440861642864e+141 271
1725359008424 5.049704004586681e+142 272
1725359008485 3.1420170636997674e+142 273
1725359008548 2.4218534185796373e+144 274
1725359008603 2.201363672613306e+143 275
1725359008650 5.8954026391119364e+144 276
1725359008721 1.1427529840453791e+147 277
1725359008776 2.454088418710957e+146 278
1725359008846 8.916440517889847e+144 279
1725359008922 6.126776699171059e+145 280
1725359008991 5.009548726140695e+144 281
1725359009049 3.1573269032744485e+146 282
1725359009116 1.2283244751413186e+148 283
1725359009183 9.405141381577617e+147 284
1725359009279 4.882297775007679e+150 285
1725359009355 2.951042663391689e+150 286
1725359009415 1.607021968902796e+150 287
1725359009495 5.189287612324695e+152 288
1725359009559 3.914598959846236e+151 289
1725359009614 3.744521219919231e+153 290
1725359009687 6.26254520695172e+152 291
1725359009758 3.843544659813417e+153 292
1725359009834 4.5943078799439065e+155 293
1725359009940 1.616822574798946e+154 294
1725359010016 4.06555967952961e+156 295
1725359010086 2.4661931183871423e+156 296
1725359010159 1.547321115893648e+154 297
1725359010244 1.8813245615633682e+153 298
1725359010299 3.6250786366569694e+156 299
1725359010372 5.266779184555528e+156 300
1725359010446 3.2756422927948006e+156 301
1725359010500 6.312964304610981e+159 302
1725359010556 5.589310904227327e+159 303
1725359010611 8.27532084636475e+159 304
1725359010669 2.599299248867747e+162 305
1725359010748 6.40731981036418e+159 306
1725359010804 1.6869218215939989e+162 307
1725359010861 8.189351446610109e+161 308
1725359010924 1.7361593804160906e+163 309
1725359010993 1.8806516950979273e+160 310
1725359011093 8.989978365546492e+164 311
1725359011154 3.325854231491477e+163 312
1725359011220 2.325320798404663e+166 313
1725359011279 1.1982393356803944e+165 314
1725359011343 9.961023660883773e+164 315
1725359011415 4.5740835183545205e+166 316
1725359011481 4.658849801049787e+166 317
1725359011548 7.385850121110859e+169 318
1725359011602 1.084891256142606e+170 319
1725359011664 5.395360866127972e+170 320
1725359011725 1.6522055034524874e+171 321
1725359011791 2.4593916179030203e+168 322
1725359011854 2.392964277495274e+172 323
1725359011919 2.256128794048581e+169 324
1725359011989 3.818684741727838e+173 325
1725359012054 5.788020719662017e+173 326
1725359012114 9.497735842254041e+170 327
1725359012160 3.754800371781341e+173 328
1725359012205 1.0619284795815852e+175 329
1725359012244 1.3945575493292478e+175 330
1725359012308 1.4756642916408176e+177 331
1725359012361 2.6556785044252733e+176 332
1725359012414 9.25937273584182e+176 333
1725359012465 1.6720308254591104e+177 334
1725359012532 1.3118355105322822e+179 335
1725359012616 3.2923363961779006e+177 336
1725359012696 3.015547360401452e+176 337
1725359012793 1.0168650927346469e+180 338
1725359012854 4.899473113331027e+180 339
1725359012953 1.3401226524221289e+181 340
1725359012995 9.993125984719441e+178 341
1725359013056 1.7173977757668041e+180 342
1725359013140 6.475646393962764e+180 343
1725359013199 7.3670362543780565e+180 344
1725359013279 3.0308564492106175e+182 345
1725359013340 4.176933737766441e+184 346
1725359013396 1.0928928716131898e+182 347
1725359013462 2.2323115886147047e+185 348
1725359013522 2.3364645981135782e+185 349
1725359013585 5.104038875299376e+187 350
1725359013662 3.1723852808410185e+183 351
1725359013755 1.9265277533088895e+187 352
1725359013814 5.348129676641287e+185 353
1725359013868 3.274522980304902e+188 354
1725359013938 6.463799327817862e+187 355
1725359014004 2.2793082140478775e+188 356
1725359014054 2.331128464966148e+189 357
1725359014117 3.0709124936987276e+189 358
1725359014187 1.7390703545246007e+186 359
1725359014251 2.336355451805397e+191 360
1725359014319 6.362683536313579e+191 361
1725359014380 1.3920200429361781e+192 362
1725359014453 5.3872629251458697e+194 363
1725359014507 1.9446564097307293e+191 364
1725359014574 1.6224343572178805e+192 365
1725359014636 1.5461078148496423e+194 366
1725359014697 1.2735204749416735e+194 367
1725359014779 3.35803989432508e+195 368
1725359014841 7.817041007699099e+195 369
1725359014916 6.232435750156451e+196 370
1725359014974 6.965564938554778e+193 371
1725359015043 6.4395562013822356e+196 372
1725359015125 1.570462924393443e+197 373
1725359015248 3.1305600986920785e+199 374
1725359015363 3.7790451062338215e+200 375
1725359015438 8.519267855579815e+200 376
1725359015493 1.263905519535219e+199 377
1725359015562 9.605170984459962e+199 378
1725359015631 9.779719985138053e+200 379
1725359015687 1.714432320763901e+203 380
1725359015747 4.925980434795933e+202 381
1725359015801 3.20626801369533e+201 382
1725359015865 4.1351002094528905e+203 383
1725359015935 3.928199838987565e+203 384
1725359015991 4.447764202044185e+206 385
1725359016048 3.274852915975288e+200 386
1725359016107 1.6030431212101276e+204 387
1725359016170 3.09101213936717e+206 388
1725359016227 1.2567111566381225e+206 389
1725359016295 2.647971491412094e+207 390
1725359016359 1.3431096187898914e+207 391
1725359016420 5.560358748794064e+206 392
1725359016491 5.453554060518617e+207 393
1725359016567 6.328065752459367e+207 394
1725359016632 7.397599043311614e+208 395
1725359016702 4.107566891527176e+209 396
1725359016769 5.021278517217506e+210 397
1725359016823 4.0314412963706405e+210 398
1725359016898 1.9385738041826817e+213 399
1725359016967 6.001314360067805e+210 400
1725359017027 7.458492512498513e+214 401
1725359017099 1.384889128745552e+214 402
1725359017165 2.989206414135299e+215 403
1725359017259 5.255463817281156e+214 404
1725359017329 2.3976534440933335e+213 405
1725359017416 2.0100909525714274e+215 406
1725359017491 4.737893473742612e+217 407
1725359017564 6.817797129070649e+218 408
1725359017622 1.1862819357518458e+219 409
1725359017732 6.672103459232913e+217 410
1725359017810 1.0247106399701926e+220 411
1725359017858 2.475622338463447e+219 412
1725359017923 1.845308411401844e+218 413
1725359017991 2.5105651197942672e+221 414
1725359018059 9.862730274066768e+218 415
1725359018123 4.760618338601578e+220 416
1725359018187 3.428396099329862e+221 417
1725359018261 6.181828335386544e+222 418
1725359018324 1.7794021097658793e+224 419
1725359018382 2.6088490269380365e+223 420
1725359018450 1.2648050024721558e+224 421
1725359018516 3.93831290885876e+223 422
1725359018577 3.468325970440298e+226 423
1725359018647 2.5641757834315217e+228 424
1725359018721 5.811807097850735e+225 425
1725359018779 7.959021346018652e+226 426
1725359018834 1.3763328633321438e+230 427
1725359018898 1.393738929383375e+226 428
1725359018957 7.3523469483956845e+227 429
1725359019018 2.708626058925316e+229 430
1725359019086 1.9114541611967896e+227 431
1725359019149 9.796185656756086e+231 432
1725359019214 4.15186684872951e+230 433
1725359019279 3.0358114413363556e+229 434
1725359019338 3.369020113414835e+229 435
1725359019399 1.646846580158729e+233 436
1725359019461 1.3845020349299248e+234 437
1725359019523 7.519232376506246e+235 438
1725359019590 2.2480488114752635e+232 439
1725359019654 5.384080745073519e+236 440
1725359019715 2.4687371555706976e+235 441
1725359019794 2.7552284610054066e+235 442
1725359019906 1.1873007409247309e+238 443
1725359019970 2.3589187232217179e+238 444
1725359020039 1.2328783548762306e+235 445
1725359020113 5.980948329042998e+239 446
1725359020182 3.555260950308471e+237 447
1725359020245 8.49386315762569e+237 448
1725359020308 6.545771145368977e+239 449
1725359020382 1.7876362194859962e+241 450
1725359020444 4.085417870364145e+242 451
1725359020498 2.3945505043546478e+240 452
1725359020554 1.57197230480369e+242 453
1725359020608 3.4871602654689702e+242 454
1725359020673 1.125765799396952e+244 455
1725359020741 7.618076587692008e+240 456
1725359020796 2.5409260354940893e+245 457
1725359020846 1.1759462408209017e+246 458
1725359020911 3.068673458398163e+246 459
1725359020975 5.283347666920896e+242 460
1725359021049 3.2855740166251707e+242 461
1725359021112 7.755443898736346e+247 462
1725359021188 3.995211728733674e+247 463
1725359021246 4.0876938173594515e+248 464
1725359021311 1.938239714969587e+248 465
1725359021375 1.9107688048805922e+248 466
1725359021445 4.661605802280902e+250 467
1725359021501 9.380948145570347e+250 468
1725359021554 1.3995667733368421e+251 469
1725359021614 4.53778674495881e+251 470
1725359021686 1.9166495325698647e+252 471
1725359021742 1.0518157774690536e+251 472
1725359021798 1.0171430868612902e+254 473
1725359021869 6.726005855175243e+253 474
1725359021937 1.6922792650022358e+253 475
1725359022010 1.6466357576672202e+255 476
1725359022070 8.252865962333569e+253 477
1725359022142 2.3745706993749745e+255 478
1725359022196 2.050545904503309e+258 479
1725359022255 5.809676594752506e+256 480
1725359022321 1.7466637315125136e+257 481
1725359022376 3.061319020577415e+257 482
1725359022436 5.729065060069254e+257 483
1725359022509 1.1855982488831695e+258 484
1725359022575 3.457180216696342e+259 485
1725359022639 8.232326308751183e+259 486
1725359022705 1.051920090430703e+261 487
1725359022766 6.551668764175193e+260 488
1725359022829 6.705750029127421e+256 489
1725359022911 4.5142446660659557e+260 490
1725359022973 3.0651162486502527e+262 491
1725359023037 2.1606354209823358e+264 492
1725359023094 2.16181678935704e+261 493
1725359023154 6.654577129070894e+262 494
1725359023216 2.1647700462073257e+261 495
1725359023282 2.6624248358791073e+265 496
1725359023353 5.088202107240574e+264 497
1725359023415 3.693161065594692e+266 498
1725359023487 1.8134142332247404e+268 499
