1725403191845 0.1026810535124174 0
1725403191916 0.013279153127694872 1
1725403191985 0.014133245801160996 2
1725403192056 21.29222117849058 3
1725403192124 0.13839944749727434 4
1725403192205 2802.7877157389153 5
1725403192278 9886.162916961592 6
1725403192346 9718.144129154602 7
1725403192424 1400218.8471743932 8
1725403192491 63441028.84076159 9
1725403192558 2416017.5633367985 10
1725403192623 563088360.898114 11
1725403192698 219257100877.8676 12
1725403192770 484707302055307.06 13
1725403192843 49461565172649.56 14
1725403192912 5084487296982645.0 15
1725403192972 9.729354939005706e+16 16
1725403193044 3.175093113920241e+17 17
1725403193111 6.356071907763708e+16 18
1725403193180 7.728743205604908e+21 19
1725403193248 3.0910786757313194e+23 20
1725403193317 1.3118357170150798e+23 21
1725403193391 2.8441650406321227e+25 22
1725403193459 2.2560871204277278e+27 23
1725403193522 9.83503075921378e+26 24
1725403193656 6.043510493992097e+29 25
1725403193720 2.030095127440637e+30 26
1725403193790 2.1336797505601575e+29 27
1725403193856 4.621197547796304e+34 28
1725403193920 1.8843263507827124e+34 29
1725403193991 2.265073187410823e+34 30
1725403194057 3.136750495001737e+33 31
1725403194125 2.8961954494586055e+38 32
1725403194184 9.635539182415383e+40 33
1725403194267 4.8705158487231667e+39 34
1725403194335 6.407868410515358e+39 35
1725403194400 6.305917159165915e+42 36
1725403194476 4.300281524834131e+42 37
1725403194540 4.2852306020117073e+46 38
1725403194606 1.867485079634566e+47 39
1725403194673 1.4413123526974308e+48 40
1725403194740 1.6272332009678956e+51 41
1725403194812 5.4096508683040635e+53 42
1725403194879 1.640877983911468e+54 43
1725403194940 7.579859072652415e+52 44
1725403195000 9.241716778013788e+54 45
1725403195061 3.079716264243697e+55 46
1725403195124 2.6688985544494018e+57 47
1725403195196 7.191217514316143e+59 48
1725403195265 2.1821977400150423e+62 49
1725403195331 8.679818500418971e+63 50
1725403195398 1.306397416194462e+65 51
1725403195460 1.7733211685241003e+65 52
1725403195527 5.017523762053407e+67 53
1725403195582 3.22278077679991e+67 54
1725403195646 2.3913762248446604e+66 55
1725403195714 2.3389325927573306e+72 56
1725403195781 3.440679783363605e+73 57
1725403195851 7.207728152316045e+73 58
1725403195904 3.646909898624346e+74 59
1725403195966 7.890190005292447e+75 60
1725403196031 3.2710535746105036e+76 61
1725403196105 4.89501866243923e+78 62
1725403196163 1.047250968862775e+78 63
1725403196228 1.9374286463611947e+80 64
1725403196291 8.835188921829817e+82 65
1725403196354 1.338156226090285e+82 66
1725403196413 1.1760594098822018e+83 67
1725403196484 3.1665283777902446e+85 68
1725403196553 2.6408710700361817e+87 69
1725403196628 5.018321500774043e+87 70
1725403196699 2.4818358373568244e+89 71
1725403196761 5.021750777273754e+91 72
1725403196837 8.498156920279652e+91 73
1725403196904 7.279565112248916e+88 74
1725403196974 5.903935655922436e+90 75
1725403197043 7.937424949078839e+94 76
1725403197105 6.622543244964613e+99 77
1725403197184 3.585456668665498e+99 78
1725403197260 3.774834279378367e+97 79
1725403197328 6.609154126449258e+101 80
1725403197396 1.577612326473649e+102 81
1725403197461 4.7042487287445675e+104 82
1725403197521 2.370953154052423e+107 83
1725403197590 3.829284620019949e+106 84
1725403197661 4.4530124524544066e+110 85
1725403197732 3.339346302167534e+111 86
1725403197805 8.119262122608409e+112 87
1725403197867 6.337022721986374e+111 88
1725403197925 1.1331725099500111e+113 89
1725403197989 9.350563936732156e+114 90
1725403198059 1.5211249074717773e+116 91
1725403198124 1.1485174595027668e+118 92
1725403198189 4.046829437965499e+122 93
1725403198251 2.348476306995818e+119 94
1725403198321 2.0759251515608005e+120 95
1725403198388 7.690830274777858e+122 96
1725403198455 1.771323111083823e+127 97
1725403198538 1.0968501619077139e+127 98
1725403198607 2.145080083955463e+125 99
1725403198674 4.4706929245069046e+129 100
1725403198736 6.2155197218966945e+131 101
1725403198804 7.887500469407881e+131 102
1725403198876 4.822925510334703e+131 103
1725403198940 4.102163108235025e+131 104
1725403199002 4.4196430141478805e+134 105
1725403199082 3.2241613332899714e+138 106
1725403199154 2.0036306957081804e+136 107
1725403199219 3.893981324042022e+140 108
1725403199285 6.05592853281664e+140 109
1725403199356 2.9172058810620836e+143 110
1725403199421 1.1616719138064316e+144 111
1725403199489 8.862662689974623e+143 112
1725403199567 8.032954284827005e+146 113
1725403199636 1.069299845811228e+148 114
1725403199704 7.852442179272096e+147 115
1725403199772 1.6814539677040873e+150 116
1725403199834 2.568997365380149e+152 117
1725403199902 1.2276881730581689e+154 118
1725403199976 3.2460259395176563e+153 119
1725403200053 1.0352934998930711e+155 120
1725403200126 3.6541662608559223e+155 121
1725403200185 1.1333525658663209e+157 122
1725403200256 1.0396615341891378e+159 123
1725403200319 4.3937350130928466e+160 124
1725403200381 3.0370446540084407e+162 125
1725403200453 2.570125441279922e+165 126
1725403200525 3.565312146452735e+163 127
1725403200595 3.169120364371968e+162 128
1725403200667 1.1987851692382436e+169 129
1725403200728 5.1583310686667065e+168 130
1725403200806 8.070695816202472e+167 131
1725403200875 3.451203993021364e+172 132
1725403200935 1.0321641273786146e+171 133
1725403200997 8.424938607950482e+171 134
1725403201062 6.298205799699821e+173 135
1725403201132 1.4439136708424162e+176 136
1725403201208 2.267186422766211e+175 137
1725403201277 9.900710001421796e+177 138
1725403201346 6.895512148554067e+179 139
1725403201420 1.9449649361182896e+180 140
1725403201490 3.270350282800496e+183 141
1725403201552 9.446749742400973e+180 142
1725403201614 9.770252731165916e+186 143
1725403201682 8.581036357222978e+188 144
1725403201756 7.823453480669744e+186 145
1725403201823 1.259831722739348e+189 146
1725403201884 6.34605361270952e+187 147
1725403201955 5.3747535600126607e+188 148
1725403202019 2.6959450612540238e+194 149
1725403202090 7.079836641118045e+195 150
1725403202163 4.416673576583692e+198 151
1725403202226 1.1843206243570015e+198 152
1725403202288 1.5122272829795381e+196 153
1725403202357 9.278229284254491e+199 154
1725403202426 1.1313303621792628e+201 155
1725403202501 9.317068902216787e+204 156
1725403202577 1.5519135245620697e+203 157
1725403202645 5.747952363326937e+206 158
1725403202715 4.7459502265367956e+206 159
1725403202779 2.9127607391170718e+209 160
1725403202849 3.8366899453343866e+210 161
1725403202922 3.933890628330576e+212 162
1725403202990 2.036784033153221e+213 163
1725403203060 2.6359634842132185e+215 164
1725403203131 4.770530903831197e+217 165
1725403203190 3.0278273474972423e+215 166
1725403203253 7.77663430536817e+217 167
1725403203323 6.7367495423235285e+218 168
1725403203390 6.347049152007079e+220 169
1725403203466 2.1933427358455476e+223 170
1725403203547 1.1774581959378495e+223 171
1725403203615 6.201361113790192e+221 172
1725403203680 5.066123855614754e+223 173
1725403203743 2.4974646766424815e+226 174
1725403203807 2.882933329830924e+228 175
1725403203871 6.91632666388634e+226 176
1725403203932 3.223261644348531e+231 177
1725403204001 2.4688336658412842e+234 178
1725403204068 5.525640738518028e+233 179
1725403204136 1.0454729117245854e+237 180
1725403204214 4.435223983910058e+237 181
1725404102368 8.588496137026925e+238 182
1725404102583 2.929467605209211e+235 183
1725404102648 4.657284030630441e+239 184
1725404102763 3.1708104595533023e+240 185
1725404102865 2.8927510975707478e+243 186
1725404102929 6.814947381348853e+241 187
1725404103057 4.1201658013048006e+245 188
1725404103113 2.451227195172507e+245 189
1725404103187 1.1794003519068776e+245 190
1725404103253 1.0761040221348028e+248 191
1725404103326 2.545124516485668e+250 192
1725404103402 6.04007766133959e+250 193
1725404103484 7.92232173917334e+254 194
1725404103553 5.3613176680306826e+253 195
1725404103617 2.2165198523775956e+249 196
1725404103691 2.1810959848575818e+259 197
1725404103759 6.286682468796897e+256 198
1725404103829 2.1769785278421306e+261 199
1725404103900 3.6759433490218103e+260 200
1725404103976 1.57133064049701e+263 201
1725404104040 3.198448270143937e+266 202
1725404104106 3.5892043339726256e+263 203
1725404104169 6.545652364104619e+267 204
1725404104233 1.5419383359309838e+270 205
1725404104303 7.15789861919259e+270 206
1725404104369 1.5405948592020003e+269 207
1725404104432 2.5555457403836065e+268 208
1725404104491 9.866282064520606e+274 209
1725404104563 2.3554772809880126e+271 210
1725404104635 1.4675718069702361e+277 211
1725404104711 9.822601223320811e+277 212
1725404104771 1.573608889159002e+278 213
1725404104837 1.3522910699872635e+280 214
1725404104908 2.26268088513163e+276 215
1725404104972 1.0718440120943967e+283 216
1725404105054 4.114397199548949e+282 217
1725404105123 1.4762495594959182e+284 218
1725404105191 3.384198894310765e+286 219
1725404105259 1.5717891394371005e+287 220
1725404105325 2.0693241987442466e+290 221
1725404105394 1.0308461099855956e+291 222
1725404105461 6.720260364028929e+293 223
1725404105524 1.9397010482356338e+293 224
1725404105586 8.793881489822055e+293 225
1725404105662 5.452142231250955e+294 226
1725404105730 9.765733742818736e+297 227
1725404105794 4.230814428829847e+297 228
1725404105857 1.8593810420020147e+301 229
1725404105930 3.999820604979281e+302 230
1725404105999 1.4380711104706498e+302 231
1725404106067 4.101666983685386e+302 232
1725404106156 2.2540417525028436e+307 233
1725404106218 1.6682167079344536e+305 234
