1725351849742 166.57467912019348 0
1725351849764 157.61663789643666 1
1725351849785 163.70541572692085 2
1725351849805 153.26244270088014 3
1725351849826 156.0659138712659 4
1725351849851 149.36874853516088 5
1725351849873 147.8695713469772 6
1725351849899 144.60892104924338 7
1725351849922 146.68436060383237 8
1725351849949 145.24054771576934 9
1725351849975 136.59922429724344 10
1725351850002 138.43474531225505 11
1725351850033 134.11984991546657 12
1725351850061 128.2308513787635 13
1725351850085 127.3070114785309 14
1725351850112 123.86602284800338 15
1725351850133 126.01344472819284 16
1725351850157 123.96231790144464 17
1725351850178 117.44496072769881 18
1725351850210 113.80822088048875 19
1725351850229 117.34254400482428 20
1725351850253 115.82797302211479 21
1725351850273 110.96497555210658 22
1725351850294 109.95664370051371 23
1725351850315 105.40821191543603 24
1725351850335 109.62283318342187 25
1725351850362 102.81883519710466 26
1725351850388 105.56759843468512 27
1725351850413 102.80799684251069 28
1725351850441 100.41051335432259 29
1725351850475 95.75764324179013 30
1725351850503 96.73683710647826 31
1725351850525 93.36857923065077 32
1725351850553 93.67348385366863 33
1725351850577 91.98301836382896 34
1725351850610 91.1222059189792 35
1725351850652 90.36054725191349 36
1725351850687 87.24797241685367 37
1725351850718 86.25389035172194 38
1725351850739 82.15285077932282 39
1725351850760 82.2265332001582 40
1725351850781 81.169828986083 41
1725351850801 81.25304867395309 42
1725351850827 79.4222973296656 43
1725351850854 78.77979146711348 44
1725351850881 76.99795137954747 45
1725351850915 75.06858364492261 46
1725351850943 72.8680524979583 47
1725351850971 72.77806416948046 48
1725351850992 71.22360546081552 49
1725351851014 71.8473858683674 50
1725351851037 67.80294611815492 51
1725351851073 68.30712860053501 52
1725351851099 67.47624044594528 53
1725351851132 66.12416514034771 54
1725351851167 66.33694174659266 55
1725351851190 64.88924587435383 56
1725351851231 63.099914449635335 57
1725351851254 62.321227456925506 58
1725351851274 61.45003565813572 59
1725351851294 61.22789171743208 60
1725351851315 60.44662924464403 61
1725351851344 58.07550824141989 62
1725351851364 57.73682130543682 63
1725351851417 57.244664364228925 64
1725351851463 56.170242122093626 65
1725351851494 53.836200134165566 66
1725351851525 56.793840041065344 67
1725351851552 54.329408372686 68
1725351851585 52.30511223283869 69
1725351851611 51.3829900367825 70
1725351851637 51.01457851250777 71
1725351851678 48.80117836049638 72
1725351851760 50.65222654678272 73
1725351851793 48.788669117617324 74
1725351851818 47.31215084280513 75
1725351851879 46.87672234617031 76
1725351851899 46.5495699427216 77
1725351851926 44.96800460020562 78
1725351851948 45.08603114562882 79
1725351851997 43.6839394907621 80
1725351852023 42.65087879622964 81
1725351852040 43.38390585670582 82
1725351852062 42.4799120895528 83
1725351852093 42.167757013964085 84
1725351852115 43.082979854056354 85
1725351852144 40.76676692724781 86
1725351852169 40.290134699395885 87
1725351852194 39.49351442567786 88
1725351852228 39.12937687585013 89
1725351852252 39.128577495633415 90
1725351852276 39.25827822942343 91
1725351852297 36.585836458733716 92
1725351852327 36.74560509168382 93
1725351852359 37.23699135474711 94
1725351852383 36.96479255159228 95
1725351852436 35.41416025547171 96
1725351852458 34.7452344558851 97
1725351852483 34.21740350225238 98
1725351852506 34.146514794456046 99
1725351852534 33.58523204516245 100
1725351852556 34.07192625747965 101
1725351852580 33.47244144225086 102
1725351852601 33.28209692329285 103
1725351852623 32.35897455207581 104
1725351852647 30.297268673852468 105
1725351852675 31.323755064157393 106
1725351852697 31.08238908545303 107
1725351852734 29.962520699031828 108
1725351852762 29.898432715751536 109
1725351852786 30.413226016992095 110
1725351852809 29.595183987467912 111
1725351852833 29.393415422307893 112
1725351852854 28.512798723034912 113
1725351852876 26.877243866301523 114
1725351852902 26.97535568085338 115
1725351852924 26.78430154363216 116
1725351852949 27.001992430120747 117
1725351852974 26.88846624058056 118
1725351852998 26.620575706498546 119
1725351853027 26.659865900772925 120
1725351853050 26.52975358495284 121
1725351853077 25.349110127860193 122
1725351853098 24.62110320217388 123
1725351853123 24.74208154421096 124
1725351853149 24.28286849253192 125
1725351853169 23.395652447577064 126
1725351853193 23.011297169400628 127
1725351853213 23.385134278269163 128
1725351853246 22.800330106934855 129
1725351853270 23.300142174915532 130
1725351853296 22.824416765448007 131
1725351853323 22.309559759740452 132
1725351853348 22.19385078792457 133
1725351853371 22.487261362394324 134
1725351853417 21.643579852293804 135
1725351853460 21.471065354295437 136
1725351853487 20.700441809918818 137
1725351853518 20.462516734660415 138
1725351853551 21.094441872853324 139
1725351853593 20.01267613132898 140
1725351853645 20.383870726019293 141
1725351853694 21.099972746814167 142
1725351853713 20.994842976081237 143
1725351853748 19.329175704871975 144
1725351853778 19.76063213760496 145
1725351853803 19.301486300379395 146
1725351853834 18.29597220487221 147
1725351853858 19.38235164142199 148
1725351853887 18.5016753687137 149
1725351853916 18.065964052414987 150
1725351853953 18.24453614807522 151
1725351853987 18.80328468976876 152
1725351854020 18.29910646736381 153
1725351854047 18.586116775928147 154
1725351854070 16.67113528556199 155
1725351854090 17.300157288981325 156
1725351854125 17.651913821488474 157
1725351854154 16.370803322186028 158
1725351854187 16.94469375889013 159
1725351854220 15.847326969071332 160
1725351854253 16.481858486843446 161
1725351854286 16.477431930267393 162
1725351854322 16.281755676601417 163
1725351854345 16.000717882062204 164
1725351854369 15.172322894842848 165
1725351854390 15.506761777759415 166
1725351854410 15.636667030648182 167
1725351854432 15.946256197505566 168
1725351854453 15.218516010170811 169
1725351854481 15.08039806503421 170
1725351854504 15.166515838597432 171
1725351854535 14.232895718491218 172
1725351854567 14.346609974553164 173
1725351854596 14.562385795327602 174
1725351854626 14.697859311474122 175
1725351854658 13.55717444088638 176
1725351854682 14.113343950751677 177
1725351854720 14.005100450376046 178
1725351854749 13.714780499922144 179
1725351854776 14.121231100341106 180
1725351854801 13.510522017739898 181
1725351854826 14.245298168462114 182
1725351854849 13.28551940592619 183
1725351854878 12.954899091220705 184
1725351854902 13.187792241186687 185
1725351854932 12.892393292714383 186
1725351854957 12.958255880791818 187
1725351854983 13.21296344590122 188
1725351855007 12.869246893775244 189
1725351855027 12.91847151492578 190
1725351855047 11.839070323316097 191
1725351855068 12.119847582729433 192
1725351855091 12.134439260045962 193
1725351855113 12.402697932390527 194
1725351855138 12.548480820566867 195
1725351855161 11.593041855220019 196
1725351855184 11.922455836229046 197
1725351855212 11.215904927061331 198
1725351855238 11.791219803313743 199
1725351855273 11.332282290525267 200
1725351855297 11.489896940133432 201
1725351855322 11.376654827205572 202
1725351855351 11.918589996557026 203
1725351855379 11.234844046209137 204
1725351855400 11.542486455745603 205
1725351855430 11.667877053274417 206
1725351855451 10.400277265268572 207
1725351855480 11.359676285592078 208
1725351855503 10.835672931694994 209
1725351855525 10.802914081333414 210
1725351855544 10.533002329265619 211
1725351855564 10.84863329212343 212
1725351855586 11.054661067702588 213
1725351855608 10.401732838521767 214
1725351855630 10.068705374776691 215
1725351855653 10.134898588347315 216
1725351855674 10.248325791044405 217
1725351855693 10.573280779701129 218
1725351855714 10.054843012161529 219
1725351855736 10.374986532029078 220
1725351855765 10.571827201279394 221
1725351855792 10.304370821550183 222
1725351855815 9.768011900995036 223
1725351855842 10.190098596623109 224
1725351855862 9.854118277115786 225
1725351855885 10.056909730247632 226
1725351855909 8.827524386340057 227
1725351855934 9.981302768811485 228
1725351855956 9.797726382585449 229
1725351855981 9.111475814232367 230
1725351856006 9.512319869422821 231
1725351856034 9.370432353218309 232
1725351856057 8.940082003201288 233
1725351856087 9.435181221818135 234
1725351856116 9.55218317928258 235
1725351856149 9.67774876532463 236
1725351856177 9.20513772829065 237
1725351856206 8.702223492372125 238
1725351856231 8.795733200512807 239
1725351856279 8.835468196928465 240
1725351856308 8.850970008008222 241
1725351856329 8.940144688291657 242
1725351856352 8.82811721897094 243
1725351856382 8.268902861758606 244
1725351856412 8.537526288524141 245
1725351856442 8.730576176212036 246
1725351856467 8.344825861829225 247
1725351856500 8.413737631161881 248
1725351856531 8.66955751419185 249
1725351856560 8.445925442189212 250
1725351856584 8.321765335221158 251
1725351856617 8.28152332264504 252
1725351856641 8.536228566381928 253
1725351856669 8.0396156357215 254
1725351856703 7.948531446750743 255
1725351856728 8.100302707654983 256
1725351856748 8.67064421763943 257
1725351856769 7.639249147470587 258
1725351856790 7.9953242472848025 259
1725351856812 8.177900076355723 260
1725351856834 7.8448136436929 261
1725351856871 7.986337461323561 262
1725351856903 7.970720698852897 263
1725351856929 7.974102911287527 264
1725351856958 8.037348063669214 265
1725351856985 7.8051457000349425 266
1725351857018 7.5158173121657175 267
1725351857051 7.633033244509626 268
1725351857074 7.808473790341572 269
1725351857106 7.466450001217418 270
1725351857133 7.676598967893016 271
1725351857165 7.442636636170371 272
1725351857200 7.876486708361146 273
1725351857231 7.264241024946844 274
1725351857259 7.509684762485111 275
1725351857303 7.181578420501466 276
1725351857334 8.111979546324495 277
1725351857366 7.1726933228887955 278
1725351857393 7.107492501684332 279
1725351857416 7.311728635550348 280
1725351857448 7.30975437032948 281
1725351857474 7.272835632243075 282
1725351857500 7.232434574316968 283
1725351857526 7.762883799977926 284
1725351857555 7.0836563634970435 285
1725351857585 7.330366691349794 286
1725351857620 6.659847992253625 287
1725351857640 6.987039913255747 288
1725351857662 6.9247718506266525 289
1725351857682 7.057885516590468 290
1725351857704 6.694358595100784 291
1725351857729 7.0544559127025295 292
1725351857758 7.023356645977669 293
1725351857783 6.437333732330991 294
1725351857815 7.430207512502285 295
1725351857839 6.918156421354654 296
1725351857860 7.050160199160051 297
1725351857880 6.577856472990864 298
1725351857908 7.025479491542356 299
1725351857934 6.752517497337031 300
1725351857961 6.493715260577735 301
1725351857982 6.535408430349374 302
1725351858002 6.7240356658142835 303
1725351858022 7.367846156571031 304
1725351858042 6.62852209208436 305
1725351858061 6.940230178328884 306
1725351858081 6.236681500784763 307
1725351858102 6.788329405450844 308
1725351858124 6.73056887270932 309
1725351858145 6.5351096641682265 310
1725351858176 6.066732233714809 311
1725351858197 6.250820553520967 312
1725351858221 6.6886560694938835 313
1725351858253 6.526134260786968 314
1725351858279 6.342656989042989 315
1725351858310 6.369292860340115 316
1725351858338 6.452319744970883 317
1725351858367 6.577874803440125 318
1725351858390 6.600770701746228 319
1725351858419 6.545317495429318 320
1725351858441 6.281508437207905 321
1725351858462 6.687941021022341 322
1725351858486 6.593138374471707 323
1725351858516 6.500999628557735 324
1725351858544 6.467670622176734 325
1725351858566 6.485235533441586 326
1725351858588 5.974765571981155 327
1725351858615 6.20373539762969 328
1725351858640 6.140180047087989 329
1725351858662 6.082260332895349 330
1725351858684 6.632826458558175 331
1725351858708 6.278861277052862 332
1725351858731 6.565965223877448 333
1725351858755 6.2492869495428005 334
1725351858773 6.183232301299118 335
1725351858810 6.412235816313 336
1725351858841 5.924713195805468 337
1725351858864 5.705855297160666 338
1725351858888 5.578881840636887 339
1725351858914 5.703511665157566 340
1725351858936 5.700861427687127 341
1725351858958 5.918609323712564 342
1725351858980 6.191095329778817 343
1725351859005 6.013948030074684 344
1725351859027 6.108283908418836 345
1725351859055 6.177541982703998 346
1725351859079 6.120422812519651 347
1725351859101 5.615617106934389 348
1725351859130 5.597145695507221 349
1725351859155 5.701708218616866 350
1725351859184 5.920836876038008 351
1725351859209 5.905722638243575 352
1725351859235 5.745889314286512 353
1725351859261 6.212391903889947 354
1725351859284 5.806116089265279 355
1725351859318 5.74515918282332 356
1725351859351 6.241175100438593 357
1725351859374 6.024081818884526 358
1725351859402 5.685872225627508 359
1725351859427 5.675604904095775 360
1725351859450 5.768613988577753 361
1725351859474 5.751307362171158 362
1725351859498 5.712501437341892 363
1725351859524 6.003756947318353 364
1725351859548 5.857794421505909 365
1725351859575 5.659978600412974 366
1725351859600 5.768151812173846 367
1725351859625 5.539260184462583 368
1725351859645 5.285412217887298 369
1725351859665 5.707707839225266 370
1725351859685 5.631541781042183 371
1725351859705 5.900780477533614 372
1725351859728 5.301382945856677 373
1725351859757 5.655400899946577 374
1725351859777 5.395351224213616 375
1725351859797 5.809354557590411 376
1725351859821 5.302715773532654 377
1725351859841 5.483767302038971 378
1725351859875 5.741822694021104 379
1725351859894 5.532511765291419 380
1725351859922 5.306411644308762 381
1725351859945 5.7734304865462445 382
1725351859967 5.722295673496276 383
1725351859989 5.501478409302591 384
1725351860014 5.679530090865205 385
1725351860043 5.553614909531642 386
1725351860065 5.219842885558628 387
1725351860088 5.523214806788891 388
1725351860111 5.09224378391464 389
1725351860130 5.6042243777711995 390
1725351860152 5.473486515799202 391
1725351860174 5.311122390924164 392
1725351860194 5.339645475761569 393
1725351860215 5.69160524438131 394
1725351860239 5.600451889418787 395
1725351860259 5.506525844724403 396
1725351860284 5.573026250010955 397
1725351860308 5.36596597767577 398
1725351860343 5.143038160741894 399
1725351860362 5.566859796238685 400
1725351860382 5.049728494252332 401
1725351860406 5.877502775207623 402
1725351860425 5.371664802425186 403
1725351860446 5.562761972923042 404
1725351860467 5.3246133453545985 405
1725351860488 5.333836888387891 406
1725351860518 5.107872798096799 407
1725351860541 5.31136568302451 408
1725351860561 5.283374241030095 409
1725351860586 5.395557481390709 410
1725351860605 5.545228466767424 411
1725351860631 5.196203978806103 412
1725351860668 5.463979920075676 413
1725351860693 5.298073839684349 414
1725351860716 5.548243951509958 415
1725351860743 5.41260890870132 416
1725351860762 5.209526071105965 417
1725351860787 5.103489276235384 418
1725351860817 5.397996030773377 419
1725351860843 5.049273453530629 420
1725351860861 5.25316924602413 421
1725351860880 5.097975940535374 422
1725351860900 5.457284529332761 423
1725351860922 4.983606318971254 424
1725351860944 4.990161608142965 425
1725351860962 5.084681824399654 426
1725351860983 5.32587508679837 427
1725351861007 5.221424431761307 428
1725351861028 5.316012789439298 429
1725351861057 5.318971958672204 430
1725351861079 5.205819844656782 431
1725351861105 5.047294550125533 432
1725351861125 5.214400148828952 433
1725351861145 5.154104296351143 434
1725351861167 5.024374712754728 435
1725351861188 5.120253035590082 436
1725351861211 5.379389188178839 437
1725351861235 4.926302671463691 438
1725351861259 4.873584217431125 439
1725351861284 5.231826929942373 440
1725351861308 5.605813255685733 441
1725351861344 5.398850244329518 442
1725351861367 5.003046335536448 443
1725351861394 5.12800613507561 444
1725351861423 5.562399878005506 445
1725351861449 5.136697452197242 446
1725351861469 5.2770958859700645 447
1725351861498 5.087161566271058 448
1725351861527 5.080367883516675 449
1725351861552 5.0793395495969325 450
1725351861580 5.414921620577156 451
1725351861603 5.215571625733474 452
1725351861629 5.23093887925156 453
1725351861655 5.191880814784957 454
1725351861678 5.21988704442771 455
1725351861698 5.130673448003606 456
1725351861724 4.874274128050299 457
1725351861748 4.968558706516353 458
1725351861767 5.42952365043472 459
1725351861788 5.047544512823826 460
1725351861809 4.924758751143889 461
1725351861828 5.017017173836406 462
1725351861849 5.281846331358761 463
1725351861873 5.042973633520532 464
1725351861895 5.322442912581577 465
1725351861924 5.29044292129126 466
1725351861949 5.305072970444877 467
1725351861969 4.959835745441537 468
1725351861990 4.9775705328608115 469
1725351862010 4.888854192015079 470
1725351862031 5.023079328525882 471
1725351862055 4.7266215180320135 472
1725351862077 5.106043730057362 473
1725351862096 5.363449933240384 474
1725351862120 4.931030917510905 475
1725351862148 4.928775971374336 476
1725351862177 4.705644931656267 477
1725351862204 4.99107142467795 478
1725351862228 4.800481549560524 479
1725351862253 4.534644785913271 480
1725351862272 4.926892746057015 481
1725351862292 4.998108501717209 482
1725351862310 4.938620252802887 483
1725351862331 4.663519663025405 484
1725351862361 4.891952078784366 485
1725351862381 4.897994669427825 486
1725351862403 5.089395509660327 487
1725351862426 4.885655956222469 488
1725351862453 5.159598179327845 489
1725351862472 5.387399162589206 490
1725351862495 5.204359359262304 491
1725351862525 5.058823058788136 492
1725351862548 4.93672869479722 493
1725351862572 5.117126978887143 494
1725351862599 5.110281052204524 495
1725351862625 5.3339286258386585 496
1725351862657 4.9530624703894555 497
1725351862683 4.4805742175823156 498
1725351862705 4.927895680622675 499
