1725350140037 140.89632365830602 0
1725350140063 104.16073193205082 1
1725350140088 139.42461498352426 2
1725350140109 656625266767.4999 3
1725350140138 112526649.8651465 4
1725350140160 64515859160.51583 5
1725350140186 602108967785766.4 6
1725350140217 2.5264853611983386e+17 7
1725350140239 2.402696590493945e+20 8
1725350140261 1.354590650560258e+23 9
1725350140290 1.2712457802764e+27 10
1725350140315 3.5081941916636815e+29 11
1725350140348 6.861031621407447e+32 12
1725350140371 6.679005812651111e+35 13
1725350140398 8.911605947398859e+38 14
1725350140423 2.8279350660157536e+42 15
1725350140447 2.023677981580546e+45 16
1725350140479 4.409295118268374e+48 17
1725350140507 1.8143318917009954e+52 18
1725350140538 3.1104469667681985e+54 19
1725350140571 4.478325523741939e+56 20
1725350140602 1.1215089231836406e+60 21
1725350140637 7.525225740660902e+62 22
1725350140669 1.5517717434586863e+67 23
1725350140697 1.3613921401477577e+77 24
1725350140728 6.676350732013408e+80 25
1725350140756 5.3353437303281345e+76 26
1725350140794 7.542002303664193e+79 27
1725350140828 1.0641126326615268e+83 28
1725350140854 4.7166869155748656e+85 29
1725350140880 1.6967055367453034e+89 30
1725350140905 4.1491690223278584e+92 31
1725350140929 8.336970762464862e+95 32
1725350140954 2.4932650055810104e+106 33
1725350140980 1.6392648013143437e+102 34
1725350141000 1.7670924759484727e+105 35
1725350141024 7.509380399131225e+108 36
1725350141047 3.836177331623705e+111 37
1725350141075 2.048239770269234e+115 38
1725350141095 1.7865871670264257e+118 39
1725350141128 1.5175837768326103e+121 40
1725350141154 1.0483015876249772e+125 41
1725350141267 1.9471582231929267e+127 42
1725350141296 1.315971372516873e+130 43
1725350141322 2.8898664302502065e+134 44
1725350141346 1.1657353861050913e+137 45
1725350141371 2.6857229862091083e+140 46
1725350141395 1.0212996862910374e+143 47
1725350141424 7.110750111340938e+145 48
1725350141447 1.2002378854776195e+149 49
1725350141469 1.0270988723978547e+152 50
1725350141492 5.4775909855734825e+155 51
1725350141516 5.011373464813232e+158 52
1725350141544 1.1871075500720843e+162 53
1725350141569 1.1208521594985867e+165 54
1725350141593 4.9143228496963094e+168 55
1725350141623 1.344137218311454e+171 56
1725350141644 3.820205587829609e+174 57
1725350141673 1.7906688556994668e+177 58
1725350141696 5.2266672938548305e+180 59
1725350141717 5.243621354626187e+183 60
1725350141744 4.1526615779583335e+186 61
1725350141769 6.424167910302158e+189 62
1725350141790 3.0842944614906197e+192 63
1725350141811 3.3403381477894093e+196 64
1725350141840 1.5150797781704699e+199 65
1725350141863 3.0866143617906088e+202 66
1725350141890 5.101259112974546e+205 67
1725350141921 1.7055147892005604e+208 68
1725350141944 7.292617745571727e+211 69
1725350141967 8.313665256443499e+213 70
1725350141990 9.51103994782229e+216 71
1725350142021 1.2348601799095104e+221 72
1725350142045 1.2742605147052386e+231 73
1725350142073 1.6629338169869265e+227 74
1725350142104 3.079510695676063e+229 75
1725350142123 8.386053335431903e+232 76
1725350142146 2.723472210216251e+236 77
1725350142169 1.9947115892398617e+239 78
1725350142190 2.609138418973197e+242 79
1725350142213 3.907054725393678e+246 80
1725350142234 9.083598889501478e+248 81
1725350142255 8.595339852912644e+251 82
1725350142279 4.73592368588796e+255 83
1725350142312 3.8147221126340003e+258 84
1725350142340 4.383572449307848e+261 85
1725350142361 2.3461318873753203e+264 86
1725350142381 3.6704890537877417e+267 87
1725350142398 5.93934323751715e+270 88
1725350142411 5.306103082893004e+273 89
1725350142426 1.8635623058837357e+277 90
1725350142439 1.4985730032836553e+280 91
1725350142454 2.890991011102146e+283 92
1725350142466 1.7660536682309509e+286 93
1725350142484 5.139428269555221e+289 94
1725350142499 5.688464996254521e+292 95
1725350142520 2.1409724287708883e+296 96
1725350142540 1.470050849332278e+299 97
1725350142571 4.2479801705878576e+302 98
1725350142596 2.3919178913512685e+305 99
1725350142634 inf 100
1725350142653 inf 101
