1725386596690 69.48237160552556 0
1725386596713 30.304704227832023 1
1725386596743 11.613074813734675 2
1725386596771 5.359982862906805 3
1725386596796 2.4586237273315654 4
1725386596818 1.1460425097129867 5
1725386596841 0.5399833294280387 6
1725386596876 0.38143338864091203 7
1725386596903 0.4391772936035707 8
1725386596934 0.13721129546830588 9
1725386596960 0.24749364823780612 10
1725386596985 0.10675142867027788 11
1725386597013 0.11603966932102261 12
1725386597038 0.11847766814561655 13
1725386597062 0.1396344690257436 14
1725386597095 0.12158811285945653 15
1725386597118 0.12409423066238308 16
1725386597146 0.1457294595304023 17
1725386597173 0.1342500328554467 18
1725386597201 0.11271750238600528 19
1725386597229 0.11690235536520636 20
1725386597260 0.14724529144167323 21
1725386597287 0.1182112758416963 22
1725386597311 0.1401630180434035 23
1725386597334 0.07020292337598451 24
1725386597362 0.07690923143829832 25
1725386597388 0.08375161019645067 26
1725386597418 0.13221955394046264 27
1725386597444 0.10325243362649425 28
1725386597469 0.08738587580408509 29
1725386597489 0.1203527293922173 30
1725386597512 0.11645208941978173 31
1725386597536 0.1133690653813828 32
1725386597562 0.17480599899409482 33
1725386597586 0.1136639570977634 34
1725386597611 0.11712031436519911 35
1725386597634 0.08055278476562282 36
1725386597660 0.13879747362138262 37
1725386597678 0.2148482648746724 38
1725386597706 0.10868497035461326 39
1725386597730 0.14406062938418326 40
1725386597756 0.09733687274744035 41
1725386597781 0.19138423768942142 42
1725386597809 0.14074116910875376 43
1725386597835 0.13329499095604927 44
1725386597859 0.18013750696799072 45
1725386597921 0.1316388705828634 46
1725386597950 0.17841010359487489 47
1725386597979 0.13785978635894397 48
1725386598002 0.16095617316232763 49
1725386598028 0.09457220514575125 50
1725386598055 0.1699460876601286 51
1725386598083 0.12852144537274895 52
1725386598112 0.13609329713307441 53
1725386598139 0.08743466400403052 54
1725386598167 0.14259542118394414 55
1725386598196 0.13968933332634934 56
1725386598226 0.12661488410963778 57
1725386598253 0.11005962980780915 58
1725386598279 0.11785720514361088 59
1725386598301 0.20653048435406754 60
1725386598336 0.1415048964606492 61
1725386598363 0.09911416908481058 62
1725386598390 0.09987733503415978 63
1725386598417 0.14789283871358044 64
1725386598446 0.09714487461737484 65
1725386598479 0.10768271206787207 66
1725386598509 0.12285959464400935 67
1725386598537 0.10726164882289645 68
1725386598558 0.12063924113398021 69
1725386598586 0.11774321888749585 70
1725386598614 0.16022671238464495 71
1725386598640 0.1074732993140765 72
1725386598670 0.12206903926977894 73
1725386598695 0.12360416692799904 74
1725386598724 0.17354254886452128 75
1725386598752 0.1678165740802415 76
1725386598778 0.09823095577827218 77
1725386598807 0.1407684212602287 78
1725386598834 0.13454791066209384 79
1725386598859 0.10723046536778465 80
1725386598882 0.07395775433969837 81
1725386598910 0.10109164285138703 82
1725386598938 0.15090732343107358 83
1725386598966 0.14141177257779056 84
1725386598995 0.08826412173512273 85
1725386599022 0.1287091919655077 86
1725386599051 0.08399221667684054 87
1725386599077 0.12943874477254733 88
1725386599103 0.09958195507067007 89
1725386599129 0.14233134895070546 90
1725386599155 0.18220670510296325 91
1725386599183 0.12697546699518963 92
1725386599208 0.11963053204926126 93
1725386599234 0.18935513687284117 94
1725386599257 0.14408505684438472 95
1725386599285 0.12045911410238423 96
1725386599313 0.1729923265144742 97
1725386599338 0.10419933741455861 98
1725386599362 0.09396884704994705 99
1725386599387 0.07690531508580667 100
1725386599413 0.14267807626852735 101
1725386599439 0.0910898105831384 102
1725386599465 0.15640598933837388 103
1725386599490 0.13256205924622397 104
1725386599517 0.169631863582226 105
1725386599543 0.12833860705186922 106
1725386599568 0.09565487584075417 107
1725386599591 0.16064280991675312 108
1725386599614 0.0964526828217053 109
1725386599642 0.1372606451230878 110
1725386599677 0.13651526254161128 111
1725386599703 0.19591068238465034 112
1725386599728 0.09225781604720391 113
1725386599755 0.15017474949251647 114
1725386599780 0.13914005620871603 115
1725386599804 0.131447623184613 116
1725386599837 0.1378924567932403 117
1725386599863 0.10524468491212816 118
1725386599896 0.14465703584459488 119
1725386599916 0.13427834333510688 120
1725386599939 0.11384240613180402 121
1725386599959 0.11535043740667328 122
1725386599984 0.14015639354535128 123
1725386600009 0.15503611491735064 124
1725386600034 0.10931645190733895 125
1725386600058 0.1717195307127082 126
1725386600084 0.15078052305957632 127
1725386600109 0.12299024914959525 128
1725386600135 0.1151537890757158 129
1725386600161 0.1155671490802413 130
1725386600193 0.13276950777024063 131
1725386600219 0.09390164647369795 132
1725386600246 0.13354592427606932 133
1725386600270 0.11687386296251494 134
1725386600295 0.11746551110422093 135
1725386600322 0.15737510022864598 136
1725386600350 0.12116557976159079 137
1725386600373 0.11951768353545626 138
1725386600405 0.12791194260795766 139
1725386600438 0.11794987643329699 140
1725386600467 0.09130141704328926 141
1725386600495 0.18787421879644256 142
1725386600518 0.10828902637730425 143
1725386600543 0.1578977105844047 144
1725386600569 0.13442456152035456 145
1725386600595 0.15298868737533977 146
1725386600621 0.11145916609750621 147
1725386600646 0.09522373487321806 148
1725386600678 0.10973029054690722 149
1725386600702 0.09773486618489574 150
1725386600727 0.12260590580029694 151
1725386600753 0.0998469416593669 152
1725386600777 0.12510538116794293 153
1725386600803 0.12736126531326894 154
1725386600829 0.15330164117561143 155
1725386600854 0.11062327924226241 156
1725386600880 0.11575235939316121 157
1725386600904 0.12422356926161644 158
1725386600930 0.13306242661406362 159
1725386600958 0.1138589418281947 160
1725386600985 0.1253078342248435 161
1725386601011 0.09128196183422277 162
1725386601039 0.17062002006116297 163
1725386601066 0.16937111704521574 164
1725386601090 0.15026498586339188 165
1725386601119 0.07965784399912727 166
1725386601144 0.10599501697239931 167
1725386601167 0.13374806537652603 168
1725386601194 0.1451420584981238 169
1725386601217 0.1299237274389738 170
1725386601247 0.15046289277725944 171
1725386601274 0.14486529806735857 172
1725386601303 0.14231395189832835 173
1725386601328 0.12149811595708704 174
1725386601355 0.09798641149670194 175
1725386601383 0.09135625092846825 176
1725386601408 0.14273594950177815 177
1725386601435 0.10171018100899411 178
1725386601462 0.14582506467348144 179
1725386601484 0.10001716508864625 180
1725386601511 0.12059922496207472 181
1725386601535 0.11377523459322553 182
1725386601562 0.1674125970138543 183
1725386601586 0.11960801807843877 184
1725386601611 0.17013647475918406 185
1725386601634 0.1508936353202858 186
1725386601661 0.1506297721807275 187
1725386601694 0.13083949886313975 188
1725386601717 0.09893634203224064 189
1725386601745 0.10049977026854842 190
1725386601770 0.12933501618391147 191
1725386601794 0.13592560778887 192
1725386601818 0.13100921235120663 193
1725386601846 0.2012318488825754 194
1725386601869 0.0704517627806552 195
1725386601898 0.17869007244020974 196
1725386601922 0.1431383983830739 197
1725386601948 0.12736898386989137 198
1725386601974 0.11459892637540864 199
1725386602004 0.14745129683070046 200
1725386602028 0.09258370808369333 201
1725386602051 0.12984030949161993 202
1725386602074 0.1510892955526287 203
1725386602102 0.12692153481064533 204
1725386602128 0.12922429039937777 205
1725386602153 0.15495571641476125 206
1725386602178 0.12981803561606303 207
1725386602206 0.08555787414486024 208
1725386602229 0.10687222492038084 209
1725386602256 0.13324203297130272 210
1725386602289 0.08118743973495654 211
1725386602309 0.12022455628202984 212
1725386602340 0.08075797394891707 213
1725386602366 0.11551169004412148 214
1725386602392 0.1289135351048838 215
1725386602418 0.1228992575814753 216
1725386602443 0.11049612390699637 217
1725386602470 0.15222293609676307 218
1725386602496 0.12693460787093896 219
1725386602518 0.14478939139944788 220
1725386602547 0.14737564385882396 221
1725386602573 0.13074421599032438 222
1725386602599 0.1473666541072894 223
1725386602625 0.12418658908874952 224
1725386602651 0.11277390130638992 225
1725386602675 0.11131608625755535 226
1725386602707 0.18655765061853302 227
1725386602737 0.21343738208074678 228
1725386602761 0.12217113732411293 229
1725386602786 0.09760922240324979 230
1725386602812 0.11925409013610613 231
1725386602834 0.11135154750162993 232
1725386602855 0.1399073434492078 233
1725386602883 0.09851247855921898 234
1725386602913 0.12094869226472078 235
1725386602935 0.10433146951007384 236
1725386602961 0.1434387513645874 237
1725386602988 0.12324777773251126 238
1725386603020 0.17511740785062385 239
1725386603044 0.07073529468851958 240
1725386603068 0.11181992871161016 241
1725386603086 0.1035459966078108 242
1725386603113 0.1434023356104155 243
1725386603135 0.10866190845302962 244
1725386603156 0.1548381899064259 245
1725386603182 0.13075025895483852 246
1725386603207 0.15644928095508612 247
1725386603232 0.14079403743689797 248
1725386603257 0.14250350817562368 249
1725386603285 0.09704123001251413 250
1725386603317 0.1340733174351841 251
1725386603342 0.08576350757509497 252
1725386603369 0.15357794939205727 253
1725386603395 0.1285994944355571 254
1725386603421 0.12279114792209046 255
1725386603447 0.123775783398254 256
1725386603472 0.1274984019063239 257
1725386603496 0.15799341232910552 258
1725386603520 0.09476816096644429 259
1725386603545 0.16112037201673593 260
1725386603571 0.13087083200501468 261
1725386603595 0.14591722823952835 262
1725386603620 0.1343703469100654 263
1725386603645 0.15159244965358634 264
1725386603669 0.15088921163527236 265
1725386603698 0.13684495288563314 266
1725386603725 0.14391138630681405 267
1725386603754 0.12423698120326115 268
1725386603779 0.12914509247481692 269
1725386603803 0.15372034374431331 270
1725386603828 0.09589934599130732 271
1725386603851 0.1337600165807141 272
1725386603873 0.12695491555925373 273
1725386603902 0.11962859163396129 274
1725386603927 0.09852821581871077 275
1725386603953 0.12747762166966603 276
1725386603979 0.16742080655329394 277
1725386604004 0.1196169710512691 278
1725386604028 0.11894924495984424 279
1725386604054 0.14759184313503082 280
1725386604074 0.09839949161038342 281
1725386604100 0.1689815278308184 282
1725386604128 0.14871423005146547 283
1725386604153 0.12006245993150606 284
1725386604180 0.14418786564688874 285
1725386604211 0.100637566424195 286
1725386604233 0.10065935663824413 287
1725386604258 0.15807663998615362 288
1725386604278 0.18299645323491817 289
1725386604301 0.20010572928452225 290
1725386604326 0.12336423064673764 291
1725386604352 0.1088173959966859 292
1725386604379 0.1184797300743069 293
1725386604405 0.1279392636577302 294
1725386604430 0.1162358772554543 295
1725386604454 0.10467534456446466 296
1725386604478 0.10956210615955118 297
1725386604502 0.10032960444615531 298
1725386604527 0.17196264357875274 299
1725386604558 0.12226675777434068 300
1725386604584 0.11795543363025972 301
1725386604611 0.12630992817570064 302
1725386604644 0.13193263225753527 303
1725386604672 0.15709065245553097 304
1725386604707 0.14057538791875873 305
1725386604733 0.09769174469092193 306
1725386604760 0.06572190075288255 307
1725386604786 0.10851543892148328 308
1725386604812 0.14914754816532583 309
1725386604837 0.1409831460896428 310
1725386604862 0.15279368300140606 311
1725386604888 0.14591151795187987 312
1725386604916 0.13735198672659046 313
1725386604945 0.07686105751367457 314
1725386604973 0.1765687045725434 315
1725386604999 0.15336949004691935 316
1725386605030 0.1918366239851935 317
1725386605061 0.1486714034033505 318
1725386605087 0.17629754074464862 319
1725386605113 0.20303012186730646 320
1725386605139 0.11603991713670256 321
1725386605165 0.12039828395076664 322
1725386605192 0.08762211937177675 323
1725386605220 0.09909025980428768 324
1725386605243 0.12484867465811633 325
1725386605269 0.11823061060450638 326
1725386605295 0.11534361332662137 327
1725386605321 0.17269590743842705 328
1725386605351 0.1657234816914553 329
1725386605375 0.1437511076729776 330
1725386605411 0.09747373396071439 331
1725386605444 0.14113332968833397 332
1725386605466 0.13267968617732062 333
1725386605493 0.13096829258583792 334
1725386605521 0.15449430606037765 335
1725386605555 0.12285854733055034 336
1725386605576 0.13427490090380442 337
1725386605602 0.1688944917397405 338
1725386605630 0.12061353540588844 339
1725386605659 0.1594265174869358 340
1725386605687 0.17148885706335232 341
1725386605722 0.14441171662096228 342
1725386605747 0.13128152000781662 343
1725386605772 0.153974397076786 344
1725386605799 0.13110645751870506 345
1725386605827 0.1209013610020893 346
1725386605851 0.128742649752521 347
1725386605876 0.17426068253882954 348
1725386605903 0.10458591370861642 349
1725386605928 0.16018133011834312 350
1725386605953 0.10843086380094184 351
1725386605977 0.15553431490367056 352
1725386606001 0.1333615135138026 353
1725386606028 0.15798648093095735 354
1725386606053 0.15832496920365174 355
1725386606079 0.12593769630035143 356
1725386606104 0.15623767063834954 357
1725386606130 0.1345052094242207 358
1725386606155 0.15931089577070798 359
1725386606183 0.14725005910146693 360
1725386606211 0.13389358898401496 361
1725386606232 0.14631395725222865 362
1725386606260 0.10986269555479941 363
1725386606286 0.137693563087908 364
1725386606310 0.08858785384257335 365
1725386606336 0.15989193803724852 366
1725386606366 0.08836241123583072 367
1725386606395 0.10059498217273424 368
1725386606427 0.19873857668904857 369
1725386606452 0.13249003104140286 370
1725386606477 0.12036035444156412 371
1725386606502 0.06871469262460592 372
1725386606528 0.12302111108429309 373
1725386606554 0.17465873912866967 374
1725386606578 0.20331331622507973 375
1725386606601 0.11708779647805852 376
1725386606625 0.14030878391005897 377
1725386606655 0.11476247584599315 378
1725386606678 0.13825492883591686 379
1725386606702 0.16481680264118562 380
1725386606733 0.08783843095626893 381
1725386606759 0.1699434168503903 382
1725386606783 0.08972487876384597 383
1725386606805 0.14175551613432225 384
1725386606835 0.15859941298779112 385
1725386606862 0.12876586836379483 386
1725386606888 0.14419835838166778 387
1725386606912 0.14541620091546978 388
1725386606933 0.1126042447063222 389
1725386606961 0.1202680898431561 390
1725386606984 0.15628388629170983 391
1725386607012 0.21076211515949786 392
1725386607038 0.11809338154717869 393
1725386607068 0.07211262785928978 394
1725386607094 0.11171508093792097 395
1725386607120 0.1729632966022421 396
1725386607147 0.13394011478393716 397
1725386607172 0.18003221423742047 398
1725386607194 0.17208688868285463 399
1725386607222 0.08652032299515235 400
1725386607251 0.13159253137859 401
1725386607278 0.11510988309709451 402
1725386607302 0.1519344526179922 403
1725386607326 0.1545470001107869 404
1725386607351 0.1685766379448963 405
1725386607377 0.1454205371268915 406
1725386607401 0.15132478213188022 407
1725386607428 0.11877534112292992 408
1725386607452 0.07816257845824166 409
1725386607478 0.12425445698636553 410
1725386607503 0.12939614069870364 411
1725386607526 0.16570675692850192 412
1725386607551 0.15807112309809304 413
1725386607576 0.18532016227104325 414
1725386607603 0.12526919427929484 415
1725386607630 0.09742522373103663 416
1725386607650 0.10211009157399417 417
1725386607672 0.2002747324493628 418
1725386607695 0.1678376296166411 419
1725386607728 0.15432856189979133 420
1725386607755 0.1316066165674819 421
1725386607781 0.11320974364147604 422
1725386607806 0.08540760434947497 423
1725386607833 0.14429094343702326 424
1725386607860 0.11010293247946018 425
1725386607886 0.13302653370282347 426
1725386607912 0.1409155317803144 427
1725386607933 0.13159882711912915 428
1725386607955 0.114025645012229 429
1725386607980 0.14675244274800553 430
1725386608007 0.11046541139586516 431
1725386608031 0.17444255672166017 432
1725386608058 0.1673159072295103 433
1725386608084 0.21690880796920278 434
1725386608106 0.11092529143485573 435
1725386608131 0.08863470874816337 436
1725386608155 0.11284216349198985 437
1725386608182 0.1456027530807253 438
1725386608211 0.12094480062462236 439
1725386608237 0.14790023634900704 440
1725386608269 0.10926363869836835 441
1725386608295 0.14050196702459658 442
1725386608321 0.16992399275421693 443
1725386608346 0.11182579748018323 444
1725386608372 0.18474070279958682 445
1725386608397 0.14626458771735687 446
1725386608424 0.14391963336086186 447
1725386608449 0.09642099150332466 448
1725386608474 0.16611200981642849 449
1725386608500 0.10182019104805179 450
1725386608529 0.14334912991560986 451
1725386608553 0.1629820317670449 452
1725386608586 0.15378693305537167 453
1725386608619 0.16532736943572393 454
1725386608653 0.22208535580037983 455
1725386608678 0.15926057159244456 456
1725386608706 0.1059514790294762 457
1725386608744 0.14191175913286996 458
1725386608766 0.1434152704377829 459
1725386608791 0.11031759831762687 460
1725386608817 0.15009614350151926 461
1725386608843 0.09809764099185371 462
1725386608872 0.12834539458485744 463
1725386608899 0.16030916094909964 464
1725386608927 0.143708377258344 465
1725386608954 0.17004465724354312 466
1725386608978 0.1014310178832518 467
1725386609002 0.12562190614656216 468
1725386609025 0.14280538881135169 469
1725386609051 0.10629784810569777 470
1725386609078 0.1452836867749499 471
1725386609101 0.1315008934065813 472
1725386609129 0.18074493309720502 473
1725386609156 0.1738849465192731 474
1725386609178 0.13922378558071447 475
1725386609201 0.13383700555625072 476
1725386609227 0.10575454149457819 477
1725386609253 0.07557855372317099 478
1725386609279 0.13521915928493228 479
1725386609303 0.08115724769998651 480
1725386609328 0.20175041790970208 481
1725386609353 0.10645416177071465 482
1725386609378 0.15718114460782012 483
1725386609403 0.10069058945658363 484
1725386609432 0.14797141050393486 485
1725386609460 0.0957860058084629 486
1725386609486 0.14141913856241534 487
1725386609516 0.08936012869161149 488
1725386609545 0.16439724805802194 489
1725386609570 0.11861584566028902 490
1725386609596 0.1507472780695915 491
1725386609620 0.11330513075208637 492
1725386609646 0.1334429305689449 493
1725386609671 0.1299890417371322 494
1725386609695 0.09505494369243862 495
1725386609719 0.1359027351739 496
1725386609749 0.1575985198568589 497
1725386609775 0.11538527996853414 498
1725386609803 0.15004085011532642 499
