1725342939815 4.0489100215568654e+105 0
1725342939832 nan 1
1725342939867 nan 2
1725342939885 nan 3
1725342939903 nan 4
1725342939918 nan 5
1725342939934 nan 6
1725342939950 nan 7
1725342939966 nan 8
1725342939983 nan 9
1725342940000 nan 10
1725342940014 nan 11
1725342940033 nan 12
1725342940050 nan 13
1725342940066 nan 14
1725342940084 nan 15
1725342940099 nan 16
1725342940129 nan 17
1725342940147 nan 18
1725342940163 nan 19
1725342940184 nan 20
1725342940201 nan 21
1725342940217 nan 22
1725342940237 nan 23
1725342940253 nan 24
1725342940267 nan 25
1725342940282 nan 26
1725342940297 nan 27
1725342940312 nan 28
1725342940326 nan 29
1725342940342 nan 30
1725342940358 nan 31
1725342940373 nan 32
1725342940389 nan 33
1725342940404 nan 34
1725342940421 nan 35
1725342940437 nan 36
1725342940453 nan 37
1725342940467 nan 38
1725342940481 nan 39
1725342940494 nan 40
1725342940508 nan 41
1725342940523 nan 42
1725342940538 nan 43
1725342940552 nan 44
1725342940565 nan 45
1725342940594 nan 46
1725342940609 nan 47
1725342940625 nan 48
1725342940640 nan 49
1725342940656 nan 50
1725342940671 nan 51
1725342940686 nan 52
1725342940702 nan 53
1725342940717 nan 54
1725342940732 nan 55
1725342940748 nan 56
1725342940766 nan 57
1725342940783 nan 58
1725342940799 nan 59
1725342940814 nan 60
1725342940829 nan 61
1725342940844 nan 62
1725342940858 nan 63
1725342940875 nan 64
1725342940889 nan 65
1725342940902 nan 66
1725342940916 nan 67
1725342940930 nan 68
1725342940943 nan 69
1725342940957 nan 70
1725342940971 nan 71
1725342940987 nan 72
1725342941003 nan 73
1725342941018 nan 74
1725342941034 nan 75
1725342941048 nan 76
1725342941064 nan 77
1725342941079 nan 78
1725342941095 nan 79
1725342941108 nan 80
1725342941122 nan 81
1725342941135 nan 82
1725342941149 nan 83
1725342941162 nan 84
1725342941179 nan 85
1725342941193 nan 86
1725342941206 nan 87
1725342941221 nan 88
1725342941235 nan 89
1725342941250 nan 90
1725342941310 nan 91
1725342941333 nan 92
1725342941349 nan 93
1725342941365 nan 94
1725342941380 nan 95
1725342941395 nan 96
1725342941408 nan 97
1725342941422 nan 98
1725342941437 nan 99
1725342941453 nan 100
1725342941473 nan 101
1725342941487 nan 102
1725342941502 nan 103
1725342941518 nan 104
1725342941537 nan 105
1725342941552 nan 106
1725342941569 nan 107
1725342941587 nan 108
1725342941603 nan 109
1725342941618 nan 110
1725342941633 nan 111
1725342941651 nan 112
1725342941666 nan 113
1725342941681 nan 114
1725342941697 nan 115
1725342941714 nan 116
1725342941729 nan 117
1725342941746 nan 118
1725342941762 nan 119
1725342941777 nan 120
1725342941793 nan 121
1725342941811 nan 122
1725342941828 nan 123
1725342941844 nan 124
1725342941859 nan 125
1725342941891 nan 126
1725342941905 nan 127
1725342941919 nan 128
1725342941933 nan 129
1725342941951 nan 130
1725342941965 nan 131
1725342941980 nan 132
1725342941997 nan 133
1725342942013 nan 134
1725342942029 nan 135
1725342942045 nan 136
1725342942064 nan 137
1725342942101 nan 138
1725342942131 nan 139
1725342942162 nan 140
1725342942183 nan 141
1725342942204 nan 142
1725342942231 nan 143
1725342942261 nan 144
1725342942284 nan 145
1725342942303 nan 146
1725342942318 nan 147
1725342942337 nan 148
1725342942357 nan 149
1725342942378 nan 150
1725342942429 nan 151
1725342942452 nan 152
1725342942471 nan 153
1725342942491 nan 154
1725342942512 nan 155
1725342942532 nan 156
1725342942562 nan 157
1725342942578 nan 158
1725342942603 nan 159
1725342942658 nan 160
1725342942677 nan 161
1725342942693 nan 162
1725342942709 nan 163
1725342942722 nan 164
1725342942736 nan 165
1725342942750 nan 166
1725342942764 nan 167
1725342942777 nan 168
1725342942791 nan 169
1725342942805 nan 170
1725342942818 nan 171
1725342942832 nan 172
1725342942848 nan 173
1725342942868 nan 174
1725342942884 nan 175
1725342942916 nan 176
1725342942931 nan 177
1725342942945 nan 178
1725342942959 nan 179
1725342942976 nan 180
1725342942992 nan 181
1725342943009 nan 182
1725342943025 nan 183
1725342943041 nan 184
1725342943057 nan 185
1725342943073 nan 186
1725342943090 nan 187
1725342943107 nan 188
1725342943125 nan 189
1725342943139 nan 190
1725342943160 nan 191
1725342943175 nan 192
1725342943191 nan 193
1725342943208 nan 194
1725342943222 nan 195
1725342943236 nan 196
1725342943250 nan 197
1725342943263 nan 198
1725342943277 nan 199
1725342943290 nan 200
1725342943304 nan 201
1725342943319 nan 202
1725342943332 nan 203
1725342943347 nan 204
1725342943361 nan 205
1725342943377 nan 206
1725342943393 nan 207
1725342943410 nan 208
1725342943425 nan 209
1725342943441 nan 210
1725342943456 nan 211
1725342943472 nan 212
1725342943486 nan 213
1725342943499 nan 214
1725342943513 nan 215
1725342943527 nan 216
1725342943540 nan 217
1725342943556 nan 218
1725342943570 nan 219
1725342943583 nan 220
1725342943597 nan 221
1725342943613 nan 222
1725342943633 nan 223
1725342943650 nan 224
1725342943665 nan 225
1725342943682 nan 226
1725342943698 nan 227
1725342943714 nan 228
1725342943728 nan 229
1725342943742 nan 230
1725342943755 nan 231
1725342943769 nan 232
1725342943783 nan 233
1725342943797 nan 234
1725342943811 nan 235
1725342943824 nan 236
1725342943839 nan 237
1725342943854 nan 238
1725342943869 nan 239
1725342943885 nan 240
1725342943902 nan 241
1725342943937 nan 242
1725342943953 nan 243
1725342943969 nan 244
1725342943983 nan 245
1725342943998 nan 246
1725342944016 nan 247
1725342944031 nan 248
1725342944051 nan 249
1725342944066 nan 250
1725342944081 nan 251
1725342944097 nan 252
1725342944117 nan 253
1725342944132 nan 254
1725342944149 nan 255
1725342944165 nan 256
1725342944180 nan 257
1725342944197 nan 258
1725342944214 nan 259
1725342944228 nan 260
1725342944242 nan 261
1725342944256 nan 262
1725342944270 nan 263
1725342944283 nan 264
1725342944297 nan 265
1725342944311 nan 266
1725342944325 nan 267
1725342944339 nan 268
1725342944354 nan 269
1725342944369 nan 270
1725342944385 nan 271
1725342944400 nan 272
1725342944417 nan 273
1725342944432 nan 274
1725342944446 nan 275
1725342944461 nan 276
1725342944476 nan 277
1725342944490 nan 278
1725342944505 nan 279
1725342944518 nan 280
1725342944532 nan 281
1725342944546 nan 282
1725342944559 nan 283
1725342944573 nan 284
1725342944587 nan 285
1725342944602 nan 286
1725342944617 nan 287
1725342944633 nan 288
1725342944652 nan 289
1725342944668 nan 290
1725342944686 nan 291
1725342944699 nan 292
1725342944716 nan 293
1725342944733 nan 294
1725342944753 nan 295
1725342944769 nan 296
1725342944783 nan 297
1725342944799 nan 298
1725342944816 nan 299
1725342944831 nan 300
1725342944848 nan 301
1725342944862 nan 302
1725342944876 nan 303
1725342944890 nan 304
1725342944904 nan 305
1725342944918 nan 306
1725342944951 nan 307
1725342944964 nan 308
1725342944979 nan 309
1725342944995 nan 310
1725342945011 nan 311
1725342945027 nan 312
1725342945044 nan 313
1725342945061 nan 314
1725342945079 nan 315
1725342945095 nan 316
1725342945111 nan 317
1725342945127 nan 318
1725342945142 nan 319
1725342945158 nan 320
1725342945173 nan 321
1725342945191 nan 322
1725342945205 nan 323
1725342945220 nan 324
1725342945235 nan 325
1725342945248 nan 326
1725342945262 nan 327
1725342945275 nan 328
1725342945289 nan 329
1725342945303 nan 330
1725342945316 nan 331
1725342945330 nan 332
1725342945344 nan 333
1725342945359 nan 334
1725342945374 nan 335
1725342945390 nan 336
1725342945406 nan 337
1725342945421 nan 338
1725342945437 nan 339
1725342945453 nan 340
1725342945467 nan 341
1725342945483 nan 342
1725342945498 nan 343
1725342945515 nan 344
1725342945530 nan 345
1725342945545 nan 346
1725342945561 nan 347
1725342945578 nan 348
1725342945593 nan 349
1725342945607 nan 350
1725342945619 nan 351
1725342945633 nan 352
1725342945648 nan 353
1725342945663 nan 354
1725342945676 nan 355
1725342945690 nan 356
1725342945704 nan 357
1725342945718 nan 358
1725342945732 nan 359
1725342945752 nan 360
1725342945768 nan 361
1725342945790 nan 362
1725342945807 nan 363
1725342945820 nan 364
1725342945837 nan 365
1725342945853 nan 366
1725342945868 nan 367
1725342945883 nan 368
1725342945898 nan 369
1725342945914 nan 370
1725342945929 nan 371
1725342945945 nan 372
1725342945980 nan 373
1725342945995 nan 374
1725342946011 nan 375
1725342946027 nan 376
1725342946041 nan 377
1725342946057 nan 378
1725342946072 nan 379
1725342946086 nan 380
1725342946103 nan 381
1725342946119 nan 382
1725342946156 nan 383
1725342946205 nan 384
1725342946237 nan 385
1725342946261 nan 386
1725342946281 nan 387
1725342946303 nan 388
1725342946320 nan 389
1725342946340 nan 390
1725342946361 nan 391
1725342946384 nan 392
1725342946406 nan 393
1725342946437 nan 394
1725342946463 nan 395
1725342946481 nan 396
1725342946504 nan 397
1725342946521 nan 398
1725342946542 nan 399
1725342946562 nan 400
1725342946583 nan 401
1725342946635 nan 402
1725342946684 nan 403
1725342946702 nan 404
1725342946718 nan 405
1725342946736 nan 406
1725342946751 nan 407
1725342946767 nan 408
1725342946783 nan 409
1725342946799 nan 410
1725342946815 nan 411
1725342946831 nan 412
1725342946851 nan 413
1725342946868 nan 414
1725342946883 nan 415
1725342946899 nan 416
1725342946914 nan 417
1725342946930 nan 418
1725342946949 nan 419
1725342946967 nan 420
1725342946997 nan 421
1725342947013 nan 422
1725342947028 nan 423
1725342947043 nan 424
1725342947058 nan 425
1725342947073 nan 426
1725342947088 nan 427
1725342947103 nan 428
1725342947118 nan 429
1725342947132 nan 430
1725342947146 nan 431
1725342947163 nan 432
1725342947176 nan 433
1725342947190 nan 434
1725342947205 nan 435
1725342947219 nan 436
1725342947234 nan 437
1725342947250 nan 438
1725342947265 nan 439
1725342947279 nan 440
1725342947294 nan 441
1725342947309 nan 442
1725342947324 nan 443
1725342947340 nan 444
1725342947359 nan 445
1725342947373 nan 446
1725342947387 nan 447
1725342947401 nan 448
1725342947414 nan 449
1725342947428 nan 450
1725342947442 nan 451
1725342947455 nan 452
1725342947469 nan 453
1725342947483 nan 454
1725342947497 nan 455
1725342947510 nan 456
1725342947524 nan 457
1725342947537 nan 458
1725342947550 nan 459
1725342947564 nan 460
1725342947577 nan 461
1725342947590 nan 462
1725342947603 nan 463
1725342947616 nan 464
1725342947630 nan 465
1725342947644 nan 466
1725342947658 nan 467
1725342947671 nan 468
1725342947685 nan 469
1725342947698 nan 470
1725342947712 nan 471
1725342947726 nan 472
1725342947740 nan 473
1725342947753 nan 474
1725342947767 nan 475
1725342947780 nan 476
1725342947793 nan 477
1725342947807 nan 478
1725342947820 nan 479
1725342947834 nan 480
1725342947847 nan 481
1725342947861 nan 482
1725342947876 nan 483
1725342947891 nan 484
1725342947910 nan 485
1725342947925 nan 486
1725342947941 nan 487
1725342947958 nan 488
1725342947973 nan 489
1725342948010 nan 490
1725342948024 nan 491
1725342948043 nan 492
1725342948058 nan 493
1725342948074 nan 494
1725342948089 nan 495
1725342948105 nan 496
1725342948119 nan 497
1725342948132 nan 498
1725342948145 nan 499
