1725343299188 168.996543037322 0
1725343299209 1380388556879522.8 1
1725343299226 6.636936675191288e+31 2
1725343299242 3.258023794064562e+48 3
1725343299258 1.5993940885692459e+65 4
1725343299275 7.851574508596153e+81 5
1725343299292 3.854411037276049e+98 6
1725343299312 1.8921662690742021e+115 7
1725343299329 9.288820406534597e+131 8
1725343299359 4.559968431689132e+148 9
1725343299382 2.2385309638857404e+165 10
1725343299403 1.0989156945586594e+182 11
1725343299422 5.39467947162593e+198 12
1725343299446 2.6482983859166953e+215 13
1725343299466 1.3000743376390332e+232 14
1725343299485 6.382185981669585e+248 15
1725343299503 3.1330745269990192e+265 16
1725343299526 1.538055459355669e+282 17
1725343299548 7.550457468114088e+298 18
1725343299565 inf 19
1725343299581 inf 20
