1725402138726 3190702468.6562076 0
1725402138796 1.4735436826244143e+23 1
1725402138861 2.2928403906917883e+35 2
1725402138927 4.291969283923222e+50 3
1725402138997 5.159729483759325e+62 4
1725402139070 9.452954070578888e+76 5
1725402139147 1.5764133102155653e+91 6
1725402139215 1.1330025700483301e+103 7
1725402139292 3.5463582059873253e+118 8
1725402139365 4.614651436669678e+130 9
1725402139426 1.1314115123099513e+144 10
1725402139487 8.957306450235664e+157 11
1725402139559 3.397066767100589e+169 12
1725402139629 1.4171797533505999e+184 13
1725402139695 2.3936159293726377e+197 14
1725402139758 5.2154655545033273e+210 15
1725402139828 1.8162154000211881e+227 16
1725402139887 3.0169809208172035e+239 17
1725402139954 2.370064901282875e+251 18
1725402140017 1.599706224653747e+266 19
1725402140088 5.145060492304957e+279 20
1725402140158 1.7807165130238987e+295 21
1725402140229 5.288987971201722e+305 22
1725402140305 inf 23
