1725352300880 4.704567327988 0
1725352300946 6.158891374150787 1
1725352301023 3.8998321596950727 2
1725352301093 4.301528766135016 3
1725352301162 6.163271894439326 4
1725352301235 6.739947513578104 5
1725352301299 9.13691506155287 6
1725352301371 3.0952609435707577 7
1725352301446 34.414070747079606 8
1725352301521 14.5742595040474 9
1725352301616 5.146794543265205 10
1725352301690 1.7704610259835445 11
1725352301813 139.0219765986025 12
1725352301899 1135.3927838912427 13
1725352301970 2407.4915271943955 14
1725352302151 3040.784255547904 15
1725352302240 1357.9100429923942 16
1725352302302 2778.4506354257805 17
1725352302373 5341.818857520618 18
1725352302446 208753.261917429 19
1725352302520 6216690.466620037 20
1725352302581 741894.2161147891 21
1725352302634 4011272.4426910933 22
1725352302687 6824407.279422292 23
1725352302744 41150919.38260523 24
1725352302802 4996047577.717627 25
1725352302874 3506379428.505257 26
1725352302937 11945893138.179445 27
1725352303010 110615779765.6273 28
1725352303063 1913637309187.094 29
1725352303114 64726404.99272654 30
1725352303184 7648099895922.963 31
1725352303269 293337562868565.9 32
1725352303340 3999874649802.2246 33
1725352303398 49788291487137.5 34
1725352303455 61720403961559.85 35
1725352303507 52968215933205.016 36
1725352303570 328054864632779.44 37
1725352303640 2.454614347703358e+16 38
1725352303708 2.3812097811343256e+16 39
1725352303771 1.2966819347903287e+19 40
1725352303843 7.698751969328931e+16 41
1725352303916 1.3395627531921175e+19 42
1725352303983 1.0099511835119129e+19 43
1725352304047 5.308602041507398e+18 44
1725352304100 1.527834419812405e+19 45
1725352304167 1.2849075243557569e+19 46
1725352304232 2.294557236938401e+22 47
1725352304301 6.25747152599426e+22 48
1725352304368 5.824359306493122e+21 49
1725352304430 1.175679366938513e+22 50
1725352304502 2.426485202057344e+21 51
1725352304573 3.2228305948545536e+24 52
1725352304638 3.0617640137343674e+25 53
1725352304700 2.726695320382764e+23 54
1725352304764 1.3405890239020454e+25 55
1725352304849 1.264994162106346e+25 56
1725352304938 8.31490721080529e+24 57
1725352305000 4.0974208627746064e+26 58
1725352305076 9.901478894481863e+26 59
1725352305137 1.1954582506736058e+28 60
1725352305215 1.6724260957062155e+28 61
1725352305281 2.8440204255225046e+28 62
1725352305333 2.3673198562939646e+30 63
1725352305378 3.2243638300803286e+29 64
1725352305444 6.806930372603178e+28 65
1725352305525 4.245102214215101e+29 66
1725352305576 1.3591344467477966e+31 67
1725352305624 1.2972702082038492e+33 68
1725352305678 8.057008583678857e+30 69
1725352305730 9.02782696312914e+32 70
1725352305791 8.072107460957376e+33 71
1725352305864 2.7276441403427093e+35 72
1725352305942 1.5426247506317167e+34 73
1725352306000 1.405610668078968e+30 74
1725352306076 4.552025747179362e+36 75
1725352306154 1.3972695265606202e+36 76
1725352306233 3.434061089580897e+36 77
1725352306305 4.343565975647025e+37 78
1725352306368 9.96128940558727e+38 79
1725352306422 1.263632484837872e+38 80
1725352306478 1.203550675904422e+40 81
1725352306540 2.055601371170194e+41 82
1725352306618 2.7271623879343526e+39 83
1725352306699 8.128753824586164e+41 84
1725352306764 1.0869048884355159e+41 85
1725352306853 7.074160921556268e+41 86
1725352306959 6.190806051099388e+41 87
1725352307024 2.5626199471973834e+44 88
1725352307111 3.1375564976861168e+44 89
1725352307194 2.267178891318628e+45 90
1725352307261 1.1685492862330232e+45 91
1725352307321 1.1616888854166136e+47 92
1725352307401 6.7335850759256096e+44 93
1725352307465 1.4269456795358493e+47 94
1725352307517 1.4170156124441418e+49 95
1725352307592 9.869706873031162e+47 96
1725352307659 9.91741445590208e+46 97
1725352307722 2.886203087306123e+48 98
1725352307786 2.090541817663237e+51 99
1725352307851 8.959678051277717e+49 100
1725352307909 1.5111618896261016e+51 101
1725352307966 1.2717491933373319e+51 102
1725352308031 6.94477180849646e+51 103
1725352308097 8.1722338937015e+51 104
1725352308161 1.0135317011645575e+49 105
1725352308229 4.9824083447414816e+54 106
1725352308314 1.410211617386989e+55 107
1725352308377 3.0525621203786787e+55 108
1725352308449 5.741084303848245e+54 109
1725352308516 7.044575564728225e+55 110
1725352308579 2.992076758853478e+54 111
1725352308649 2.9201508189189727e+53 112
1725352308703 7.638284109306205e+56 113
1725352308765 2.199380415932847e+57 114
1725352308822 2.384364775882501e+58 115
1725352308873 5.884829567903545e+58 116
1725352308930 1.8160413607263441e+59 117
1725352308992 9.785413109295968e+55 118
1725352309064 1.3012409618102369e+57 119
1725352309136 1.3380252292174732e+63 120
1725352309196 3.253350730011026e+60 121
1725352309257 9.867560674292169e+61 122
1725352309309 7.052550594699611e+62 123
1725352309380 5.767322673035115e+63 124
1725352309458 9.53046437261923e+63 125
1725352309522 1.4290697787132385e+62 126
1725352309589 8.947746184728236e+64 127
1725352309655 2.111994300585908e+67 128
1725352309709 4.45858333454269e+67 129
1725352309786 4.123437309091894e+64 130
1725352309852 4.240672851972619e+65 131
1725352309921 5.890235219313277e+65 132
1725352309983 6.717962797453119e+65 133
1725352310037 5.567239318343135e+69 134
1725352310100 5.5040105327161e+68 135
1725352310173 1.842994343276966e+70 136
1725352310238 4.691505877743976e+69 137
1725352310300 2.0249409274940183e+71 138
1725352310368 1.9835148673805785e+73 139
1725352310432 1.0737319323094282e+72 140
1725352310490 1.9727461719297384e+72 141
1725352310541 2.1042194715815976e+72 142
1725352310604 6.807210081144415e+73 143
1725352310669 4.821127262629256e+72 144
1725352310729 2.681686068963184e+74 145
1725352310793 1.3260969037339007e+75 146
1725352310857 4.4160963108955625e+77 147
1725352310930 5.4614948759711415e+75 148
1725352310998 3.715176511748249e+76 149
1725352311066 3.881045917116204e+75 150
1725352311133 1.8058650690054032e+75 151
1725352311195 8.318809577711816e+78 152
1725352311254 2.9218781023663913e+78 153
1725352311316 9.216466142243644e+79 154
1725352311384 3.976984153603681e+79 155
1725352311438 1.5519150489041682e+80 156
1725352311489 1.150989218606745e+79 157
1725352311547 1.754271963599659e+81 158
1725352311611 1.9910946880241235e+81 159
1725352311683 9.64356524598334e+82 160
1725352311755 1.6404502127560067e+83 161
1725352311835 4.027426870546018e+83 162
1725352311890 1.2989390643718116e+84 163
1725352311944 5.600498958729155e+84 164
1725352312003 4.104693227810762e+85 165
1725352312061 2.2061049325058157e+87 166
1725352312122 3.8082197213905164e+84 167
1725352312175 2.0043062038686813e+89 168
1725352312237 3.877138555375809e+87 169
1725352312307 1.3905140121793276e+90 170
1725352312367 3.105785729323486e+89 171
1725352312432 1.4436220235061837e+88 172
1725352312502 2.190571428029138e+91 173
1725352312561 4.807275331694941e+91 174
1725352312619 6.442329602156169e+90 175
1725352312687 1.0027222202859376e+92 176
1725352312749 8.540414946239396e+93 177
1725352312807 3.4409554240002384e+90 178
1725352312857 3.381161399344762e+91 179
1725352312922 1.9477787123809374e+94 180
1725352312982 4.341817830465034e+94 181
1725352313037 2.656553295207434e+93 182
1725352313097 2.605639485256945e+96 183
1725352313185 1.8489734623733486e+95 184
1725352313252 1.4094314662487073e+96 185
1725352313311 2.4912271322955553e+95 186
1725352313376 5.15006258474534e+97 187
1725352313451 2.5867119465009227e+99 188
1725352313510 4.697045642867912e+99 189
1725352313578 1.3089819438302673e+98 190
1725352313635 4.859846813334265e+99 191
1725352313714 4.43955625114517e+96 192
1725352313789 1.9548607563669992e+101 193
1725352313871 1.523774527725626e+102 194
1725352313940 1.8725823654191807e+101 195
1725352314016 3.337058281720313e+102 196
1725352314068 8.023663258434667e+103 197
1725352314121 1.2445291600790203e+103 198
1725352314180 2.4274545017547834e+106 199
1725352314243 4.468261687758179e+103 200
1725352314302 1.2742846211469797e+106 201
1725352314377 2.364882266671423e+105 202
1725352314449 2.096796517477806e+106 203
1725352314518 4.6201277712568435e+106 204
1725352314573 3.7834418168151665e+106 205
1725352314640 5.129694804097125e+107 206
1725352314705 4.1020404629561563e+108 207
1725352314763 1.2218230420186647e+111 208
1725352314833 1.0661425577361997e+111 209
1725352314900 1.7512281326105745e+111 210
1725352314962 2.610848554511438e+112 211
1725352315020 1.9850898612166526e+112 212
1725352315089 1.2475466699816997e+111 213
1725352315164 4.456519174159193e+112 214
1725352315240 4.67263140520062e+111 215
1725352315314 5.0542831280269565e+113 216
1725352315381 6.164713100703701e+113 217
1725352315444 4.032564884471293e+113 218
1725352315499 7.943018735288889e+114 219
1725352315552 6.711443614182304e+117 220
1725352315618 7.768882484873478e+118 221
1725352315670 4.3121765692440245e+115 222
1725352315734 2.8603540441728877e+119 223
1725352315794 2.4994648095332776e+117 224
1725352315856 1.6393329487116941e+121 225
1725352315929 2.8080018590943786e+117 226
1725352315995 2.165990164779861e+119 227
1725352316056 1.9152827532464893e+122 228
1725352316119 1.6764772421134864e+123 229
1725352316184 1.0169034967006998e+122 230
1725352316249 4.871358226702907e+122 231
1725352316327 3.6136528397606704e+120 232
1725352316413 3.413615435506941e+121 233
1725352316477 3.56628444006668e+122 234
1725352316543 9.261806264812533e+122 235
1725352316610 6.7132319856946384e+125 236
1725352316688 1.3331775534756719e+125 237
1725352316790 5.486105830268493e+127 238
1725352316843 1.487447497287334e+125 239
1725352316904 1.6919829369554175e+127 240
1725352316963 2.4362051042013373e+129 241
1725352317022 6.274799670822004e+128 242
1725352317092 2.148862906221986e+127 243
1725352317159 1.724669983311051e+127 244
1725352317225 2.241006146517461e+129 245
1725352317291 7.01464220114172e+130 246
1725352317353 1.300277200921093e+131 247
1725352317415 6.278491227511553e+133 248
1725352317476 3.2739396392191475e+131 249
1725352317529 2.794671829989708e+131 250
1725352317589 4.8370784651096194e+134 251
1725352317648 2.85970838801849e+127 252
1725352317746 1.5098460056292863e+135 253
1725352317818 3.777924618798695e+134 254
1725352317895 2.0926762829870285e+134 255
1725352317999 1.86591336448718e+135 256
1725352318065 4.271696598287229e+136 257
1725352318138 1.2222301117884165e+133 258
1725352318201 1.3530960207008986e+137 259
1725352318264 1.8334782435579577e+137 260
1725352318326 1.967842688095949e+137 261
1725352318390 9.419826620521999e+139 262
1725352318445 1.788408212234691e+138 263
1725352318512 3.033042252249575e+136 264
1725352318582 1.3364351575497432e+142 265
1725352318657 1.3674193730035148e+142 266
1725352318717 9.585680737636663e+140 267
1725352318786 7.116898801028987e+141 268
1725352318842 1.8424459752826932e+142 269
1725352318908 7.560212958716611e+144 270
1725352318970 5.222543657121971e+144 271
1725352319044 2.561522302133662e+144 272
1725352319104 7.860507070715891e+145 273
1725352319169 3.080908904081321e+146 274
1725352319237 7.400496097545253e+147 275
1725352319298 9.258172141390374e+145 276
1725352319360 4.514616712569405e+146 277
1725352319409 6.108247277952654e+143 278
1725352319476 5.1815909488583945e+150 279
1725352319537 5.574057406113899e+145 280
1725352319597 1.7517872236076012e+148 281
1725352319654 2.50680255799988e+150 282
1725352319719 5.00731718813454e+149 283
1725352319779 4.346587888930739e+149 284
1725352319846 6.156638541058284e+149 285
1725352319904 1.8699083119395344e+151 286
1725352319980 3.382705355982077e+146 287
1725352320033 4.9172486914822994e+153 288
1725352320096 3.334686859219648e+155 289
1725352320157 7.996190448704635e+152 290
1725352320208 4.551719510500234e+154 291
1725352320270 3.1649174220900135e+155 292
1725352320337 1.3167554511474621e+156 293
1725352320397 2.9317234356797227e+153 294
1725352320477 1.6229685015530633e+156 295
1725352320530 1.7254689553332792e+157 296
1725352320611 3.676326475821195e+156 297
1725352320674 2.5406641378901282e+159 298
1725352320724 1.9768321025574165e+159 299
1725352320777 2.6536972229173127e+158 300
1725352320834 1.1241811780986377e+160 301
1725352320894 9.850195527717656e+162 302
1725352320954 1.1908947878291696e+164 303
1725352321025 3.9464341545212665e+160 304
1725352321075 3.171543501176732e+161 305
1725352321127 4.961540200451376e+161 306
1725352321178 8.968107337769027e+160 307
1725352321231 1.3740320979411162e+165 308
1725352321289 3.931483523940448e+163 309
1725352321342 3.5793211964212903e+162 310
1725352321394 9.981520843525462e+168 311
1725352321450 1.9018283794102755e+167 312
1725352321518 8.220771820436878e+168 313
1725352321575 1.828159318476005e+169 314
1725352321654 8.736898278614364e+166 315
1725352321717 3.851410037578799e+168 316
1725352321772 3.1395648316077924e+166 317
1725352321832 3.1004074799485233e+168 318
1725352321897 5.841022268583285e+168 319
1725352321959 4.2306157035208324e+172 320
1725352322018 3.601628827598787e+172 321
1725352322083 4.79449854316734e+170 322
1725352322144 1.335423057940647e+174 323
1725352322224 1.0687166734574052e+172 324
1725352322275 5.228376467521494e+170 325
1725352322333 1.8941144826725104e+176 326
1725352322396 2.065702886411365e+175 327
1725352322454 1.1385687589463107e+175 328
1725352322512 1.0189465369315291e+176 329
1725352322574 8.495364609947774e+176 330
1725352322665 1.999869573484039e+178 331
1725352322725 2.0276529894602508e+177 332
1725352322784 9.160114700899848e+177 333
1725352322852 1.3834648751834338e+176 334
1725352322904 1.4193161800190335e+177 335
1725352322967 3.0194168613461354e+178 336
1725352323025 5.247791611930128e+180 337
1725352323085 3.3574067365055645e+179 338
1725352323142 1.06797474443496e+182 339
1725352323193 6.654440756055026e+181 340
1725352323255 7.554704385211942e+181 341
1725352323313 2.579517327708936e+183 342
1725352323374 1.965085751891553e+181 343
1725352323435 7.781789109618293e+180 344
1725352323512 8.444329906446322e+185 345
1725352323559 3.5800807057435673e+183 346
1725352323613 3.8286994952862115e+186 347
1725352323663 3.7283350505672335e+185 348
1725352323732 3.782533741248004e+187 349
1725352323794 8.772589225993036e+185 350
1725352323854 1.1422734849487172e+187 351
1725352323912 1.5058467897809643e+190 352
1725352323990 5.373117576664561e+190 353
1725352324057 1.3739954064487523e+188 354
1725352324114 1.0079187085540836e+189 355
1725352324173 1.7933198490221018e+189 356
1725352324234 1.2623769128487573e+190 357
1725352324286 1.2024286417626498e+191 358
1725352324350 6.7343161558649e+189 359
1725352324416 2.683315791017216e+191 360
1725352324492 3.0829531569144437e+192 361
1725352324566 1.085044165223353e+193 362
1725352324654 3.6813773084809144e+195 363
1725352324719 4.4920520835664837e+195 364
1725352324778 1.885054162632233e+193 365
1725352324840 3.3447320427277113e+196 366
1725352324899 1.0704458703256945e+199 367
1725352324959 1.18202652774598e+196 368
1725352325018 4.85834373390665e+197 369
1725352325079 8.774864300284998e+198 370
1725352325138 2.4557498948131258e+199 371
1725352325188 1.6539714656803644e+197 372
1725352325248 3.181191188321618e+198 373
1725352325302 5.946598076843582e+201 374
1725352325365 3.818520860681249e+200 375
1725352325422 5.608130149336276e+204 376
1725352325481 3.3706787861076486e+199 377
1725352325537 1.2375078162269958e+203 378
1725352325594 9.325053463036276e+204 379
1725352325655 3.773669303475182e+204 380
1725352325722 1.0714913673342766e+203 381
1725352325781 6.855763007316454e+202 382
1725352325845 2.692397500958192e+204 383
1725352325906 1.217939319408564e+206 384
1725352325966 9.771219894315481e+206 385
1725352326059 8.224820138523372e+208 386
1725352326126 4.540398046864766e+209 387
1725352326175 9.056670376698555e+207 388
1725352326235 1.4102484717384044e+207 389
1725352326290 1.083180188685487e+210 390
1725352326351 4.343639706162372e+210 391
1725352326430 6.016220163360436e+211 392
1725352326498 6.393368622056433e+208 393
1725352326566 1.8997249719893405e+211 394
1725352326617 1.2589278087784767e+213 395
1725352326673 5.265467772198354e+213 396
1725352326734 2.0943673879986955e+214 397
1725352326808 5.7264903152696075e+212 398
1725352326857 2.3080114918869078e+213 399
1725352326908 3.7935415812687765e+213 400
1725352326964 2.1264372487432448e+213 401
1725352327035 7.095983323995074e+217 402
1725352327111 1.4779477823941195e+216 403
1725352327172 1.0309640375464486e+217 404
1725352327221 5.2269103698829055e+215 405
1725352327273 3.281596947030766e+218 406
1725352327325 6.8000009148337864e+218 407
1725352327383 1.0842395417180388e+219 408
1725352327447 2.165607523972689e+219 409
1725352327511 1.0181034797995605e+221 410
1725352327578 7.841676619022269e+219 411
1725352327646 3.78038729040731e+222 412
1725352327710 7.71355923640071e+221 413
1725352327772 4.732042700856064e+220 414
1725352327832 4.956036596478852e+225 415
1725352327892 7.704852569746223e+225 416
1725352327954 1.2549096297610257e+226 417
1725352328017 1.1432892063984814e+227 418
1725352328066 7.120543192399637e+223 419
1725352328128 4.620693181074817e+224 420
1725352328190 2.5648311926903233e+227 421
1725352328258 1.1786526300708857e+226 422
1725352328321 1.3196616836133986e+228 423
1725352328381 5.963288185990776e+230 424
1725352328444 5.817283351755592e+229 425
1725352328511 1.0352213229423322e+229 426
1725352328573 3.1284469357591634e+229 427
1725352328627 1.292549045591505e+229 428
1725352328678 5.346782331761915e+230 429
1725352328763 1.850173581011847e+233 430
1725352328822 2.205195555381656e+229 431
1725352328901 3.3788668415570606e+231 432
1725352328965 1.3897069235580437e+233 433
1725352329026 4.6588974204950954e+232 434
1725352329087 3.2343049596155954e+233 435
1725352329148 2.1748102354375955e+233 436
1725352329206 1.9442808273311334e+235 437
1725352329265 1.1572156637744027e+234 438
1725352329331 9.209507176128217e+235 439
1725352329393 1.1807698024161092e+236 440
1725352329454 6.587462442073968e+237 441
1725352329511 1.2257726769837565e+238 442
1725352329563 1.1108612666314101e+238 443
1725352329629 1.4868060718098805e+240 444
1725352329693 1.049157513369975e+240 445
1725352329766 1.7614980978687807e+239 446
1725352329829 1.5001515658522653e+238 447
1725352329883 2.228683561859295e+242 448
1725352329935 1.9924970395482936e+243 449
1725352329986 8.044195553279532e+241 450
1725352330052 2.981441037606849e+245 451
1725352330114 8.060873458735034e+243 452
1725352330185 8.977782521820572e+243 453
1725352330249 1.931077296569971e+246 454
1725352330313 1.7904900241687216e+243 455
1725352330367 2.59064966104536e+247 456
1725352330429 3.042672403963488e+244 457
1725352330480 5.156222634297218e+246 458
1725352330541 8.333974563837629e+245 459
1725352330605 4.129175145594938e+247 460
1725352330668 5.50554834729331e+245 461
1725352330725 1.5686482237000251e+248 462
1725352330792 1.1332927885136655e+251 463
1725352330844 6.7780081759549445e+249 464
1725352330903 7.63495298666683e+252 465
1725352330963 2.2769644144893286e+251 466
1725352331021 4.3696587112151917e+250 467
1725352331091 4.4292591123467216e+250 468
1725352331151 1.065709568558117e+252 469
1725352331235 1.2563310721839213e+255 470
1725352331303 2.055862242574252e+255 471
1725352331371 3.4214587260240897e+255 472
1725352331429 3.3906167948285807e+255 473
1725352331486 3.6677481837678376e+255 474
1725352331538 4.543747047310486e+255 475
1725352331597 3.865685553205354e+256 476
1725352331665 3.360663798289031e+257 477
1725352331801 3.6179308419427355e+256 478
1725352331863 3.4317984469630942e+255 479
1725352331924 5.46195580849473e+255 480
1725352331996 2.6567973400008432e+259 481
1725352332058 4.51358941780993e+259 482
1725352332125 6.823221087146993e+261 483
1725352332192 4.8910131848690324e+260 484
1725352332252 2.759293969051608e+260 485
1725352332309 2.4275766467176835e+261 486
1725352332375 7.456033699020935e+261 487
1725352332428 1.7568970093358168e+263 488
1725352332488 7.162863870584266e+264 489
1725352332562 1.1764183444921439e+265 490
1725352332631 1.0729538344208901e+262 491
1725352332682 1.4006780225447557e+264 492
1725352332745 1.9246187626398455e+267 493
1725352332814 1.6528747442866233e+267 494
1725352332873 5.775302698736836e+265 495
1725352332932 4.532364355081168e+267 496
1725352332998 7.030022517442372e+269 497
1725352333067 2.9814358798960143e+268 498
1725352333120 5.9634924149363686e+268 499
