1725349872942 213.61083155573075 0
1725349872964 12206.796134403072 1
1725349872988 16693824.584209971 2
1725349873010 26396643775.59367 3
1725349873032 42459093891534.0 4
1725349873054 6.8489146342585624e+16 5
1725349873078 1.1053355610355719e+20 6
1725349873103 1.784050979786274e+23 7
1725349873146 2.8795717986589242e+26 8
1725349873170 4.6478270395507384e+29 9
1725349873192 7.501917145631643e+32 10
1725349873219 1.2108619057552566e+36 11
1725349873252 1.954415859723103e+39 12
1725349873278 3.1545639920191006e+42 13
1725349873305 5.0916870824701213e+45 14
1725349873331 8.218339337783067e+48 15
1725349873356 1.3264974924541908e+52 16
1725349873377 2.1410597995212025e+55 17
1725349873398 3.4558203775027997e+58 18
1725349873420 5.57793597555576e+61 19
1725349873441 9.003179085911507e+64 20
1725349873462 1.4531761212070676e+68 21
1725349873482 2.3455279730588596e+71 22
1725349873503 3.7858463211134153e+74 23
1725349873529 6.110620948338808e+77 24
1725349873556 9.862969916669882e+80 25
1725349873579 1.5919523793008456e+84 26
1725349873600 2.5695225671106085e+87 27
1725349873624 4.147389274163025e+90 28
1725349873644 6.6941765803538515e+93 29
1725349873666 1.0804869552063265e+97 30
1725349873689 1.7439815731740413e+100 31
1725349873712 2.8149083271346173e+103 32
1725349873742 4.543459066342462e+106 33
1725349873767 7.333460947391754e+109 34
1725349873798 1.1836719266453741e+113 35
1725349873820 1.9105293393928705e+116 36
1725349873842 3.0837280791356704e+119 37
1725349873865 4.977352961808809e+122 38
1725349873891 8.033796064590417e+125 39
1725349873914 1.2967109164782521e+129 40
1725349873939 2.0929821810202818e+132 41
1725349873970 3.3782197361040915e+135 42
1725349874003 5.452683108768684e+138 43
1725349874026 8.801012191983526e+141 44
1725349874049 1.4205449694826214e+145 45
1725349874075 2.2928590101948062e+148 46
1725349874098 3.700834928545951e+151 47
1725349874180 5.973406610457922e+154 48
1725349874208 9.641496371166638e+157 49
1725349874245 1.556204998877406e+161 50
1725349874277 2.511823793009403e+164 51
1725349874306 4.0542594142028193e+167 52
1725349874338 6.543858467858066e+170 53
1725349874358 1.0562245597147582e+174 54
1725349874379 1.7048203686315397e+177 55
1725349874406 2.751699401958504e+180 56
1725349874429 4.441435436870475e+183 57
1725349874451 7.168787668394653e+186 58
1725349874478 1.1570925068031223e+190 59
1725349874503 1.867628295370846e+193 60
1725349874528 3.0144827912737532e+196 61
1725349874557 4.865586220453494e+199 62
1725349874585 7.853396721055365e+202 63
1725349874606 1.2675931997467497e+206 64
1725349874628 2.0459841481537524e+209 65
1725349874654 3.302361621482968e+212 66
1725349874679 5.330242802166655e+215 67
1725349874707 8.603384967056065e+218 68
1725349874729 1.3886465521097622e+222 69
1725349874761 2.2413727318611244e+225 70
1725349874780 3.61773247159115e+228 71
1725349874804 5.839273428269784e+231 72
1725349874830 9.424996026613494e+234 73
1725349874852 1.521260327896676e+238 74
1725349874877 2.455420648133474e+241 75
1725349874898 3.9632207904982435e+244 76
1725349874945 6.396915757052721e+247 77
1725349874975 1.0325069776817749e+251 78
1725349874998 1.666538531144779e+254 79
1725349875019 2.689909836760617e+257 80
1725349875043 4.341702753749875e+260 81
1725349875063 7.007812137160806e+263 82
1725349875087 1.1311099293318285e+267 83
1725349875111 1.8256905967108333e+270 84
1725349875137 2.946792410254348e+273 85
1725349875161 4.756329207576022e+276 86
1725349875184 7.677048254949196e+279 87
1725349875208 1.2391293229859235e+283 88
1725349875227 2.000041458764691e+286 89
1725349875257 3.2282069051020374e+289 90
1725349875283 5.21055189955173e+292 91
1725349875307 8.410195472605256e+295 92
1725349875331 1.3574644154972255e+299 93
1725349875355 2.1910425808098468e+302 94
1725349875376 inf 95
1725349875397 inf 96
1725349875418 inf 97
1725349875439 inf 98
