1725383027746 176.07289502695184 0
1725383027794 176.03705146479427 1
1725383027822 176.001216006939 2
1725383027854 175.96538865144342 3
1725383027886 175.92956939636554 4
1725383027931 175.89375823976366 5
1725383027993 175.85795517969677 6
1725383028093 175.8221602142243 7
1725383028126 175.78637334140606 8
1725383028139 175.7505945593025 9
1725383028162 175.71482386597447 10
1725383028185 175.67906125948332 11
1725383028208 175.64330673789092 12
1725383028232 175.6075602992596 13
1725383028255 175.57182194165222 14
1725383028281 175.53609166313205 15
1725383028304 175.50036946176292 16
1725383028326 175.46465533560922 17
1725383028355 175.42894928273557 18
1725383028379 175.39325130120739 19
1725383028403 175.3575613890904 20
1725383028424 175.3218795444508 21
1725383028448 175.28620576535548 22
1725383028472 175.2505400498715 23
1725383028501 175.21488239606666 24
1725383028525 175.1792328020092 25
1725383028547 175.14359126576778 26
1725383028576 175.1079577854116 27
1725383028605 175.07233235901032 28
1725383028628 175.03671498463413 29
1725383028650 175.00110566035366 30
1725383028672 174.96550438424 31
1725383028694 174.92991115436485 32
1725383028718 174.89432596880025 33
1725383028742 174.85874882561887 34
1725383028764 174.82317972289374 35
1725383028787 174.78761865869848 36
1725383028808 174.7520656311071 37
1725383028828 174.71652063819417 38
1725383028854 174.6809836780347 39
1725383028872 174.6454547487042 40
1725383028892 174.60993384827867 41
1725383028926 174.57442097483468 42
1725383028958 174.53891612644912 43
1725383029049 174.5034193011995 44
1725383029075 174.4679304971637 45
1725383029098 174.43244971242024 46
1725383029121 174.39697694504795 47
1725383029144 174.3615121931263 48
1725383029169 174.32605545473513 49
1725383029192 174.2906067279548 50
1725383029220 174.25516601086625 51
1725383029241 174.21973330155078 52
1725383029265 174.18430859809015 53
1725383029289 174.14889189856677 54
1725383029314 174.11348320106336 55
1725383029335 174.07808250366324 56
1725383029357 174.0426898044502 57
1725383029380 174.0073051015084 58
1725383029401 173.97192839292262 59
1725383029423 173.9365596767781 60
1725383029445 173.9011989511605 61
1725383029465 173.86584621415597 62
1725383029488 173.83050146385125 63
1725383029512 173.79516469833345 64
1725383029538 173.75983591569025 65
1725383029558 173.72451511400962 66
1725383029579 173.68920229138035 67
1725383029600 173.65389744589137 68
1725383029623 173.61860057563229 69
1725383029645 173.58331167869315 70
1725383029666 173.5480307531645 71
1725383029693 173.51275779713734 72
1725383029719 173.47749280870315 73
1725383029744 173.44223578595384 74
1725383029765 173.40698672698198 75
1725383029791 173.37174562988042 76
1725383029814 173.3365124927426 77
1725383029836 173.30128731366244 78
1725383029857 173.26607009073427 79
1725383029878 173.230860822053 80
1725383029900 173.19565950571393 81
1725383029930 173.1604661398129 82
1725383029952 173.12528072244623 83
1725383029978 173.09010325171067 84
1725383030001 173.0549337257035 85
1725383030026 173.01977214252244 86
1725383030049 172.98461850026575 87
1725383030072 172.94947279703214 88
1725383030094 172.91433503092074 89
1725383030118 172.87920520003124 90
1725383030139 172.8440833024638 91
1725383030162 172.808969336319 92
1725383030183 172.773863299698 93
1725383030204 172.7387651907023 94
1725383030221 172.70367500743404 95
1725383030242 172.66859274799572 96
1725383030262 172.63351841049035 97
1725383030285 172.59845199302146 98
1725383030309 172.56339349369298 99
1725383030332 172.5283429106094 100
1725383030354 172.49330024187566 101
1725383030375 172.4582654855971 102
1725383030398 172.42323863987968 103
1725383030420 172.38821970282976 104
1725383030442 172.35320867255416 105
1725383030465 172.31820554716018 106
1725383030489 172.28321032475566 107
1725383030511 172.24822300344889 108
1725383030535 172.21324358134856 109
1725383030556 172.1782720565639 110
1725383030580 172.14330842720472 111
1725383030602 172.1083526913811 112
1725383030624 172.0734048472038 113
1725383030646 172.03846489278385 114
1725383030669 172.0035328262329 115
1725383030690 171.96860864566312 116
1725383030712 171.93369234918694 117
1725383030737 171.8987839349175 118
1725383030762 171.86388340096832 119
1725383030784 171.82899074545332 120
1725383030806 171.79410596648708 121
1725383030826 171.75922906218446 122
1725383030848 171.72436003066093 123
1725383030873 171.68949887003234 124
1725383030894 171.6546455784151 125
1725383030912 171.61980015392606 126
1725383030942 171.58496259468254 127
1725383030964 171.55013289880236 128
1725383030986 171.51531106440373 129
1725383031009 171.48049708960545 130
1725383031029 171.44569097252673 131
1725383031053 171.41089271128723 132
1725383031077 171.3761023040072 133
1725383031099 171.34131974880722 134
1725383031121 171.30654504380837 135
1725383031148 171.2717781871324 136
1725383031170 171.23701917690124 137
1725383031192 171.20226801123746 138
1725383031213 171.16752468826408 139
1725383031232 171.13278920610458 140
1725383031252 171.09806156288295 141
1725383031273 171.0633417567236 142
1725383031294 171.02862978575143 143
1725383031316 170.9939256480918 144
1725383031341 170.9592293418706 145
1725383031363 170.92454086521417 146
1725383031385 170.8898602162493 147
1725383031408 170.8551873931032 148
1725383031429 170.82052239390364 149
1725383031454 170.7858652167789 150
1725383031478 170.75121585985752 151
1725383031506 170.71657432126884 152
1725383031529 170.68194059914234 153
1725383031554 170.6473146916082 154
1725383031578 170.61269659679695 155
1725383031602 170.57808631283967 156
1725383031626 170.54348383786785 157
1725383031651 170.50888917001353 158
1725383031678 170.47430230740906 159
1725383031701 170.43972324818748 160
1725383031727 170.4051519904821 161
1725383031749 170.37058853242684 162
1725383031778 170.336032872156 163
1725383031803 170.30148500780447 164
1725383031829 170.26694493750742 165
1725383031851 170.2324126594007 166
1725383031874 170.19788817162046 167
1725383031896 170.1633714723034 168
1725383031918 170.12886255958668 169
1725383031950 170.09436143160798 170
1725383031973 170.05986808650536 171
1725383031996 170.0253825224174 172
1725383032016 169.9909047374831 173
1725383032037 169.95643472984202 174
1725383032063 169.92197249763407 175
1725383032087 169.88751803899973 176
1725383032111 169.85307135207995 177
1725383032134 169.81863243501604 178
1725383032156 169.7842012859499 179
1725383032178 169.74977790302384 180
1725383032203 169.71536228438063 181
1725383032227 169.68095442816355 182
1725383032249 169.64655433251627 183
1725383032273 169.61216199558302 184
1725383032293 169.57777741550848 185
1725383032317 169.5434005904377 186
1725383032340 169.50903151851637 187
1725383032363 169.47467019789048 188
1725383032386 169.44031662670656 189
1725383032409 169.40597080311161 190
1725383032431 169.37163272525314 191
1725383032453 169.33730239127902 192
1725383032477 169.30297979933766 193
1725383032505 169.26866494757792 194
1725383032531 169.23435783414914 195
1725383032553 169.20005845720107 196
1725383032577 169.16576681488408 197
1725383032599 169.13148290534878 198
1725383032622 169.0972067267464 199
1725383032644 169.06293827722857 200
1725383032666 169.0286775549475 201
1725383032688 168.99442455805573 202
1725383032710 168.96017928470624 203
1725383032731 168.92594173305267 204
1725383032754 168.89171190124893 205
1725383032776 168.8574897874495 206
1725383032797 168.82327538980934 207
1725383032822 168.7890687064837 208
1725383032845 168.75486973562857 209
1725383032869 168.72067847540015 210
1725383032891 168.68649492395525 211
1725383032914 168.65231907945113 212
1725383032932 168.61815094004547 213
1725383032963 168.58399050389644 214
1725383032986 168.54983776916268 215
1725383033008 168.51569273400327 216
1725383033030 168.4815553965778 217
1725383033052 168.44742575504623 218
1725383033074 168.41330380756906 219
1725383033096 168.3791895523073 220
1725383033118 168.34508298742233 221
1725383033141 168.31098411107598 222
1725383033167 168.27689292143063 223
1725383033190 168.24280941664907 224
1725383033213 168.20873359489454 225
1725383033234 168.17466545433084 226
1725383033257 168.14060499312203 227
1725383033280 168.10655220943292 228
1725383033301 168.07250710142847 229
1725383033322 168.03846966727437 230
1725383033345 168.0044399051366 231
1725383033368 167.97041781318168 232
1725383033390 167.93640338957653 233
1725383033413 167.9023966324886 234
1725383033435 167.86839754008577 235
1725383033457 167.8344061105364 236
1725383033479 167.80042234200928 237
1725383033504 167.7664462326737 238
1725383033525 167.73247778069936 239
1725383033546 167.69851698425643 240
1725383033566 167.6645638415156 241
1725383033587 167.63061835064798 242
1725383033609 167.5966805098251 243
1725383033631 167.56275031721898 244
1725383033653 167.52882777100223 245
1725383033675 167.49491286934767 246
1725383033696 167.46100561042877 247
1725383033719 167.42710599241937 248
1725383033743 167.39321401349386 249
1725383033760 167.35932967182697 250
1725383033782 167.32545296559394 251
1725383033803 167.29158389297058 252
1725383033832 167.25772245213295 253
1725383033863 167.2238686412577 254
1725383033887 167.19002245852198 255
1725383033912 167.1561839021032 256
1725383033943 167.12235297017955 257
1725383033971 167.08852966092937 258
1725383033995 167.05471397253154 259
1725383034017 167.0209059031656 260
1725383034038 166.98710545101125 261
1725383034060 166.95331261424886 262
1725383034082 166.91952739105912 263
1725383034105 166.8857497796233 264
1725383034138 166.85197977812305 265
1725383034162 166.81821738474048 266
1725383034191 166.7844625976582 267
1725383034214 166.75071541505926 268
1725383034233 166.7169758351271 269
1725383034252 166.68324385604575 270
1725383034275 166.64951947599957 271
1725383034298 166.6158026931735 272
1725383034321 166.5820935057528 273
1725383034345 166.5483919119233 274
1725383034368 166.5146979098712 275
1725383034395 166.48101149778321 276
1725383034417 166.4473326738465 277
1725383034437 166.41366143624867 278
1725383034458 166.3799977831778 279
1725383034480 166.34634171282238 280
1725383034503 166.31269322337144 281
1725383034525 166.27905231301432 282
1725383034547 166.24541897994104 283
1725383034570 166.21179322234184 284
1725383034593 166.17817503840757 285
1725383034616 166.14456442632942 286
1725383034641 166.11096138429923 287
1725383034664 166.07736591050906 288
1725383034684 166.04377800315152 289
1725383034701 166.01019766041975 290
1725383034724 165.97662488050725 291
1725383034747 165.943059661608 292
1725383034769 165.90950200191645 293
1725383034791 165.87595189962747 294
1725383034813 165.84240935293644 295
1725383034835 165.80887436003914 296
1725383034858 165.77534691913183 297
1725383034881 165.74182702841125 298
1725383034902 165.7083146860745 299
1725383034922 165.6748098903192 300
1725383034944 165.64131263934348 301
1725383034977 165.60782293134582 302
1725383035002 165.5743407645252 303
1725383035026 165.54086613708105 304
1725383035047 165.50739904721326 305
1725383035067 165.47393949312215 306
1725383035090 165.4404874730085 307
1725383035112 165.40704298507356 308
1725383035139 165.37360602751906 309
1725383035169 165.3401765985471 310
1725383035188 165.3067546963603 311
1725383035209 165.27334031916166 312
1725383035229 165.23993346515476 313
1725383035253 165.20653413254342 314
1725383035276 165.17314231953222 315
1725383035296 165.13975802432591 316
1725383035316 165.10638124512977 317
1725383035339 165.0730119801497 318
1725383035367 165.0396502275917 319
1725383035394 165.0062959856626 320
1725383035414 164.97294925256944 321
1725383035442 164.93961002651983 322
1725383035461 164.9062783057217 323
1725383035484 164.87295408838358 324
1725383035506 164.83963737271438 325
1725383035528 164.80632815692346 326
1725383035551 164.77302643922064 327
1725383035573 164.73973221781617 328
1725383035596 164.70644549092077 329
1725383035617 164.67316625674562 330
1725383035640 164.63989451350227 331
1725383035664 164.60663025940286 332
1725383035685 164.5733734926599 333
1725383035706 164.5401242114863 334
1725383035730 164.50688241409554 335
1725383035751 164.47364809870143 336
1725383035773 164.4404212635183 337
1725383035795 164.40720190676092 338
1725383035817 164.3739900266445 339
1725383035839 164.34078562138467 340
1725383035864 164.30758868919756 341
1725383035896 164.2743992282997 342
1725383035928 164.24121723690814 343
1725383035959 164.2080427132403 344
1725383035994 164.17487565551406 345
1725383036019 164.14171606194782 346
1725383036042 164.10856393076034 347
1725383036066 164.07541926017086 348
1725383036090 164.04228204839907 349
1725383036112 164.00915229366512 350
1725383036135 163.9760299941896 351
1725383036158 163.94291514819352 352
1725383036182 163.9098077538984 353
1725383036204 163.87670780952612 354
1725383036225 163.8436153132991 355
1725383036247 163.81053026344014 356
1725383036273 163.77745265817248 357
1725383036299 163.74438249571986 358
1725383036321 163.71131977430647 359
1725383036343 163.67826449215687 360
1725383036364 163.64521664749614 361
1725383036388 163.61217623854972 362
1725383036410 163.57914326354364 363
1725383036434 163.54611772070427 364
1725383036454 163.51309960825841 365
1725383036478 163.4800889244334 366
1725383036498 163.44708566745686 367
1725383036517 163.4140898355571 368
1725383036539 163.3811014269627 369
1725383036557 163.34812043990257 370
1725383036582 163.31514687260645 371
1725383036604 163.28218072330418 372
1725383036627 163.24922199022612 373
1725383036649 163.21627067160318 374
1725383036671 163.1833267656666 375
1725383036694 163.15039027064822 376
1725383036717 163.11746118478007 377
1725383036740 163.08453950629485 378
1725383036764 163.0516252334256 379
1725383036784 163.01871836440586 380
1725383036807 162.98581889746953 381
1725383036824 162.95292683085103 382
1725383036845 162.92004216278522 383
1725383036867 162.88716489150738 384
1725383036892 162.8542950152532 385
1725383036912 162.82143253225888 386
1725383036935 162.78857744076103 387
1725383036959 162.75572973899668 388
1725383036984 162.7228894252034 389
1725383037016 162.69005649761903 390
1725383037038 162.65723095448203 391
1725383037060 162.62441279403114 392
1725383037082 162.59160201450575 393
1725383037105 162.55879861414553 394
1725383037128 162.52600259119058 395
1725383037150 162.4932139438815 396
1725383037172 162.46043267045943 397
1725383037195 162.42765876916567 398
1725383037217 162.3948922382423 399
1725383037242 162.36213307593167 400
1725383037263 162.32938128047653 401
1725383037285 162.29663685012008 402
1725383037304 162.26389978310613 403
1725383037327 162.23117007767868 404
1725383037347 162.1984477320824 405
1725383037368 162.16573274456223 406
1725383037394 162.13302511336366 407
1725383037413 162.10032483673257 408
1725383037431 162.06763191291532 409
1725383037457 162.0349463401586 410
1725383037484 162.00226811670973 411
1725383037504 161.96959724081628 412
1725383037531 161.93693371072635 413
1725383037553 161.90427752468852 414
1725383037578 161.87162868095172 415
1725383037598 161.83898717776538 416
1725383037619 161.80635301337938 417
1725383037636 161.77372618604392 418
1725383037659 161.7411066940098 419
1725383037685 161.7084945355282 420
1725383037705 161.6758897088507 421
1725383037729 161.6432922122293 422
1725383037752 161.61070204391663 423
1725383037774 161.57811920216548 424
1725383037800 161.54554368522923 425
1725383037825 161.51297549136174 426
1725383037849 161.4804146188172 427
1725383037872 161.44786106585033 428
1725383037896 161.4153148307162 429
1725383037916 161.38277591167048 430
1725383037938 161.350244306969 431
1725383037961 161.31772001486823 432
1725383037989 161.28520303362512 433
1725383038020 161.25269336149697 434
1725383038044 161.22019099674142 435
1725383038066 161.18769593761675 436
1725383038091 161.15520818238156 437
1725383038114 161.1227277292949 438
1725383038136 161.09025457661622 439
1725383038158 161.0577887226055 440
1725383038180 161.0253301655231 441
1725383038202 160.99287890362976 442
1725383038227 160.9604349351868 443
1725383038251 160.92799825845591 444
1725383038272 160.89556887169914 445
1725383038295 160.86314677317904 446
1725383038317 160.83073196115862 447
1725383038339 160.79832443390129 448
1725383038367 160.76592418967095 449
1725383038387 160.73353122673183 450
1725383038412 160.70114554334867 451
1725383038436 160.66876713778663 452
1725383038457 160.63639600831138 453
1725383038480 160.60403215318885 454
1725383038509 160.5716755706856 455
1725383038532 160.53932625906847 456
1725383038554 160.5069842166048 457
1725383038576 160.47464944156238 458
1725383038598 160.4423219322095 459
1725383038619 160.41000168681464 460
1725383038644 160.37768870364698 461
1725383038665 160.34538298097604 462
1725383038688 160.31308451707176 463
1725383038713 160.28079331020447 464
1725383038736 160.24850935864504 465
1725383038758 160.21623266066467 466
1725383038780 160.18396321453508 467
1725383038801 160.15170101852837 468
1725383038823 160.11944607091712 469
1725383038845 160.08719836997423 470
1725383038869 160.05495791397323 471
1725383038890 160.02272470118788 472
1725383038909 159.99049872989252 473
1725383038932 159.95827999836186 474
1725383038955 159.92606850487095 475
1725383038982 159.89386424769546 476
1725383039002 159.86166722511146 477
1725383039032 159.82947743539526 478
1725383039052 159.79729487682388 479
1725383039076 159.76511954767452 480
1725383039099 159.73295144622497 481
1725383039123 159.70079057075336 482
1725383039146 159.66863691953836 483
1725383039167 159.63649049085896 484
1725383039189 159.60435128299468 485
1725383039219 159.5722192942254 486
1725383039241 159.54009452283142 487
1725383039267 159.50797696709353 488
1725383039290 159.47586662529292 489
1725383039325 159.44376349571127 490
1725383039346 159.41166757663055 491
1725383039369 159.3795788663333 492
1725383039391 159.34749736310243 493
1725383039413 159.31542306522132 494
1725383039438 159.2833559709737 495
1725383039463 159.2512960786438 496
1725383039486 159.2192433865163 497
1725383039530 159.1871978928762 498
1725383039592 159.15515959600904 499
