1725386406708 173.52671774385234 0
1725386406730 173.50823979064089 1
1725386406754 173.49053645971932 2
1725386406785 173.47283490401892 3
1725386406808 173.4551351669846 4
1725386406826 173.43743724842395 5
1725386406841 173.41974114814718 6
1725386406854 173.40204686596456 7
1725386406865 173.3843544016864 8
1725386406876 173.3666637551229 9
1725386406890 173.34897492608442 10
1725386406901 173.33128791438133 11
1725386406913 173.3136027198239 12
1725386406925 173.2959193422226 13
1725386406935 173.27823778138773 14
1725386406946 173.26055803712978 15
1725386406961 173.24288010925915 16
1725386406977 173.2252039975863 17
1725386406991 173.2075297019217 18
1725386407009 173.1898572220759 19
1725386407022 173.17218655785928 20
1725386407036 173.1545177090825 21
1725386407048 173.13685067555613 22
1725386407059 173.11918545709062 23
1725386407074 173.1015220534967 24
1725386407097 173.08386046458492 25
1725386407120 173.06620069016594 26
1725386407141 173.0485427300504 27
1725386407157 173.030886584049 28
1725386407180 173.01323225197245 29
1725386407201 172.99557973363142 30
1725386407222 172.9779290288367 31
1725386407248 172.96028013739902 32
1725386407268 172.94263305912918 33
1725386407292 172.92498779383797 34
1725386407312 172.90734434133628 35
1725386407335 172.88970270143483 36
1725386407351 172.87206287394454 37
1725386407366 172.85442485867634 38
1725386407382 172.83678865544104 39
1725386407397 172.81915426404964 40
1725386407411 172.80152168431306 41
1725386407426 172.78389091604225 42
1725386407440 172.7662619590482 43
1725386407453 172.74863481314193 44
1725386407467 172.73100947813447 45
1725386407483 172.71338595383685 46
1725386407498 172.6957642400601 47
1725386407513 172.6781443366154 48
1725386407527 172.66052624331377 49
1725386407543 172.64290995996635 50
1725386407559 172.62529548638435 51
1725386407575 172.60768282237885 52
1725386407595 172.5900719677611 53
1725386407621 172.5724629223423 54
1725386407643 172.55485568593366 55
1725386407658 172.53725025834646 56
1725386407680 172.51964663939188 57
1725386407699 172.50204482888134 58
1725386407720 172.4844448266261 59
1725386407737 172.46684663243738 60
1725386407755 172.4492502461267 61
1725386407777 172.43165566750528 62
1725386407804 172.41406289638468 63
1725386407827 172.3964719325762 64
1725386407843 172.37888277589124 65
1725386407865 172.36129542614134 66
1725386407886 172.3437098831379 67
1725386407906 172.32612614669247 68
1725386407922 172.30854421661658 69
1725386407945 172.29096409272165 70
1725386407961 172.27338577481933 71
1725386407976 172.25580926272116 72
1725386407992 172.23823455623872 73
1725386408011 172.22066165518368 74
1725386408025 172.20309055936764 75
1725386408039 172.18552126860223 76
1725386408055 172.16795378269916 77
1725386408071 172.15038810147013 78
1725386408085 172.1328242247268 79
1725386408101 172.11526215228096 80
1725386408116 172.09770188394438 81
1725386408136 172.08014341952875 82
1725386408151 172.06258675884598 83
1725386408162 172.0450319017078 84
1725386408172 172.02747884792606 85
1725386408183 172.00992759731264 86
1725386408193 171.99237814967944 87
1725386408207 171.97483050483825 88
1725386408223 171.95728466260115 89
1725386408238 171.93974062277994 90
1725386408254 171.92219838518665 91
1725386408275 171.90465794963322 92
1725386408348 171.88711931593167 93
1725386408389 171.86958248389405 94
1725386408405 171.8520474533323 95
1725386408422 171.83451422405855 96
1725386408437 171.81698279588494 97
1725386408453 171.79945316862344 98
1725386408475 171.78192534208625 99
1725386408497 171.76439931608547 100
1725386408518 171.74687509043332 101
1725386408539 171.72935266494193 102
1725386408562 171.7118320394235 103
1725386408587 171.6943132136903 104
1725386408610 171.67679618755452 105
1725386408632 171.6592809608284 106
1725386408656 171.64176753332427 107
1725386408689 171.62425590485444 108
1725386408712 171.6067460752312 109
1725386408734 171.5892380442669 110
1725386408756 171.5717318117739 111
1725386408777 171.5542273775646 112
1725386408810 171.53672474145137 113
1725386408836 171.51922390324665 114
1725386408866 171.5017248627629 115
1725386408889 171.48422761981254 116
1725386408912 171.46673217420812 117
1725386408940 171.44923852576207 118
1725386408959 171.43174667428698 119
1725386408983 171.4142566195953 120
1725386409011 171.39676836149974 121
1725386409040 171.37928189981275 122
1725386409070 171.36179723434697 123
1725386409099 171.34431436491505 124
1725386409118 171.3268332913296 125
1725386409142 171.30935401340335 126
1725386409167 171.2918765309489 127
1725386409201 171.274400843779 128
1725386409223 171.2569269517064 129
1725386409248 171.23945485454377 130
1725386409273 171.22198455210392 131
1725386409297 171.20451604419966 132
1725386409321 171.18704933064376 133
1725386409345 171.16958441124905 134
1725386409369 171.1521212858284 135
1725386409392 171.13465995419466 136
1725386409416 171.1172004161607 137
1725386409440 171.09974267153942 138
1725386409465 171.0822867201438 139
1725386409490 171.06483256178672 140
1725386409512 171.0473801962812 141
1725386409543 171.02992962344018 142
1725386409571 171.01248084307673 143
1725386409594 170.9950338550038 144
1725386409619 170.97758865903447 145
1725386409644 170.96014525498185 146
1725386409668 170.94270364265896 147
1725386409702 170.92526382187893 148
1725386409725 170.90782579245493 149
1725386409751 170.89038955420003 150
1725386409774 170.87295510692746 151
1725386409814 170.85552245045037 152
1725386409840 170.838091584582 153
1725386409862 170.82066250913556 154
1725386409886 170.80323522392425 155
1725386409910 170.78580972876142 156
1725386409935 170.76838602346032 157
1725386409963 170.75096410783425 158
1725386409986 170.73354398169658 159
1725386410009 170.7161256448606 160
1725386410038 170.69870909713973 161
1725386410060 170.68129433834727 162
1725386410086 170.66388136829673 163
1725386410116 170.6464701868015 164
1725386410139 170.62906079367502 165
1725386410168 170.61165318873083 166
1725386410197 170.59424737178225 167
1725386410220 170.57684334264297 168
1725386410244 170.5594411011264 169
1725386410268 170.54204064704612 170
1725386410292 170.52464198021576 171
1725386410316 170.50724510044884 172
1725386410340 170.48985000755894 173
1725386410365 170.4724567013598 174
1725386410389 170.45558435142453 175
1725386410418 170.43845411189383 176
1725386410454 170.42132563249422 177
1725386410499 170.4041989000367 178
1725386410539 170.38707391434028 179
1725386410578 170.36995067522324 180
1725386410604 170.3528291825039 181
1725386410629 170.33570943600066 182
1725386410654 170.3185914355319 183
1725386410678 170.301475180916 184
1725386410705 170.28436067197134 185
1725386410731 170.26724790851637 186
1725386410762 170.25013689036962 187
1725386410787 170.23302761734945 188
1725386410827 170.21592008927445 189
1725386410862 170.19881430596303 190
1725386410899 170.1817102672338 191
1725386410923 170.16460797290532 192
1725386410954 170.14750742279605 193
1725386410978 170.13040861672474 194
1725386411010 170.1133115545099 195
1725386411043 170.09621623597013 196
1725386411077 170.07912266092418 197
1725386411108 170.06203082919066 198
1725386411139 170.04494074058826 199
1725386411172 170.0278523949357 200
1725386411206 170.01076579205167 201
1725386411240 169.99368093175497 202
1725386411269 169.97659781386432 203
1725386411298 169.95951643819853 204
1725386411337 169.94243680457637 205
1725386411361 169.92535891281676 206
1725386411379 169.90828276273842 207
1725386411401 169.8912083541603 208
1725386411420 169.87413568690124 209
1725386411443 169.85706476078013 210
1725386411465 169.83999557561597 211
1725386411488 169.8229281312276 212
1725386411519 169.80586242743405 213
1725386411552 169.78879846405428 214
1725386411598 169.77173624090727 215
1725386411615 169.75467575781207 216
1725386411628 169.73761701458767 217
1725386411645 169.72056001105318 218
1725386411662 169.70350474702764 219
1725386411673 169.68645122233016 220
1725386411684 169.6693994367799 221
1725386411698 169.65234939019592 222
1725386411712 169.6353010823974 223
1725386411735 169.61825451320354 224
1725386411753 169.60120968243353 225
1725386411773 169.58416658990654 226
1725386411790 169.56712523544186 227
1725386411809 169.5500856188587 228
1725386411838 169.53304773997635 229
1725386411856 169.51601159861409 230
1725386411875 169.49897719459122 231
1725386411893 169.4819445277271 232
1725386411908 169.46491359784108 233
1725386411929 169.4478844047525 234
1725386411947 169.43085694828073 235
1725386411962 169.41383122824524 236
1725386411976 169.39680724446538 237
1725386411991 169.3797849967607 238
1725386412004 169.3627644849506 239
1725386412016 169.3457457088545 240
1725386412026 169.32872866829203 241
1725386412037 169.31171336308265 242
1725386412048 169.29469979304594 243
1725386412058 169.2776879580014 244
1725386412070 169.2606778577686 245
1725386412085 169.24366949216724 246
1725386412102 169.22666286101688 247
1725386412116 169.2096579641372 248
1725386412128 169.19265480134774 249
1725386412139 169.1756533724683 250
1725386412149 169.15865367731857 251
1725386412160 169.14165571571823 252
1725386412171 169.12465948748704 253
1725386412181 169.10766499244468 254
1725386412193 169.090672230411 255
1725386412204 169.07368120120586 256
1725386412218 169.05669190464891 257
1725386412234 169.0397043405601 258
1725386412249 169.02271850875925 259
1725386412264 169.00573440906624 260
1725386412281 168.98875204130093 261
1725386412293 168.97177140528328 262
1725386412304 168.9547925008332 263
1725386412315 168.93781532777064 264
1725386412326 168.92083988591554 265
1725386412340 168.90386617508796 266
1725386412360 168.88689419510783 267
1725386412374 168.86992394579522 268
1725386412390 168.85295542697014 269
1725386412407 168.83598863845268 270
1725386412418 168.81902358006292 271
1725386412428 168.80206025162101 272
1725386412439 168.785098652947 273
1725386412450 168.76813878386108 274
1725386412466 168.7511806441834 275
1725386412485 168.73422423373412 276
1725386412503 168.7172695523335 277
1725386412518 168.70031659980168 278
1725386412532 168.68336537595897 279
1725386412548 168.66641588062558 280
1725386412562 168.64946811362182 281
1725386412577 168.63252207476796 282
1725386412596 168.61557776388435 283
1725386412617 168.59863518079126 284
1725386412642 168.58169432530914 285
1725386412661 168.5647551972583 286
1725386412678 168.54781779645916 287
1725386412698 168.53088212273212 288
1725386412721 168.5139481758976 289
1725386412743 168.49701595577608 290
1725386412766 168.48008546218801 291
1725386412790 168.4631566949539 292
1725386412810 168.44622965389428 293
1725386412846 168.4293043388296 294
1725386412858 168.41238074958048 295
1725386412869 168.39545888596746 296
1725386412879 168.37853874781112 297
1725386412891 168.3616203349321 298
1725386412901 168.344703647151 299
1725386412912 168.32778868428844 300
1725386412923 168.31087544616508 301
1725386412934 168.29396393260168 302
1725386412944 168.27705414341892 303
1725386412955 168.26014607843743 304
1725386412972 168.24323973747806 305
1725386412990 168.2263351203615 306
1725386413012 168.2094322269086 307
1725386413035 168.19253105694008 308
1725386413053 168.1756316102768 309
1725386413070 168.1587338867396 310
1725386413093 168.14183788614935 311
1725386413111 168.12494360832687 312
1725386413135 168.10805105309308 313
1725386413163 168.0911602202689 314
1725386413191 168.0742711096753 315
1725386413212 168.05738372113314 316
1725386413227 168.04049805446346 317
1725386413241 168.02361410948726 318
1725386413256 168.00673188602553 319
1725386413271 167.9898513838993 320
1725386413285 167.97297260292962 321
1725386413296 167.95609554293753 322
1725386413307 167.93922020374416 323
1725386413318 167.9223465851706 324
1725386413329 167.90547468703795 325
1725386413343 167.88860450916738 326
1725386413356 167.87173605138005 327
1725386413368 167.85486931349718 328
1725386413378 167.8380042953399 329
1725386413389 167.82114099672953 330
1725386413401 167.80427941748715 331
1725386413415 167.7874195574342 332
1725386413426 167.77056141639184 333
1725386413437 167.7537049941814 334
1725386413448 167.73685029062423 335
1725386413458 167.71999730554163 336
1725386413477 167.70314603875494 337
1725386413498 167.68629649008557 338
1725386413514 167.66944865935494 339
1725386413537 167.65260254638437 340
1725386413561 167.6357581509954 341
1725386413587 167.6189154730094 342
1725386413607 167.6020745122479 343
1725386413627 167.58523526853236 344
1725386413646 167.56839774168427 345
1725386413657 167.55156193152519 346
1725386413668 167.53472783787666 347
1725386413679 167.51789546056023 348
1725386413690 167.50106479939754 349
1725386413701 167.4842358542101 350
1725386413715 167.46740862481963 351
1725386413735 167.45058311104768 352
1725386413754 167.43375931271603 353
1725386413770 167.4169372296463 354
1725386413789 167.4001168616601 355
1725386413807 167.3832982085793 356
1725386413830 167.36648127022556 357
1725386413866 167.34966604642065 358
1725386413893 167.33285253698637 359
1725386413918 167.3160407417445 360
1725386413938 167.29923066051686 361
1725386413960 167.28242229312525 362
1725386413976 167.26561563939157 363
1725386413991 167.24881069913764 364
1725386414007 167.23200747218542 365
1725386414022 167.2152059583568 366
1725386414036 167.19840615747364 367
1725386414049 167.181608069358 368
1725386414059 167.16481169383178 369
1725386414070 167.14801703071697 370
1725386414081 167.1312240798356 371
1725386414099 167.1144328410097 372
1725386414115 167.0976433140613 373
1725386414128 167.0808554988124 374
1725386414139 167.06406939508523 375
1725386414150 167.04728500270176 376
1725386414161 167.0305023214842 377
1725386414172 167.01372135125462 378
1725386414182 166.99694209183522 379
1725386414193 166.98016454304815 380
1725386414203 166.96338870471567 381
1725386414217 166.94661457665993 382
1725386414234 166.9298421587032 383
1725386414248 166.91307145066773 384
1725386414263 166.89630245237575 385
1725386414278 166.87953516364962 386
1725386414293 166.86276958431162 387
1725386414304 166.8460057141841 388
1725386414316 166.82924355308938 389
1725386414327 166.81248310084985 390
1725386414340 166.7957243572879 391
1725386414362 166.77896732222592 392
1725386414385 166.76221199548638 393
1725386414409 166.74545837689163 394
1725386414432 166.72870646626424 395
1725386414457 166.71195626342663 396
1725386414476 166.69520776820136 397
1725386414493 166.6784609804109 398
1725386414509 166.66171589987778 399
1725386414524 166.64497252642462 400
1725386414540 166.62823085987398 401
1725386414556 166.61149090004838 402
1725386414572 166.5947526467706 403
1725386414591 166.5780160998631 404
1725386414618 166.56128125914861 405
1725386414639 166.54454812444985 406
1725386414660 166.52781669558945 407
1725386414682 166.51108697239016 408
1725386414708 166.49435895467468 409
1725386414723 166.47763264226575 410
1725386414738 166.4609080349862 411
1725386414750 166.44418513265876 412
1725386414761 166.42746393510626 413
1725386414771 166.41074444215155 414
1725386414783 166.39402665361743 415
1725386414793 166.3773105693268 416
1725386414804 166.36059618910252 417
1725386414818 166.3438835127675 418
1725386414829 166.32717254014466 419
1725386414843 166.31046327105696 420
1725386414870 166.29375570532733 421
1725386414883 166.27704984277878 422
1725386414906 166.2603456832342 423
1725386414928 166.2436432265168 424
1725386414951 166.22694247244945 425
1725386414974 166.2102434208553 426
1725386415004 166.1935460715574 427
1725386415028 166.17685042437878 428
1725386415049 166.16015647914264 429
1725386415069 166.14346423567207 430
1725386415091 166.12677369379023 431
1725386415112 166.11008485332027 432
1725386415134 166.09339771408537 433
1725386415156 166.0767122759088 434
1725386415177 166.06002853861366 435
1725386415201 166.04334650202333 436
1725386415218 166.02666616596102 437
1725386415232 166.00998753025002 438
1725386415247 165.99331059471356 439
1725386415263 165.97663535917508 440
1725386415279 165.95996182345783 441
1725386415294 165.9432899873852 442
1725386415310 165.92661985078055 443
1725386415326 165.90995141346733 444
1725386415342 165.8932846752689 445
1725386415353 165.87661963600868 446
1725386415364 165.8599562955102 447
1725386415374 165.84329465359684 448
1725386415389 165.82663471009212 449
1725386415401 165.8099764648196 450
1725386415412 165.7933199176028 451
1725386415425 165.77666506826517 452
1725386415435 165.7600119166304 453
1725386415446 165.74336046252196 454
1725386415457 165.72671070576357 455
1725386415482 165.71006264617878 456
1725386415503 165.69341628359123 457
1725386415527 165.67677161782467 458
1725386415552 165.66012864870265 459
1725386415573 165.64348737604894 460
1725386415604 165.62684779968723 461
1725386415627 165.61020991944133 462
1725386415653 165.59357373513492 463
1725386415677 165.5769392465918 464
1725386415698 165.56030645363572 465
1725386415722 165.54367535609055 466
1725386415744 165.52704595378012 467
1725386415766 165.51041824652825 468
1725386415795 165.4937922341588 469
1725386415817 165.47716791649572 470
1725386415841 165.46054529336283 471
1725386415856 165.44392436458415 472
1725386415883 165.42730512998355 473
1725386415899 165.41068758938505 474
1725386415911 165.3940717426125 475
1725386415922 165.3774575894901 476
1725386415934 165.36084512984175 477
1725386415945 165.34423436349152 478
1725386415955 165.32762529026346 479
1725386415969 165.31101790998164 480
1725386415989 165.29441222247016 481
1725386416012 165.27780822755318 482
1725386416035 165.26120592505472 483
1725386416053 165.244605314799 484
1725386416077 165.22800639661025 485
1725386416105 165.2114091703126 486
1725386416130 165.19481363573024 487
1725386416152 165.17821979268743 488
1725386416174 165.16162764100838 489
1725386416196 165.14503718051745 490
1725386416225 165.1284484110388 491
1725386416245 165.11186133239678 492
1725386416269 165.09527594441576 493
1725386416289 165.07869224692 494
1725386416314 165.06211023973398 495
1725386416337 165.04552992268194 496
1725386416348 165.02895129558834 497
1725386416362 165.0123743582776 498
1725386416373 164.99579911057415 499
