1725354150416 0.012784844660645995 0
1725354150479 0.022834965916713867 1
1725354150578 0.00040788892311620513 2
1725354150638 0.012444411333729144 3
1725354150699 0.08396039158911321 4
1725354150770 8.692703783079098 5
1725354150843 5.713248987711677 6
1725354150901 45.767320281899586 7
1725354150973 4066.8080383248375 8
1725354151024 528475439.84975207 9
1725354151114 1113639192.2245436 10
1725354151217 4312296057.90759 11
1725354151284 1060578109.2807609 12
1725354151346 8801893724180.338 13
1725354151413 10899107030953.938 14
1725354151472 1.5696045608046964e+16 15
1725354151547 495114598385941.94 16
1725354151615 1.295751187785618e+18 17
1725354151705 4.837121100152898e+18 18
1725354151773 9.974909917213598e+18 19
1725354151845 1.104184827964594e+19 20
1725354151943 3.4885863742985925e+22 21
1725354152022 1.02515546409695e+24 22
1725354152114 6.480803892779186e+23 23
1725354152171 3.875802474736824e+26 24
1725354152236 2.574215102062135e+28 25
1725354152321 1.516918250821272e+27 26
1725354152383 5.288593317493787e+29 27
1725354152444 6.732601645109846e+33 28
1725354152509 3.2155550818896592e+32 29
1725354152574 7.398124033329409e+33 30
1725354152630 1.3425672095576978e+37 31
1725354152702 4.277162638214626e+37 32
1725354152763 3.194394498689428e+39 33
1725354152836 1.8789395045972075e+39 34
1725354152891 2.0648557502774151e+40 35
1725354152951 9.993840278765658e+43 36
1725354153012 6.695352343120165e+42 37
1725354153069 1.0208280879971721e+46 38
1725354153123 2.7315580584471034e+45 39
1725354153176 1.809079622558921e+48 40
1725354153242 1.7080451698551246e+49 41
1725354153299 4.868568061428098e+48 42
1725354153355 4.54527780027476e+48 43
1725354153415 1.1449977589546205e+52 44
1725354153468 1.8933335295411687e+54 45
1725354153521 4.8316817544690606e+57 46
1725354153586 6.545452229011463e+58 47
1725354153649 6.492993046797244e+57 48
1725354153718 3.1673777639480315e+60 49
1725354153777 1.2399849694456006e+61 50
1725354153844 1.9741410976785833e+62 51
1725354153912 1.756443926023659e+64 52
1725354153972 2.2345718462398163e+66 53
1725354154026 5.714401442629541e+66 54
1725354154085 4.548916315267077e+66 55
1725354154153 2.19722504447207e+70 56
1725354154228 4.259808324305934e+69 57
1725354154294 1.6155745333152824e+73 58
1725354154350 3.1869167096798472e+72 59
1725354154408 3.629668440161971e+73 60
1725354154468 2.3300919184809874e+75 61
1725354154523 4.300614938005812e+75 62
1725354154596 8.32905042045542e+75 63
1725354154665 2.0381995495557005e+80 64
1725354154721 5.427512100710973e+81 65
1725354154775 1.4277303006544307e+78 66
1725354154836 6.978208720837205e+81 67
1725354154910 7.697756764541103e+86 68
1725354154970 1.4019853987083566e+85 69
1725354155033 1.0095688467256416e+89 70
1725354155102 2.314228890952366e+88 71
1725354155160 6.511736773462749e+90 72
1725354155233 1.456544288075709e+93 73
1725354155301 1.1135185829460476e+92 74
1725354155357 7.205379094411531e+93 75
1725354155410 1.1504438181449386e+94 76
1725354155476 6.955414198568765e+97 77
1725354155526 4.793205254733158e+96 78
1725354155594 1.0944262735109894e+99 79
1725354155657 1.12151269961385e+100 80
1725354155711 1.1951475936810848e+102 81
1725354155764 5.822774790285111e+101 82
1725354155821 3.8037816196467974e+102 83
1725354155882 2.8656801394943604e+106 84
1725354155947 8.321915047680071e+108 85
1725354156008 4.453443738841568e+108 86
1725354156068 2.355172837954027e+109 87
1725354156147 7.36085247925732e+112 88
1725354156216 3.9660872765643437e+114 89
1725354156270 5.083864164107141e+115 90
1725354156339 1.1701687719634046e+114 91
1725354156402 5.99880041173831e+115 92
1725354156463 1.6715091283261092e+117 93
1725354156522 3.485710687688565e+117 94
1725354156581 5.0741778034972615e+115 95
1725354156648 1.6666730534250563e+120 96
1725354156710 5.253370770862605e+122 97
1725354156770 4.608425964815837e+124 98
1725354156823 4.705344236689403e+126 99
1725354156887 3.328475055157771e+129 100
1725354156951 9.88505396097304e+127 101
1725354157021 2.852450997520747e+129 102
1725354157083 2.0949001457197454e+131 103
1725354157155 2.0785764674708487e+129 104
1725354157223 2.0885765797103184e+134 105
1725354157296 2.995418024874794e+136 106
1725354157375 2.885368926226993e+136 107
1725354157444 2.585025348067726e+137 108
1725354157512 4.754286657496294e+139 109
1725354157575 1.8290573626486598e+140 110
1725354157638 1.4780518270665677e+140 111
1725354157707 3.529095090356152e+143 112
1725354157763 2.7638715733007754e+143 113
1725354157832 4.813134226902522e+143 114
1725354157914 1.4802325104742737e+145 115
1725354157975 2.5180604809012416e+146 116
1725354158042 5.32129970042921e+150 117
1725354158118 5.516207116599213e+151 118
1725354158172 1.1193121085351817e+152 119
1725354158228 3.79905095692584e+153 120
1725354158284 5.463123087167886e+157 121
1725354158363 3.2061002981487522e+156 122
1725354158425 3.7845294115824145e+155 123
1725354158497 1.132214414026687e+159 124
1725354158551 2.2878661134706627e+161 125
1725354158609 4.435553816915218e+163 126
1725354158664 9.426104819598872e+160 127
1725354158738 8.492922146053313e+162 128
1725354158798 2.034551275033692e+166 129
1725354158857 8.071073126920606e+165 130
1725354158910 7.597194905974382e+165 131
1725354158969 1.2165956996500963e+168 132
1725354159027 5.553280180005771e+173 133
1725354159095 3.1516342184931804e+171 134
1725354159151 6.672573581425051e+173 135
1725354159217 2.0822362185516704e+176 136
1725354159284 7.038344981336078e+176 137
1725354159346 1.4051358466575017e+177 138
1725354159408 1.2612763535080974e+177 139
1725354159460 8.119062331566141e+180 140
1725354159533 6.172617866161614e+179 141
1725354159596 4.374460863986671e+181 142
1725354159658 3.2899865423641077e+184 143
1725354159725 4.369009782830558e+185 144
1725354159782 7.514360907204434e+185 145
1725354159846 2.4551358914118654e+188 146
1725354159915 2.2500378861310964e+188 147
1725354159979 7.456194800445158e+190 148
1725354160046 1.7501872012640837e+193 149
1725354160125 1.9502696949430654e+191 150
1725354160185 1.3186402754293543e+195 151
1725354160260 2.575725975467116e+198 152
1725354160356 2.9212211713583977e+196 153
1725354160428 7.227809274613494e+198 154
1725354160503 1.4112201985404344e+198 155
1725354160570 9.860612700341299e+200 156
1725354160643 1.1871062564838382e+204 157
1725354160715 3.48346181316356e+203 158
1725354160769 1.7978943381874064e+206 159
1725354160823 2.3802097276517573e+206 160
1725354160896 2.4325729877623318e+209 161
1725354160949 2.7522009378802315e+211 162
1725354161017 5.513108546362248e+210 163
1725354161074 1.5888895260229302e+214 164
1725354161135 3.0007316768333792e+212 165
1725354161188 3.328949060719474e+215 166
1725354161255 2.4541770506099843e+218 167
1725354161310 4.8063510426924e+218 168
1725354161375 1.2823803017134212e+220 169
1725354161431 6.044466002999681e+221 170
1725354161488 3.4603581026430535e+222 171
1725354161541 1.0425154734381457e+224 172
1725354161595 2.6091227726847574e+222 173
1725354161660 2.878588040435798e+224 174
1725354161726 1.1027848112118727e+228 175
1725354161789 4.8782008031841296e+228 176
1725354161853 1.2117726467944066e+227 177
1725354161907 1.6993899199478017e+230 178
1725354161960 2.3870098499783924e+234 179
1725354162036 2.0457115576709423e+233 180
1725354162106 3.143962871968691e+235 181
1725354162183 7.153102924282902e+235 182
1725354162241 1.703922118500288e+236 183
1725354162302 2.4491931505785694e+239 184
1725354162358 1.3694030553350065e+240 185
1725354162432 2.4641620539351743e+240 186
1725354162493 1.952188169196424e+244 187
1725354162565 1.2546656637544836e+245 188
1725354162645 4.107172895537833e+245 189
1725354162720 2.6960532119848846e+248 190
1725354162785 2.324719614419439e+249 191
1725354162860 5.07292742959165e+251 192
1725354162936 3.5723160640050696e+249 193
1725354163008 1.0065907627601105e+251 194
1725354163074 4.369816829795466e+252 195
1725354163141 8.264106205132889e+254 196
1725354163202 1.5745244123725725e+257 197
1725354163262 9.404946719304975e+256 198
1725354163322 4.7593380184468125e+258 199
1725354163444 6.915263259407951e+257 200
1725354163509 3.722532866046513e+262 201
1725354163579 7.787421802735919e+262 202
1725354163674 7.04255031662821e+262 203
1725354163758 2.7712509579165167e+265 204
1725354163838 8.408137706306016e+265 205
1725354163900 8.995110892369457e+268 206
1725354163974 1.2203654665226659e+271 207
1725354164028 7.253503428617791e+272 208
1725354164084 1.1766497371846106e+272 209
1725354164148 3.2196573139835844e+275 210
1725354164213 1.3873478682532847e+274 211
1725354164275 2.429253750086137e+278 212
1725354164332 1.2379143614217477e+280 213
1725354164399 1.0671927407208986e+279 214
1725354164475 1.2443632183608557e+281 215
1725354164534 2.968231840031842e+279 216
1725354164615 2.450776127775844e+280 217
1725354164686 4.2859861608874126e+281 218
1725354164747 1.6573066113906824e+284 219
1725354164809 5.425671927256553e+286 220
1725354164896 1.8102421555494318e+288 221
1725354164972 1.1123910467055394e+290 222
1725354165028 5.156400369632798e+290 223
1725354165079 1.4978512688274396e+289 224
1725354165133 1.7421702712286736e+295 225
1725354165213 1.4940522078666974e+297 226
1725354165285 1.4187445352413478e+297 227
1725354165367 5.344739964199621e+295 228
1725354165436 1.4699376691283495e+299 229
1725354165509 1.8282041020956987e+301 230
1725354165571 8.382869211466502e+300 231
1725354165629 6.3064034734282106e+302 232
1725354165694 5.528677127821542e+303 233
1725354165764 8.287426421484368e+303 234
1725354165837 inf 235
1725354165950 1.6711024782551153e+307 236
