1725362004603 4.306489567924673e+298 0
1725362004658 4.188645257354298e+295 1
1725362004725 1.1571197778653589e+297 2
1725362004792 1.467229141193945e+296 3
1725362004858 5.336055074541205e+291 4
1725362004921 7.080081836090324e+294 5
1725362004992 3.435412913136707e+294 6
1725362005055 1.2262014495941398e+294 7
1725362005118 8.995203623591307e+291 8
1725362005182 3.192983090752947e+292 9
1725362005247 4.403594647854979e+290 10
1725362005323 1.3274128103709083e+290 11
1725362005383 2.681957134628895e+291 12
1725362005447 2.734213135796501e+288 13
1725362005504 2.1344243742045125e+290 14
1725362005571 9.023896297239467e+288 15
1725362005636 2.4526056423583385e+289 16
1725362005697 9.017649352046264e+288 17
1725362005752 1.3496591811678288e+288 18
1725362005819 9.646265681723663e+288 19
1725362005880 4.2621721105867845e+289 20
1725362006046 6.154172825346023e+287 21
1725362006097 2.859643869849545e+289 22
1725362006154 1.5216448194484369e+289 23
1725362006215 1.6674728534353637e+288 24
1725362006281 7.050754733765884e+288 25
1725362006343 1.4239454999952294e+288 26
1725362006397 1.2416609657614149e+289 27
1725362006464 1.7427564388173858e+287 28
1725362006531 2.424376748971107e+289 29
1725362006595 6.826375228325584e+289 30
1725362006665 1.0004235978303753e+289 31
1725362006727 1.3285335032977619e+289 32
1725362006791 2.185423205626447e+286 33
1725362006860 5.175001447598462e+289 34
1725362006928 2.126359913327974e+287 35
1725362006984 1.3013658821517948e+289 36
1725362007039 5.004572610476886e+288 37
1725362007093 8.386138833223292e+289 38
1725362007156 3.2141622685482725e+289 39
1725362007217 1.3563083553641303e+288 40
1725362007272 2.1365903554789712e+288 41
1725362007346 3.3201082559667486e+288 42
1725362007410 2.1969241988803793e+288 43
1725362007472 3.939639343976697e+287 44
1725362007533 4.445036962657509e+288 45
1725362007596 4.572300766873966e+287 46
1725362007660 2.6374515099686754e+287 47
1725362007726 8.06797198495589e+288 48
1725362007791 1.3966549421236655e+288 49
1725362007846 1.3312698909169868e+289 50
1725362007901 1.1243310978016185e+289 51
1725362007969 5.469234949633515e+288 52
1725362008030 5.973640141990034e+288 53
1725362008104 6.961507653943074e+288 54
1725362008173 2.0825686135727513e+286 55
1725362008236 1.3676460305769858e+289 56
1725362008300 5.9524685827407676e+289 57
1725362008366 1.8148873136192955e+287 58
1725362008426 2.734595025561992e+289 59
1725362008494 2.175697021620598e+288 60
1725362008555 1.4749597489542207e+288 61
1725362008623 8.15219245397374e+287 62
1725362008688 1.0296824862698176e+286 63
1725362008747 2.9007124695453376e+289 64
1725362008811 4.7585332804685214e+288 65
1725362008869 7.208069499259759e+286 66
1725362008923 2.2644474144348288e+289 67
1725362008991 2.1153033185086092e+288 68
1725362009056 5.237929418439424e+289 69
1725362009114 1.674909501565586e+288 70
1725362009178 5.724584875266501e+288 71
1725362009239 1.3713887883681125e+288 72
1725362009300 1.2869059453574602e+289 73
1725362009356 5.095324065909422e+288 74
1725362009410 9.280586662924498e+287 75
1725362009472 6.516857157415343e+288 76
1725362009534 2.253081068706581e+289 77
1725362009603 3.936425427509954e+287 78
1725362009665 3.0542413260660075e+288 79
1725362009724 1.2701209458545001e+289 80
1725362009778 1.3117485987636941e+286 81
1725362009833 8.633845884721764e+284 82
1725362009896 1.5985086911949602e+285 83
1725362009956 2.0961590343826383e+289 84
1725362010025 8.158576749474388e+288 85
1725362010087 6.275939609811506e+288 86
1725362010142 6.76353687383224e+287 87
1725362010202 2.0323105894083895e+288 88
1725362010256 2.3083034550286586e+289 89
1725362010318 3.085631384929997e+287 90
1725362010385 2.1825464334153845e+287 91
1725362010447 1.2612564427383424e+289 92
1725362010512 6.563498093268018e+287 93
1725362010570 5.423046099840634e+288 94
1725362010634 5.206410709790798e+288 95
1725362010689 1.7931446607466474e+287 96
1725362010744 4.3183371866655425e+287 97
1725362010798 7.435247677355992e+288 98
1725362010853 1.1034411548238458e+288 99
1725362010923 1.3125470630299525e+288 100
1725362010984 1.186787898567246e+289 101
1725362011051 1.6141028590831538e+289 102
1725362011111 4.730541197743936e+288 103
1725362011165 5.749158238413189e+289 104
1725362011240 3.2350914224173057e+289 105
1725362011301 2.496044628487488e+288 106
1725362011366 3.968602359936748e+288 107
1725362011433 1.609212751646548e+288 108
1725362011499 4.8037330883125314e+288 109
1725362011562 7.145718944949208e+287 110
1725362011622 3.5067155774804946e+288 111
1725362011686 5.084056095400423e+288 112
1725362011742 4.389903701656239e+284 113
1725362011802 1.1695924224064485e+288 114
1725362011864 3.1799313204628556e+289 115
1725362011934 2.51908599562034e+288 116
1725362011996 2.6563739207984207e+286 117
1725362012062 1.044607210396836e+289 118
1725362012123 1.172978623063643e+288 119
1725362012183 6.908154635803264e+288 120
1725362012243 1.634766705473242e+288 121
1725362012305 9.982732454036629e+288 122
1725362012355 1.269122273470894e+288 123
1725362012417 1.7540486101106516e+289 124
1725362012495 1.5876708363508614e+289 125
1725362012563 4.88662083965397e+288 126
1725362012631 2.530774360170778e+289 127
1725362012695 6.36417158695298e+287 128
1725362012759 3.893501094681113e+286 129
1725362012823 7.18132972325813e+288 130
1725362012889 1.7723482014724147e+288 131
1725362012958 1.6958423800574281e+289 132
1725362013019 3.794569447297794e+288 133
1725362013075 1.3561491742315327e+289 134
1725362013139 8.910019257869088e+287 135
1725362013203 5.906592438007397e+288 136
1725362013266 1.8008364620457428e+288 137
1725362013338 4.7558279428620864e+288 138
1725362013405 3.2639554244190985e+289 139
1725362013468 1.3516486213449404e+289 140
1725362013541 6.819411461727035e+286 141
1725362013605 5.233012159504205e+289 142
1725362013662 2.907118274012094e+288 143
1725362013727 5.398806339621133e+287 144
1725362013788 4.4943181341997095e+288 145
1725362013851 6.27221926556434e+288 146
1725362013906 3.432901656093069e+287 147
1725362013964 1.8847627838164395e+289 148
1725362014029 6.76080905478629e+283 149
1725362014106 4.5932122257290917e+288 150
1725362014183 8.716375144178648e+288 151
1725362014239 6.91830749547413e+287 152
1725362014289 1.4594100564570808e+287 153
1725362014353 4.537570522885112e+287 154
1725362014430 3.6440231134824795e+288 155
1725362014498 8.459707332977105e+288 156
1725362014551 2.6369010682794007e+289 157
1725362014630 3.998228478874233e+288 158
1725362014699 3.382605958317602e+288 159
1725362014754 1.7312458941109318e+288 160
1725362014815 3.265601134525713e+286 161
1725362014887 4.436041070138635e+288 162
1725362014960 1.5484928580768747e+288 163
1725362015039 2.01227074911982e+288 164
1725362015122 2.4018470965273252e+286 165
1725362015196 3.023910683703596e+288 166
1725362015274 7.316747747008661e+288 167
1725362015357 4.7443777041172114e+287 168
1725362015430 1.005990214198182e+288 169
1725362015517 1.254018920374494e+288 170
1725362015595 3.491032572745301e+288 171
1725362015676 4.722584603739335e+287 172
1725362015747 1.6966865843942473e+288 173
1725362015796 3.8302664007790186e+287 174
1725362015858 9.672041973509294e+287 175
1725362015952 2.0670362054603934e+289 176
1725362016031 4.186140312898697e+288 177
1725362016097 1.0287795079456146e+288 178
1725362016190 1.3631868931533212e+289 179
1725362016267 1.1007009939155056e+288 180
1725362016340 2.760534508208828e+288 181
1725362016394 9.070336966283622e+287 182
1725362016438 1.5107591104341377e+288 183
1725362016489 8.060013683268056e+287 184
1725362016536 2.3452997424962564e+288 185
1725362016578 1.0972271757334972e+289 186
1725362016653 2.1621219025742396e+287 187
1725362016729 8.354230839850935e+289 188
1725362016791 1.7649385019125862e+289 189
1725362016863 1.6985228864225014e+288 190
1725362016936 8.261295995368037e+287 191
1725362017006 6.507718743407494e+288 192
1725362017082 4.000314290261709e+288 193
1725362017169 1.2115423114196067e+288 194
1725362017245 6.9192133082852815e+286 195
1725362017327 7.816223775180631e+287 196
1725362017400 2.839105933179179e+288 197
1725362017478 1.6031291175701153e+288 198
1725362017554 4.416501439315363e+288 199
1725362017631 3.711437412389117e+287 200
1725362017704 4.06539007612229e+287 201
1725362017765 4.123627537103159e+288 202
1725362017845 1.20314348631543e+289 203
1725362017926 9.627606046714536e+288 204
1725362017996 2.880173864183034e+288 205
1725362018051 4.557541506923604e+288 206
1725362018112 3.803696625242604e+289 207
1725362018181 1.2007548809731838e+287 208
1725362018243 1.9142026420997722e+288 209
1725362018306 2.5235540580516415e+287 210
1725362018376 3.737473318478805e+289 211
1725362018453 5.51344111783102e+288 212
1725362018516 4.7485928723854595e+288 213
1725362018586 2.454623219383254e+288 214
1725362018641 2.73049790747818e+288 215
1725362018695 1.4526773665360842e+288 216
1725362018756 7.043619261256307e+287 217
1725362018820 7.368997941463467e+288 218
1725362018875 7.479000037518289e+287 219
1725362018929 2.3947668223636757e+288 220
1725362018997 4.3841359506174553e+288 221
1725362019058 1.2160979295372681e+287 222
1725362019118 1.9968503554960524e+289 223
1725362019173 9.79775116435981e+288 224
1725362019234 1.9973901122183394e+289 225
1725362019302 6.562593725366011e+289 226
1725362019373 8.223709301555706e+288 227
1725362019436 7.490930631059399e+288 228
1725362019501 2.0056339104128242e+288 229
1725362019565 8.223926215206059e+287 230
1725362019641 9.69741254566469e+288 231
1725362019706 7.713366308777432e+287 232
1725362019775 3.048072667717926e+287 233
1725362019838 2.9396528085248444e+288 234
1725362019905 9.222286440869018e+287 235
1725362019971 5.625980400351973e+288 236
1725362020039 7.229199088018229e+288 237
1725362020106 2.856242312665064e+288 238
1725362020164 1.2736819271097866e+287 239
1725362020230 7.28488026789027e+287 240
1725362020286 2.987717302704949e+288 241
1725362020347 1.4264517072258404e+288 242
1725362020412 3.6003975054044373e+288 243
1725362020482 8.836819672171357e+288 244
1725362020546 5.501155802276835e+286 245
1725362020613 2.697505065259913e+288 246
1725362020678 4.573131121558129e+287 247
1725362020734 1.4452820012784233e+288 248
1725362020804 7.371683064511626e+287 249
1725362020862 4.495751832719725e+288 250
1725362020929 2.094282576456184e+287 251
1725362020998 7.280897760632038e+287 252
1725362021059 3.2839812218533123e+288 253
1725362021120 1.1490816318488725e+289 254
1725362021182 3.137659452708766e+287 255
1725362021243 2.5531327145225795e+288 256
1725362021306 8.814845518113184e+286 257
1725362021370 3.824775529681555e+288 258
1725362021433 1.8224577958583223e+288 259
1725362021510 1.7726112017464696e+288 260
1725362021573 6.324356455526761e+287 261
1725362021635 3.955854995877668e+288 262
1725362021700 1.0345629431459576e+289 263
1725362021763 4.659494445700882e+288 264
1725362021818 1.1939036600888585e+288 265
1725362021879 8.114145187201796e+288 266
1725362021933 4.801601966708688e+288 267
1725362021991 2.7017727093142214e+286 268
1725362022050 5.063172711848812e+286 269
1725362022104 1.3233723296310318e+287 270
1725362022160 6.197353308873876e+288 271
1725362022224 4.5688780869103896e+288 272
1725362022289 4.199839100506707e+288 273
1725362022352 4.3968094281346404e+288 274
1725362022418 2.983029539211188e+288 275
1725362022482 4.6618417228156185e+287 276
1725362022541 8.922166221660538e+286 277
1725362022605 7.425824829317101e+288 278
1725362022677 1.4768306360501822e+288 279
1725362022733 5.1730155511997756e+287 280
1725362022795 1.063526935219235e+286 281
1725362022862 8.275992592093942e+285 282
1725362022933 1.6205003843265988e+288 283
1725362023000 2.605176524089484e+289 284
1725362023063 2.511406118181466e+286 285
1725362023125 5.583536714382646e+287 286
1725362023180 1.4399243667513713e+288 287
1725362023235 7.52954448531402e+287 288
1725362023305 1.9759092229477555e+288 289
1725362023363 1.3725601464715955e+288 290
1725362023426 4.665100300070954e+288 291
1725362023496 1.1952620051382058e+288 292
1725362023561 1.0787253823647946e+288 293
1725362023625 5.5909998745229846e+287 294
1725362023689 1.6540016474237183e+289 295
1725362023744 9.016915862106399e+288 296
1725362023799 1.0544548127532528e+288 297
1725362023853 7.482427859617261e+288 298
1725362023909 2.3235844166706432e+288 299
1725362023970 8.417866527797564e+288 300
1725362024028 3.3847071858027054e+287 301
1725362024083 1.1240885300378993e+287 302
1725362024138 6.165015096257559e+286 303
1725362024192 5.395226249790383e+287 304
1725362024258 3.99902517087633e+288 305
1725362024316 8.574659550858263e+288 306
1725362024387 1.7294276268373316e+288 307
1725362024449 2.566431270281464e+288 308
1725362024504 3.90881863902543e+286 309
1725362024568 3.182010213529014e+288 310
1725362024631 9.473797114802578e+288 311
1725362024695 1.0303281331389181e+288 312
1725362024760 1.8647441088165102e+287 313
1725362024813 1.989312390610611e+287 314
1725362024876 1.6882760655085363e+287 315
1725362024942 7.544290045908854e+288 316
1725362025004 1.0983650731505038e+288 317
1725362025073 3.714267281132029e+288 318
1725362025123 4.277712968982849e+287 319
1725362025191 1.1741092747601275e+288 320
1725362025254 1.5276922318395243e+287 321
1725362025311 2.9037926904873113e+289 322
1725362025373 5.123479679669746e+288 323
1725362025430 8.719292282291636e+288 324
1725362025493 1.3301236041614917e+289 325
1725362025559 8.817106248875348e+288 326
1725362025619 7.519068026525949e+286 327
1725362025686 1.869157223402434e+287 328
1725362025755 6.719937216519656e+287 329
1725362025822 1.055662477841151e+287 330
1725362025887 1.0998698234893369e+287 331
1725362025950 1.697896511887145e+288 332
1725362026013 1.5940375255284255e+286 333
1725362026081 1.336973077892789e+289 334
1725362026143 8.807057240155031e+287 335
1725362026217 3.4492115464273434e+288 336
1725362026279 2.2406662726678763e+288 337
1725362026333 5.662561607628941e+287 338
1725362026395 1.2999335447766114e+287 339
1725362026457 1.6590084103798727e+288 340
1725362026515 3.2996892380111226e+287 341
1725362026569 4.168423224203013e+288 342
1725362026629 1.6433274983934245e+288 343
1725362026690 3.2545840276324715e+288 344
1725362026757 5.607114585333707e+288 345
1725362026824 5.362059920165931e+288 346
1725362026893 6.737807681096999e+287 347
1725362026957 3.386969500434473e+287 348
1725362027018 2.4141085030745218e+288 349
1725362027082 6.344762174762381e+287 350
1725362027144 1.638243031338483e+286 351
1725362027209 3.1284341598059856e+288 352
1725362027269 8.908811280934034e+287 353
1725362027335 4.076606695724557e+287 354
1725362027416 1.092280719547728e+288 355
1725362027471 8.461142306037446e+287 356
1725362027531 5.088452330610037e+287 357
1725362027595 1.5435535037692738e+288 358
1725362027662 3.26702976553336e+288 359
1725362027725 2.54811766435267e+288 360
1725362027793 7.504889863311542e+288 361
1725362027846 2.4875874585408845e+288 362
1725362027911 3.282898033348398e+288 363
1725362027967 7.49603046802625e+287 364
1725362028027 2.913060666013488e+288 365
1725362028089 1.3259296560812865e+288 366
1725362028151 1.0785604208892321e+288 367
1725362028209 3.0647464722776953e+288 368
1725362028285 9.15581568980861e+287 369
1725362028346 5.9294388649825626e+287 370
1725362028416 1.9132784179290677e+287 371
1725362028489 5.328510456816374e+286 372
1725362028550 2.8489875915412926e+287 373
1725362028615 3.252419286866894e+288 374
1725362028697 3.002722700997587e+287 375
1725362028761 3.5889602921341724e+288 376
1725362028824 7.99435943568022e+287 377
1725362028889 1.5644221020387526e+288 378
1725362028951 7.642798501018596e+287 379
1725362029015 1.6711683873300494e+288 380
1725362029092 2.4677540834574594e+288 381
1725362029155 5.489326917748147e+287 382
1725362029220 1.2932622921474939e+289 383
1725362029287 1.549748393231181e+289 384
1725362029346 7.1430082607235864e+286 385
1725362029410 1.017124975348043e+287 386
1725362029472 5.1802864238979024e+287 387
1725362029539 3.5494984633573302e+286 388
1725362029594 1.4837249971035617e+288 389
1725362029655 4.189600250441512e+287 390
1725362029720 3.333580973509828e+288 391
1725362029793 1.2940189502071986e+288 392
1725362029856 1.8910005246434008e+287 393
1725362029925 1.5671685111086453e+288 394
1725362029987 6.999596855120284e+286 395
1725362030043 1.2250886330989121e+288 396
1725362030097 7.016526454901095e+289 397
1725362030152 3.30363618694098e+288 398
1725362030217 9.303528723079105e+287 399
1725362030280 2.7587284026808175e+288 400
1725362030333 2.179794900819703e+287 401
1725362030388 2.1104826781206584e+287 402
1725362030451 4.642430931423524e+288 403
1725362030516 1.3820651391397477e+284 404
1725362030575 2.3445645508228323e+288 405
1725362030637 2.210813818664503e+288 406
1725362030693 8.774042616570234e+287 407
1725362030755 1.3860786688873933e+286 408
1725362030817 1.569038831587088e+288 409
1725362030881 2.5812142567464556e+287 410
1725362030941 1.4624167040559635e+286 411
1725362030995 2.738886497061792e+287 412
1725362031059 6.920275251478163e+287 413
1725362031121 3.602536779071158e+287 414
1725362031184 3.00105208064188e+287 415
1725362031238 7.0778308234157786e+286 416
1725362031300 6.269388637195737e+286 417
1725362031368 3.3860836815737827e+288 418
1725362031434 3.2474655331116064e+286 419
1725362031500 2.6533040293103263e+287 420
1725362031549 5.939454443854689e+287 421
1725362031610 9.380819178460303e+288 422
1725362031673 1.726540084149442e+287 423
1725362031728 4.718828374917018e+287 424
1725362031788 6.5089389536344e+287 425
1725362031857 1.8113095845136875e+288 426
1725362031925 1.397018044840517e+287 427
1725362031976 2.956170760854189e+288 428
1725362032035 3.908050241033626e+288 429
1725362032101 2.412370016781452e+288 430
1725362032164 2.961597922476673e+288 431
1725362032235 1.297902850458845e+289 432
1725362032291 1.0176578787256999e+288 433
1725362032356 9.336396154690425e+286 434
1725362032419 1.1510763948057123e+289 435
1725362032481 4.25284329170759e+287 436
1725362032541 8.055899549312945e+287 437
1725362032603 2.9121397968298384e+286 438
1725362032659 2.954323942524436e+287 439
1725362032722 1.602072507488036e+287 440
1725362032783 9.647974764729819e+286 441
1725362032859 2.713664214698372e+288 442
1725362032923 7.859469272588726e+288 443
1725362032991 1.4082790172596226e+288 444
1725362033054 3.8490676190535963e+288 445
1725362033118 1.5301669698813248e+285 446
1725362033177 7.428760737957161e+289 447
1725362033240 6.88285342652462e+287 448
1725362033305 9.7830841150239e+283 449
1725362033368 9.388964838075223e+287 450
1725362033432 6.051624917911377e+288 451
1725362033499 8.375342118654633e+287 452
1725362033571 3.78088156287376e+287 453
1725362033626 2.9704163139664988e+286 454
1725362033687 2.629811320723989e+287 455
1725362033751 2.8037943611526408e+287 456
1725362033814 6.27780801206934e+288 457
1725362033877 9.650940172505142e+286 458
1725362033944 3.3214841583378752e+286 459
1725362033997 5.001119626195703e+288 460
1725362034068 2.4352194633399026e+287 461
1725362034125 9.005590254303083e+287 462
1725362034193 1.533849748732386e+286 463
1725362034286 6.7786808671834e+285 464
1725362034385 1.1818273819749964e+288 465
1725362034455 2.2911043927028026e+288 466
1725362034525 3.6552882314155616e+288 467
1725362034592 6.11510160583097e+287 468
1725362034656 7.17018468293385e+288 469
1725362034729 1.0444987304104927e+289 470
1725362034794 6.292249908263525e+287 471
1725362034858 9.989729991475537e+287 472
1725362034923 8.022943195307126e+286 473
1725362034998 3.265363837742438e+288 474
1725362035063 1.4569101495204727e+285 475
1725362035137 5.586655831757795e+287 476
1725362035201 1.1842463912599883e+286 477
1725362035272 3.667547908800184e+288 478
1725362035321 1.1806053791316423e+288 479
1725362035392 7.33228788272255e+288 480
1725362035451 2.2260595388575048e+288 481
1725362035516 6.516362260498894e+284 482
1725362035586 1.26455433335272e+288 483
1725362035645 3.421275624214585e+287 484
1725362035707 1.2242893857745635e+287 485
1725362035762 8.841992327887986e+287 486
1725362035823 5.061296081259728e+287 487
1725362035886 5.407757714789357e+288 488
1725362035948 5.130369656480236e+287 489
1725362036009 4.6635219079631884e+287 490
1725362036072 1.4165707724289968e+287 491
1725362036132 1.2155858894530905e+287 492
1725362036207 4.8903017582338945e+286 493
1725362036275 2.6030413208023945e+287 494
1725362036332 4.550144359434606e+287 495
1725362036398 1.8652140359129547e+288 496
1725362036464 4.588225441628576e+288 497
1725362036527 1.3094812786419471e+287 498
1725362036577 1.1233255778241491e+288 499
