1725401108092 167.7087240241568 0
1725401108123 163.83499712859336 1
1725401108156 160.18196374960834 2
1725401108181 156.343329446402 3
1725401108213 152.33354660810846 4
1725401108252 154.77866411708047 5
1725401108280 149.46569974541808 6
1725401108306 142.1645298684514 7
1725401108336 137.99147648307547 8
1725401108366 142.35158357325474 9
1725401108397 135.1073121561069 10
1725401108433 132.82531303759356 11
1725401108466 135.35546812509 12
1725401108505 130.40553163889518 13
1725401108542 128.0691010552632 14
1725401108573 125.58808550593217 15
1725401108602 124.5197913471244 16
1725401108636 124.38478275169179 17
1725401108665 121.21220958986969 18
1725401108696 118.1629281695532 19
1725401108729 118.45694324916623 20
1725401108759 113.09567605678878 21
1725401108792 110.68478640843689 22
1725401108824 110.40092618985732 23
1725401108861 107.61215707971579 24
1725401108888 106.98372448427703 25
1725401108915 103.17475856859991 26
1725401108946 104.35116439380351 27
1725401108978 99.3822614795745 28
1725401109008 96.19206211180281 29
1725401109042 96.66239530836893 30
1725401109072 93.77459633789472 31
1725401109105 90.88388699070094 32
1725401109139 89.90218378329634 33
1725401109172 90.29705180638506 34
1725401109203 88.3689452571194 35
1725401109235 85.73037919095438 36
1725401109265 84.05217435816834 37
1725401109315 83.9132394224982 38
1725401109383 81.70979677034538 39
1725401109411 81.09931446367966 40
1725401109442 79.65627415216306 41
1725401109472 76.57270706650785 42
1725401109510 74.6761551038284 43
1725401109542 75.64348702560665 44
1725401109582 72.91136473354162 45
1725401109612 72.11553021987585 46
1725401109642 72.62278053773484 47
1725401109673 72.20075481287678 48
1725401109703 69.7176906549145 49
1725401109733 67.29403915099718 50
1725401109763 65.48925199490662 51
1725401109794 65.03037832554877 52
1725401109825 66.1163054144201 53
1725401109887 64.53109403785403 54
1725401109916 60.83514875995153 55
1725401109948 61.77806479851689 56
1725401109977 60.458503624227454 57
1725401110010 58.42671756774826 58
1725401110040 55.32501257046359 59
1725401110071 55.33048653530851 60
1725401110101 54.25833323860212 61
1725401110131 54.28907782357859 62
1725401110161 51.9695911094363 63
1725401110193 51.79045501178356 64
1725401110223 52.96966925466783 65
1725401110253 50.187667647425776 66
1725401110282 48.83450813954543 67
1725401110317 49.63005024861107 68
1725401110348 47.930279434357466 69
1725401110381 44.59983338753149 70
1725401110412 46.252630224990675 71
1725401110442 44.73956532056266 72
1725401110473 45.239468781031164 73
1725401110508 43.859850791036315 74
1725401110536 43.92898797633941 75
1725401110569 42.01038310163767 76
1725401110594 41.18181442101381 77
1725401110619 40.2141820119642 78
1725401110650 40.61341075302881 79
1725401110680 39.97318179627671 80
1725401110711 40.101399782378934 81
1725401110743 37.60509944074359 82
1725401110773 36.251644462071845 83
1725401110805 36.29334962399314 84
1725401110837 35.84990491671223 85
1725401110867 35.373182785870725 86
1725401110900 33.63260175402888 87
1725401110930 34.90401176108669 88
1725401110962 32.672725253276056 89
1725401110992 34.20448891850907 90
1725401111024 32.32968345828621 91
1725401111055 31.780661302395902 92
1725401111085 30.660492527612796 93
1725401111115 30.21825736337229 94
1725401111144 30.77006465144475 95
1725401111174 30.08858387468708 96
1725401111203 28.745151627052564 97
1725401111234 28.47407715718574 98
1725401111266 27.84379158055184 99
1725401111298 26.91656918855556 100
1725401111329 26.459680901387564 101
1725401111360 27.46193606686504 102
1725401111390 26.21429825844189 103
1725401111421 24.340384788127395 104
1725401111453 24.027347074896873 105
1725401111485 24.39147302754247 106
1725401111520 24.194271953838058 107
1725401111552 25.49079599397592 108
1725401111584 23.673595274063082 109
1725401111617 23.127170013223484 110
1725401111645 22.81165089034549 111
1725401111677 21.675213108070132 112
1725401111709 21.118091138308507 113
1725401111738 21.281589419429803 114
1725401111769 20.837410850443238 115
1725401111798 20.89767520983358 116
1725401111829 20.378729775755414 117
1725401111860 20.138820677373026 118
1725401111889 19.417031714609482 119
1725401111921 19.346332368864083 120
1725401111951 18.50331061316818 121
1725401111977 18.641886434307704 122
1725401112005 18.36334167830238 123
1725401112035 17.30719932085209 124
1725401112067 17.131393202823173 125
1725401112101 16.876660077907015 126
1725401112132 16.450123787610224 127
1725401112163 16.691347951031247 128
1725401112203 16.52921686137116 129
1725401112236 16.706133415166185 130
1725401112265 15.650716773359092 131
1725401112293 16.028157288953963 132
1725401112321 14.977408947244493 133
1725401112354 15.481833900041897 134
1725401112386 14.17412056347878 135
1725401112416 14.143359425268777 136
1725401112446 14.641644823173799 137
1725401112478 13.539934844759909 138
1725401112518 13.827305278330503 139
1725401112547 12.813399494870499 140
1725401112572 12.89263944549179 141
1725401112600 13.07331128755301 142
1725401112630 12.813897990949487 143
1725401112657 12.152456389460966 144
1725401112685 12.136384590500437 145
1725401112713 12.140921721722155 146
1725401112743 12.05842394342237 147
1725401112778 11.513675268775653 148
1725401112805 10.95442957323694 149
1725401112837 10.9700943301609 150
1725401112870 11.433292724495363 151
1725401112902 10.548419952537698 152
1725401112934 11.14546140299384 153
1725401112965 10.501429768173345 154
1725401112997 10.30396138929561 155
1725401113026 10.071535960433938 156
1725401113054 9.528358720600012 157
1725401113084 9.363267413836832 158
1725401113115 9.611034512366885 159
1725401113145 9.122100856976088 160
1725401113170 9.08701743129063 161
1725401113200 8.900349588198921 162
1725401113230 8.67520925617428 163
1725401113261 9.206035299035477 164
1725401113286 8.159192745889278 165
1725401113310 8.6973523928249 166
1725401113341 8.488028681641731 167
1725401113372 8.246789116565948 168
1725401113402 8.179570918571 169
1725401113433 7.895290683222404 170
1725401113463 7.818643650929383 171
1725401113494 7.877081351345225 172
1725401113528 7.5693637787291435 173
1725401113557 7.482954314446556 174
1725401113588 6.927708197789529 175
1725401113616 6.9304387494373305 176
1725401113646 6.646447085500388 177
1725401113678 6.868015914567659 178
1725401113708 6.569987612813077 179
1725401113738 6.488080132927564 180
1725401113771 6.3734547981628396 181
1725401113801 6.370277847178067 182
1725401113830 6.112496889298638 183
1725401113862 5.867583504610072 184
1725401113893 6.123824681148565 185
1725401113923 5.940291570676319 186
1725401113955 5.808495031081911 187
1725401113992 6.215994672230537 188
1725401114023 5.823582264928979 189
1725401114054 5.734361501873792 190
1725401114084 5.795058987434949 191
1725401114115 5.409625902944656 192
1725401114145 5.230883548743887 193
1725401114174 4.692028631418955 194
1725401114203 5.0995069012181 195
1725401114234 5.194662128247767 196
1725401114262 4.856123103643017 197
1725401114291 4.687299446254947 198
1725401114322 4.225076121261205 199
1725401114352 4.46956143794927 200
1725401114383 4.5030404147893215 201
1725401114416 4.260342669311877 202
1725401114445 4.186254977715587 203
1725401114478 4.265170349503739 204
1725401114508 4.176414881984093 205
1725401114538 3.8796108740537107 206
1725401114570 4.023783859950705 207
1725401114600 4.2188310992781695 208
1725401114634 3.764113384642338 209
1725401114663 3.901118200367354 210
1725401114687 3.61615216050171 211
1725401114717 3.4944761927558154 212
1725401114748 3.6173046608413744 213
1725401114779 3.5759759134561175 214
1725401114812 3.5684449466629484 215
1725401114843 3.5908859838643283 216
1725401114873 3.492692485586681 217
1725401114903 3.494248707993974 218
1725401114936 3.311690983176709 219
1725401114967 3.175624596756856 220
1725401114998 3.4933395715820144 221
1725401115029 3.4250527881533057 222
1725401115060 2.916318533225103 223
1725401115091 2.853810279448873 224
1725401115121 3.0107708025752546 225
1725401115151 3.04007400973193 226
1725401115179 2.717407400564704 227
1725401115202 3.0259804782628628 228
1725401115234 2.6033956714801714 229
1725401115264 2.7779340944221986 230
1725401115294 2.595033724766569 231
1725401115324 2.7364309902894264 232
1725401115354 2.542214057639942 233
1725401115389 2.5432861783819494 234
1725401115419 2.357964657771035 235
1725401115451 2.822018167696148 236
1725401115482 2.462361984727607 237
1725401115513 2.481368500988917 238
1725401115549 2.356503194253382 239
1725401115575 2.2118933096755016 240
1725401115606 2.6697247552984518 241
1725401115638 2.047772402341146 242
1725401115670 2.2225822837075158 243
1725401115701 1.9586514663205836 244
1725401115732 1.929290131586711 245
1725401115764 2.256188877876272 246
1725401115795 1.9873283203894823 247
1725401115826 2.470865524502509 248
1725401115856 1.9175150257428732 249
1725401115888 1.6953153849583755 250
1725401115918 2.071304564023825 251
1725401115949 1.9430827657403211 252
1725401115980 1.8173302456370157 253
1725401116010 1.821115699197087 254
1725401116040 1.8918851044802103 255
1725401116071 1.8586393485188581 256
1725401116100 1.759210789030173 257
1725401116131 1.5167872942525964 258
1725401116163 1.675870495085846 259
1725401116193 1.5778876580753178 260
1725401116227 1.4584966126603915 261
1725401116257 1.616846077390994 262
1725401116288 1.5569854848111724 263
1725401116320 1.700565457304874 264
1725401116350 1.5724985931926603 265
1725401116375 1.3574216780189923 266
1725401116406 1.384608545863324 267
1725401116436 1.4763319288243648 268
1725401116466 1.2988161456451588 269
1725401116498 1.2221385834407896 270
1725401116529 1.4465013955208272 271
1725401116564 1.3178487467389797 272
1725401116595 1.3871590834584 273
1725401116626 1.3720239899483289 274
1725401116656 1.2671479190137063 275
1725401116689 1.198566734224253 276
1725401116721 1.0827034918371734 277
1725401116748 1.3119678705856372 278
1725401116780 0.9734623747265004 279
1725401116813 1.414939211257127 280
1725401116845 1.0846526421447706 281
1725401116875 1.129210844243288 282
1725401116905 0.9771406891151571 283
1725401116935 1.1350481497838179 284
1725401116966 1.1330051267496533 285
1725401116998 1.0774685780250017 286
1725401117027 0.8884122268207011 287
1725401117056 1.027534359673442 288
1725401117080 1.0137344964635964 289
1725401117111 1.0107991004958239 290
1725401117142 0.9445398790158667 291
1725401117173 1.0426175006454697 292
1725401117203 0.9102503632955511 293
1725401117231 0.9134223179021501 294
1725401117256 0.8342101047649663 295
1725401117283 0.8266195264494114 296
1725401117314 0.8581314604980096 297
1725401117346 0.795396227021115 298
1725401117376 0.7802046705859607 299
1725401117405 0.7138213129408754 300
1725401117437 0.7823035211936008 301
1725401117468 0.8872108127507544 302
1725401117499 0.7769007927626539 303
1725401117530 0.7768148574164772 304
1725401117560 0.7204819978116671 305
1725401117591 0.8659705406012034 306
1725401117624 0.780950937564484 307
1725401117656 0.7360849081548745 308
1725401117680 0.7234751925792289 309
1725401117709 0.6876517260345382 310
1725401117740 0.6036303707787976 311
1725401117769 0.7491076594959345 312
1725401117800 0.7313583979392224 313
1725401117831 0.5846725133001737 314
1725401117859 0.5627759096403616 315
1725401117887 0.6917661550923078 316
1725401117920 0.4916382075554667 317
1725401117953 0.6306848275540342 318
1725401117984 0.6514915657266233 319
1725401118015 0.6937220533437131 320
1725401118048 0.6064930048255444 321
1725401118078 0.6523726133674045 322
1725401118108 0.5090587807334847 323
1725401118140 0.5396582375283944 324
1725401118165 0.6925123942198845 325
1725401118191 0.4631917092116859 326
1725401118224 0.6652350387630811 327
1725401118266 0.502339015274925 328
1725401118295 0.5776262443548498 329
1725401118325 0.7464114692230924 330
1725401118356 0.5823761821388173 331
1725401118385 0.4443441705010442 332
1725401118418 0.49141231550696024 333
1725401118446 0.5464767937552047 334
1725401118476 0.4945711049772038 335
1725401118506 0.46221147510398775 336
1725401118537 0.41871199245808616 337
1725401118568 0.5431588868142052 338
1725401118603 0.5164238627342513 339
1725401118636 0.39174665814708826 340
1725401118666 0.4324028908346281 341
1725401118697 0.370204449427784 342
1725401118730 0.4215653866572035 343
1725401118760 0.3877186425936679 344
1725401118794 0.45117933171756247 345
1725401118825 0.5105039849266392 346
1725401118857 0.4278774296436111 347
1725401118887 0.38243341066496034 348
1725401118920 0.47899639325272403 349
1725401118952 0.4190226439959544 350
1725401118982 0.40978200287556676 351
1725401119013 0.3877515301727223 352
1725401119044 0.34671101690491485 353
1725401119077 0.3208991320031018 354
1725401119108 0.3389996081481728 355
1725401119141 0.42639132745478175 356
1725401119171 0.22991336452692324 357
1725401119203 0.30047825875345724 358
1725401119233 0.39070073958544976 359
1725401119263 0.4587185069839574 360
1725401119295 0.3576383616155873 361
1725401119323 0.27764894231492643 362
1725401119356 0.2481127222712414 363
1725401119388 0.27239302949333793 364
1725401119420 0.3371562242410734 365
1725401119451 0.3328409709613328 366
1725401119485 0.26865206263807856 367
1725401119513 0.34791884897854575 368
1725401119544 0.2771525799395451 369
1725401119576 0.3158115667501381 370
1725401119612 0.2815114189823445 371
1725401119642 0.26036777223676727 372
1725401119679 0.3116729397490964 373
1725401119710 0.223923810180879 374
1725401119742 0.25660565262196255 375
1725401119774 0.23260186951555478 376
1725401119805 0.21275737380380377 377
1725401119836 0.2484134501038781 378
1725401119868 0.21682764893695272 379
1725401119893 0.24835641706598852 380
1725401119925 0.19609925653791282 381
1725401119965 0.19276910759172394 382
1725401119994 0.27953316008364004 383
1725401120019 0.2403825679389502 384
1725401120049 0.19547864037151194 385
1725401120079 0.3113856455945354 386
1725401120112 0.16932499384643854 387
1725401120142 0.18770488501776947 388
1725401120173 0.2294741897138794 389
1725401120203 0.1875578381705841 390
1725401120245 0.20606012303842972 391
1725401120276 0.19498063081284558 392
1725401120308 0.21350326925412286 393
1725401120348 0.23954106321585567 394
1725401120377 0.1710794528846133 395
1725401120407 0.1953310376931336 396
1725401120442 0.2546188847898109 397
1725401120471 0.26492526378700004 398
1725401120504 0.18850548948788862 399
1725401120535 0.279210329448938 400
1725401120565 0.1686826319019886 401
1725401120597 0.20632221428435157 402
1725401120629 0.19527860117384233 403
1725401120659 0.17634368005629691 404
1725401120689 0.1651717068286817 405
1725401120721 0.19399586768344693 406
1725401120752 0.24065603162128588 407
1725401120785 0.2039686105993987 408
1725401120815 0.1806413841996542 409
1725401120847 0.1702148298352884 410
1725401120878 0.2653332903353855 411
1725401120908 0.2437472590624809 412
1725401120940 0.17861148402739147 413
1725401120973 0.1812504176143119 414
1725401121004 0.2865585611307673 415
1725401121036 0.16409639203166201 416
1725401121068 0.1369166264982231 417
1725401121099 0.21799318029612175 418
1725401121131 0.17827584249113107 419
1725401121161 0.1764663428661908 420
1725401121193 0.14163144499125274 421
1725401121226 0.17472145225462518 422
1725401121257 0.1831211833362081 423
1725401121289 0.16497344837874986 424
1725401121315 0.17773950054416907 425
1725401121344 0.1639523648571112 426
1725401121375 0.1458745410162459 427
1725401121405 0.15564363499170925 428
1725401121433 0.17009399270004183 429
1725401121464 0.22148315386222914 430
1725401121494 0.14799770293880868 431
1725401121525 0.1687780455262385 432
1725401121555 0.16269387065573843 433
1725401121580 0.12485263890096256 434
1725401121614 0.12967777255659263 435
1725401121646 0.15622415111103216 436
1725401121678 0.11170474812356504 437
1725401121708 0.21096919876242246 438
1725401121739 0.10413253976668552 439
1725401121765 0.15170590938168474 440
1725401121793 0.06220019799248077 441
1725401121819 0.1727048064642568 442
1725401121849 0.15680054967221677 443
1725401121879 0.11178788320890418 444
1725401121913 0.1177239337555297 445
1725401121943 0.09010443877552567 446
1725401121974 0.12878295856086175 447
1725401122005 0.17441224785834955 448
1725401122037 0.11463173603605323 449
1725401122066 0.12823932893887666 450
1725401122098 0.12862928108153596 451
1725401122129 0.16375928137604975 452
1725401122161 0.1480462365255883 453
1725401122191 0.14918063239458376 454
1725401122230 0.1650426031362139 455
1725401122262 0.11241809566407976 456
1725401122294 0.1277931703405626 457
1725401122326 0.16197747836316537 458
1725401122358 0.11903463844279187 459
1725401122388 0.11292886694787423 460
1725401122418 0.08678925027030293 461
1725401122448 0.13382522114956877 462
1725401122479 0.10767422345248834 463
1725401122510 0.10219988055390479 464
1725401122540 0.10694421731352632 465
1725401122571 0.1182288163444715 466
1725401122602 0.06272366834706644 467
1725401122637 0.09230576571536407 468
1725401122666 0.11004618732577459 469
1725401122693 0.14143242720704477 470
1725401122721 0.13353878480895356 471
1725401122753 0.13430673935487308 472
1725401122781 0.1408294426986558 473
1725401122813 0.08686191049421488 474
1725401122844 0.09391469231454107 475
1725401122876 0.11952485730612489 476
1725401122905 0.08175302946040476 477
1725401122935 0.1553895194717951 478
1725401122962 0.14462419889711042 479
1725401122992 0.0929085452799971 480
1725401123027 0.09644358104270706 481
1725401123059 0.0824918914137828 482
1725401123087 0.13484301890958839 483
1725401123115 0.16242362020475662 484
1725401123146 0.12456185380575961 485
1725401123176 0.12274221185004267 486
1725401123207 0.16125832378034985 487
1725401123241 0.08694159336367453 488
1725401123266 0.08898141844657846 489
1725401123289 0.09853715756809252 490
1725401123321 0.06146168800011924 491
1725401123352 0.09201707008672204 492
1725401123386 0.08254332178609157 493
1725401123417 0.08613966927518221 494
1725401123449 0.1669226417517651 495
1725401123478 0.08498164296122943 496
1725401123508 0.07782199673214434 497
1725401123534 0.09385988758032286 498
1725401123563 0.07677731562432438 499
