1725341968466 nan 0
1725341968484 nan 1
1725341968500 nan 2
1725341968516 nan 3
1725341968532 nan 4
1725341968548 nan 5
1725341968566 nan 6
1725341968599 nan 7
1725341968623 nan 8
1725341968640 nan 9
1725341968655 nan 10
1725341968673 nan 11
1725341968689 nan 12
1725341968706 nan 13
1725341968723 nan 14
1725341968743 nan 15
1725341968761 nan 16
1725341968784 nan 17
1725341968802 nan 18
1725341968818 nan 19
1725341968834 nan 20
1725341968850 nan 21
1725341968866 nan 22
1725341968882 nan 23
1725341968899 nan 24
1725341968915 nan 25
1725341968945 nan 26
1725341968965 nan 27
1725341968984 nan 28
1725341969003 nan 29
1725341969021 nan 30
1725341969042 nan 31
1725341969062 nan 32
1725341969080 nan 33
1725341969097 nan 34
1725341969119 nan 35
1725341969135 nan 36
1725341969151 nan 37
1725341969168 nan 38
1725341969184 nan 39
1725341969200 nan 40
1725341969216 nan 41
1725341969232 nan 42
1725341969248 nan 43
1725341969265 nan 44
1725341969281 nan 45
1725341969296 nan 46
1725341969314 nan 47
1725341969332 nan 48
1725341969350 nan 49
1725341969370 nan 50
1725341969389 nan 51
1725341969406 nan 52
1725341969423 nan 53
1725341969439 nan 54
1725341969455 nan 55
1725341969470 nan 56
1725341969486 nan 57
1725341969502 nan 58
1725341969518 nan 59
1725341969533 nan 60
1725341969548 nan 61
1725341969567 nan 62
1725341969586 nan 63
1725341969621 nan 64
1725341969639 nan 65
1725341969697 nan 66
1725341969722 nan 67
1725341969738 nan 68
1725341969754 nan 69
1725341969770 nan 70
1725341969786 nan 71
1725341969801 nan 72
1725341969816 nan 73
1725341969831 nan 74
1725341969847 nan 75
1725341969862 nan 76
1725341969877 nan 77
1725341969893 nan 78
1725341969908 nan 79
1725341969924 nan 80
1725341969944 nan 81
1725341969962 nan 82
1725341969981 nan 83
1725341969996 nan 84
1725341970014 nan 85
1725341970031 nan 86
1725341970048 nan 87
1725341970063 nan 88
1725341970079 nan 89
1725341970094 nan 90
1725341970109 nan 91
1725341970124 nan 92
1725341970140 nan 93
1725341970156 nan 94
1725341970170 nan 95
1725341970189 nan 96
1725341970209 nan 97
1725341970229 nan 98
1725341970246 nan 99
1725341970263 nan 100
1725341970280 nan 101
1725341970297 nan 102
1725341970313 nan 103
1725341970327 nan 104
1725341970343 nan 105
1725341970359 nan 106
1725341970374 nan 107
1725341970389 nan 108
1725341970404 nan 109
1725341970420 nan 110
1725341970438 nan 111
1725341970455 nan 112
1725341970476 nan 113
1725341970494 nan 114
1725341970512 nan 115
1725341970529 nan 116
1725341970545 nan 117
1725341970562 nan 118
1725341970579 nan 119
1725341970605 nan 120
1725341970645 nan 121
1725341970663 nan 122
1725341970681 nan 123
1725341970699 nan 124
1725341970717 nan 125
1725341970733 nan 126
1725341970751 nan 127
1725341970769 nan 128
1725341970786 nan 129
1725341970803 nan 130
1725341970820 nan 131
1725341970837 nan 132
1725341970855 nan 133
1725341970872 nan 134
1725341970890 nan 135
1725341970906 nan 136
1725341970923 nan 137
1725341970940 nan 138
1725341970957 nan 139
1725341970976 nan 140
1725341970994 nan 141
1725341971012 nan 142
1725341971028 nan 143
1725341971045 nan 144
1725341971064 nan 145
1725341971082 nan 146
1725341971103 nan 147
1725341971120 nan 148
1725341971135 nan 149
1725341971155 nan 150
1725341971173 nan 151
1725341971193 nan 152
1725341971212 nan 153
1725341971229 nan 154
1725341971246 nan 155
1725341971263 nan 156
1725341971280 nan 157
1725341971297 nan 158
1725341971313 nan 159
1725341971327 nan 160
1725341971343 nan 161
1725341971359 nan 162
1725341971374 nan 163
1725341971390 nan 164
1725341971406 nan 165
1725341971421 nan 166
1725341971440 nan 167
1725341971457 nan 168
1725341971473 nan 169
1725341971490 nan 170
1725341971505 nan 171
1725341971520 nan 172
1725341971537 nan 173
1725341971553 nan 174
1725341971569 nan 175
1725341971584 nan 176
1725341971599 nan 177
1725341971615 nan 178
1725341971629 nan 179
1725341971666 nan 180
1725341971682 nan 181
1725341971699 nan 182
1725341971717 nan 183
1725341971733 nan 184
1725341971751 nan 185
1725341971767 nan 186
1725341971788 nan 187
1725341971806 nan 188
1725341971822 nan 189
1725341971846 nan 190
1725341971866 nan 191
1725341971885 nan 192
1725341971907 nan 193
1725341971922 nan 194
1725341971939 nan 195
1725341971956 nan 196
1725341971973 nan 197
1725341971995 nan 198
1725341972015 nan 199
1725341972034 nan 200
1725341972050 nan 201
1725341972065 nan 202
1725341972083 nan 203
1725341972101 nan 204
1725341972119 nan 205
1725341972135 nan 206
1725341972154 nan 207
1725341972171 nan 208
1725341972187 nan 209
1725341972202 nan 210
1725341972218 nan 211
1725341972234 nan 212
1725341972250 nan 213
1725341972266 nan 214
1725341972282 nan 215
1725341972298 nan 216
1725341972317 nan 217
1725341972334 nan 218
1725341972350 nan 219
1725341972371 nan 220
1725341972390 nan 221
1725341972406 nan 222
1725341972423 nan 223
1725341972439 nan 224
1725341972455 nan 225
1725341972473 nan 226
1725341972491 nan 227
1725341972509 nan 228
1725341972526 nan 229
1725341972546 nan 230
1725341972564 nan 231
1725341972580 nan 232
1725341972595 nan 233
1725341972611 nan 234
1725341972626 nan 235
1725341972642 nan 236
1725341972674 nan 237
1725341972690 nan 238
1725341972705 nan 239
1725341972722 nan 240
1725341972738 nan 241
1725341972756 nan 242
1725341972771 nan 243
1725341972790 nan 244
1725341972806 nan 245
1725341972822 nan 246
1725341972841 nan 247
1725341972860 nan 248
1725341972878 nan 249
1725341972894 nan 250
1725341972912 nan 251
1725341972931 nan 252
1725341972948 nan 253
1725341972966 nan 254
1725341972984 nan 255
1725341973003 nan 256
1725341973021 nan 257
1725341973039 nan 258
1725341973058 nan 259
1725341973073 nan 260
1725341973089 nan 261
1725341973104 nan 262
1725341973120 nan 263
1725341973134 nan 264
1725341973149 nan 265
1725341973165 nan 266
1725341973180 nan 267
1725341973195 nan 268
1725341973210 nan 269
1725341973226 nan 270
1725341973241 nan 271
1725341973256 nan 272
1725341973271 nan 273
1725341973288 nan 274
1725341973304 nan 275
1725341973322 nan 276
1725341973340 nan 277
1725341973360 nan 278
1725341973378 nan 279
1725341973393 nan 280
1725341973411 nan 281
1725341973427 nan 282
1725341973444 nan 283
1725341973461 nan 284
1725341973478 nan 285
1725341973496 nan 286
1725341973513 nan 287
1725341973533 nan 288
1725341973550 nan 289
1725341973567 nan 290
1725341973584 nan 291
1725341973603 nan 292
1725341973620 nan 293
1725341973637 nan 294
1725341973656 nan 295
1725341973691 nan 296
1725341973711 nan 297
1725341973729 nan 298
1725341973746 nan 299
1725341973762 nan 300
1725341973780 nan 301
1725341973798 nan 302
1725341973818 nan 303
1725341973837 nan 304
1725341973855 nan 305
1725341973873 nan 306
1725341973891 nan 307
1725341973909 nan 308
1725341973927 nan 309
1725341973945 nan 310
1725341973962 nan 311
1725341973978 nan 312
1725341973995 nan 313
1725341974012 nan 314
1725341974033 nan 315
1725341974050 nan 316
1725341974068 nan 317
1725341974092 nan 318
1725341974112 nan 319
1725341974151 nan 320
1725341974168 nan 321
1725341974186 nan 322
1725341974203 nan 323
1725341974218 nan 324
1725341974236 nan 325
1725341974252 nan 326
1725341974268 nan 327
1725341974284 nan 328
1725341974300 nan 329
1725341974317 nan 330
1725341974334 nan 331
1725341974352 nan 332
1725341974369 nan 333
1725341974387 nan 334
1725341974403 nan 335
1725341974420 nan 336
1725341974438 nan 337
1725341974456 nan 338
1725341974478 nan 339
1725341974495 nan 340
1725341974514 nan 341
1725341974530 nan 342
1725341974545 nan 343
1725341974563 nan 344
1725341974582 nan 345
1725341974602 nan 346
1725341974619 nan 347
1725341974639 nan 348
1725341974659 nan 349
1725341974676 nan 350
1725341974716 nan 351
1725341974738 nan 352
1725341974755 nan 353
1725341974774 nan 354
1725341974795 nan 355
1725341974813 nan 356
1725341974829 nan 357
1725341974846 nan 358
1725341974862 nan 359
1725341974877 nan 360
1725341974893 nan 361
1725341974909 nan 362
1725341974925 nan 363
1725341974940 nan 364
1725341974962 nan 365
1725341974978 nan 366
1725341974994 nan 367
1725341975012 nan 368
1725341975029 nan 369
1725341975045 nan 370
1725341975064 nan 371
1725341975086 nan 372
1725341975105 nan 373
1725341975123 nan 374
1725341975140 nan 375
1725341975160 nan 376
1725341975178 nan 377
1725341975195 nan 378
1725341975212 nan 379
1725341975231 nan 380
1725341975246 nan 381
1725341975263 nan 382
1725341975279 nan 383
1725341975297 nan 384
1725341975314 nan 385
1725341975333 nan 386
1725341975350 nan 387
1725341975373 nan 388
1725341975390 nan 389
1725341975408 nan 390
1725341975426 nan 391
1725341975442 nan 392
1725341975457 nan 393
1725341975474 nan 394
1725341975490 nan 395
1725341975504 nan 396
1725341975520 nan 397
1725341975536 nan 398
1725341975551 nan 399
1725341975571 nan 400
1725341975587 nan 401
1725341975605 nan 402
1725341975620 nan 403
1725341975636 nan 404
1725341975655 nan 405
1725341975674 nan 406
1725341975693 nan 407
1725341975713 nan 408
1725341975746 nan 409
1725341975761 nan 410
1725341975779 nan 411
1725341975796 nan 412
1725341975811 nan 413
1725341975825 nan 414
1725341975841 nan 415
1725341975857 nan 416
1725341975872 nan 417
1725341975888 nan 418
1725341975907 nan 419
1725341975922 nan 420
1725341975940 nan 421
1725341975955 nan 422
1725341975973 nan 423
1725341975990 nan 424
1725341976008 nan 425
1725341976026 nan 426
1725341976042 nan 427
1725341976059 nan 428
1725341976077 nan 429
1725341976095 nan 430
1725341976112 nan 431
1725341976128 nan 432
1725341976145 nan 433
1725341976161 nan 434
1725341976179 nan 435
1725341976196 nan 436
1725341976212 nan 437
1725341976229 nan 438
1725341976247 nan 439
1725341976265 nan 440
1725341976284 nan 441
1725341976304 nan 442
1725341976322 nan 443
1725341976344 nan 444
1725341976363 nan 445
1725341976382 nan 446
1725341976401 nan 447
1725341976420 nan 448
1725341976436 nan 449
1725341976452 nan 450
1725341976467 nan 451
1725341976483 nan 452
1725341976499 nan 453
1725341976516 nan 454
1725341976532 nan 455
1725341976547 nan 456
1725341976564 nan 457
1725341976581 nan 458
1725341976601 nan 459
1725341976619 nan 460
1725341976636 nan 461
1725341976655 nan 462
1725341976673 nan 463
1725341976690 nan 464
1725341976707 nan 465
1725341976725 nan 466
1725341976764 nan 467
1725341976783 nan 468
1725341976805 nan 469
1725341976819 nan 470
1725341976837 nan 471
1725341976855 nan 472
1725341976873 nan 473
1725341976890 nan 474
1725341976909 nan 475
1725341976924 nan 476
1725341976941 nan 477
1725341976957 nan 478
1725341976973 nan 479
1725341976988 nan 480
1725341977003 nan 481
1725341977018 nan 482
1725341977034 nan 483
1725341977049 nan 484
1725341977066 nan 485
1725341977081 nan 486
1725341977098 nan 487
1725341977117 nan 488
1725341977134 nan 489
1725341977153 nan 490
1725341977170 nan 491
1725341977186 nan 492
1725341977202 nan 493
1725341977217 nan 494
1725341977233 nan 495
1725341977248 nan 496
1725341977265 nan 497
1725341977281 nan 498
1725341977296 nan 499
