1725384814526 168.996543037322 0
1725384814547 165.62339982769106 1
1725384814572 162.35160167244177 2
1725384814597 159.14404909845402 3
1725384814623 156.0003819745804 4
1725384814655 152.91944305158512 5
1725384814683 149.90009810941712 6
1725384814724 146.94016736490394 7
1725384814757 144.03905264514037 8
1725384814789 141.19564859410337 9
1725384814814 138.40893932216136 10
1725384814841 135.67807119980347 11
1725384814873 133.0009710088091 12
1725384814904 130.3773518237359 13
1725384814939 127.80523402555569 14
1725384814972 125.2844461212566 15
1725384815002 122.81370826630551 16
1725384815028 120.39216376513207 17
1725384815051 118.01861795055044 18
1725384815076 115.69259111054434 19
1725384815107 113.41238822205757 20
1725384815132 111.17759893740548 21
1725384815163 108.98644343001295 22
1725384815197 106.83967874454963 23
1725384815237 104.73514282692385 24
1725384815264 102.67230654173292 25
1725384815297 100.6505699462118 26
1725384815330 98.66854739573216 27
1725384815364 96.72634858507361 28
1725384815403 94.8225753574529 29
1725384815436 92.9566043251547 30
1725384815465 91.12769765161042 31
1725384815496 89.33454926559062 32
1725384815546 87.57726475769486 33
1725384815574 85.85512568538371 34
1725384815599 84.1667736763371 35
1725384815624 82.5115831706285 36
1725384815656 80.88943321663069 37
1725384815689 79.29968112974633 38
1725384815723 77.74169942883385 39
1725384815750 76.21387693373885 40
1725384815781 74.71681102252393 41
1725384815812 73.24868466611464 42
1725384815842 71.81004895769057 43
1725384815873 70.40030857467109 44
1725384815906 69.0180015112662 45
1725384815933 67.66321947471991 46
1725384815957 66.33562211616702 47
1725384815984 65.03428155340647 48
1725384816013 63.75800334500429 49
1725384816040 62.507449565135836 50
1725384816068 61.28129082509692 51
1725384816094 60.0792954735969 52
1725384816119 58.90190054510658 53
1725384816151 57.74735739817039 54
1725384816181 56.61589680991025 55
1725384816210 55.507070442050384 56
1725384816246 54.419800423831774 57
1725384816312 53.35359128547729 58
1725384816335 52.30827337232448 59
1725384816362 51.284512532023335 60
1725384816389 50.28073938867662 61
1725384816411 49.29728784804618 62
1725384816437 48.33313646120576 63
1725384816463 47.386496664451506 64
1725384816498 46.46002003070814 65
1725384816528 45.551672885275025 66
1725384816555 44.66140980666604 67
1725384816586 43.78894881100606 68
1725384816615 42.93331400472437 69
1725384816645 42.09423721422112 70
1725384816677 41.27216001390993 71
1725384816705 40.46640881188646 72
1725384816735 39.67621051697644 73
1725384816775 38.901997396313334 74
1725384816803 38.14263166133635 75
1725384816835 37.39877638413499 76
1725384816868 36.66912848456992 77
1725384816891 35.95440655581743 78
1725384816923 35.25347433266091 79
1725384816952 34.5662098448179 80
1725384816980 33.89271524792266 81
1725384817011 33.232694587316814 82
1725384817042 32.58562279388995 83
1725384817066 31.950943018361883 84
1725384817089 31.329032317693827 85
1725384817111 30.71985520263205 86
1725384817137 30.1222527198923 87
1725384817162 29.535941581237378 88
1725384817187 28.961858397069157 89
1725384817213 28.39910508701606 90
1725384817238 27.847766815481073 91
1725384817262 27.306150285390625 92
1725384817290 26.77595060113219 93
1725384817320 26.25635682971146 94
1725384817352 25.7467453373492 95
1725384817379 25.24724028042616 96
1725384817405 24.757389266435222 97
1725384817431 24.277668571353946 98
1725384817465 23.80674110301266 99
1725384817489 23.345228038381446 100
1725384817519 22.893212982164542 101
1725384817555 22.449875464164634 102
1725384817584 22.015381598011995 103
1725384817613 21.58940937693953 104
1725384817638 21.171561244072326 105
1725384817676 20.76241266975243 106
1725384817707 20.360930750085735 107
1725384817740 19.967457337858747 108
1725384817769 19.58141014655904 109
1725384817798 19.20381855219815 110
1725384817830 18.8329713246047 111
1725384817856 18.469172498488252 112
1725384817886 18.113402573317973 113
1725384817912 17.764056754643573 114
1725384817946 17.421185151742495 115
1725384817981 17.085549935957374 116
1725384818007 16.756773192127785 117
1725384818040 16.43401086240006 118
1725384818067 16.11801942821551 119
1725384818100 15.807982600324497 120
1725384818135 15.503983608439144 121
1725384818160 15.205739040326122 122
1725384818187 14.913743668292017 123
1725384818217 14.627309388448866 124
1725384818250 14.346686614548098 125
1725384818283 14.0713036240111 126
1725384818316 13.801432598576948 127
1725384818345 13.53683536703929 128
1725384818419 13.277656501513475 129
1725384818439 13.023230035117074 130
1725384818466 12.774025563016071 131
1725384818493 12.529680180498564 132
1725384818521 12.289944524727396 133
1725384818553 12.055438705613163 134
1725384818581 11.824770847959217 135
1725384818615 11.599215144842995 136
1725384818640 11.37784909313923 137
1725384818674 11.160802893737475 138
1725384818713 10.94814839967805 139
1725384818739 10.739542004892145 140
1725384818773 10.534978703336266 141
1725384818805 10.334279326551378 142
1725384818830 10.137817550935413 143
1725384818858 9.945185572042503 144
1725384818882 9.756377652208329 145
1725384818905 9.571253042616178 146
1725384818932 9.38907340023635 147
1725384818964 9.211362520461922 148
1725384819003 9.036989461813096 149
1725384819041 8.865612586486622 150
1725384819073 8.698192305909638 151
1725384819103 8.533291928024848 152
1725384819132 8.37178597322095 153
1725384819156 8.213992053468834 154
1725384819190 8.058880157027541 155
1725384819220 7.906897942249291 156
1725384819249 7.757480925060967 157
1725384819274 7.61152017230449 158
1725384819298 7.468425328271314 159
1725384819322 7.327907929780881 160
1725384819344 7.190163002371424 161
1725384819370 7.054866382482903 162
1725384819393 6.922555065508947 163
1725384819418 6.792856555461536 164
1725384819442 6.665597786460853 165
1725384819465 6.540733638027171 166
1725384819488 6.418146130082299 167
1725384819512 6.298303723506271 168
1725384819536 6.18070784984668 169
1725384819563 6.0654324287036765 170
1725384819585 5.952188348652805 171
1725384819612 5.84118031869202 172
1725384819649 5.7328112948139385 173
1725384819690 5.625942046513023 174
1725384819724 5.521318027165105 175
1725384819759 5.418782369423383 176
1725384819801 5.318099430681021 177
1725384819831 5.219536824891785 178
1725384819864 5.122809157014997 179
1725384819896 5.027841898777936 180
1725384819919 4.93502817923221 181
1725384819944 4.844099229652748 182
1725384819968 4.754145032853907 183
1725384819999 4.6669934909404445 184
1725384820023 4.580746199486158 185
1725384820051 4.496125992744978 186
1725384820084 4.413787299081347 187
1725384820126 4.3326693418905675 188
1725384820164 4.253293216257417 189
1725384820189 4.175466962771288 190
1725384820223 4.0988824273793965 191
1725384820245 4.023985417934931 192
1725384820265 3.950000819614958 193
1725384820288 3.878218008456722 194
1725384820310 3.8073773023770707 195
1725384820337 3.7379875397330604 196
1725384820362 3.6703863596665336 197
1725384820387 3.603850268404357 198
1725384820411 3.53798571482097 199
1725384820439 3.4740581573247002 200
1725384820472 3.4109463107435225 201
1725384820496 3.3496320849530274 202
1725384820518 3.2890481928299895 203
1725384820545 3.229599415563692 204
1725384820574 3.1719748046139844 205
1725384820598 3.114814344153982 206
1725384820623 3.058362639787286 207
1725384820653 3.0037768404046234 208
1725384820676 2.950186666648804 209
1725384820705 2.8975841687971133 210
1725384820729 2.845407944463414 211
1725384820752 2.7947691774535115 212
1725384820776 2.7453648343243158 213
1725384820799 2.6965157601679537 214
1725384820822 2.64838570545063 215
1725384820844 2.601278849086736 216
1725384820866 2.5557791759273085 217
1725384820890 2.510487675242792 218
1725384820913 2.4659013531620144 219
1725384820939 2.4228945307839336 220
1725384820964 2.3804852706974975 221
1725384820994 2.338226024016965 222
1725384821020 2.2976274037499516 223
1725384821046 2.2572221821536895 224
1725384821071 2.2179440264131154 225
1725384821096 2.179324190613754 226
1725384821124 2.1415889291786816 227
1725384821155 2.1044503681354194 228
1725384821190 2.0677461017632717 229
1725384821226 2.0321564277542175 230
1725384821256 1.996867465071404 231
1725384821290 1.9627393143471166 232
1725384821318 1.9289536539958514 233
1725384821344 1.8960711394876864 234
1725384821379 1.8634333174495712 235
1725384821404 1.8314658510016977 236
1725384821427 1.8002210169660986 237
1725384821452 1.7696586091954432 238
1725384821478 1.7398033531409358 239
1725384821499 1.7103838489910468 240
1725384821523 1.6813613271988268 241
1725384821555 1.6530802024057103 242
1725384821579 1.6251531855495198 243
1725384821599 1.5980002004369078 244
1725384821627 1.5714217343530545 245
1725384821656 1.5446390562897807 246
1725384821680 1.5191041005863792 247
1725384821708 1.4941097997691672 248
1725384821732 1.4691779320068343 249
1725384821754 1.4448707211873022 250
1725384821777 1.420877179514256 251
1725384821800 1.3978212556562697 252
1725384821823 1.37464029183115 253
1725384821854 1.3520407421677407 254
1725384821882 1.3303308891231314 255
1725384821908 1.308356720785685 256
1725384821938 1.2869123638906401 257
1725384821968 1.2659998038979072 258
1725384821997 1.2459746317152263 259
1725384822024 1.2255669669775646 260
1725384822049 1.2058509410040161 261
1725384822072 1.1863570235361085 262
1725384822106 1.1676082041545262 263
1725384822151 1.14864193025574 264
1725384822186 1.1304622885827793 265
1725384822212 1.1128218806311774 266
1725384822238 1.095088370082013 267
1725384822271 1.0773364531090612 268
1725384822302 1.0605703369691966 269
1725384822332 1.0444905627023593 270
1725384822365 1.027828383798277 271
1725384822402 1.0119126352023147 272
1725384822439 0.9966822704757254 273
1725384822469 0.9804339833787611 274
1725384822507 0.9653378505110211 275
1725384822536 0.9504944123190046 276
1725384822563 0.9362811440058563 277
1725384822589 0.9217727964910628 278
1725384822622 0.9082327126433889 279
1725384822657 0.8943823340687351 280
1725384822698 0.8804730993154081 281
1725384822727 0.8674447120033366 282
1725384822751 0.8543336100406728 283
1725384822779 0.8419642533001706 284
1725384822803 0.8293349566391083 285
1725384822828 0.8166763679692984 286
1725384822850 0.804997687373033 287
1725384822874 0.7929577000738625 288
1725384822898 0.7813684208395092 289
1725384822923 0.7705399331753253 290
1725384822950 0.7591192786538155 291
1725384822974 0.7476766125439854 292
1725384823012 0.7372291607229686 293
1725384823047 0.7266055988814432 294
1725384823072 0.7160590995167345 295
1725384823103 0.7061085005553208 296
1725384823136 0.6964807632231775 297
1725384823167 0.6863971794609606 298
1725384823193 0.6769669448078578 299
1725384823221 0.6669872467553687 300
1725384823246 0.6579927440703768 301
1725384823278 0.6488805853399319 302
1725384823315 0.6401630583305663 303
1725384823340 0.6314868817313521 304
1725384823369 0.6226750177429193 305
1725384823406 0.6142556994290626 306
1725384823436 0.606226087930916 307
1725384823465 0.5981047581390254 308
1725384823490 0.5898923005216247 309
1725384823516 0.5819916170025909 310
1725384823539 0.5746008792617309 311
1725384823560 0.566683585665757 312
1725384823582 0.5594595052790854 313
1725384823603 0.5523563033063025 314
1725384823629 0.5450360661007799 315
1725384823651 0.5383934366584566 316
1725384823676 0.5312567914748308 317
1725384823715 0.5241732587086528 318
1725384823746 0.5177767986767114 319
1725384823779 0.5114564987529352 320
1725384823812 0.504836076844968 321
1725384823840 0.4987696884963564 322
1725384823869 0.49275726033618383 323
1725384823894 0.4865147939546445 324
1725384823923 0.4806049948364359 325
1725384823952 0.47489304989406794 326
1725384823989 0.46887247910154056 327
1725384824020 0.4633282054358408 328
1725384824049 0.45779062796000464 329
1725384824081 0.4525460554104878 330
1725384824119 0.4471846009318008 331
1725384824152 0.442032858642265 332
1725384824182 0.4368468241913214 333
1725384824211 0.4320430494121241 334
1725384824240 0.42689892093803317 335
1725384824263 0.42215398651230546 336
1725384824289 0.41742902594775994 337
1725384824313 0.41257800088621877 338
1725384824339 0.4084550586135421 339
1725384824366 0.40329541209560577 340
1725384824390 0.39899148040543947 341
1725384824417 0.39476397797213836 342
1725384824440 0.39055625508133923 343
1725384824465 0.38596025715335236 344
1725384824491 0.38225745958182583 345
1725384824516 0.3781051653559336 346
1725384824545 0.3744995752248425 347
1725384824570 0.37037256182563677 348
1725384824600 0.3661794580801678 349
1725384824626 0.3628770435333392 350
1725384824656 0.358720141738176 351
1725384824688 0.35556661021625713 352
1725384824728 0.3519826518963178 353
1725384824753 0.34831225911132163 354
1725384824770 0.34510111887754014 355
1725384824799 0.3412448103169594 356
1725384824829 0.33790423613437764 357
1725384824859 0.3349644222268652 358
1725384824950 0.33193149471458017 359
1725384824989 0.32856888502943304 360
1725384825013 0.32576279907990696 361
1725384825036 0.32233072582993005 362
1725384825058 0.31951261106142453 363
1725384825081 0.3166211123368101 364
1725384825102 0.313586476682937 365
1725384825126 0.3109088709466892 366
1725384825151 0.30796542330681004 367
1725384825175 0.3055387818930278 368
1725384825201 0.3027619455616922 369
1725384825222 0.30041899072795825 370
1725384825243 0.297349223788646 371
1725384825264 0.2946398635081586 372
1725384825291 0.29247289628015793 373
1725384825315 0.29002500777633416 374
1725384825339 0.28786765274780557 375
1725384825363 0.2851688575433774 376
1725384825387 0.2829517218379957 377
1725384825409 0.2804132538962212 378
1725384825445 0.27828987630028745 379
1725384825474 0.2762803591840175 380
1725384825505 0.27427185265049997 381
1725384825532 0.27178517331586816 382
1725384825563 0.2695811266160447 383
1725384825640 0.2679485445002866 384
1725384825684 0.26578680371742625 385
1725384825707 0.26378328921002236 386
1725384825737 0.2615580962995965 387
1725384825768 0.2597278732543176 388
1725384825796 0.2581092270000673 389
1725384825831 0.25619924895172214 390
1725384825862 0.2544961849815825 391
1725384825889 0.25203358494985256 392
1725384825928 0.25049032582763825 393
1725384825958 0.24899901732499458 394
1725384825986 0.24724037766709003 395
1725384826016 0.24582321729192086 396
1725384826048 0.24429347555987635 397
1725384826072 0.2423059413797215 398
1725384826094 0.24069527091513232 399
1725384826118 0.2391080218665023 400
1725384826144 0.23771298397651228 401
1725384826173 0.2366024569476652 402
1725384826203 0.23441339386403787 403
1725384826230 0.23310594059588782 404
1725384826262 0.2321429261275144 405
1725384826296 0.23063009040383792 406
1725384826320 0.22898893221606256 407
1725384826348 0.2272363904421795 408
1725384826380 0.2257234735699761 409
1725384826402 0.22487240378406428 410
1725384826432 0.22324281013612343 411
1725384826462 0.22228668375302238 412
1725384826488 0.2210021644679675 413
1725384826514 0.21938841529059108 414
1725384826544 0.21826737629943688 415
1725384826570 0.2171087576928512 416
1725384826595 0.21633940982368166 417
1725384826619 0.21485788305248385 418
1725384826645 0.21371798923264135 419
1725384826672 0.2127401282908465 420
1725384826696 0.2113467245940956 421
1725384826722 0.21055136500754096 422
1725384826752 0.20957818586487814 423
1725384826780 0.20826504278709643 424
1725384826806 0.20726596211150305 425
1725384826836 0.20666950319724375 426
1725384826867 0.20556007145253527 427
1725384826906 0.20398156510576299 428
1725384826939 0.20349360126686852 429
1725384826972 0.20248206871802255 430
1725384826998 0.20169007805407768 431
1725384827028 0.20061047131080426 432
1725384827054 0.199824753362579 433
1725384827083 0.19912412415889724 434
1725384827111 0.19792017784793384 435
1725384827140 0.19694355354485937 436
1725384827166 0.19610932729062572 437
1725384827189 0.19558639554045493 438
1725384827215 0.19503355753817275 439
1725384827239 0.19365743622685716 440
1725384827269 0.1933549735781225 441
1725384827295 0.1922486874134064 442
1725384827318 0.19130672521143274 443
1725384827345 0.19094983955805944 444
1725384827370 0.19004861096059458 445
1725384827394 0.18924754496439425 446
1725384827418 0.18879039881828913 447
1725384827444 0.18803086612483047 448
1725384827464 0.18702947176912474 449
1725384827490 0.1866671456732558 450
1725384827518 0.1862397331020861 451
1725384827546 0.1849232100393757 452
1725384827570 0.18449998870404383 453
1725384827600 0.18428781266471456 454
1725384827629 0.18349409968129532 455
1725384827657 0.18252005130194632 456
1725384827685 0.18200003787008392 457
1725384827709 0.18126005894905658 458
1725384827732 0.18074625001195718 459
1725384827766 0.18024576257128874 460
1725384827791 0.1790098920860528 461
1725384827819 0.17890494951455635 462
1725384827853 0.17823415567692708 463
1725384827885 0.17741466404190415 464
1725384827912 0.17741168892392442 465
1725384827940 0.1766145009935055 466
1725384827964 0.17590082858013484 467
1725384827990 0.17550927093309912 468
1725384828019 0.17550426081225703 469
1725384828050 0.17451010272201084 470
1725384828079 0.17378977358965197 471
1725384828102 0.17365728515401557 472
1725384828126 0.1730293736700433 473
1725384828150 0.1728560151399563 474
1725384828173 0.17278726875231004 475
1725384828208 0.17203689009133816 476
1725384828242 0.17097531943174396 477
1725384828274 0.1709673016211553 478
1725384828306 0.17074670687101975 479
1725384828339 0.17044386387961383 480
1725384828374 0.16989855477053628 481
1725384828407 0.16940015989015428 482
1725384828443 0.16906158518147393 483
1725384828472 0.16853679659731158 484
1725384828498 0.16813423962469692 485
1725384828529 0.1676943078250578 486
1725384828556 0.16744149313361167 487
1725384828596 0.1672508620766574 488
1725384828627 0.16659583477675133 489
1725384828656 0.16650110032718243 490
1725384828688 0.1658822535351889 491
1725384828731 0.1653906771314299 492
1725384828767 0.16509430795432095 493
1725384828799 0.16519766051311058 494
1725384828831 0.16438065293130605 495
1725384828860 0.1645160014066329 496
1725384828890 0.16397936055956142 497
1725384828916 0.1631427271170166 498
1725384828949 0.16336036481478622 499
