1725392531502 173.50975860725538 0
1725392531524 173.16077777632654 1
1725392531541 172.81257079560334 2
1725392531558 172.46513587070527 3
1725392531574 172.1184712115367 4
1725392531599 171.77257503227645 5
1725392531616 171.4274455513672 6
1725392531633 171.08308099150528 7
1725392531648 170.73947957963003 8
1725392531669 170.3966395469137 9
1725392531686 170.05455912875075 10
1725392531705 169.71323656474797 11
1725392531726 169.37267009871385 12
1725392531755 169.03285797864842 13
1725392531784 168.69379845673302 14
1725392531809 168.3554897893201 15
1725392531840 168.01793023692295 16
1725392531864 167.68111806420566 17
1725392531892 167.3450515399729 18
1725392531916 167.0097289371598 19
1725392531943 166.67514853282185 20
1725392531969 166.34130860812496 21
1725392531999 166.00820744833527 22
1725392532022 165.67584334280915 23
1725392532048 165.3442145849834 24
1725392532073 165.01331947236508 25
1725392532093 164.6831563065216 26
1725392532113 164.35372339307088 27
1725392532139 164.02501904167147 28
1725392532168 163.69704156601262 29
1725392532191 163.36978928380444 30
1725392532205 163.04326051676816 31
1725392532218 162.7174535906263 32
1725392532230 162.39236683509287 33
1725392532242 162.0679985838637 34
1725392532254 161.74434717460665 35
1725392532267 161.42141094895197 36
1725392532278 161.09918825248266 37
1725392532290 160.7776774347247 38
1725392532302 160.45687684913764 39
1725392532314 160.13678485310473 40
1725392532333 159.81739980792364 41
1725392532358 159.49872007879665 42
1725392532381 159.1807440348213 43
1725392532408 158.8634700489809 44
1725392532429 158.54689649813497 45
1725392532456 158.2310217630097 46
1725392532483 157.9158442281888 47
1725392532509 157.60136228210376 48
1725392532535 157.28757431702482 49
1725392532553 156.9744787290513 50
1725392532576 156.6620739181024 51
1725392532592 156.350358287908 52
1725392532608 156.0393302459991 53
1725392532624 155.72898820369883 54
1725392532641 155.41933057611303 55
1725392532657 155.11035578212108 56
1725392532674 154.80206224436674 57
1725392532690 154.49444838924902 58
1725392532707 154.18751264691284 59
1725392532724 153.8812534512401 60
1725392532741 153.57566923984052 61
1725392532756 153.27075845404246 62
1725392532772 152.966519538884 63
1725392532789 152.66295094310388 64
1725392532805 152.36005111913238 65
1725392532820 152.0578185230824 66
1725392532855 151.75625161474056 67
1725392532932 151.45534885755816 68
1725392532958 151.1551087186423 69
1725392532983 150.85552966874687 70
1725392533008 150.55661018226385 71
1725392533025 150.25834873721433 72
1725392533056 149.96074381523974 73
1725392533079 149.663793901593 74
1725392533099 149.36749748512972 75
1725392533117 149.07185305829944 76
1725392533132 148.77685911713684 77
1725392533149 148.48251416125316 78
1725392533163 148.1888166938274 79
1725392533177 147.8957652215975 80
1725392533191 147.6033582548519 81
1725392533211 147.31159430742093 82
1725392533232 147.02047189666789 83
1725392533246 146.7299895434807 84
1725392533261 146.44014577226338 85
1725392533276 146.15093911092717 86
1725392533292 145.86236809088243 87
1725392533308 145.57443124702976 88
1725392533324 145.2871271177517 89
1725392533351 145.00045424490438 90
1725392533374 144.71441117380863 91
1725392533404 144.42899645324204 92
1725392533427 144.14420863543032 93
1725392533452 143.8600462760389 94
1725392533466 143.5765079341647 95
1725392533481 143.2935921723276 96
1725392533496 143.01129755646232 97
1725392533509 142.72962265591002 98
1725392533523 142.44856604340987 99
1725392533537 142.16812629509107 100
1725392533553 141.88830199046456 101
1725392533567 141.6090917124145 102
1725392533586 141.33049404719054 103
1725392533610 141.0525075843992 104
1725392533630 140.77513091699598 105
1725392533652 140.4983626412771 106
1725392533675 140.22220135687164 107
1725392533693 139.94664566673296 108
1725392533710 139.671694177131 109
1725392533727 139.39734549764424 110
1725392533742 139.1235982411514 111
1725392533757 138.85045102382364 112
1725392533769 138.57790246511638 113
1725392533781 138.3059511877616 114
1725392533794 138.03459581775962 115
1725392533805 137.76383498437127 116
1725392533817 137.49366732011003 117
1725392533838 137.22409146073397 118
1725392533858 136.95510604523795 119
1725392533878 136.68670971584595 120
1725392533895 136.41890111800282 121
1725392533918 136.1516789003669 122
1725392533930 135.88504171480193 123
1725392533941 135.6189882163693 124
1725392533954 135.35351706332048 125
1725392533971 135.08862691708904 126
1725392533987 134.82431644228308 127
1725392534012 134.56058430667738 128
1725392534036 134.29742918120598 129
1725392534054 134.0348497399542 130
1725392534073 133.77284466015118 131
1725392534091 133.51141262216228 132
1725392534115 133.25055230948126 133
1725392534134 132.990262408723 134
1725392534156 132.73054160961556 135
1725392534175 132.47138860499305 136
1725392534200 132.21280209078762 137
1725392534217 131.9547807660225 138
1725392534232 131.69732333280396 139
1725392534247 131.44042849631415 140
1725392534262 131.18409496480362 141
1725392534283 130.92832144958373 142
1725392534299 130.67310666501942 143
1725392534314 130.41844932852158 144
1725392534338 130.16434816054 145
1725392534362 129.91080188455555 146
1725392534388 129.65780922707322 147
1725392534415 129.40536891761468 148
1725392534435 129.15347968871086 149
1725392534455 128.90214027589474 150
1725392534494 128.6513494176941 151
1725392534524 128.40110585562414 152
1725392534554 128.15140833418042 153
1725392534583 127.90225560083152 154
1725392534610 127.6536464060118 155
1725392534636 127.40557950311438 156
1725392534663 127.1580536484838 157
1725392534689 126.91106760140889 158
1725392534717 126.66462012411574 159
1725392534746 126.41870998176047 160
1725392534773 126.17333594242228 161
1725392534798 125.92849677709621 162
1725392534830 125.68419125968613 163
1725392534856 125.44041816699774 164
1725392534882 125.19717627873145 165
1725392534903 124.95446437747553 166
1725392534936 124.71228124869891 167
1725392534958 124.47062568074443 168
1725392534984 124.22949646482162 169
1725392535011 123.98889239499997 170
1725392535037 123.74881226820197 171
1725392535063 123.50925488419612 172
1725392535096 123.27021904559011 173
1725392535125 123.03170355782387 174
1725392535157 122.79370722916283 175
1725392535188 122.55622887069102 176
1725392535214 122.31926729630423 177
1725392535240 122.08282132270323 178
1725392535269 121.84688976938695 179
1725392535292 121.61147145864575 180
1725392535321 121.37656521555466 181
1725392535350 121.14216986796669 182
1725392535377 120.90828424650586 183
1725392535403 120.67490718456095 184
1725392535430 120.44203751827825 185
1725392535457 120.20967408655542 186
1725392535483 119.97781573103454 187
1725392535502 119.74646129609548 188
1725392535529 119.51560962884936 189
1725392535556 119.28525957913186 190
1725392535583 119.0554099994968 191
1725392535611 118.82605974520932 192
1725392535641 118.59720767423957 193
1725392535668 118.36885264725595 194
1725392535693 118.1409935276188 195
1725392535718 117.91362918137368 196
1725392535744 117.68675847724495 197
1725392535768 117.46038028662944 198
1725392535796 117.23449348358977 199
1725392535824 117.00909694484808 200
1725392535853 116.78418954977943 201
1725392535880 116.55977018040561 202
1725392535907 116.33583772138849 203
1725392535938 116.1123910600238 204
1725392535965 115.88942908623483 205
1725392535991 115.66695069256583 206
1725392536022 115.44495477417595 207
1725392536045 115.22344022883269 208
1725392536075 115.00240595690583 209
1725392536107 114.7818508613609 210
1725392536137 114.56177384775309 211
1725392536166 114.3421738242209 212
1725392536196 114.12304970147994 213
1725392536227 113.90440039281675 214
1725392536251 113.68622481408246 215
1725392536280 113.46852188368672 216
1725392536312 113.25129052259138 217
1725392536336 113.03452965430455 218
1725392536363 112.81823820487423 219
1725392536393 112.60241510288229 220
1725392536423 112.3870592794383 221
1725392536451 112.17216966817351 222
1725392536475 111.95774520523466 223
1725392536502 111.74378482927794 224
1725392536529 111.53028748146299 225
1725392536555 111.31725210544676 226
1725392536582 111.10467764737754 227
1725392536610 110.89256305588896 228
1725392536641 110.68090728209397 229
1725392536668 110.46970927957881 230
1725392536693 110.25896800439716 231
1725392536716 110.048682415064 232
1725392536737 109.83885147254985 233
1725392536761 109.62947414027478 234
1725392536790 109.4205493841025 235
1725392536812 109.2120761723344 236
1725392536837 109.0040534757038 237
1725392536865 108.7964802673699 238
1725392536892 108.58935552291216 239
1725392536919 108.38267822032425 240
1725392536953 108.17644734000841 241
1725392536983 107.97066186476941 242
1725392537013 107.765320779809 243
1725392537045 107.56042307271994 244
1725392537076 107.35596773348041 245
1725392537105 107.15195375444804 246
1725392537135 106.94838013035441 247
1725392537163 106.74524585829907 248
1725392537187 106.5425499377441 249
1725392537209 106.34029137050823 250
1725392537239 106.13846916076113 251
1725392537269 105.93708231501795 252
1725392537300 105.73612984213351 253
1725392537331 105.5356107532966 254
1725392537358 105.33552406202448 255
1725392537385 105.13586878415725 256
1725392537413 104.93664393785227 257
1725392537441 104.73784854357844 258
1725392537468 104.5394816241108 259
1725392537490 104.34154220452483 260
1725392537517 104.144029312191 261
1725392537545 103.94694197676924 262
1725392537573 103.75027923020335 263
1725392537600 103.55404010671562 264
1725392537627 103.35822364280112 265
1725392537653 103.16282887722252 266
1725392537679 102.96785485100442 267
1725392537705 102.77330060742787 268
1725392537747 102.57916519202516 269
1725392537786 102.38544765257414 270
1725392537818 102.19214703909306 271
1725392537850 101.99926240383489 272
1725392537881 101.80679280128223 273
1725392537910 101.6147372881417 274
1725392537947 101.42309492333874 275
1725392537984 101.23186476801222 276
1725392538015 101.04104588550905 277
1725392538046 100.85063734137897 278
1725392538075 100.66063820336919 279
1725392538105 100.47104754141905 280
1725392538135 100.2818644276549 281
1725392538166 100.0930879363846 282
1725392538195 99.90471714409256 283
1725392538222 99.71675112943419 284
1725392538248 99.52918897323093 285
1725392538275 99.34202975846485 286
1725392538305 99.15527257027361 287
1725392538330 98.96891649594518 288
1725392538357 98.78296062491263 289
1725392538383 98.59740404874907 290
1725392538406 98.41224586116246 291
1725392538435 98.22748515799044 292
1725392538465 98.04312103719519 293
1725392538497 97.8591525988585 294
1725392538529 97.67557894517634 295
1725392538560 97.4923991804541 296
1725392538587 97.30961241110136 297
1725392538620 97.12721774562678 298
1725392538647 96.94521429463322 299
1725392538675 96.76360117081254 300
1725392538701 96.58237748894062 301
1725392538731 96.40154236587247 302
1725392538760 96.22109492053701 303
1725392538786 96.04103427393228 304
1725392538815 95.86135954912035 305
1725392538845 95.68206987122241 306
1725392538876 95.50316436741379 307
1725392538902 95.32464216691905 308
1725392538929 95.14650240100706 309
1725392538966 94.96874420298599 310
1725392538993 94.79136670819855 311
1725392539023 94.61436905401702 312
1725392539052 94.43775037983839 313
1725392539079 94.26150982707944 314
1725392539105 94.08564653917195 315
1725392539131 93.91015966155791 316
1725392539159 93.73504834168453 317
1725392539189 93.56031172899957 318
1725392539220 93.38594897494646 319
1725392539250 93.2119592329595 320
1725392539282 93.03834165845913 321
1725392539310 92.86509540884711 322
1725392539341 92.69221964350174 323
1725392539364 92.51971352377322 324
1725392539394 92.34757621297878 325
1725392539419 92.17580687639806 326
1725392539449 92.00440468126828 327
1725392539477 91.83336879677975 328
1725392539504 91.66269839407089 329
1725392539531 91.49239264622378 330
1725392539558 91.32245072825937 331
1725392539589 91.15287181713293 332
1725392539614 90.9836550917293 333
1725392539644 90.81479973285829 334
1725392539669 90.64630492325013 335
1725392539696 90.47816984755076 336
1725392539721 90.31039369231722 337
1725392539746 90.14297564601317 338
1725392539775 89.97591489900431 339
1725392539799 89.80921064355361 340
1725392539823 89.64286207381706 341
1725392539850 89.47686838583883 342
1725392539876 89.31122877754702 343
1725392539903 89.1459424487489 344
1725392539929 88.98100860112653 345
1725392539966 88.81642643823221 346
1725392539995 88.65219516548409 347
1725392540021 88.4883139901615 348
1725392540048 88.3247821214007 349
1725392540079 88.16159877019027 350
1725392540107 87.99876314936677 351
1725392540133 87.83627447361019 352
1725392540162 87.6741319594396 353
1725392540188 87.51233482520887 354
1725392540212 87.35088229110195 355
1725392540242 87.18977357912874 356
1725392540272 87.02900791312068 357
1725392540294 86.86858451872628 358
1725392540316 86.70850262340682 359
1725392540337 86.54876145643203 360
1725392540364 86.38936024887573 361
1725392540392 86.23029823361146 362
1725392540421 86.07157464530825 363
1725392540448 85.91318872042622 364
1725392540474 85.75513969721233 365
1725392540504 85.59742681569622 366
1725392540534 85.44004931768565 367
1725392540566 85.28300644676256 368
1725392540596 85.1262974482785 369
1725392540626 84.9699215693507 370
1725392540649 84.81387805885765 371
1725392540679 84.65816616743484 372
1725392540711 84.50278514747073 373
1725392540741 84.3477342531024 374
1725392540772 84.1930127402114 375
1725392540800 84.0386198664196 376
1725392540834 83.88455489108493 377
1725392540865 83.73081707529745 378
1725392540896 83.57740568187484 379
1725392540926 83.42431997535859 380
1725392540953 83.27155922200967 381
1725392540992 83.11912268980456 382
1725392541017 82.96700964843095 383
1725392541044 82.81521936928381 384
1725392541067 82.66375112546127 385
1725392541097 82.51260419176049 386
1725392541128 82.36177784467358 387
1725392541158 82.21127136238363 388
1725392541179 82.06108402476056 389
1725392541209 81.91121511335716 390
1725392541241 81.76166391140501 391
1725392541272 81.61242970381049 392
1725392541296 81.46351177715076 393
1725392541326 81.3149094196697 394
1725392541357 81.16662192127406 395
1725392541387 81.01864857352933 396
1725392541416 80.8709886696559 397
1725392541443 80.72364150452499 398
1725392541468 80.57660637465474 399
1725392541491 80.42988257820627 400
1725392541518 80.28346941497983 401
1725392541545 80.13736618641066 402
1725392541572 79.99157219556534 403
1725392541604 79.84608674713763 404
1725392541631 79.70090914744485 405
1725392541657 79.55603870442373 406
1725392541684 79.41147472762673 407
1725392541707 79.2672165282181 408
1725392541733 79.12326341896996 409
1725392541755 78.9796147142586 410
1725392541784 78.83626973006051 411
1725392541814 78.6932277839486 412
1725392541840 78.5504881950884 413
1725392541865 78.40805028423429 414
1725392541893 78.2659133737255 415
1725392541919 78.1240767874826 416
1725392541950 77.98253985100355 417
1725392541985 77.84130189135995 418
1725392542011 77.70036223719323 419
1725392542046 77.55972021871106 420
1725392542072 77.41937516768346 421
1725392542094 77.27932641743905 422
1725392542121 77.13957330286145 423
1725392542150 77.00011516038543 424
1725392542177 76.86095132799332 425
1725392542206 76.72208114521119 426
1725392542233 76.58350395310528 427
1725392542263 76.44521909427819 428
1725392542288 76.30722591286533 429
1725392542314 76.16952375453123 430
1725392542345 76.0321119664658 431
1725392542372 75.89498989738075 432
1725392542399 75.75815689750601 433
1725392542426 75.62161231858597 434
1725392542453 75.48535551387594 435
1725392542480 75.34938583813859 436
1725392542504 75.21370264764019 437
1725392542529 75.07830530014719 438
1725392542553 74.9431931549226 439
1725392542583 74.80836557272228 440
1725392542615 74.6738219157915 441
1725392542634 74.53956154786142 442
1725392542649 74.40558383414538 443
1725392542665 74.27188814133548 444
1725392542682 74.13847383759912 445
1725392542698 74.00534029257526 446
1725392542714 73.87248687737105 447
1725392542729 73.73991296455833 448
1725392542746 73.60761792817007 449
1725392542761 73.47560114369698 450
1725392542776 73.34386198808384 451
1725392542795 73.21239983972629 452
1725392542812 73.08121407846711 453
1725392542828 72.95030408559295 454
1725392542844 72.81966924383075 455
1725392542859 72.68930893734445 456
1725392542883 72.55922255173148 457
1725392542905 72.42940947401917 458
1725392542932 72.2998690926617 459
1725392542956 72.17060079753642 460
1725392542975 72.04160397994049 461
1725392543004 71.9128780325876 462
1725392543023 71.78442234960444 463
1725392543039 71.65623632652749 464
1725392543059 71.52831936029956 465
1725392543078 71.40067084926642 466
1725392543101 71.27329019317347 467
1725392543122 71.14617679316244 468
1725392543151 71.01933005176804 469
1725392543170 70.89274937291461 470
1725392543189 70.76643416191281 471
1725392543209 70.64038382545642 472
1725392543233 70.51459777161882 473
1725392543248 70.38907540984987 474
1725392543264 70.26381615097262 475
1725392543281 70.13881940717998 476
1725392543297 70.01408459203145 477
1725392543313 69.8896111204499 478
1725392543330 69.76539840871831 479
1725392543347 69.64144587447653 480
1725392543364 69.51775293671798 481
1725392543381 69.39431901578652 482
1725392543397 69.27114353337322 483
1725392543413 69.14822591251304 484
1725392543429 69.02556557758177 485
1725392543445 68.90316195429271 486
1725392543458 68.78101446969353 487
1725392543469 68.65912255216317 488
1725392543485 68.53748563140854 489
1725392543507 68.41610313846144 490
1725392543524 68.2949745056753 491
1725392543541 68.17409916672217 492
1725392543563 68.05347655658952 493
1725392543589 67.93310611157702 494
1725392543610 67.81298726929356 495
1725392543628 67.69311946865402 496
1725392543652 67.57350214987623 497
1725392543673 67.45413475447774 498
1725392543695 67.33501672527294 499
