1725360517326 29.5749117372161 0
1725360517348 5.141170510362079 1
1725360517371 1.0813232383022011 2
1725360517391 0.3755244132156579 3
1725360517416 0.19170169216650834 4
1725360517439 0.10502116028124951 5
1725360517459 0.12842446918303993 6
1725360517476 0.13828596204576565 7
1725360517493 0.1333177271782786 8
1725360517512 0.12846059447074326 9
1725360517522 0.09588648241523322 10
1725360517532 0.134662453445975 11
1725360517542 0.10076352367298162 12
1725360517552 0.15161478006075726 13
1725360517564 0.13512989944438478 14
1725360517576 0.10677074103188437 15
1725360517589 0.13627050989758308 16
1725360517602 0.16611073584636607 17
1725360517612 0.13503649050069474 18
1725360517623 0.1820975887295191 19
1725360517646 0.1162741121305486 20
1725360517672 0.12639672576997865 21
1725360517696 0.12587336679599923 22
1725360517721 0.17170508546873758 23
1725360517740 0.1712066714517047 24
1725360517761 0.08480191321696466 25
1725360517776 0.14119456934255992 26
1725360517801 0.11189493364023523 27
1725360517828 0.20291440510753714 28
1725360517850 0.12287568532257931 29
1725360517869 0.15164217557810772 30
1725360517886 0.16011340307113991 31
1725360517920 0.14181911938022965 32
1725360517947 0.06430737739802385 33
1725360517979 0.16054065482444163 34
1725360518002 0.16832538234215438 35
1725360518023 0.11520533708463762 36
1725360518045 0.16643976913885575 37
1725360518077 0.12501532072211152 38
1725360518104 0.0974518376725472 39
1725360518125 0.11443101854937499 40
1725360518148 0.14692657869015566 41
1725360518170 0.11814826839299127 42
1725360518192 0.20384621404079378 43
1725360518215 0.11153721124959226 44
1725360518234 0.1952624412049214 45
1725360518257 0.15175588700876136 46
1725360518280 0.17242440929663883 47
1725360518303 0.1299556946050592 48
1725360518325 0.14799755830976508 49
1725360518348 0.19581399928865278 50
1725360518371 0.1498234675384205 51
1725360518397 0.11158939575050682 52
1725360518423 0.18127190166874926 53
1725360518448 0.11015155346917906 54
1725360518471 0.12490244824358558 55
1725360518495 0.14619818582639715 56
1725360518520 0.1556488841195817 57
1725360518573 0.15753795492539344 58
1725360518603 0.10765609282956395 59
1725360518626 0.11095589991845298 60
1725360518649 0.14753601166273275 61
1725360518673 0.12836256297316923 62
1725360518695 0.12556916388120665 63
1725360518718 0.14776378002457938 64
1725360518740 0.14434908502930907 65
1725360518763 0.14571798631350005 66
1725360518789 0.0981891500975065 67
1725360518814 0.13892992100818885 68
1725360518838 0.14043178584437313 69
1725360518862 0.14847375326635334 70
1725360518884 0.15084521973669923 71
1725360518908 0.10256002062359452 72
1725360518931 0.11492577002098642 73
1725360518953 0.15235694434926253 74
1725360518976 0.13985230324097692 75
1725360519001 0.14546354775219714 76
1725360519027 0.14142646949905113 77
1725360519050 0.17380381387702687 78
1725360519087 0.1299649143886966 79
1725360519111 0.20199642405397486 80
1725360519132 0.15119257463768906 81
1725360519154 0.12393069656494331 82
1725360519179 0.1665030458701203 83
1725360519204 0.11766834895797638 84
1725360519228 0.11307021558599104 85
1725360519251 0.12458439672541895 86
1725360519279 0.1421411406523965 87
1725360519303 0.17862585261575745 88
1725360519329 0.15466611880058725 89
1725360519353 0.1771116368528572 90
1725360519375 0.1183850156502172 91
1725360519398 0.09460867301666524 92
1725360519424 0.16376910702763825 93
1725360519445 0.1418187759339582 94
1725360519466 0.13539984018326473 95
1725360519490 0.10176398288104939 96
1725360519515 0.19201566916691643 97
1725360519539 0.12220161577160932 98
1725360519561 0.14597420240875367 99
1725360519583 0.13734775635157176 100
1725360519607 0.17110940612157857 101
1725360519631 0.24991851413668825 102
1725360519655 0.12915524908991574 103
1725360519680 0.15969868661032413 104
1725360519703 0.12619892048092704 105
1725360519730 0.12800935542435815 106
1725360519753 0.18970736039791763 107
1725360519779 0.20415204322710032 108
1725360519801 0.08864914658310434 109
1725360519821 0.21333603827427736 110
1725360519844 0.1865606893297939 111
1725360519875 0.10587813136195544 112
1725360519898 0.11712772302726492 113
1725360519917 0.12761802835745292 114
1725360519936 0.11705864431668618 115
1725360519961 0.12390612650459598 116
1725360519989 0.09437873800716841 117
1725360520011 0.1169169712804706 118
1725360520040 0.12333470956062005 119
1725360520061 0.15945075972064757 120
1725360520090 0.18283368879907327 121
1725360520111 0.1129808576189479 122
1725360520133 0.11735174543273529 123
1725360520155 0.1594910690581186 124
1725360520178 0.13863011726311 125
1725360520201 0.1465812123447416 126
1725360520223 0.10979861284350723 127
1725360520246 0.1560552432538927 128
1725360520268 0.14963773740947617 129
1725360520290 0.10094708115019714 130
1725360520314 0.1119339672174415 131
1725360520338 0.14107581678898376 132
1725360520365 0.1426082717057313 133
1725360520388 0.16491506100624206 134
1725360520417 0.1040873839572257 135
1725360520444 0.21576204446977756 136
1725360520474 0.10585952830637904 137
1725360520498 0.08863463401250371 138
1725360520523 0.15913913686288242 139
1725360520544 0.10802113485720845 140
1725360520564 0.14403933029075636 141
1725360520585 0.1773347281909412 142
1725360520613 0.11561484569879286 143
1725360520635 0.14267906372199982 144
1725360520664 0.1113578376827698 145
1725360520687 0.12345666587856613 146
1725360520710 0.1097975723935806 147
1725360520739 0.12731392939824168 148
1725360520762 0.19534619788176422 149
1725360520785 0.12466224450258999 150
1725360520812 0.09693596500725368 151
1725360520837 0.11334901511068596 152
1725360520862 0.16246188088776856 153
1725360520891 0.12051172071569081 154
1725360520913 0.19124055764067477 155
1725360520935 0.1535907258893941 156
1725360520958 0.13375609911794048 157
1725360520980 0.11340833339190738 158
1725360521004 0.10504292042061855 159
1725360521027 0.12281500243995173 160
1725360521048 0.10217762588563027 161
1725360521093 0.13045345347223586 162
1725360521118 0.14815126248857843 163
1725360521142 0.16845071140604653 164
1725360521164 0.1430123793014859 165
1725360521190 0.11940387018056632 166
1725360521212 0.11589001402343094 167
1725360521235 0.10785530300917974 168
1725360521261 0.11651140891567414 169
1725360521289 0.1364985001964509 170
1725360521312 0.23101265812866725 171
1725360521334 0.15921385934865576 172
1725360521357 0.21018394879174504 173
1725360521378 0.1331001363027489 174
1725360521404 0.1113100188315371 175
1725360521427 0.12331513782700278 176
1725360521451 0.1437091538844992 177
1725360521474 0.22096232701635052 178
1725360521500 0.11655981132547567 179
1725360521522 0.25571981599320287 180
1725360521547 0.16730259429312627 181
1725360521571 0.08292965144847517 182
1725360521595 0.10326039783338611 183
1725360521616 0.1433805835563087 184
1725360521638 0.20335104546033395 185
1725360521661 0.12082681465421972 186
1725360521684 0.1952358849555217 187
1725360521710 0.11183785127656398 188
1725360521733 0.1775623809198215 189
1725360521757 0.14329388728179335 190
1725360521782 0.13466510387763847 191
1725360521802 0.08760182352612826 192
1725360521831 0.14765844071296408 193
1725360521856 0.17411935987726648 194
1725360521879 0.15855689704896964 195
1725360521901 0.11687763520101685 196
1725360521924 0.1625582040600044 197
1725360521945 0.08256046828853748 198
1725360521968 0.11419860107483665 199
1725360521990 0.13549770994268376 200
1725360522013 0.12816031261941702 201
1725360522040 0.1242473465683894 202
1725360522065 0.11812567511247249 203
1725360522089 0.15611190364664052 204
1725360522123 0.07077509106252933 205
1725360522146 0.20772091095066028 206
1725360522172 0.16433590522055977 207
1725360522194 0.08361590759800913 208
1725360522220 0.11698694856949017 209
1725360522241 0.08877971661828932 210
1725360522262 0.24162127807818945 211
1725360522284 0.1308323301652647 212
1725360522306 0.1715466238721654 213
1725360522334 0.09287617566519843 214
1725360522358 0.13004900298708966 215
1725360522378 0.16030375876021905 216
1725360522406 0.10228496580019092 217
1725360522439 0.08362594012985354 218
1725360522465 0.0955417389667935 219
1725360522489 0.20073186493506226 220
1725360522512 0.1696402813730193 221
1725360522538 0.13761627530852358 222
1725360522562 0.13532720369204912 223
1725360522582 0.13076255655608576 224
1725360522607 0.09865060826897878 225
1725360522628 0.15288310827629323 226
1725360522660 0.15271902305496302 227
1725360522683 0.15175399195135955 228
1725360522706 0.15055163777039537 229
1725360522730 0.212926933394657 230
1725360522756 0.16467432789669897 231
1725360522778 0.11812810201059863 232
1725360522801 0.1748321781422726 233
1725360522825 0.13073191047970836 234
1725360522848 0.12217697139945999 235
1725360522871 0.10087837885761028 236
1725360522896 0.101723471200278 237
1725360522919 0.14976813279967613 238
1725360522940 0.11691885561112587 239
1725360522965 0.18811765712074577 240
1725360522988 0.15630088267819603 241
1725360523012 0.18954180662086414 242
1725360523038 0.1032274443730056 243
1725360523062 0.08753463017094425 244
1725360523087 0.188932861472805 245
1725360523115 0.15527217982221353 246
1725360523141 0.15342621099890033 247
1725360523163 0.22572457019061898 248
1725360523186 0.11203078347317487 249
1725360523210 0.14020955937854418 250
1725360523232 0.16597300453475491 251
1725360523255 0.10655077497199839 252
1725360523280 0.12591749002935607 253
1725360523304 0.21736335784161148 254
1725360523331 0.09131609271911205 255
1725360523353 0.1649843428518217 256
1725360523377 0.1341104281841132 257
1725360523401 0.1229859630280165 258
1725360523422 0.13846071018922956 259
1725360523447 0.0990300002912145 260
1725360523473 0.11475847931438463 261
1725360523500 0.1154207291922944 262
1725360523528 0.1350325333312628 263
1725360523554 0.13080570775335462 264
1725360523580 0.14074947176615177 265
1725360523610 0.14444018087465416 266
1725360523630 0.14995709784622355 267
1725360523654 0.13190860823713763 268
1725360523675 0.12595118676444303 269
1725360523701 0.1356622971962538 270
1725360523724 0.11560708076563399 271
1725360523747 0.11331008953729284 272
1725360523772 0.11685900587585064 273
1725360523798 0.12663122527442483 274
1725360523822 0.10266068126792573 275
1725360523845 0.1954791645855096 276
1725360523871 0.09162025024152054 277
1725360523895 0.17642851516263508 278
1725360523922 0.16180049260848575 279
1725360523950 0.11134765613068905 280
1725360524013 0.1674731799066789 281
1725360524041 0.1194576877255081 282
1725360524074 0.10042703245151233 283
1725360524103 0.14652108138760858 284
1725360524130 0.11719541962069412 285
1725360524160 0.12041950122596883 286
1725360524186 0.15587246327554058 287
1725360524208 0.13623599975119322 288
1725360524231 0.14827676891850572 289
1725360524248 0.11585129027981615 290
1725360524273 0.14237893041216604 291
1725360524300 0.11962177038758016 292
1725360524323 0.13601054869163354 293
1725360524351 0.0954421568129575 294
1725360524373 0.10919407989087038 295
1725360524391 0.15094238356580233 296
1725360524413 0.2033445778348898 297
1725360524435 0.09997971499261879 298
1725360524458 0.19829972186694073 299
1725360524477 0.17589764574812686 300
1725360524503 0.11816375651726832 301
1725360524529 0.17617926535445183 302
1725360524552 0.1580007710847702 303
1725360524574 0.08491253499311888 304
1725360524597 0.2022962605094669 305
1725360524621 0.15987709576921183 306
1725360524645 0.1488654635608298 307
1725360524671 0.13211913035726192 308
1725360524695 0.13041971125658533 309
1725360524722 0.133227128737855 310
1725360524744 0.15743561505216858 311
1725360524767 0.15596070259887848 312
1725360524792 0.14957072790473258 313
1725360524817 0.16467347958277181 314
1725360524841 0.1423465105131291 315
1725360524864 0.21692536363530063 316
1725360524886 0.10239716940608087 317
1725360524912 0.11610359903911496 318
1725360524939 0.10213452336046523 319
1725360524968 0.12300468664704445 320
1725360524989 0.1552121361512892 321
1725360525013 0.13547316667951903 322
1725360525039 0.20777051818064013 323
1725360525063 0.10930711308540329 324
1725360525082 0.11679572375212519 325
1725360525104 0.11878964627159162 326
1725360525138 0.11986642658204003 327
1725360525163 0.14482430163997695 328
1725360525188 0.16649025521517194 329
1725360525211 0.1451083978777764 330
1725360525237 0.19165160944924334 331
1725360525262 0.12960503192698636 332
1725360525287 0.12876538222877557 333
1725360525318 0.12467737793512743 334
1725360525343 0.1005493323623265 335
1725360525366 0.16303613330260494 336
1725360525393 0.13090415474484288 337
1725360525420 0.10984901771804434 338
1725360525453 0.11602972064272137 339
1725360525480 0.07184192902091784 340
1725360525502 0.08679437128592542 341
1725360525523 0.15268845300578865 342
1725360525546 0.14995538755083712 343
1725360525570 0.12202292913839184 344
1725360525595 0.20057575596942542 345
1725360525619 0.16105269207042613 346
1725360525641 0.12058630646186469 347
1725360525669 0.16410847571870338 348
1725360525694 0.11927781644138483 349
1725360525722 0.23596950473394554 350
1725360525747 0.12243696060401552 351
1725360525773 0.2609441444882225 352
1725360525794 0.08981892468033913 353
1725360525814 0.13473332039115796 354
1725360525838 0.19305297410058428 355
1725360525860 0.1908059797060931 356
1725360525886 0.0946001662162269 357
1725360525912 0.08083428793029095 358
1725360525940 0.1640773260981084 359
1725360525964 0.1201263957853097 360
1725360525990 0.1121332657784547 361
1725360526013 0.13298413482560947 362
1725360526036 0.12545798978624442 363
1725360526060 0.11204994049006799 364
1725360526083 0.13790388889562588 365
1725360526105 0.18229837976325863 366
1725360526130 0.1532609032520364 367
1725360526159 0.10573185412843557 368
1725360526182 0.15459225694927947 369
1725360526204 0.1715888118456187 370
1725360526228 0.18694309974886786 371
1725360526253 0.1448349682026574 372
1725360526276 0.10576825896928041 373
1725360526298 0.16891020617826533 374
1725360526321 0.15645159474813444 375
1725360526345 0.13997140444090736 376
1725360526368 0.1386140750870856 377
1725360526394 0.14021170675651418 378
1725360526416 0.12704674145669193 379
1725360526445 0.11372632217023025 380
1725360526470 0.15347678235782217 381
1725360526494 0.13589751807489436 382
1725360526518 0.0864538494464215 383
1725360526543 0.1268507459312024 384
1725360526569 0.12435320460748449 385
1725360526597 0.10121170652618539 386
1725360526622 0.13118785994434676 387
1725360526642 0.1987095538914107 388
1725360526663 0.21877081264345388 389
1725360526687 0.08999934943630371 390
1725360526714 0.08789507229966534 391
1725360526738 0.16546732601314454 392
1725360526765 0.21466833797640955 393
1725360526790 0.237532303071485 394
1725360526810 0.12432013557476429 395
1725360526837 0.14975169766711244 396
1725360526864 0.10475021396197484 397
1725360526884 0.1639474758531197 398
1725360526905 0.17354569801318995 399
1725360526928 0.1432973326725823 400
1725360526955 0.12181660537383475 401
1725360526977 0.16235298605455714 402
1725360526997 0.16824417642664666 403
1725360527022 0.1712880650074022 404
1725360527048 0.15086599086493474 405
1725360527070 0.09010851419353648 406
1725360527095 0.13027571469542848 407
1725360527121 0.09888279161326097 408
1725360527156 0.20642094516432827 409
1725360527181 0.12976111418488395 410
1725360527206 0.16977425828289033 411
1725360527225 0.11456384360908486 412
1725360527246 0.12271574907074419 413
1725360527269 0.21161122244706118 414
1725360527290 0.1098762933621809 415
1725360527312 0.1501580743222259 416
1725360527338 0.1547113832024617 417
1725360527363 0.1421500850700845 418
1725360527386 0.14556391639125016 419
1725360527413 0.153406076493217 420
1725360527436 0.12097274745075516 421
1725360527462 0.10201688556421153 422
1725360527487 0.1496526688705199 423
1725360527511 0.1437982660299414 424
1725360527542 0.09929934638863497 425
1725360527566 0.16637889805672165 426
1725360527590 0.116469227907888 427
1725360527616 0.18781838358645106 428
1725360527639 0.174148662593193 429
1725360527662 0.13182961828457396 430
1725360527686 0.15472305903619205 431
1725360527710 0.1759315555099741 432
1725360527733 0.19157834397785212 433
1725360527754 0.18755613893308815 434
1725360527779 0.08462638536024135 435
1725360527806 0.19189350857540452 436
1725360527825 0.10072837435231088 437
1725360527848 0.12648506896093759 438
1725360527871 0.11951636077285539 439
1725360527896 0.12063750349772429 440
1725360527917 0.16012261666283922 441
1725360527938 0.15286987406911703 442
1725360527962 0.16206348279677046 443
1725360527985 0.11037808830921458 444
1725360528007 0.20269631488493617 445
1725360528033 0.08348650419861535 446
1725360528060 0.12388345702752508 447
1725360528084 0.15331967251738393 448
1725360528112 0.12494261537086403 449
1725360528130 0.13673009917364778 450
1725360528152 0.13404330822579322 451
1725360528181 0.09802136807680334 452
1725360528200 0.11085168104758489 453
1725360528222 0.12441520817399551 454
1725360528245 0.18984044907326875 455
1725360528271 0.17417660587575073 456
1725360528295 0.15862385795517406 457
1725360528318 0.19099059300783958 458
1725360528344 0.1714134981583556 459
1725360528370 0.1436909625993493 460
1725360528394 0.15438529085087802 461
1725360528422 0.14800229630362022 462
1725360528442 0.13287186384945301 463
1725360528470 0.14438706094009063 464
1725360528498 0.17157333980025366 465
1725360528522 0.2346776740415847 466
1725360528545 0.11078205237246604 467
1725360528567 0.1002093365627945 468
1725360528590 0.06339628049092991 469
1725360528614 0.15331572500731394 470
1725360528637 0.10856306619321857 471
1725360528660 0.14948067988849745 472
1725360528685 0.14139004401696925 473
1725360528716 0.10691320064731256 474
1725360528740 0.15846549919120723 475
1725360528764 0.0832675282578462 476
1725360528791 0.12631624872672936 477
1725360528818 0.09131971378661484 478
1725360528845 0.14554305057633293 479
1725360528869 0.13515340004962012 480
1725360528891 0.1765504870697818 481
1725360528914 0.1556788894542535 482
1725360528939 0.2461991116434256 483
1725360528970 0.10392850048151277 484
1725360528995 0.12461296649954208 485
1725360529019 0.17827034534054537 486
1725360529045 0.17496275890541263 487
1725360529068 0.1279234609511191 488
1725360529095 0.12264639703075333 489
1725360529124 0.16947270739711143 490
1725360529152 0.17412174635549602 491
1725360529188 0.13561580186647357 492
1725360529214 0.11570768674983418 493
1725360529247 0.09199087339890637 494
1725360529273 0.10345119858226857 495
1725360529295 0.0961358433877497 496
1725360529319 0.1408409601343016 497
1725360529345 0.1885009435410579 498
1725360529373 0.11306406763625412 499
