1725419920284 6.670636506277396 0
1725419920363 2.4723263785072556 1
1725419920471 3.8627860193158994 2
1725419920539 2.862066137493086 3
1725419920613 4.42178671535552 4
1725419920705 5.143536714515285 5
1725419920773 4.974238002943128 6
1725419920856 0.012523327621456542 7
1725419920931 3.391305459097432 8
1725419921006 1.7574027346143437 9
1725419921058 6.066396132648548 10
1725419921134 1.2419505738040884 11
1725419921230 1.449223937813185 12
1725419921296 63.50557724568365 13
1725419921375 73.04956165564035 14
1725419921466 2169.9048295200155 15
1725419921560 545.9170920359262 16
1725419921634 3417.185293606581 17
1725419921694 1224411.6395013114 18
1725419921819 30155.342512359683 19
1725419921898 19876.66045366698 20
1725419922080 18862209.763740428 21
1725419922307 3808425.2156627616 22
1725419922365 2215385.3226652984 23
1725419922424 2248952019.6119533 24
1725419922470 1404005376.9699173 25
1725419922520 44541088.919776864 26
1725419922576 91480571.40741079 27
1725419922657 1974132138.5483625 28
1725419922739 541802405959.8094 29
1725419922792 826594170686.435 30
1725419922857 970951482567.1884 31
1725419922921 95437842162.85173 32
1725419922973 261380912.31345984 33
1725419923038 1577467193815.3628 34
1725419923104 9485279580322.277 35
1725419923180 350783436937253.44 36
1725419923246 1814344254.6651585 37
1725419923294 864312118641579.9 38
1725419923354 4864778466793803.0 39
1725419923401 3606040671790110.0 40
1725419923461 2.0407216875722684e+16 41
1725419923539 1.6000509676002775e+18 42
1725419923609 1.9003304814121514e+17 43
1725419923687 3.637018978402274e+18 44
1725419923765 6.7100755148494e+18 45
1725419923840 7.0333414770405106e+19 46
1725419923900 9.219624280792228e+18 47
1725419923960 6.727417881338791e+22 48
1725419924046 9.914393322302044e+21 49
1725419924138 7.749168432024005e+22 50
1725419924235 2.9210207192090723e+24 51
1725419924287 1.3883556999525996e+25 52
1725419924348 1.5255719708082743e+22 53
1725419924415 1.546705762013687e+21 54
1725419924490 2.0382831199228988e+24 55
1725419924545 1.0090284091485532e+25 56
1725419924608 7.380956452015718e+27 57
1725419924654 2.9038550443294972e+26 58
1725419924720 6.002501560478532e+28 59
1725419924793 4.756013487229413e+26 60
1725419924881 4.394642292499669e+30 61
1725419924959 4.802296197972405e+27 62
1725419925021 1.4645764036747822e+28 63
1725419925098 2.815121112640309e+31 64
1725419925151 5.705208565560976e+30 65
1725419925223 1.604771474773339e+32 66
1725419925281 4.8867650292192294e+30 67
1725419925352 2.0973291990904887e+33 68
1725419925441 9.803192279993216e+32 69
1725419925531 9.27104824750017e+34 70
1725419925616 1.9339600158769366e+33 71
1725419925670 2.535934725608884e+34 72
1725419925741 9.47553769728017e+34 73
1725419925808 4.812659087960799e+36 74
1725419925913 6.22798044267863e+36 75
1725419926010 2.8737744777278584e+35 76
1725419926059 2.0468571954978506e+36 77
1725419926132 2.3704462466458506e+38 78
1725419926233 5.692267619769278e+38 79
1725419926304 5.333559653132866e+36 80
1725419926356 2.5431513562964817e+38 81
1725419926405 2.1140122425806432e+40 82
1725419926462 4.600777937878043e+38 83
1725419926543 1.4572773464790905e+41 84
1725419926627 7.265980895401833e+42 85
1725419926715 9.399132880737234e+42 86
1725419926796 3.191807167240633e+39 87
1725419926885 2.7508330604776754e+44 88
1725419926949 3.467812743296458e+44 89
1725419927017 1.3852785588174057e+44 90
1725419927076 6.670350983838464e+42 91
1725419927129 1.129685161874215e+45 92
1725419927189 7.670869522350359e+40 93
1725419927250 8.326193433837245e+44 94
1725419927332 8.310343793418013e+45 95
1725419927388 5.0823168595897486e+45 96
1725419927517 3.0646351927511607e+50 97
1725419927618 1.66298122478423e+49 98
1725419927707 1.3875041697796085e+47 99
1725419927798 1.17329100873614e+49 100
1725419927878 1.4186879622431278e+50 101
1725419927970 1.3106468709637013e+51 102
1725419928054 8.488942234760294e+47 103
1725419928160 1.5191816866980403e+52 104
1725419928208 2.167231026755518e+50 105
1725419928256 1.3126299004158034e+53 106
1725419928313 1.4870971558856864e+53 107
1725419928392 4.0677260466234485e+51 108
1725419928473 1.3198292082915668e+54 109
1725419928556 1.9271695382965737e+53 110
1725419928631 3.9081126725626515e+55 111
1725419928702 1.6836491680459751e+55 112
1725419928786 2.796333156135363e+57 113
1725419928878 1.6819163482447066e+59 114
1725419928962 1.298675700942102e+57 115
1725419929051 1.4741025259549123e+57 116
1725419929122 9.006808324310485e+57 117
1725419929198 1.3905708667592364e+59 118
1725419929269 1.0423668711106433e+56 119
1725419929325 7.602624268759982e+59 120
1725419929403 4.6205659160356735e+60 121
1725419929484 3.645944559232459e+62 122
1725419929562 6.428650592593193e+61 123
1725419929639 3.214066966484048e+61 124
1725419929713 7.157895489409887e+62 125
1725419929764 3.510864767899179e+63 126
1725419929827 3.0330324864528433e+66 127
1725419929899 7.9244541015205295e+62 128
1725419929969 3.0388470096480495e+64 129
1725419930048 9.078079784310207e+67 130
1725419930124 7.582822387367932e+64 131
1725419930178 3.2864257027736856e+66 132
1725419930232 7.978149368558239e+66 133
1725419930291 3.1164062088307698e+66 134
1725419930349 7.483836620707845e+70 135
1725419930429 1.2571292386581487e+70 136
1725419930504 4.829214907070448e+68 137
1725419930572 3.5363625316340887e+71 138
1725419930640 1.8597520208793845e+71 139
1725419930704 6.568802559550487e+68 140
1725419930787 4.082605352723469e+72 141
1725419930890 1.3569514911472334e+71 142
1725419930998 2.006403158964531e+72 143
1725419931110 6.097044871454451e+73 144
1725419931170 5.1136685025919424e+75 145
1725419931236 6.43927758858259e+73 146
1725419931331 4.217590026654727e+75 147
1725419931414 1.5303591476945148e+75 148
1725419931508 3.228250710894128e+76 149
1725419931558 8.424676187882322e+77 150
1725419931623 1.5272977719048987e+76 151
1725419931683 1.0778677269822118e+78 152
1725419931760 3.1775571333501377e+80 153
1725419931827 6.783609056450063e+78 154
1725419931903 2.318305672030665e+79 155
1725419931972 4.787952401897678e+81 156
1725419932038 2.345985898892797e+80 157
1725419932102 5.9146459408171e+83 158
1725419932166 3.257135087148078e+81 159
1725419932240 2.8177749295175654e+81 160
1725419932313 1.523760688504967e+84 161
1725419932382 9.773266071269852e+82 162
1725419932448 9.577245109457223e+84 163
1725419932535 4.288689595544251e+84 164
1725419932606 1.6025379923995783e+87 165
1725419932671 8.80137354443546e+86 166
1725419932752 6.471339757589564e+86 167
1725419932810 8.648515514516444e+88 168
1725419932896 3.58164974096117e+86 169
1725419932962 2.294400286519645e+87 170
1725419933024 1.8350777299504872e+89 171
1725419933093 8.794412756916339e+90 172
1725419933192 5.464358655720069e+89 173
1725419933261 1.2731742680995264e+93 174
1725419933333 2.017729412165788e+91 175
1725419933394 7.857527817644614e+91 176
1725419933482 5.219875261584713e+92 177
1725419933558 2.330296188219464e+90 178
1725419933622 9.841262200322601e+92 179
1725419933684 1.0214135166783443e+94 180
1725419933749 6.935107361986106e+93 181
1725419933811 2.2822907205862294e+95 182
1725419933884 7.05144748278464e+93 183
1725419933956 1.5885540558400342e+92 184
1725419934023 8.074101590246893e+93 185
1725419934102 9.683263717977009e+95 186
1725419934170 5.7727537015990874e+94 187
1725419934228 4.654270944017462e+98 188
1725419934292 1.2469273073746982e+99 189
1725419934370 5.967276165108452e+95 190
1725419934436 6.737384185510131e+100 191
1725419934506 2.7813910271209296e+99 192
1725419934572 3.8937557194502345e+99 193
1725419934636 8.367313999477946e+102 194
1725419934701 1.969227488242145e+99 195
1725419934767 6.708561155710059e+102 196
1725419934847 1.7367644142726518e+102 197
1725419934925 2.889130692878726e+102 198
1725419934990 2.975859414269892e+101 199
1725419935057 1.9651060152448146e+106 200
1725419935130 7.797433554762844e+104 201
1725419935199 4.3792349547777867e+105 202
1725419935266 5.726365756531313e+103 203
1725419935335 1.2415206181434199e+109 204
1725419935434 1.041702771977742e+107 205
1725419935505 1.1778866694848736e+103 206
1725419935570 7.680983449702824e+105 207
1725419935637 2.0693030612433517e+109 208
1725419935710 2.7297014747994298e+109 209
1725419935788 3.629956284428129e+110 210
1725419935856 1.9179836009609463e+112 211
1725419935928 7.642745008474287e+110 212
1725419936001 8.730841497951599e+111 213
1725419936088 9.132908215335427e+112 214
1725419936166 1.8169713239433002e+112 215
1725419936260 5.809220058968059e+113 216
1725419936321 1.4824051099202912e+115 217
1725419936417 1.1687498023806958e+113 218
1725419936501 3.4712187256319525e+113 219
1725419936577 5.2242936692804054e+113 220
1725419936652 2.2376585013072364e+116 221
1725419936725 4.378189596124362e+118 222
1725419936785 2.2242324692600086e+117 223
1725419936842 1.5084935375091802e+118 224
1725419936909 2.19725567567889e+118 225
1725419936981 4.836557808756737e+118 226
1725419937050 5.8233075984569715e+119 227
1725419937140 1.280186118958097e+120 228
1725419937197 7.188069423543928e+119 229
1725419937256 3.263910461304731e+121 230
1725419937347 1.7890525602326337e+121 231
1725419937410 5.282948790372863e+120 232
1725419937480 4.025467652187056e+120 233
1725419937546 9.845242714625679e+122 234
1725419937621 1.6222034429357516e+124 235
1725419937682 7.605131511597565e+124 236
1725419937781 7.376194200859045e+125 237
1725419937867 1.69780749735092e+127 238
1725419937934 7.802017531162249e+125 239
1725419937991 4.388812758096534e+125 240
1725419938053 1.882776438778059e+128 241
1725419938110 4.86334685435646e+126 242
1725419938176 9.670251425365758e+129 243
1725419938247 1.2578007738673835e+128 244
1725419938317 1.2339610296110839e+128 245
1725419938388 2.306117254461889e+129 246
1725419938453 2.2080397031973586e+130 247
1725419938550 5.2255124130144156e+129 248
1725419938622 1.3601026429171277e+131 249
1725419938688 1.7438923379537963e+132 250
1725419938761 1.5344910843223637e+130 251
1725419938833 3.2808062491683185e+131 252
1725419938889 1.320837288062512e+136 253
1725419938953 7.479369241061709e+132 254
1725419939017 7.12752775736048e+135 255
1725419939084 2.0172767179230436e+132 256
1725419939144 4.31478846701196e+138 257
1725419939216 4.967441990404114e+136 258
1725419939281 1.0652813816953189e+136 259
1725419939354 7.675941511239522e+136 260
1725419939429 5.583729860573929e+137 261
1725419939487 9.204701247095632e+139 262
1725419939548 2.2894146560192394e+139 263
1725419939612 2.5318446159037187e+138 264
1725419939697 4.8339665683267776e+138 265
1725419939759 6.8481482094508945e+140 266
1725419939825 1.6822133878240547e+140 267
1725419939901 6.773239761789921e+142 268
1725419939989 8.783542898085291e+141 269
1725419940068 3.9328649822858503e+144 270
1725419940145 8.396922330279389e+141 271
1725419940209 2.9125562511308776e+142 272
1725419940276 8.952846899485006e+145 273
1725419940362 4.069686444737825e+145 274
1725419940439 3.519328048869433e+145 275
1725419940492 4.062119695971759e+147 276
1725419940581 7.6296583570074e+145 277
1725419940651 1.7735616050044486e+146 278
1725419940723 8.796655247940089e+146 279
1725419940804 1.102295571113521e+146 280
1725419940878 1.815754030323495e+148 281
1725419940949 7.874793227071423e+147 282
1725419941024 9.716651944220821e+149 283
1725419941114 1.2283247819743159e+150 284
1725419941178 7.810590757461913e+150 285
1725419941253 1.8772755544304003e+151 286
1725419941320 4.0914331491514204e+154 287
1725419941391 2.6273163066007027e+152 288
1725419941463 1.3561037030551694e+153 289
1725419941542 1.2410317184609728e+154 290
1725419941613 2.1446438746138008e+154 291
1725419941690 6.280676868831735e+154 292
1725419941766 2.0956111152177035e+156 293
1725419941843 7.16957435070664e+157 294
1725419941910 2.404864420888943e+155 295
1725419942001 2.1740693468659716e+156 296
1725419942081 1.4314759622286064e+158 297
1725419942158 1.0288122811691771e+157 298
1725419942226 2.7025239072960393e+159 299
1725419942285 1.7803044552913575e+160 300
1725419942366 7.283193645736827e+161 301
1725419942445 3.157966305730996e+160 302
1725419942517 1.8806305656406257e+159 303
1725419942585 1.653626326703737e+159 304
1725419942662 6.259986188871042e+162 305
1725419942729 3.076149332568018e+161 306
1725419942804 4.8270943793030744e+163 307
1725419942901 2.9156858321287115e+164 308
1725419942993 1.8369675466904273e+163 309
1725419943068 3.817527060478609e+162 310
1725419943156 1.8131312012233604e+164 311
1725419943223 1.1168325079532633e+167 312
1725419943298 1.267212783859396e+164 313
1725419943371 8.734231264566266e+162 314
1725419943437 2.0355020198176665e+169 315
1725419943513 8.19330912301635e+166 316
1725419943585 2.1796349399701703e+167 317
1725419943658 6.612070864507668e+170 318
1725419943732 4.317366176965977e+167 319
1725419943820 9.67706526535396e+169 320
1725419943893 5.223181194452064e+172 321
1725419943973 8.166078361399861e+171 322
1725419944040 1.4454825984016295e+174 323
1725419944114 7.010408865183596e+170 324
1725419944187 5.9630035457921275e+174 325
1725419944257 3.173318819786237e+173 326
1725419944320 1.3770617967268146e+174 327
1725419944397 7.275763579782115e+173 328
1725419944461 6.563771853973092e+175 329
1725419944534 1.7522891549931344e+176 330
1725419944612 7.0495966095521685e+177 331
1725419944685 4.655531678609019e+177 332
1725419944758 8.088574260489402e+176 333
1725419944850 2.7381638783314276e+179 334
1725419944918 1.9666838307226194e+178 335
1725419944989 3.5307449005784845e+178 336
1725419945062 8.494668653569842e+177 337
1725419945169 5.326166247546315e+179 338
1725419945244 1.1412588663221296e+181 339
1725419945324 1.4814854198669888e+180 340
1725419945399 9.396727529842582e+181 341
1725419945479 1.7018791473027093e+184 342
1725419945548 7.864014578688087e+182 343
1725419945633 2.8546053953382756e+182 344
1725419945708 1.2471592441746337e+184 345
1725419945777 2.6857522550175373e+186 346
1725419945852 3.832486545391126e+186 347
1725419945919 1.4857168005542544e+185 348
1725419945987 4.957466080966527e+186 349
1725419946082 4.370770691020795e+187 350
1725419946162 3.5708437720552116e+186 351
1725419946232 1.2366143279426224e+184 352
1725419946301 2.4056037036935078e+188 353
1725419946367 3.82448681379263e+189 354
1725419946447 1.72793736185049e+188 355
1725419946523 1.6269846162499346e+189 356
1725419946596 9.528248181749713e+189 357
1725419946667 4.578536541827979e+191 358
1725419946731 1.39184127904347e+193 359
1725419946802 5.11893770865089e+193 360
1725419946878 1.1584998191705295e+190 361
1725419946952 4.288719388234653e+192 362
1725419947045 1.5074993915348016e+192 363
1725419947110 1.1409728037386862e+194 364
1725419947191 1.5880426609708855e+197 365
1725419947264 4.898602100074084e+196 366
1725419947341 3.490093678615712e+194 367
1725419947411 1.6519071579135646e+195 368
1725419947482 6.157933196471268e+194 369
1725419947558 2.5655065265061443e+197 370
1725419947624 3.855932538914089e+193 371
1725419947687 1.4608529277365011e+199 372
1725419947758 6.297722988869375e+198 373
1725419947829 1.7487437209010545e+198 374
1725419947930 3.028679835363125e+200 375
1725419948004 3.851199035367988e+200 376
1725419948083 2.2599563631697794e+200 377
1725419948141 5.775466337247306e+202 378
1725419948213 3.5728355722774476e+201 379
1725419948278 3.2693006980572444e+205 380
1725419948342 7.812912861267454e+201 381
1725419948415 1.7749334275753884e+205 382
1725419948495 3.1360220798697447e+204 383
1725419948558 7.656689515359737e+206 384
1725419948633 3.721545009350974e+204 385
1725419948704 8.137495932937744e+206 386
1725419948774 1.2188710848382794e+209 387
1725419948847 2.1931386636416464e+208 388
1725419948908 1.139859637951889e+210 389
1725419948974 1.7677639534236295e+207 390
1725419949057 4.094288462012552e+205 391
1725419949130 6.8053238169130035e+205 392
1725419949194 6.388205760915311e+211 393
1725419949258 2.781188076672027e+210 394
1725419949326 1.0729397254012088e+213 395
1725419949387 7.084591301290068e+210 396
1725419949444 6.6562497932750025e+212 397
1725419949529 8.616514541798064e+212 398
1725419949598 2.478445839304629e+212 399
1725419949671 3.170329323239582e+214 400
1725419949737 4.918284446822807e+213 401
1725419949803 5.690654310728443e+212 402
1725419949869 6.962557540630039e+214 403
1725419949943 7.666841328480245e+215 404
1725419950012 1.842368190055324e+213 405
1725419950069 1.0916619262484234e+217 406
1725419950136 1.55775303096606e+219 407
1725419950204 1.0583080366165791e+219 408
1725419950279 6.022579222029155e+218 409
1725419950368 8.159646792400152e+217 410
1725419950447 6.278286504703567e+220 411
1725419950512 3.185929962790828e+221 412
1725419950586 1.5876365416456278e+222 413
1725419950665 1.122079392640289e+221 414
1725419950732 2.0612061107741635e+221 415
1725419950807 1.6601509984195494e+222 416
1725419950873 1.1090443637048007e+221 417
1725419950944 2.4314806725310215e+223 418
1725419951021 2.1012703531354804e+224 419
1725419951097 2.6659731340941958e+224 420
1725419951170 6.549852487853827e+224 421
1725419951236 2.476040794844422e+226 422
1725419951309 1.518927866901895e+228 423
1725419951393 1.6797156093601423e+228 424
1725419951463 2.3390037458252727e+227 425
1725419951532 3.7496226261168104e+227 426
1725419951606 2.63123072801202e+228 427
1725419951693 1.0354935396691649e+231 428
1725419951765 1.1138877219970941e+232 429
1725419951837 1.3345760962456388e+231 430
1725419951915 1.4615211742419387e+230 431
1725419951989 8.935314090676011e+231 432
1725419952057 8.020918437424413e+233 433
1725419952129 3.8317664148055454e+232 434
1725419952213 1.508370576460022e+232 435
1725419952285 1.183931692982893e+234 436
1725419952348 5.40469631952401e+235 437
1725419952415 2.642452710926336e+235 438
1725419952486 2.1045249355670276e+235 439
1725419952571 1.0391746298767048e+237 440
1725419952639 2.541779030209302e+237 441
1725419952717 3.6639100087281157e+236 442
1725419952802 2.035801016862918e+237 443
1725419952874 9.746585238521359e+238 444
1725419952962 3.0789396104205033e+239 445
1725419953050 1.129086009936088e+241 446
1725419953129 3.4506340578416175e+241 447
1725419953207 4.711938544072965e+240 448
1725419953275 4.334604371541658e+242 449
1725419953354 5.585263154891514e+242 450
1725419953438 4.614189942521271e+241 451
1725419953504 3.5025866182818e+242 452
1725419953585 4.839963989497508e+240 453
1725419953664 4.586274980156918e+242 454
1725419953727 5.563040841382584e+244 455
1725419953800 1.3921877834815116e+243 456
1725419953883 2.1092100914415677e+244 457
1725419953963 1.887182204517448e+246 458
1725419954036 6.306526436241773e+246 459
1725419954115 3.5718389594897506e+248 460
1725419954190 8.057477282615083e+247 461
1725419954256 9.298861488941728e+246 462
1725419954314 1.7705938215737098e+248 463
1725419954390 2.9480661018099256e+249 464
1725419954473 9.271464808742505e+248 465
1725419954551 3.3523017125083016e+248 466
1725419954631 5.0805863537904555e+249 467
1725419954713 4.024913151026491e+250 468
1725419954799 2.632492476384549e+251 469
1725419954885 1.7184297110667327e+254 470
1725419954963 1.6016686654705008e+252 471
1725419955042 9.730454296571648e+253 472
1725419955119 1.0583376105860346e+252 473
1725419955194 1.1764100031847087e+256 474
1725419955262 8.324105772961688e+256 475
1725419955334 9.01686624848437e+255 476
1725419955421 5.282610719033418e+256 477
1725419955482 6.678732510268995e+257 478
1725419955563 1.125517275453244e+259 479
1725419955639 6.813937844196111e+258 480
1725419955705 5.057226286240514e+256 481
1725419955777 3.7727635493147834e+257 482
1725419955852 6.203862916227069e+257 483
1725419955914 7.062813220836743e+260 484
1725419955980 4.4642966620211975e+259 485
1725419956050 7.706229847279243e+260 486
1725419956122 2.394524742626754e+263 487
1725419956186 1.7313170242413792e+263 488
1725419956270 3.8838115683449767e+263 489
1725419956352 1.1244640076824914e+262 490
1725419956428 2.0906953858192125e+266 491
1725419956506 2.3054566778136498e+263 492
1725419956579 3.21237742462149e+264 493
1725419956652 1.1290090356313674e+267 494
1725419956726 1.5266527739522493e+268 495
1725419956801 1.796589434407938e+266 496
1725419956867 1.341288398781951e+267 497
1725419956948 3.36688161934743e+270 498
1725419957021 3.1827501416815394e+269 499
