1725384254891 71.76510475558723 0
1725384254915 34.980103779016396 1
1725384254940 19.40422624294967 2
1725384254965 12.359568553622852 3
1725384254991 8.853434575985462 4
1725384255015 6.488490790303251 5
1725384255042 6.107251639606011 6
1725384255067 5.263526195423965 7
1725384255096 5.1556032771724345 8
1725384255132 5.307048659113636 9
1725384255155 5.4760358741567075 10
1725384255179 4.927200578567255 11
1725384255206 4.4813380786166706 12
1725384255231 4.783440805640971 13
1725384255256 4.706605290351979 14
1725384255280 4.835829082433622 15
1725384255304 4.897859303993821 16
1725384255328 4.745831345876289 17
1725384255359 4.661120973391585 18
1725384255384 4.853880047877232 19
1725384255410 4.677297129767964 20
1725384255433 4.386905187593 21
1725384255455 4.483648831111366 22
1725384255480 4.7730139332964665 23
1725384255507 4.7453852247555295 24
1725384255533 4.901147496296117 25
1725384255562 4.852287939463536 26
1725384255580 4.6122216556383755 27
1725384255605 5.001695918245982 28
1725384255629 4.746944431139971 29
1725384255653 4.829530547061588 30
1725384255677 4.66920616160881 31
1725384255701 4.802935185928554 32
1725384255725 4.585941019584663 33
1725384255751 4.285909253908349 34
1725384255776 4.558313659477995 35
1725384255802 4.560925943759536 36
1725384255828 5.0917236179486585 37
1725384255851 5.061145538748339 38
1725384255875 4.651915947715461 39
1725384255902 4.947845273205447 40
1725384255931 4.967818058335138 41
1725384255952 4.938303407807809 42
1725384255977 4.495897369363725 43
1725384255999 4.906019754020152 44
1725384256024 5.0732796189449525 45
1725384256051 4.71836833695511 46
1725384256088 4.688292649571719 47
1725384256116 4.4004994255115335 48
1725384256142 4.872570352700268 49
1725384256166 4.738059514827298 50
1725384256191 4.669736311464761 51
1725384256216 4.808260739092794 52
1725384256239 4.819364354936839 53
1725384256265 5.178166702858632 54
1725384256285 4.689813345200582 55
1725384256310 4.532922102820412 56
1725384256336 5.115944537885506 57
1725384256391 4.655567983268093 58
1725384256415 4.564020737209181 59
1725384256436 5.01555683734211 60
1725384256456 4.73557332635826 61
1725384256483 4.586115637251267 62
1725384256506 4.651416901448643 63
1725384256530 4.946990544248646 64
1725384256554 4.701818461569373 65
1725384256578 4.821435296380511 66
1725384256603 4.805590660710135 67
1725384256629 4.628966998021192 68
1725384256655 4.5844723494964805 69
1725384256679 4.896477963175648 70
1725384256699 4.637293793828143 71
1725384256725 4.926314153651685 72
1725384256749 4.6271181040971205 73
1725384256774 4.566192915349915 74
1725384256799 4.760042165574785 75
1725384256825 4.832436106254095 76
1725384256852 4.94853699142645 77
1725384256880 4.83646466727958 78
1725384256904 4.926769123059599 79
1725384256929 4.717119383411295 80
1725384256952 5.033469699452303 81
1725384256976 5.0083067832781065 82
1725384257002 4.648708285027706 83
1725384257028 4.814180496223335 84
1725384257053 4.850291471053327 85
1725384257079 4.693751608747921 86
1725384257101 5.036318302883209 87
1725384257125 4.744423270711675 88
1725384257149 4.97591970892286 89
1725384257173 4.647985409169095 90
1725384257197 4.493476028201 91
1725384257220 4.727319931613352 92
1725384257246 4.972154123083052 93
1725384257272 4.827331947742254 94
1725384257298 4.670451011016558 95
1725384257333 4.635860665149242 96
1725384257360 4.836557716319166 97
1725384257392 4.595156148651811 98
1725384257416 4.470320399155469 99
1725384257440 4.897432833449925 100
1725384257464 4.4139814578447005 101
1725384257489 4.573790261996312 102
1725384257513 4.81941173290688 103
1725384257539 4.658043919308947 104
1725384257563 4.878250336477043 105
1725384257584 4.756162545800239 106
1725384257609 4.826473041017949 107
1725384257634 4.724792120438698 108
1725384257658 4.692816915911559 109
