1725342621985 nan 0
1725342622020 nan 1
1725342622040 nan 2
1725342622058 nan 3
1725342622074 nan 4
1725342622092 nan 5
1725342622109 nan 6
1725342622125 nan 7
1725342622141 nan 8
1725342622165 nan 9
1725342622185 nan 10
1725342622206 nan 11
1725342622222 nan 12
1725342622243 nan 13
1725342622259 nan 14
1725342622273 nan 15
1725342622290 nan 16
1725342622307 nan 17
1725342622325 nan 18
1725342622341 nan 19
1725342622357 nan 20
1725342622374 nan 21
1725342622392 nan 22
1725342622411 nan 23
1725342622428 nan 24
1725342622445 nan 25
1725342622462 nan 26
1725342622485 nan 27
1725342622501 nan 28
1725342622516 nan 29
1725342622531 nan 30
1725342622546 nan 31
1725342622560 nan 32
1725342622574 nan 33
1725342622592 nan 34
1725342622606 nan 35
1725342622621 nan 36
1725342622639 nan 37
1725342622652 nan 38
1725342622667 nan 39
1725342622684 nan 40
1725342622698 nan 41
1725342622714 nan 42
1725342622731 nan 43
1725342622746 nan 44
1725342622760 nan 45
1725342622774 nan 46
1725342622789 nan 47
1725342622823 nan 48
1725342622838 nan 49
1725342622852 nan 50
1725342622869 nan 51
1725342622885 nan 52
1725342622908 nan 53
1725342622928 nan 54
1725342622945 nan 55
1725342622962 nan 56
1725342622976 nan 57
1725342622992 nan 58
1725342623006 nan 59
1725342623020 nan 60
1725342623034 nan 61
1725342623048 nan 62
1725342623063 nan 63
1725342623079 nan 64
1725342623093 nan 65
1725342623109 nan 66
1725342623127 nan 67
1725342623144 nan 68
1725342623197 nan 69
1725342623256 nan 70
1725342623281 nan 71
1725342623307 nan 72
1725342623318 nan 73
1725342623332 nan 74
1725342623346 nan 75
1725342623359 nan 76
1725342623376 nan 77
1725342623391 nan 78
1725342623413 nan 79
1725342623428 nan 80
1725342623443 nan 81
1725342623457 nan 82
1725342623474 nan 83
1725342623490 nan 84
1725342623504 nan 85
1725342623518 nan 86
1725342623532 nan 87
1725342623547 nan 88
1725342623562 nan 89
1725342623577 nan 90
1725342623593 nan 91
1725342623608 nan 92
1725342623624 nan 93
1725342623639 nan 94
1725342623657 nan 95
1725342623674 nan 96
1725342623693 nan 97
1725342623709 nan 98
1725342623727 nan 99
1725342623743 nan 100
1725342623757 nan 101
1725342623774 nan 102
1725342623790 nan 103
1725342623805 nan 104
1725342623844 nan 105
1725342623861 nan 106
1725342623878 nan 107
1725342623898 nan 108
1725342623919 nan 109
1725342623939 nan 110
1725342623954 nan 111
1725342623973 nan 112
1725342623994 nan 113
1725342624011 nan 114
1725342624026 nan 115
1725342624040 nan 116
1725342624054 nan 117
1725342624067 nan 118
1725342624081 nan 119
1725342624096 nan 120
1725342624110 nan 121
1725342624126 nan 122
1725342624148 nan 123
1725342624164 nan 124
1725342624189 nan 125
1725342624212 nan 126
1725342624234 nan 127
1725342624251 nan 128
1725342624269 nan 129
1725342624289 nan 130
1725342624315 nan 131
1725342624329 nan 132
1725342624347 nan 133
1725342624371 nan 134
1725342624412 nan 135
1725342624437 nan 136
1725342624464 nan 137
1725342624489 nan 138
1725342624512 nan 139
1725342624530 nan 140
1725342624555 nan 141
1725342624571 nan 142
1725342624593 nan 143
1725342624618 nan 144
1725342624638 nan 145
1725342624655 nan 146
1725342624670 nan 147
1725342624688 nan 148
1725342624704 nan 149
1725342624719 nan 150
1725342624734 nan 151
1725342624752 nan 152
1725342624776 nan 153
1725342624796 nan 154
1725342624818 nan 155
1725342624854 nan 156
1725342624877 nan 157
1725342624893 nan 158
1725342624912 nan 159
1725342624926 nan 160
1725342624943 nan 161
1725342624960 nan 162
1725342624975 nan 163
1725342624992 nan 164
1725342625014 nan 165
1725342625035 nan 166
1725342625052 nan 167
1725342625068 nan 168
1725342625084 nan 169
1725342625101 nan 170
1725342625118 nan 171
1725342625132 nan 172
1725342625146 nan 173
1725342625161 nan 174
1725342625175 nan 175
1725342625189 nan 176
1725342625204 nan 177
1725342625220 nan 178
1725342625234 nan 179
1725342625250 nan 180
1725342625272 nan 181
1725342625287 nan 182
1725342625303 nan 183
1725342625319 nan 184
1725342625333 nan 185
1725342625348 nan 186
1725342625366 nan 187
1725342625380 nan 188
1725342625397 nan 189
1725342625422 nan 190
1725342625445 nan 191
1725342625462 nan 192
1725342625487 nan 193
1725342625505 nan 194
1725342625522 nan 195
1725342625538 nan 196
1725342625555 nan 197
1725342625572 nan 198
1725342625590 nan 199
1725342625608 nan 200
1725342625627 nan 201
1725342625645 nan 202
1725342625666 nan 203
1725342625687 nan 204
1725342625710 nan 205
1725342625729 nan 206
1725342625752 nan 207
1725342625778 nan 208
1725342625805 nan 209
1725342625821 nan 210
1725342625845 nan 211
1725342625888 nan 212
1725342625911 nan 213
1725342625938 nan 214
1725342625962 nan 215
1725342625994 nan 216
1725342626046 nan 217
1725342626105 nan 218
1725342626132 nan 219
1725342626156 nan 220
1725342626179 nan 221
1725342626207 nan 222
1725342626255 nan 223
1725342626290 nan 224
1725342626314 nan 225
1725342626332 nan 226
1725342626359 nan 227
1725342626391 nan 228
1725342626469 nan 229
1725342626488 nan 230
1725342626513 nan 231
1725342626548 nan 232
1725342626589 nan 233
1725342626629 nan 234
1725342626664 nan 235
1725342626691 nan 236
1725342626709 nan 237
1725342626725 nan 238
1725342626742 nan 239
1725342626758 nan 240
1725342626774 nan 241
1725342626791 nan 242
1725342626809 nan 243
1725342626825 nan 244
1725342626840 nan 245
1725342626854 nan 246
1725342626868 nan 247
1725342626897 nan 248
1725342626918 nan 249
1725342626934 nan 250
1725342626962 nan 251
1725342626980 nan 252
1725342626999 nan 253
1725342627015 nan 254
1725342627030 nan 255
1725342627047 nan 256
1725342627063 nan 257
1725342627090 nan 258
1725342627112 nan 259
1725342627132 nan 260
1725342627153 nan 261
1725342627172 nan 262
1725342627189 nan 263
1725342627207 nan 264
1725342627222 nan 265
1725342627238 nan 266
1725342627256 nan 267
1725342627273 nan 268
1725342627288 nan 269
1725342627306 nan 270
1725342627323 nan 271
1725342627341 nan 272
1725342627358 nan 273
1725342627389 nan 274
1725342627414 nan 275
1725342627440 nan 276
1725342627480 nan 277
1725342627506 nan 278
1725342627529 nan 279
1725342627549 nan 280
1725342627567 nan 281
1725342627588 nan 282
1725342627606 nan 283
1725342627630 nan 284
1725342627684 nan 285
1725342627723 nan 286
1725342627752 nan 287
1725342627767 nan 288
1725342627781 nan 289
1725342627803 nan 290
1725342627822 nan 291
1725342627839 nan 292
1725342627856 nan 293
1725342627880 nan 294
1725342627914 nan 295
1725342627939 nan 296
1725342627959 nan 297
1725342627977 nan 298
1725342627995 nan 299
1725342628011 nan 300
1725342628027 nan 301
1725342628041 nan 302
1725342628056 nan 303
1725342628073 nan 304
1725342628087 nan 305
1725342628101 nan 306
1725342628115 nan 307
1725342628131 nan 308
1725342628164 nan 309
1725342628186 nan 310
1725342628203 nan 311
1725342628219 nan 312
1725342628234 nan 313
1725342628252 nan 314
1725342628280 nan 315
1725342628304 nan 316
1725342628332 nan 317
1725342628365 nan 318
1725342628389 nan 319
1725342628406 nan 320
1725342628423 nan 321
1725342628440 nan 322
1725342628456 nan 323
1725342628473 nan 324
1725342628491 nan 325
1725342628514 nan 326
1725342628539 nan 327
1725342628560 nan 328
1725342628576 nan 329
1725342628592 nan 330
1725342628609 nan 331
1725342628627 nan 332
1725342628641 nan 333
1725342628655 nan 334
1725342628669 nan 335
1725342628684 nan 336
1725342628698 nan 337
1725342628712 nan 338
1725342628725 nan 339
1725342628740 nan 340
1725342628761 nan 341
1725342628775 nan 342
1725342628792 nan 343
1725342628813 nan 344
1725342628838 nan 345
1725342628865 nan 346
1725342628904 nan 347
1725342628958 nan 348
1725342628996 nan 349
1725342629015 nan 350
1725342629032 nan 351
1725342629050 nan 352
1725342629065 nan 353
1725342629082 nan 354
1725342629099 nan 355
1725342629115 nan 356
1725342629132 nan 357
1725342629148 nan 358
1725342629165 nan 359
1725342629183 nan 360
1725342629198 nan 361
1725342629215 nan 362
1725342629233 nan 363
1725342629249 nan 364
1725342629271 nan 365
1725342629292 nan 366
1725342629306 nan 367
1725342629321 nan 368
1725342629338 nan 369
1725342629357 nan 370
1725342629375 nan 371
1725342629390 nan 372
1725342629407 nan 373
1725342629424 nan 374
1725342629439 nan 375
1725342629456 nan 376
1725342629473 nan 377
1725342629491 nan 378
1725342629528 nan 379
1725342629564 nan 380
1725342629606 nan 381
1725342629637 nan 382
1725342629655 nan 383
1725342629673 nan 384
1725342629688 nan 385
1725342629705 nan 386
1725342629722 nan 387
1725342629738 nan 388
1725342629761 nan 389
1725342629781 nan 390
1725342629803 nan 391
1725342629822 nan 392
1725342629844 nan 393
1725342629869 nan 394
1725342629905 nan 395
1725342629953 nan 396
1725342629984 nan 397
1725342630007 nan 398
1725342630023 nan 399
1725342630039 nan 400
1725342630053 nan 401
1725342630068 nan 402
1725342630082 nan 403
1725342630101 nan 404
1725342630118 nan 405
1725342630131 nan 406
1725342630147 nan 407
1725342630161 nan 408
1725342630175 nan 409
1725342630189 nan 410
1725342630202 nan 411
1725342630216 nan 412
1725342630230 nan 413
1725342630244 nan 414
1725342630261 nan 415
1725342630277 nan 416
1725342630293 nan 417
1725342630311 nan 418
1725342630328 nan 419
1725342630346 nan 420
1725342630362 nan 421
1725342630378 nan 422
1725342630398 nan 423
1725342630413 nan 424
1725342630430 nan 425
1725342630445 nan 426
1725342630461 nan 427
1725342630478 nan 428
1725342630495 nan 429
1725342630511 nan 430
1725342630525 nan 431
1725342630540 nan 432
1725342630556 nan 433
1725342630573 nan 434
1725342630591 nan 435
1725342630606 nan 436
1725342630622 nan 437
1725342630636 nan 438
1725342630651 nan 439
1725342630664 nan 440
1725342630678 nan 441
1725342630692 nan 442
1725342630706 nan 443
1725342630721 nan 444
1725342630734 nan 445
1725342630748 nan 446
1725342630766 nan 447
1725342630780 nan 448
1725342630795 nan 449
1725342630812 nan 450
1725342630827 nan 451
1725342630841 nan 452
1725342630859 nan 453
1725342630874 nan 454
1725342630890 nan 455
1725342630906 nan 456
1725342630924 nan 457
1725342630942 nan 458
1725342630973 nan 459
1725342630988 nan 460
1725342631008 nan 461
1725342631024 nan 462
1725342631039 nan 463
1725342631056 nan 464
1725342631074 nan 465
1725342631091 nan 466
1725342631107 nan 467
1725342631123 nan 468
1725342631137 nan 469
1725342631151 nan 470
1725342631164 nan 471
1725342631178 nan 472
1725342631192 nan 473
1725342631207 nan 474
1725342631220 nan 475
1725342631235 nan 476
1725342631248 nan 477
1725342631267 nan 478
1725342631281 nan 479
1725342631296 nan 480
1725342631310 nan 481
1725342631325 nan 482
1725342631338 nan 483
1725342631351 nan 484
1725342631367 nan 485
1725342631381 nan 486
1725342631395 nan 487
1725342631410 nan 488
1725342631424 nan 489
1725342631439 nan 490
1725342631454 nan 491
1725342631472 nan 492
1725342631486 nan 493
1725342631502 nan 494
1725342631519 nan 495
1725342631535 nan 496
1725342631553 nan 497
1725342631575 nan 498
1725342631591 nan 499
