1725405358667 168.50260428306996 0
1725405358699 173.7415155848601 1
1725405358732 169.3663589108978 2
1725405358760 165.50396310050476 3
1725405358784 169.5477318987151 4
1725405358814 166.49361345074936 5
1725405358846 164.30078107512028 6
1725405358879 173.6598903488903 7
1725405358916 165.14120915677378 8
1725405358946 164.85655342889496 9
1725405358979 151.1284900298062 10
1725405359010 152.26122095824303 11
1725405359044 147.66503154961669 12
1725405359072 154.8512214330867 13
1725405359111 156.97142844732195 14
1725405359144 148.61871850066538 15
1725405359184 146.778149879447 16
1725405359212 142.4206969372812 17
1725405359238 146.23453105092065 18
1725405359269 148.31090565245853 19
1725405359300 148.24373906953744 20
1725405359329 149.18204780598705 21
1725405359361 141.505890036014 22
1725405359396 138.4826597835275 23
1725405359428 143.51439387680864 24
1725405359460 150.47248000973204 25
1725405359494 134.37440660565022 26
1725405359527 136.2938660204758 27
1725405359566 135.41835055944665 28
1725405359599 127.4869718226239 29
1725405359624 126.87057745099806 30
1725405359653 129.6354403303352 31
1725405359684 126.93426561838007 32
1725405359721 123.00895274140926 33
1725405359761 125.71240910661332 34
1725405359794 123.37292398820446 35
1725405359839 127.58128200110174 36
1725405359924 124.15175338768691 37
1725405359962 126.2003577964439 38
1725405359999 124.28640305163869 39
1725405360028 127.06558960397437 40
1725405360061 119.39768726308802 41
1725405360087 120.6007193558886 42
1725405360123 112.39638723036703 43
1725405360160 114.78809737200879 44
1725405360194 119.70634513509282 45
1725405360220 112.57961690932486 46
1725405360249 108.91309496532972 47
1725405360274 112.99082805100736 48
1725405360307 112.45603998663137 49
1725405360336 109.81404699455662 50
1725405360373 108.84974445307427 51
1725405360408 107.28378111847819 52
1725405360434 105.84070996777332 53
1725405360474 101.4167995843338 54
1725405360512 103.12303870061429 55
1725405360544 101.90213885980862 56
1725405360569 104.02458757953794 57
1725405360602 108.09292040349737 58
1725405360636 106.83872633438259 59
1725405360669 98.89228029678786 60
1725405360702 96.71850817975255 61
1725405360728 97.8634713291815 62
1725405360751 102.3881459610637 63
1725405360786 100.11297475844418 64
1725405360817 97.08614846010397 65
1725405360846 99.68863116263243 66
1725405360878 94.57187171596928 67
1725405360900 95.29582766241612 68
1725405360934 91.52630038505005 69
1725405360963 94.7981722206616 70
1725405360995 86.87637464762444 71
1725405361027 92.8881552749667 72
1725405361062 93.4880352283516 73
1725405361095 93.1256622286277 74
1725405361129 90.48400650679565 75
1725405361160 85.50799408074414 76
1725405361190 87.71136184727727 77
1725405361222 85.16238293234383 78
1725405361248 82.85362945419321 79
1725405361275 81.62248737839016 80
1725405361301 82.27558378116615 81
1725405361328 84.00226507734166 82
1725405361361 84.23123690632637 83
1725405361392 82.22164226033799 84
1725405361423 83.71416875780402 85
1725405361455 80.24635070440831 86
1725405361482 82.68587508161166 87
1725405361508 76.7388034050101 88
1725405361534 78.46442139652396 89
1725405361565 75.59792645475905 90
1725405361594 76.25035196154948 91
1725405361626 74.1192420318372 92
1725405361657 73.05279338252811 93
1725405361689 74.34964486866096 94
1725405361719 71.94929133941808 95
1725405361751 77.76494427889071 96
1725405361783 73.51891707253547 97
1725405361812 70.45817527066552 98
1725405361845 71.45019970835202 99
1725405361878 67.80735196319652 100
1725405361901 69.65363583283172 101
1725405361936 70.660102395107 102
1725405361972 70.25781969170966 103
1725405362006 67.64637809286074 104
1725405362034 68.94329736469132 105
1725405362060 66.33624834853654 106
1725405362091 71.42868039243638 107
1725405362124 64.53330142246713 108
1725405362160 63.840151966948206 109
1725405362192 68.08810764258553 110
1725405362220 64.3019730877633 111
1725405362257 60.22382810841952 112
1725405362290 60.934911206879605 113
1725405362326 64.68527695667825 114
1725405362354 59.90204653412074 115
1725405362379 59.01638133380106 116
1725405362411 62.20049956528929 117
1725405362445 61.88965228294647 118
1725405362476 63.933270651825445 119
1725405362508 59.58038907923862 120
1725405362539 58.83245843803333 121
1725405362568 58.6179218612237 122
1725405362593 55.981764049066605 123
1725405362622 55.91060098484487 124
1725405362652 55.66454436108492 125
1725405362679 56.0427039621802 126
1725405362717 53.5570079843578 127
1725405362749 52.25913775792483 128
1725405362776 58.96094014547343 129
1725405362802 55.063697802533675 130
1725405362833 52.25427736619179 131
1725405362861 52.88892288655927 132
1725405362894 52.976530448502096 133
1725405362928 52.0787753016897 134
1725405362958 50.44104953938188 135
1725405362989 50.110784619472085 136
1725405363024 50.42213087247802 137
1725405363051 47.922631460190246 138
1725405363083 47.745237143656496 139
1725405363114 49.513023161805904 140
1725405363147 48.96169359372447 141
1725405363178 49.463419957291876 142
1725405363204 47.404259324335875 143
1725405363234 47.49387652803367 144
1725405363271 44.71600151246909 145
1725405363306 46.330626529663306 146
1725405363333 44.06852486428461 147
1725405363363 46.406256207777034 148
1725405363395 45.90834846061129 149
1725405363427 44.789198904387675 150
1725405363460 44.49293044043265 151
1725405363494 42.102267629383746 152
1725405363526 43.85744752603478 153
1725405363558 43.5729788424839 154
1725405363593 42.603335776729175 155
1725405363625 42.92543970134607 156
1725405363652 41.53631314972931 157
1725405363680 41.86076998405118 158
1725405363711 40.38937088676166 159
1725405363745 42.97650452897211 160
1725405363779 39.0522936471959 161
1725405363807 39.70246459434912 162
1725405363837 39.57984033461977 163
1725405363876 40.96613316012205 164
1725405363903 38.26483137858832 165
1725405363936 38.14946195493469 166
1725405363971 38.9908894344335 167
1725405364007 38.63341992240272 168
1725405364035 39.67355807517475 169
1725405364067 36.80148866040151 170
1725405364098 37.567184313992314 171
1725405364132 36.4560993748703 172
1725405364164 36.33973135506105 173
1725405364196 35.6847849413128 174
1725405364227 33.946326832649156 175
1725405364259 34.98624663072494 176
1725405364287 38.43386854274285 177
1725405364320 34.59787980031865 178
1725405364357 33.185012627777105 179
1725405364385 34.6055500607249 180
1725405364411 31.720089428774923 181
1725405364434 31.977287928210526 182
1725405364466 32.735016240613774 183
1725405364499 32.72931095022242 184
1725405364530 33.45787647157847 185
1725405364562 32.240739977474185 186
1725405364592 30.945417477334342 187
1725405364619 31.781955877270654 188
1725405364647 30.976382055583862 189
1725405364680 31.008000870432323 190
1725405364718 30.78839336845632 191
1725405364743 30.308916405331402 192
1725405364773 31.728318773862092 193
1725405364801 28.701783269368203 194
1725405364828 29.54103423923424 195
1725405364858 31.509768726463804 196
1725405364884 29.243789048726 197
1725405364910 29.070637499660283 198
1725405364942 28.249040366358045 199
1725405364973 30.00194460443527 200
1725405365008 29.573337816377705 201
1725405365042 28.413158431756244 202
1725405365073 27.526965707045434 203
1725405365108 27.707600320675315 204
1725405365138 25.959710356446035 205
1725405365168 27.92006043835365 206
1725405365198 25.921352288442748 207
1725405365233 26.4047427738808 208
1725405365260 26.270008798182783 209
1725405365294 25.12831703760631 210
1725405365320 25.34707071583987 211
1725405365350 25.584864345586396 212
1725405365376 24.28850189034377 213
1725405365408 26.014232474624922 214
1725405365435 24.41592310309801 215
1725405365467 24.327281713824924 216
1725405365498 24.859091515651578 217
1725405365530 25.43832001457191 218
1725405365563 23.568621571418234 219
1725405365599 24.560125746634444 220
1725405365628 24.589495846331317 221
1725405365651 23.211796023681938 222
1725405365675 23.721176526347083 223
1725405365705 23.111055763678284 224
1725405365737 21.358277120661633 225
1725405365769 22.8728130411611 226
1725405365801 22.828553356568257 227
1725405365830 22.316890493211364 228
1725405365861 22.10408007150253 229
1725405365887 21.147735234743678 230
1725405365916 21.975718992503715 231
1725405365943 19.991115961762073 232
1725405365966 23.246002194788247 233
1725405366000 20.6189365047816 234
1725405366027 21.366755983228273 235
1725405366064 20.244988410588903 236
1725405366094 19.763779322763988 237
1725405366127 19.871156873343296 238
1725405366152 19.720092772703286 239
1725405366192 19.97420907101727 240
1725405366218 19.2089081217026 241
1725405366250 18.17122591205606 242
1725405366276 19.668825125722222 243
1725405366300 18.238333985695046 244
1725405366325 18.11521774677059 245
1725405366355 20.124374936701734 246
1725405366388 20.17294186922556 247
1725405366418 19.176491017594273 248
1725405366445 18.483806631426496 249
1725405366478 18.41248184281819 250
1725405366511 17.757283822479142 251
1725405366545 17.483583064738898 252
1725405366578 16.88569234731901 253
1725405366611 18.232196078711798 254
1725405366637 17.224501370013563 255
1725405366667 16.091865838963823 256
1725405366691 17.16191754273567 257
1725405366718 16.44034059380774 258
1725405366743 17.292474088826438 259
1725405366771 16.75435321515108 260
1725405366806 16.733479194961163 261
1725405366838 16.032532913080573 262
1725405366868 15.637211032673099 263
1725405366901 16.278005863503246 264
1725405366925 16.02545494749567 265
1725405366963 15.766343280073462 266
1725405366995 15.869349762255483 267
1725405367022 15.612427893902385 268
1725405367052 14.652058014626505 269
1725405367091 14.944395547522307 270
1725405367119 15.029131432189907 271
1725405367156 14.827310693251103 272
1725405367191 14.595357553972356 273
1725405367214 15.293127055079736 274
1725405367248 15.011053402562426 275
1725405367284 14.681218406084655 276
1725405367313 15.346638610051839 277
1725405367344 13.721956805425432 278
1725405367376 13.938176374456043 279
1725405367407 13.74798901609805 280
1725405367439 14.085942423884434 281
1725405367465 13.743933551498769 282
1725405367502 14.685294022167422 283
1725405367535 13.577935276685487 284
1725405367569 12.90432580307797 285
1725405367603 12.959769961557411 286
1725405367637 13.597507920795497 287
1725405367670 14.478175710235828 288
1725405367703 12.407344533843503 289
1725405367736 14.112069481043454 290
1725405367768 13.256986739088187 291
1725405367806 13.115373782179962 292
1725405367835 12.509829258882919 293
1725405367863 12.128270348628833 294
1725405367899 12.006319703311487 295
1725405367924 12.602609647858996 296
1725405367967 11.471381762962519 297
1725405367995 11.688936555594129 298
1725405368026 12.601718291048337 299
1725405368041 11.197260425179062 300
1725405368055 11.504516085943038 301
1725405368070 11.081332033481313 302
1725405368095 11.732282282954545 303
1725405368128 11.099420935043604 304
1725405368158 13.08300312241606 305
1725405368186 10.290193617987258 306
1725405368216 11.950121192910506 307
1725405368242 10.864006884009893 308
1725405368266 10.99446835704022 309
1725405368288 9.835360059606234 310
1725405368309 10.572273215671052 311
1725405368331 10.629377524610288 312
1725405368364 11.507512988758297 313
1725405368398 9.883351588198618 314
1725405368432 10.098267991530097 315
1725405368467 10.095690515453654 316
1725405368494 9.316848341258503 317
1725405368525 10.013042907254261 318
1725405368549 10.065379431521261 319
1725405368576 9.271317238475252 320
1725405368610 9.201348465738103 321
1725405368641 10.007472655034398 322
1725405368675 10.897438707350457 323
1725405368710 9.954912810851795 324
1725405368737 9.540184869648309 325
1725405368770 9.237992390911147 326
1725405368805 8.852799206098252 327
1725405368838 9.168344281667116 328
1725405368870 9.844558058996922 329
1725405368903 9.22383935114657 330
1725405368935 8.435667815906047 331
1725405368968 8.996399230473168 332
1725405368994 8.247639002045531 333
1725405369028 8.18561406605452 334
1725405369053 8.960161986737578 335
1725405369085 8.026653900907986 336
1725405369116 8.855338864420892 337
1725405369147 7.844916341891795 338
1725405369179 8.105978302466722 339
1725405369206 7.6946674356079265 340
1725405369239 7.950620421400491 341
1725405369266 7.42669690742495 342
1725405369294 8.214663063503494 343
1725405369328 8.288722972962642 344
1725405369351 7.605014693677512 345
1725405369373 7.345726798619129 346
1725405369401 7.592374445898421 347
1725405369428 7.206170381646224 348
1725405369453 7.608880513691408 349
1725405369486 7.4992111645897666 350
1725405369518 7.787456686604203 351
1725405369549 7.439733877426928 352
1725405369579 7.549448775407173 353
1725405369616 6.992222598144676 354
1725405369656 7.221253559917691 355
1725405369684 7.502025110295776 356
1725405369718 7.0839992847745865 357
1725405369749 6.941404127948183 358
1725405369781 7.2957539845363515 359
1725405369812 6.162409241411204 360
1725405369844 6.632372594473966 361
1725405369891 6.671806913307361 362
1725405369918 6.500068291377793 363
1725405369944 6.361674709400252 364
1725405369970 6.863514363633437 365
1725405369998 6.338582357179243 366
1725405370028 6.203638760584439 367
1725405370051 6.8687366675358295 368
1725405370081 6.386533713157627 369
1725405370110 6.173467305976646 370
1725405370141 6.250998205317603 371
1725405370168 6.00424421823169 372
1725405370191 6.596295889536948 373
1725405370231 5.927481549155079 374
1725405370267 6.051104560989373 375
1725405370302 5.62159900910191 376
1725405370332 5.737595342339546 377
1725405370355 6.231443855307504 378
1725405370384 5.622087684694383 379
1725405370411 5.731891499581443 380
1725405370432 5.9218586000003635 381
1725405370458 6.1925758247777845 382
1725405370488 5.488426933172419 383
1725405370522 5.516944102107032 384
1725405370553 5.870972617326265 385
1725405370585 5.229725132009436 386
1725405370612 5.187643500378426 387
1725405370643 5.193889288131425 388
1725405370668 5.0998858910626765 389
1725405370693 5.81396948430239 390
1725405370718 4.764229569753991 391
1725405370750 5.420539111936127 392
1725405370780 5.403325897846686 393
1725405370819 4.670195237037719 394
1725405370853 4.751572217493573 395
1725405370884 5.469579136557894 396
1725405370910 4.932558415558696 397
1725405370933 4.896212132386834 398
1725405370967 4.940177168455102 399
1725405371000 4.724371972532117 400
1725405371025 4.58255220983177 401
1725405371050 4.769183132780216 402
1725405371077 4.246665846549117 403
1725405371101 4.415641684344248 404
1725405371127 4.423480370557011 405
1725405371157 4.153656351320923 406
1725405371185 4.624257412297037 407
1725405371214 4.3823888431985525 408
1725405371238 4.454989313978969 409
1725405371271 4.52529736930952 410
1725405371302 4.120985800790758 411
1725405371335 4.287170262626817 412
1725405371365 4.007522858904142 413
1725405371406 4.386400570533636 414
1725405371435 4.3157825818934645 415
1725405371462 4.409111008218451 416
1725405371500 4.275865400884583 417
1725405371529 4.472100603685267 418
1725405371561 4.182111075593129 419
1725405371593 4.058593522805219 420
1725405371624 4.506246019734298 421
1725405371661 3.867620649928491 422
1725405371687 3.84118779395532 423
1725405371717 4.20641354256986 424
1725405371745 3.9614560338095735 425
1725405371776 3.7480080234224995 426
1725405371808 3.991522743076862 427
1725405371841 3.830735629767322 428
1725405371870 3.81298356756933 429
1725405371907 3.7899236179589244 430
1725405371933 3.6290924739632375 431
1725405371967 3.5670521794667662 432
1725405372005 3.5573315005343558 433
1725405372039 3.5254800664126127 434
1725405372072 3.4376585981148304 435
1725405372107 3.4482629710245893 436
1725405372136 3.5960324338265544 437
1725405372166 3.448334990526319 438
1725405372192 3.1070046398177644 439
1725405372227 3.4776991793828786 440
1725405372282 3.3860174960088116 441
1725405372324 3.248093185760036 442
1725405372355 3.321944005172584 443
1725405372389 3.117522951927098 444
1725405372424 3.0379915968683724 445
1725405372459 3.614688984514142 446
1725405372485 3.3394127418005697 447
1725405372516 2.983176132563328 448
1725405372543 3.036567830294141 449
1725405372577 3.257563980496855 450
1725405372610 2.954659387197329 451
1725405372644 2.8785360282907284 452
1725405372679 3.1288347162246604 453
1725405372707 2.7553491377477277 454
1725405372735 3.5371883448113643 455
1725405372765 3.018799043530138 456
1725405372798 2.7117589781116718 457
1725405372827 3.0804630438966565 458
1725405372859 2.782602976431841 459
1725405372884 3.50704144335837 460
1725405372911 2.996021579485971 461
1725405372935 2.709736411132546 462
1725405372961 2.6522953927894455 463
1725405372992 2.9995823083532986 464
1725405373028 2.6981432281760673 465
1725405373058 2.747724020782562 466
1725405373089 2.328818032671069 467
1725405373118 2.633789951763662 468
1725405373143 2.6685491853817966 469
1725405373170 2.5230047333071397 470
1725405373192 3.380764080238048 471
1725405373220 2.7139271881771156 472
1725405373251 2.3642214158946824 473
1725405373284 3.2261647749330002 474
1725405373315 2.5172617117048395 475
1725405373348 2.698872739446162 476
1725405373380 2.3570686601036406 477
1725405373410 2.352570850023421 478
1725405373442 2.267881197670617 479
1725405373474 3.191021446992184 480
1725405373508 2.2964134042030526 481
1725405373542 2.3948396550024427 482
1725405373576 2.2614447212421993 483
1725405373606 2.1595856202857964 484
1725405373635 2.318958071318886 485
1725405373667 2.4024386900867416 486
1725405373691 2.381522090796298 487
1725405373716 2.282235181721559 488
1725405373744 2.0932688964477 489
1725405373772 2.1282470211503646 490
1725405373804 2.360002208725372 491
1725405373839 2.025200025059295 492
1725405373872 2.0092476257109038 493
1725405373904 2.0464007457618933 494
1725405373939 2.2487159208049916 495
1725405373972 2.1105599095456307 496
1725405374008 2.206825123886517 497
1725405374039 1.866976442934888 498
1725405374071 1.9694218975765119 499
