1725395313029 334624317.1044333 0
1725395313117 8.50965623375497e+20 1
1725395313224 1.3466383478437516e+32 2
1725395313333 3.1602803735866995e+43 3
1725395313386 4.3185274973854163e+55 4
1725395313449 1.179096272778395e+69 5
1725395313526 1.375509652434927e+82 6
1725395313616 2.3678086959891163e+94 7
1725395313679 1.2177899543097217e+108 8
1725395313756 1.9536689746983924e+118 9
1725395313835 4.483771724377413e+131 10
1725395313914 2.2911229128060178e+142 11
1725395313966 1.74901763901818e+155 12
1725395314028 5.351145266754664e+168 13
1725395314087 5.813597771869148e+180 14
1725395314160 8.821512659383578e+192 15
1725395314253 1.6956883021000506e+205 16
1725395314336 1.5919373502157117e+216 17
1725395314389 2.374780030185927e+228 18
1725395314448 1.0639548113708424e+240 19
1725395314517 1.0262049706398873e+252 20
1725395314596 2.0669917191316567e+265 21
1725395314684 5.737677304281414e+273 22
1725395314759 7.367884632067349e+290 23
1725395314820 1.1883498475160764e+303 24
1725395315000 inf 25
1725395315065 inf 26
