1725350110376 26693673.916146725 0
1725350110412 2725491148.6135774 1
1725350110437 1.724019908423415e+20 2
1725350110460 4.130649182563263e+21 3
1725350110483 5.341463198322359e+27 4
1725350110516 1.570327058999158e+35 5
1725350110553 2.519967655496561e+42 6
1725350110580 8.352535429157862e+49 7
1725350110603 2.309885659000986e+57 8
1725350110629 7.815377407505829e+65 9
1725350110656 1.41848428701192e+74 10
1725350110681 1.3417782435564644e+79 11
1725350110713 7.7138360892184e+86 12
1725350110749 2.8924419642410984e+95 13
1725350110777 6.539744591972231e+103 14
1725350110804 9.670146837108366e+110 15
1725350110830 1.4508567849433563e+120 16
1725350110863 5.821015473833151e+123 17
1725350110889 6.026677333887958e+130 18
1725350110917 1.342932185014078e+144 19
1725350110950 1.001224445191643e+148 20
1725350111007 4.280596395652141e+153 21
1725350111106 3.3476653666250507e+164 22
1725350111148 1.119238457474537e+168 23
1725350111173 2.278778831428492e+175 24
1725350111427 6.555218449782963e+185 25
1725350111452 8.412172440346879e+189 26
1725350111480 2.869527133984564e+197 27
1725350111504 3.739011005104134e+204 28
1725350111524 4.177378712528647e+212 29
1725350111608 4.369062424987523e+219 30
1725350111631 1.047311052212347e+230 31
1725350111653 3.5166141801096885e+234 32
1725350111679 4.783437567431712e+241 33
1725350111699 1.2141063657618592e+255 34
1725350111724 1.3876358827055868e+257 35
1725350111757 1.064523595368073e+268 36
1725350111780 2.617199475685081e+272 37
1725350111806 1.3168186351739518e+284 38
1725350111829 5.042306649150972e+285 39
1725350111857 5.465054598459043e+293 40
1725350111880 7.373418620187956e+305 41
1725350111905 inf 42
