1725353341586 169.15949537300654 0
1725353341605 168.81979605223614 1
1725353341630 168.48420320191946 2
1725353341651 168.1491703201916 3
1725353341676 167.81485012278475 4
1725353341697 167.4811625149064 5
1725353341734 167.1482236368649 6
1725353341752 166.8158890352747 7
1725353341772 166.48426431301087 8
1725353341790 166.1533021802849 9
1725353341808 165.82294074166634 10
1725353341827 165.49331658206532 11
1725353341846 165.1643374477271 12
1725353341863 164.83593605415157 13
1725353341882 164.50827777356088 14
1725353341902 164.18129129775835 15
1725353341921 163.85492527838235 16
1725353341948 163.52918745983663 17
1725353341978 163.20409375409366 18
1725353342002 162.87971985762928 19
1725353342022 162.5559511759572 20
1725353342043 162.23285210910626 21
1725353342063 161.9103879747745 22
1725353342083 161.5885220127434 23
1725353342101 161.26739611761795 24
1725353342118 160.94690010951962 25
1725353342136 160.6269623973623 26
1725353342154 160.30775475720233 27
1725353342172 159.98915346003716 28
1725353342189 159.67117740632 29
1725353342207 159.35381805752067 30
1725353342231 159.0371331984604 31
1725353342251 158.7211065051001 32
1725353342275 158.40565108745457 33
1725353342291 158.09086324958025 34
1725353342313 157.776709940671 35
1725353342332 157.46310210218036 36
1725353342351 157.15024676154007 37
1725353342368 156.83796953015906 38
1725353342390 156.52624985174958 39
1725353342408 156.21524842088076 40
1725353342427 155.90483512683545 41
1725353342445 155.5950513868403 42
1725353342464 155.28587695708563 43
1725353342484 154.97733047289572 44
1725353342501 154.66943152387648 45
1725353342520 154.36209112161015 46
1725353342539 154.05543943534454 47
1725353342559 153.74931933962603 48
1725353342578 153.4438237692045 49
1725353342597 153.13895157644455 50
1725353342615 152.83471766624044 51
1725353342634 152.53109747051397 52
1725353342651 152.2281036134973 53
1725353342669 151.92563025675668 54
1725353342688 151.62374634140423 55
1725353342707 151.32255732580984 56
1725353342726 151.0219945697765 57
1725353342759 150.72194927015872 58
1725353342778 150.422535667446 59
1725353342797 150.12372742604782 60
1725353342818 149.82550356265455 61
1725353342838 149.5278900773554 62
1725353342859 149.23088947395914 63
1725353342877 148.93448313353852 64
1725353342897 148.63864654663243 65
1725353342915 148.34339418826062 66
1725353342932 148.04873484195755 67
1725353342951 147.7546894862586 68
1725353342969 147.46121883592133 69
1725353342986 147.16832785167338 70
1725353343004 146.8759949481788 71
1725353343022 146.5843018875827 72
1725353343039 146.29315633497163 73
1725353343058 146.0026306946388 74
1725353343075 145.7126853968759 75
1725353343094 145.423313119462 76
1725353343111 145.13445871124026 77
1725353343134 144.84625503401048 78
1725353343154 144.5586089211999 79
1725353343172 144.27151597725663 80
1725353343188 143.9850687700464 81
1725353343206 143.6991591215639 82
1725353343226 143.41376880404786 83
1725353343245 143.12900178148607 84
1725353343264 142.84473827655333 85
1725353343283 142.56112245745146 86
1725353343315 142.2780204606212 87
1725353343353 141.9955124306572 88
1725353343393 141.71359510785197 89
1725353343424 141.43224807364712 90
1725353343433 141.15140109586702 91
1725353343441 140.87114654676833 92
1725353343449 140.59149257902743 93
1725353343468 140.31230038064257 94
1725353343487 140.033747480965 95
1725353343509 139.75574357973824 96
1725353343528 139.4782694217945 97
1725353343547 139.2013639117951 98
1725353343566 138.92496748371823 99
1725353343587 138.64920971807263 100
1725353343604 138.37398617625504 101
1725353343622 138.09916696152382 102
1725353343640 137.8250606027627 103
1725353343657 137.55147359932755 104
1725353343677 137.27842789153777 105
1725353343694 137.0059303686144 106
1725353343714 136.73394396814757 107
1725353343732 136.46254628932542 108
1725353343769 136.1917089555026 109
1725353343790 135.9213356527184 110
1725353343809 135.65156188123353 111
1725353343828 135.38228355825194 112
1725353343844 135.11356772654176 113
1725353343864 134.84540182628075 114
1725353343889 134.57781142660068 115
1725353343908 134.31069541077167 116
1725353343930 134.0441205976326 117
1725353343948 133.77805039093343 118
1725353343967 133.51256921096984 119
1725353343984 133.24761840810413 120
1725353344003 132.98319350827663 121
1725353344021 132.71925408643466 122
1725353344040 132.4559024610664 123
1725353344058 132.19301902756743 124
1725353344075 131.9306520526744 125
1725353344093 131.66887832796135 126
1725353344114 131.40757202573823 127
1725353344140 131.14683301964172 128
1725353344162 130.88654526078855 129
1725353344181 130.62685583311026 130
1725353344201 130.3676654099712 131
1725353344222 130.10896671275017 132
1725353344242 129.8508091586269 133
1725353344263 129.59313388735617 134
1725353344282 129.33604533949554 135
1725353344300 129.0794092628909 136
1725353344319 128.82324996849576 137
1725353344338 128.56772346767144 138
1725353344357 128.3126366431109 139
1725353344374 128.0580261737147 140
1725353344391 127.80398135895362 141
1725353344411 127.55041976566935 142
1725353344427 127.29736083826377 143
1725353344447 127.04482389248538 144
1725353344465 126.79282241726793 145
1725353344486 126.5412689077549 146
1725353344504 126.29025701755097 147
1725353344526 126.0396847602939 148
1725353344544 125.78960969558435 149
1725353344566 125.540098010828 150
1725353344589 125.29109132572142 151
1725353344607 125.04257615929288 152
1725353344624 124.79455626164317 153
1725353344642 124.54703209246664 154
1725353344661 124.29991478478527 155
1725353344679 124.05342741862097 156
1725353344696 123.80737537498274 157
1725353344714 123.56179244515862 158
1725353344734 123.31672347628128 159
1725353344753 123.07215318567455 160
1725353344786 122.82807346084539 161
1725353344804 122.58446077067515 162
1725353344825 122.34135413609737 163
1725353344845 122.098641895359 164
1725353344863 121.8565467747567 165
1725353344881 121.61485960387309 166
1725353344900 121.3736957120519 167
1725353344921 121.13298295434068 168
1725353344942 120.89271036858527 169
1725353344959 120.65298066921797 170
1725353344978 120.4137668001753 171
1725353344999 120.17501966997305 172
1725353345018 119.93668224049225 173
1725353345037 119.698851399105 174
1725353345056 119.46154406370856 175
1725353345076 119.22466031149686 176
1725353345096 118.98824375365733 177
1725353345113 118.7522888350034 178
1725353345131 118.51683354810537 179
1725353345148 118.28187838432284 180
1725353345165 118.04735082127786 181
1725353345183 117.81330451117357 182
1725353345202 117.5796525084804 183
1725353345220 117.34654527846811 184
1725353345238 117.11391417422817 185
1725353345259 116.88177110203972 186
1725353345276 116.65003206825617 187
1725353345295 116.41873369266999 188
1725353345349 116.18795426573865 189
1725353345368 115.95764438939561 190
1725353345388 115.72778890236083 191
1725353345409 115.49835996999202 192
1725353345430 115.26942133769016 193
1725353345451 115.04094228873306 194
1725353345478 114.81285463713179 195
1725353345500 114.58524978732645 196
1725353345522 114.3581221344413 197
1725353345541 114.13144880254916 198
1725353345560 113.90521744215712 199
1725353345579 113.67945259284434 200
1725353345598 113.45415199688324 201
1725353345616 113.22926488217296 202
1725353345634 113.0048452895948 203
1725353345653 112.7809128425474 204
1725353345672 112.55735056579674 205
1725353345690 112.33427174029347 206
1725353345707 112.1116456498985 207
1725353345726 111.88943645377644 208
1725353345743 111.66767547485416 209
1725353345762 111.44639297268156 210
1725353345795 111.2255713940756 211
1725353345817 111.00517200930342 212
1725353345835 110.78514371217956 213
1725353345853 110.56558599371742 214
1725353345873 110.34648076171516 215
1725353345892 110.12783725261707 216
1725353345914 109.90963809987079 217
1725353345933 109.69183376663817 218
1725353345955 109.4744648248846 219
1725353345976 109.25757904924545 220
1725353345997 109.0410896696021 221
1725353346020 108.82500096063389 222
1725353346047 108.60935685560568 223
1725353346069 108.39421297385607 224
1725353346089 108.17949276250843 225
1725353346108 107.96511334064422 226
1725353346126 107.75119024510117 227
1725353346144 107.5377050407666 228
1725353346162 107.32468235848098 229
1725353346180 107.11206209190712 230
1725353346198 106.89983394703144 231
1725353346216 106.68805325357026 232
1725353346236 106.4766973535941 233
1725353346254 106.26579086373408 234
1725353346275 106.05530420169744 235
1725353346295 105.84517116801658 236
1725353346315 105.63554927699926 237
1725353346336 105.4263250877811 238
1725353346354 105.21740733075264 239
1725353346373 105.00901708420041 240
1725353346391 104.80096730813797 241
1725353346408 104.59341904142524 242
1725353346427 104.38625752085727 243
1725353346445 104.17951702384846 244
1725353346462 103.9731654740189 245
1725353346481 103.7672439023828 246
1725353346500 103.56171010455672 247
1725353346520 103.35661882846775 248
1725353346537 103.15193500062514 249
1725353346557 102.94756443837713 250
1725353346579 102.74369918659995 251
1725353346598 102.54023997274055 252
1725353346618 102.33715157526908 253
1725353346637 102.13452399650487 254
1725353346657 101.93227032627996 255
1725353346680 101.73038168790087 256
1725353346702 101.52892883364532 257
1725353346722 101.32792206562797 258
1725353346741 101.12727715569856 259
1725353346758 100.92703284095023 260
1725353346781 100.72711530465439 261
1725353346811 100.52764807853978 262
1725353346830 100.32863429369554 263
1725353346848 100.12995410468058 264
1725353346867 99.93174296502347 265
1725353346889 99.7339112349731 266
1725353346908 99.53642855186759 267
1725353346929 99.33934550854258 268
1725353346945 99.14269200051434 269
1725353346971 98.94634234494299 270
1725353346991 98.75045471390563 271
1725353347012 98.55499020856038 272
1725353347032 98.35982927748158 273
1725353347056 98.16512223698741 274
1725353347075 97.97082483678889 275
1725353347090 97.77688319097696 276
1725353347111 97.58330318146074 277
1725353347129 97.39013852500878 278
1725353347147 97.19732775032959 279
1725353347166 97.00494709464427 280
1725353347184 96.81290775394004 281
1725353347204 96.62128011536315 282
1725353347222 96.43003913807148 283
1725353347242 96.23917163241036 284
1725353347266 96.04868035582868 285
1725353347286 95.85853001200088 286
1725353347307 95.66884564720527 287
1725353347329 95.47946622043408 288
1725353347351 95.29050496115988 289
1725353347369 95.10190156570825 290
1725353347392 94.91364300127336 291
1725353347411 94.72582309872989 292
1725353347432 94.53832075127524 293
1725353347452 94.35126781867494 294
1725353347473 94.1645458783508 295
1725353347491 93.97816309419426 296
1725353347509 93.7921993386832 297
1725353347530 93.60663396644576 298
1725353347548 93.42135859155835 299
1725353347566 93.23647159240475 300
1725353347585 93.05197617595233 301
1725353347605 92.86788651775072 302
1725353347624 92.6841090212619 303
1725353347643 92.50070204785794 304
1725353347662 92.31766850035378 305
1725353347685 92.13498172676593 306
1725353347704 91.95270603696427 307
1725353347723 91.77078952900757 308
1725353347744 91.58916567796162 309
1725353347763 91.40798900630611 310
1725353347782 91.22716217147924 311
1725353347800 91.0466417549228 312
1725353347835 90.86649782750226 313
1725353347854 90.68676165716518 314
1725353347873 90.50737395944702 315
1725353347892 90.32828995545647 316
1725353347913 90.14956705335359 317
1725353347933 89.97125867526063 318
1725353347952 89.79329178569873 319
1725353347972 89.61560075443937 320
1725353347992 89.43833611006791 321
1725353348013 89.26143539171942 322
1725353348032 89.08490846023416 323
1725353348052 88.90869457768164 324
1725353348078 88.73281701459766 325
1725353348097 88.55730373653122 326
1725353348120 88.38214037237708 327
1725353348137 88.20729660162621 328
1725353348156 88.03283172498085 329
1725353348175 87.85873371470467 330
1725353348193 87.68499191167774 331
1725353348210 87.51156493198138 332
1725353348228 87.33848399074311 333
1725353348247 87.16572676088582 334
1725353348264 86.99336561852934 335
1725353348281 86.8213000926619 336
1725353348299 86.64964010071846 337
1725353348319 86.47828177011486 338
1725353348336 86.30725465754794 339
1725353348354 86.1366205124748 340
1725353348375 85.96624377396836 341
1725353348395 85.79624212522145 342
1725353348414 85.62659306453776 343
1725353348434 85.45725918441235 344
1725353348452 85.28832860550564 345
1725353348473 85.11967661035797 346
1725353348492 84.95133263883947 347
1725353348512 84.78342299298808 348
1725353348532 84.61580885266488 349
1725353348552 84.44844765078955 350
1725353348582 84.28149676381247 351
1725353348599 84.11482140478869 352
1725353348618 83.94856031788981 353
1725353348638 83.78259922096026 354
1725353348656 83.61698227330612 355
1725353348674 83.45168789819785 356
1725353348691 83.28666518039086 357
1725353348712 83.12201123549087 358
1725353348732 82.95768177154123 359
1725353348749 82.79372545176123 360
1725353348767 82.63006091260952 361
1725353348787 82.46675980221035 362
1725353348805 82.3037065334628 363
1725353348822 82.14102633616025 364
1725353348858 81.97862119642211 365
1725353348878 81.81658174398922 366
1725353348900 81.65487679186113 367
1725353348920 81.49351042258026 368
1725353348942 81.33247427960204 369
1725353348962 81.17170047343707 370
1725353348981 81.01123948302076 371
1725353349004 80.85110265644118 372
1725353349021 80.69132152895851 373
1725353349042 80.53188367463831 374
1725353349061 80.37273929434794 375
1725353349078 80.21389028036315 376
1725353349096 80.0553617735729 377
1725353349114 79.89716104710455 378
1725353349132 79.7392432171957 379
1725353349150 79.58171760903804 380
1725353349168 79.42442436383821 381
1725353349186 79.26752555370885 382
1725353349205 79.11085728713442 383
1725353349223 78.95451531035448 384
1725353349242 78.79851773953486 385
1725353349259 78.64279911183392 386
1725353349280 78.48742571418141 387
1725353349298 78.33240039681738 388
1725353349316 78.17759849965822 389
1725353349335 78.02310963012575 390
1725353349353 77.86898582377783 391
1725353349372 77.71512057982825 392
1725353349390 77.56157129680038 393
1725353349408 77.40838263699354 394
1725353349428 77.2554181113636 395
1725353349447 77.10281232268561 396
1725353349469 76.95050133809622 397
1725353349489 76.79851426167855 398
1725353349505 76.64675756299935 399
1725353349525 76.49534093366559 400
1725353349540 76.34426487647637 401
1725353349561 76.19346424341244 402
1725353349581 76.04291846694908 403
1725353349600 75.89272886573795 404
1725353349621 75.74285564165594 405
1725353349641 75.59321506852643 406
1725353349658 75.44390847660877 407
1725353349678 75.29491312974369 408
1725353349698 75.1461961493852 409
1725353349717 74.99779828315584 410
1725353349737 74.8496404962098 411
1725353349757 74.70180458140877 412
1725353349777 74.55429114218124 413
1725353349793 74.40704125693654 414
1725353349814 74.26009356791063 415
1725353349837 74.11350007089423 416
1725353349868 73.9671454603931 417
1725353349887 73.82104865315203 418
1725353349907 73.67522826050923 419
1725353349929 73.52977105052013 420
1725353349949 73.38458137548528 421
1725353349973 73.23965344357474 422
1725353349993 73.09503020731042 423
1725353350012 72.95072824609797 424
1725353350031 72.80670028554478 425
1725353350052 72.66293292972315 426
1725353350071 72.51946789654268 427
1725353350089 72.37626817672867 428
1725353350107 72.23336278592994 429
1725353350126 72.09077919016806 430
1725353350150 71.94841289073494 431
1725353350171 71.80639281790981 432
1725353350190 71.66462839638291 433
1725353350207 71.52318342302665 434
1725353350226 71.38198426038296 435
1725353350247 71.24103272121816 436
1725353350267 71.10040803565295 437
1725353350288 70.96005305490465 438
1725353350307 70.81995803544373 439
1725353350328 70.68017155017978 440
1725353350346 70.54065971075086 441
1725353350366 70.40143988504032 442
1725353350385 70.26250035338434 443
1725353350404 70.12376744588735 444
1725353350422 69.98534850474384 445
1725353350443 69.84722594671317 446
1725353350462 69.70938115342183 447
1725353350480 69.57183155409236 448
1725353350499 69.43447932351926 449
1725353350519 69.29745304965009 450
1725353350536 69.16068055944126 451
1725353350555 69.02420148672448 452
1725353350574 68.88797041704674 453
1725353350594 68.75204527698008 454
1725353350614 68.61636747042837 455
1725353350634 68.48094900175896 456
1725353350652 68.34581986422494 457
1725353350672 68.21094818904749 458
1725353350690 68.07637711872154 459
1725353350709 67.94204023771889 460
1725353350729 67.80793799930882 461
1725353350748 67.6741231482623 462
1725353350768 67.54065354280476 463
1725353350786 67.40736653462484 464
1725353350804 67.27440897256783 465
1725353350823 67.14169196590069 466
1725353350840 67.00913777503945 467
1725353350873 66.87694254766899 468
1725353350893 66.74503032412788 469
1725353350913 66.61336788749215 470
1725353350932 66.48195739254926 471
1725353350951 66.35075126163122 472
1725353350969 66.21989205926049 473
1725353350988 66.08927989674373 474
1725353351008 65.95886047194247 475
1725353351030 65.8287860912343 476
1725353351048 65.69897226924418 477
1725353351065 65.56931362521816 478
1725353351084 65.43997115385245 479
1725353351104 65.31093155621718 480
1725353351123 65.18211912661991 481
1725353351141 65.05354044485158 482
1725353351159 64.92517780827565 483
1725353351177 64.79712996433199 484
1725353351210 64.66936019124311 485
1725353351229 64.54184756746311 486
1725353351247 64.41454873632352 487
1725353351263 64.28748775833986 488
1725353351282 64.16068226156706 489
1725353351300 64.03416950890477 490
1725353351319 63.907894502364854 491
1725353351339 63.78189412450983 492
1725353351359 63.656124297313774 493
1725353351376 63.53055574006166 494
1725353351393 63.40530281384827 495
1725353351411 63.28025571582598 496
1725353351429 63.15549300256404 497
1725353351448 63.030984101561906 498
1725353351466 62.90668434453728 499
