1725362066476 84.35993813594789 0
1725362066536 74.66285245037741 1
1725362066613 49.40533165405817 2
1725362066681 31.63161604174653 3
1725362066746 17.41005397042796 4
1725362066815 11.247039430312828 5
1725362066889 3.1831994638599945 6
1725362066957 5.2838887749966466 7
1725362067028 2.5857974284303684 8
1725362067097 2.2770485554574695 9
1725362067166 1.3800445873885163 10
1725362067231 1.4687660617133362 11
1725362067298 0.3488187033310671 12
1725362067367 0.9728505341164685 13
1725362067436 0.378092996500864 14
1725362067494 0.6713604662559558 15
1725362067557 0.031284940220529814 16
1725362067616 0.35418300438195655 17
1725362067671 0.0017072752933208492 18
1725362067733 0.02393343205485329 19
1725362067793 0.32032733908567906 20
1725362067863 0.026860291780852863 21
1725362068032 0.0001987899018088939 22
1725362068116 0.06906224961657709 23
1725362068174 0.2951221449251985 24
1725362068243 0.19913572812160357 25
1725362068307 0.20079059077082592 26
1725362068384 0.02343086209856313 27
1725362068451 0.0010535413852254942 28
1725362068504 0.2517489783292577 29
1725362068577 0.24236628170655003 30
1725362068643 0.006147941774890246 31
1725362068713 0.006942643826895966 32
1725362068780 0.000915382158561367 33
1725362068843 0.025331847797285808 34
1725362068904 0.00043132692513564626 35
1725362068968 0.005796414979543691 36
1725362069035 0.0090745015008708 37
1725362069093 0.006480718636856775 38
1725362069152 0.028008420978377538 39
1725362069215 0.1263301351800031 40
1725362069276 0.19211595703582487 41
1725362069340 0.09724474309849501 42
1725362069405 0.023044182617694003 43
1725362069476 0.06226454877609228 44
1725362069541 0.3595116430946371 45
