1725422788321 168.7980120451159 0
1725422788355 165.57141925751893 1
1725422788394 163.96590251242606 2
1725422788436 162.351643179526 3
1725422788492 160.7536059164413 4
1725422788531 159.17247590148793 5
1725422788570 157.60646390469637 6
1725422788606 156.0557419051629 7
1725422788640 154.51987111740587 8
1725422788686 152.99971081367028 9
1725422788722 151.49505429463207 10
1725422788763 150.00482094899724 11
1725422788804 148.52950536852396 12
1725422788839 147.06840088531993 13
1725422788872 145.62240323740005 14
1725422788906 144.18983698722374 15
1725422788938 142.77203534511872 16
1725422788975 141.36841357221815 17
1725422789020 139.9782405406493 18
1725422789052 138.60204305158103 19
1725422789086 137.23974043121862 20
1725422789121 135.88992300975568 21
1725422789152 134.55471185305365 22
1725422789188 133.2318345376231 23
1725422789219 131.92216218126572 24
1725422789252 130.62604881130952 25
1725422789282 129.3425052304498 26
1725422789324 128.07101704534793 27
1725422789361 126.81236889351261 28
1725422789397 125.56652749752733 29
1725422789436 124.3329665489085 30
1725422789472 123.11162838023 31
1725422789508 121.90210640458605 32
1725422789552 120.70442727438257 33
1725422789582 119.51937943156307 34
1725422789611 118.34486037218934 35
1725422789640 117.18265997845036 36
1725422789672 116.0320500685343 37
1725422789700 114.89282849023235 38
1725422789732 113.76459410364627 39
1725422789757 112.64757439165398 40
1725422789796 111.54142221271877 41
1725422789840 110.44631481044428 42
1725422789884 109.36228420496471 43
1725422789945 108.28887597031878 44
1725422790052 107.22605779691494 45
1725422790104 106.17354438573449 46
1725422790133 105.1316779544257 47
1725422790184 104.10000566422275 48
1725422790218 103.07876580771666 49
1725422790252 102.0671279425759 50
1725422790291 101.06551599149269 51
1725422790335 100.07422842378666 52
1725422790372 99.09254349103426 53
1725422790418 98.12044929835334 54
1725422790451 97.15847660855393 55
1725422790493 96.2052384551864 56
1725422790528 95.26205491071264 57
1725422790563 94.32745791352774 58
1725422790605 93.40281351152068 59
1725422790653 92.48705447887488 60
1725422790683 91.58033670822404 61
1725422790729 90.68229987917717 62
1725422790766 89.79354688850339 63
1725422790803 88.9137524219601 64
1725422790840 88.04193008772144 65
1725422790884 87.17947355076316 66
1725422790919 86.32453804351553 67
1725422790952 85.47927749481 68
1725422790987 84.64210940204697 69
1725422791023 83.8120731677687 70
1725422791072 82.99106694845207 71
1725422791118 82.17844396194288 72
1725422791151 81.37379438684059 73
1725422791185 80.57667959649284 74
1725422791229 79.78728321862532 75
1725422791261 79.00629311953529 76
1725422791295 78.23267653341965 77
1725422791334 77.46664064182916 78
1725422791370 76.70785872362434 79
1725422791406 75.9573762183852 80
1725422791449 75.21386678229588 81
1725422791490 74.47785067784531 82
1725422791529 73.74912312925429 83
1725422791592 73.02692824863556 84
1725422791634 72.31289111631915 85
1725422791672 71.60507577752729 86
1725422791710 70.90431172330621 87
1725422791751 70.21109801448635 88
1725422791784 69.52408553733459 89
1725422791823 68.84423067818078 90
1725422791860 68.17113270124209 91
1725422791902 67.50406275006021 92
1725422791941 66.84407349672487 93
1725422791970 66.19071007425859 94
1725422792002 65.54345322136199 95
1725422792035 64.90279490693084 96
1725422792073 64.26899516279133 97
1725422792119 63.639751961254035 98
1725422792161 63.01813602160465 99
1725422792194 62.402532980122395 100
1725422792226 61.79305423667646 101
1725422792262 61.18944971742421 102
1725422792298 60.590693740667184 103
1725422792340 59.999458628147735 104
1725422792388 59.4134194547873 105
1725422792424 58.8332842971199 106
1725422792460 58.25880197429521 107
1725422792494 57.68997091729217 108
1725422792524 57.12644237506251 109
1725422792560 56.56872146260302 110
1725422792595 56.016566054878915 111
1725422792627 55.469841417073745 112
1725422792662 54.92868647613297 113
1725422792696 54.391952786312416 114
1725422792738 53.86195922011503 115
1725422792771 53.33658024576493 116
1725422792805 52.81574987199158 117
1725422792851 52.30081058046554 118
1725422792893 51.79065944204668 119
1725422792927 51.28546262061391 120
1725422792963 50.7854075682771 121
1725422792995 50.29031114557771 122
1725422793029 49.79973860853227 123
1725422793060 49.314556032862995 124
1725422793088 48.83360519219215 125
1725422793117 48.35806712543496 126
1725422793150 47.8864491825656 127
1725422793184 47.41983044830796 128
1725422793227 46.95809741692467 129
1725422793258 46.50048951858649 130
1725422793294 46.04776392317776 131
1725422793338 45.599228500508445 132
1725422793372 45.15445392468445 133
1725422793402 44.71547276612002 134
1725422793428 44.28012938620052 135
1725422793462 43.84853245623107 136
1725422793492 43.42224279427419 137
1725422793521 42.99913874044852 138
1725422793550 42.58043659293067 139
1725422793582 42.16680855804047 140
1725422793617 41.75612379994029 141
1725422793650 41.349883242765195 142
1725422793686 40.94784726734428 143
1725422793730 40.54977522264333 144
1725422793762 40.15513825870973 145
1725422793799 39.764361678806026 146
1725422793834 39.37822298478164 147
1725422793872 38.995549329389206 148
1725422793917 38.6163601617384 149
1725422793953 38.24111958657931 150
1725422793993 37.86927632313969 151
1725422794033 37.50128935631307 152
1725422794066 37.13731049422101 153
1725422794101 36.77593546351174 154
1725422794140 36.41884024527945 155
1725422794190 36.065432611212714 156
1725422794233 35.71483253078565 157
1725422794269 35.368380887946195 158
1725422794302 35.02534765477356 159
1725422794331 34.68476431898295 160
1725422794362 34.34823930110122 161
1725422794393 34.01526282858935 162
1725422794424 33.685125160458014 163
1725422794463 33.35857910704702 164
1725422794494 33.03468618952968 165
1725422794523 32.71424825944629 166
1725422794562 32.397144671582595 167
1725422794616 32.08322917574428 168
1725422794649 31.771903981905105 169
1725422794684 31.46413339262432 170
1725422794717 31.159092831893858 171
1725422794750 30.856998005920985 172
1725422794780 30.558128443176212 173
1725422794815 30.261866385988334 174
1725422794852 29.968981553138054 175
1725422794885 29.678666293798898 176
1725422794913 29.391354302530193 177
1725422794953 29.1067223093034 178
1725422794992 28.824999912778726 179
1725422795027 28.54612796297056 180
1725422795060 28.26952896285521 181
1725422795095 27.99657774704532 182
1725422795128 27.725340478149906 183
1725422795160 27.457227884341087 184
1725422795194 27.19158670688524 185
1725422795239 26.928610857491844 186
1725422795269 26.66863748473678 187
1725422795303 26.41046742920227 188
1725422795332 26.15528353720681 189
1725422795364 25.902526484965716 190
1725422795392 25.652588747385497 191
1725422795431 25.404602575574955 192
1725422795465 25.158976040409318 193
1725422795503 24.915625443431647 194
1725422795538 24.675507316585204 195
1725422795582 24.437171439524434 196
1725422795616 24.20135449570091 197
1725422795649 23.967813844324628 198
1725422795683 23.736262835931665 199
1725422795717 23.506947317910125 200
1725422795756 23.28080878093001 201
1725422795793 23.055388341784838 202
1725422795821 22.83369318091576 203
1725422795855 22.613576818142434 204
1725422795904 22.395444354717583 205
1725422795929 22.179398599007783 206
1725422795963 21.96575330006679 207
1725422795994 21.75432282389179 208
1725422796021 21.54476939632794 209
1725422796060 21.336789611102482 210
1725422796094 21.131605398155457 211
1725422796127 20.928006726393175 212
1725422796162 20.726475646382678 213
1725422796198 20.527114501731173 214
1725422796229 20.329395691426736 215
1725422796263 20.133600423557162 216
1725422796309 19.94038687474512 217
1725422796340 19.74798484895611 218
1725422796384 19.55843370489712 219
1725422796415 19.370263348724233 220
1725422796448 19.183464621720073 221
1725422796482 18.999344277328124 222
1725422796516 18.81684135322734 223
1725422796549 18.635786923774038 224
1725422796582 18.457251602668244 225
1725422796620 18.27930524257793 226
1725422796650 18.103899692739855 227
1725422796688 17.930727498107604 228
1725422796720 17.75807603751258 229
1725422796748 17.58730723720341 230
1725422796793 17.419101982591815 231
1725422796828 17.25158126659556 232
1725422796871 17.086262140954556 233
1725422796905 16.922381138592584 234
1725422796948 16.760058610297865 235
1725422796982 16.599541947254284 236
1725422797016 16.440766651786564 237
1725422797063 16.282547250914167 238
1725422797102 16.126863941535902 239
1725422797132 15.972165941926782 240
1725422797179 15.819358355221276 241
1725422797216 15.66821353802257 242
1725422797249 15.518095153671815 243
1725422797285 15.369026599278909 244
1725422797315 15.222690108115478 245
1725422797353 15.076653733224282 246
1725422797390 14.932523665167194 247
1725422797429 14.789962830516735 248
1725422797470 14.648141449337441 249
1725422797515 14.508013900727716 250
1725422797554 14.3699177632343 251
1725422797593 14.232907074297898 252
1725422797627 14.095816284605478 253
1725422797663 13.961675685736981 254
1725422797692 13.828831039286328 255
1725422797721 13.696796484481736 256
1725422797754 13.566151595475437 257
1725422797785 13.436429809484016 258
1725422797816 13.30849726780787 259
1725422797850 13.18164825614622 260
1725422797889 13.056016926220979 261
1725422797927 12.931167477483116 262
1725422797955 12.808186984334741 263
1725422797982 12.68654293768697 264
1725422798018 12.565494594790918 265
1725422798053 12.44536944127028 266
1725422798083 12.327649687724545 267
1725422798126 12.210098914670434 268
1725422798161 12.093817320213768 269
1725422798186 11.979349679941695 270
1725422798215 11.864767238661504 271
1725422798249 11.752492510552992 272
1725422798277 11.640233034936458 273
1725422798304 11.529860679083605 274
1725422798339 11.420730198619635 275
1725422798383 11.312133935427232 276
1725422798414 11.204612202049315 277
1725422798447 11.098565704700116 278
1725422798492 10.992823108936815 279
1725422798529 10.888553927450218 280
1725422798565 10.785264056706037 281
1725422798598 10.683336800034358 282
1725422798630 10.582313005615967 283
1725422798667 10.481926733857858 284
1725422798701 10.38209202774466 285
1725422798732 10.284025542566162 286
1725422798763 10.186519251630626 287
1725422798803 10.090350178932423 288
1725422798841 9.994920353047194 289
1725422798886 9.900077183711916 290
1725422798922 9.806754560477929 291
1725422798951 9.71368882849796 292
1725422798984 9.622410968485152 293
1725422799014 9.53094884595345 294
1725422799048 9.44098442981664 295
1725422799082 9.352384784130077 296
1725422799117 9.26351036169818 297
1725422799157 9.176396435056429 298
1725422799191 9.090090815314886 299
1725422799222 9.004050420240038 300
1725422799254 8.919735902654775 301
1725422799280 8.834851373787053 302
1725422799305 8.751715385363989 303
1725422799348 8.669696410567665 304
1725422799382 8.588111651899183 305
1725422799415 8.507246858191172 306
1725422799450 8.427596222447251 307
1725422799482 8.347982455564296 308
1725422799515 8.269331975792118 309
1725422799537 8.191399850235666 310
1725422799583 8.115274422220281 311
1725422799622 8.038474534287687 312
1725422799657 7.963089641598968 313
1725422799696 7.888671112904781 314
1725422799737 7.81420991713696 315
1725422799771 7.741286895998964 316
1725422799816 7.6686957212991205 317
1725422799851 7.596290572853065 318
1725422799882 7.525619314772923 319
1725422799914 7.455597622603978 320
1725422799946 7.385533966717873 321
1725422799978 7.31616088659822 322
1725422800013 7.248152191908848 323
1725422800047 7.17987817274913 324
1725422800072 7.112847005624213 325
1725422800114 7.046204741990625 326
1725422800149 6.980886968506349 327
1725422800192 6.9154535023708 328
1725422800227 6.850388996055673 329
1725422800263 6.786763093597942 330
1725422800300 6.723431110059269 331
1725422800344 6.66115694392656 332
1725422800376 6.598723149168687 333
1725422800416 6.53725489990485 334
1725422800454 6.476462135100702 335
1725422800483 6.416369568965516 336
1725422800514 6.356678325168788 337
1725422800551 6.297424677712592 338
1725422800584 6.238875101793861 339
1725422800628 6.1811359069589 340
1725422800659 6.123351804185282 341
1725422800695 6.066962826975967 342
1725422800729 6.010616454837772 343
1725422800760 5.954326835610153 344
1725422800803 5.8995978284920865 345
1725422800837 5.84499062144948 346
1725422800881 5.79033816664418 347
1725422800919 5.737036838084243 348
1725422800957 5.683980549108219 349
1725422800992 5.6313605919555005 350
1725422801036 5.579060622058449 351
1725422801078 5.527348453393734 352
1725422801102 5.475959094611212 353
1725422801135 5.425828658001975 354
1725422801168 5.375724361406757 355
1725422801202 5.326210443273939 356
1725422801251 5.276845166551056 357
1725422801287 5.228293858956672 358
1725422801323 5.180068911805217 359
1725422801361 5.132384770754999 360
1725422801400 5.08520962497675 361
1725422801431 5.0385632824596165 362
1725422801468 4.991977431712972 363
1725422801508 4.94621564761238 364
1725422801547 4.900393402707529 365
1725422801588 4.855633136584238 366
1725422801616 4.811248485419338 367
1725422801659 4.767133001924549 368
1725422801694 4.7233003212143885 369
1725422801727 4.679999430697573 370
1725422801763 4.637024406213424 371
1725422801803 4.594441167698743 372
1725422801838 4.5527513981148955 373
1725422801878 4.511093123941212 374
1725422801917 4.469381046956561 375
1725422801943 4.4283775876806795 376
1725422801962 4.388253519049079 377
1725422801983 4.347897608492341 378
1725422801999 4.308856509312092 379
1725422802018 4.269253212355856 380
1725422802048 4.230078793677284 381
1725422802080 4.191479310529466 382
1725422802115 4.153289185196394 383
1725422802139 4.115766382938503 384
1725422802181 4.078076235844499 385
1725422802212 4.041534830193006 386
1725422802254 4.004608604019295 387
1725422802291 3.967521853104242 388
1725422802313 3.932113004203996 389
1725422802335 3.8963741594650543 390
1725422802359 3.86101461741094 391
1725422802383 3.8262355628749556 392
1725422802404 3.791708921509261 393
1725422802436 3.756418771360564 394
1725422802479 3.722886016935598 395
1725422802511 3.689426129717529 396
1725422802545 3.656006628395746 397
1725422802564 3.62310039361367 398
1725422802585 3.5902915159719826 399
1725422802605 3.5574749510891044 400
1725422802622 3.525991612076865 401
1725422802645 3.494210685456469 402
1725422802663 3.4629761614085113 403
1725422802686 3.4311296346418905 404
1725422802710 3.4009673530887006 405
1725422802731 3.3701382533238093 406
1725422802755 3.3397794670879746 407
1725422802773 3.3101545556415792 408
1725422802797 3.280290309047409 409
1725422802826 3.2507906016924806 410
1725422802853 3.2218460274639718 411
1725422802881 3.1933364903670927 412
1725422802906 3.1642193940667744 413
1725422802926 3.135758976792794 414
1725422802946 3.108071591065524 415
1725422802961 3.080149271239466 416
1725422802981 3.052855105431722 417
1725422803000 3.0255864538118242 418
1725422803017 2.998381740338001 419
1725422803035 2.972019250609571 420
1725422803061 2.945550111329819 421
1725422803087 2.9193990183912844 422
1725422803113 2.8934171197795138 423
1725422803147 2.8679686842711485 424
1725422803172 2.8422396963387437 425
1725422803191 2.8172384316934944 426
1725422803213 2.792420756715381 427
1725422803228 2.767618634221441 428
1725422803246 2.7424448048684074 429
1725422803267 2.7188491030787483 430
1725422803290 2.6943007978534026 431
1725422803310 2.6706563136817554 432
1725422803331 2.647591644295814 433
1725422803352 2.6239721253284043 434
1725422803370 2.6007348036914455 435
1725422803393 2.5780231265160416 436
1725422803418 2.5553685761057925 437
1725422803438 2.5328739354914265 438
1725422803459 2.5110437364100737 439
1725422803479 2.4889283524983563 440
1725422803498 2.466472861038933 441
1725422803519 2.4457418458152707 442
1725422803535 2.4240067640895413 443
1725422803576 2.4028858134090125 444
1725422803613 2.3823063898744117 445
1725422803660 2.360886749319301 446
1725422803702 2.3399609102081507 447
1725422803759 2.3202814295943117 448
1725422803791 2.3000446251206834 449
1725422803815 2.280146966199942 450
1725422803836 2.259642073262986 451
1725422803865 2.240420121379688 452
1725422803889 2.2213131638946857 453
1725422803912 2.2020985010087784 454
1725422803930 2.182532142172441 455
1725422803949 2.163877843886618 456
1725422803969 2.145706058133498 457
1725422803990 2.1266722829668794 458
1725422804013 2.1081326766260817 459
1725422804033 2.0903778561204374 460
1725422804054 2.0717795613370837 461
1725422804080 2.0547398924397573 462
1725422804100 2.0362960580897598 463
1725422804122 2.019240548830553 464
1725422804144 2.0021666917118344 465
1725422804166 1.9847640335654582 466
1725422804193 1.967857314911925 467
1725422804216 1.9509723759266777 468
1725422804239 1.9343482664656906 469
1725422804263 1.9178820870090763 470
1725422804284 1.9018048731755017 471
1725422804311 1.8851900685954661 472
1725422804329 1.8690775465913307 473
1725422804346 1.8535208836027204 474
1725422804365 1.837421418756554 475
1725422804386 1.8214860619602518 476
1725422804405 1.8068716470902197 477
1725422804426 1.791134994530696 478
1725422804445 1.776323629851664 479
1725422804462 1.7606643417761185 480
1725422804480 1.7462239288074177 481
1725422804499 1.7313966593811183 482
1725422804518 1.7173174632918464 483
1725422804534 1.7025239804371686 484
1725422804579 1.687770226138017 485
1725422804621 1.6742213568228406 486
1725422804655 1.6603713445818173 487
1725422804680 1.646309205909847 488
1725422804702 1.631914201690612 489
1725422804723 1.61854923836088 490
1725422804738 1.6054998488629206 491
1725422804760 1.5916114605436318 492
1725422804778 1.5785329717599712 493
1725422804797 1.5656395949325888 494
1725422804819 1.5527593628735696 495
1725422804844 1.5393215085117635 496
1725422804862 1.5269574246931141 497
1725422804880 1.5144080466359282 498
1725422804897 1.5019429714482404 499
