1725382937954 173.9163792307502 0
1725382937985 170.432843952184 1
1725382938017 167.02616687480267 2
1725382938060 163.694575327231 3
1725382938094 160.43633873987358 4
1725382938129 157.249767621316 5
1725382938157 154.13321256024437 6
1725382938191 151.08506325222547 7
1725382938219 148.10374755070782 8
1725382938241 145.1877305416204 9
1725382938267 142.33551364096292 10
1725382938302 139.54563371479784 11
1725382938331 136.81666222107057 12
1725382938367 134.1472043726988 13
1725382938407 131.5358983213877 14
1725382938458 128.9814143616416 15
1725382938514 126.48245415445808 16
1725382938571 124.03774997020152 17
1725382938624 121.6460639501699 18
1725382938646 119.30618738637905 19
1725382938671 117.0169400191017 20
1725382938698 114.77716935171178 21
1725382938727 112.58574998239537 22
1725382938749 110.44158295230126 23
1725382938809 108.34359510971632 24
1725382938892 106.29073848986026 25
1725382938923 104.28198970990643 26
1725382938949 102.31634937884456 27
1725382938974 100.39284152181227 28
1725382938999 98.51051301853083 29
1725382939023 96.66843305549145 30
1725382939047 94.86569259154643 31
1725382939070 93.1014038365694 32
1725382939092 91.37469974285675 33
1725382939115 89.68473350895158 34
1725382939149 88.03067809557959 35
1725382939207 86.41172575339371 36
1725382939230 84.82708756223326 37
1725382939255 83.27599298160973 38
1725382939280 81.75768941214017 39
1725382939304 80.27144176765434 40
1725382939331 78.81653205771141 41
1725382939358 77.39225898026612 42
1725382939382 75.9979375242327 43
1725382939410 74.63289858170141 44
1725382939435 73.29648856956669 45
1725382939473 71.98806906033558 46
1725382939505 70.70701642188712 47
1725382939529 69.45272146596261 48
1725382939556 68.22458910516967 49
1725382939580 67.0220380182906 50
1725382939604 65.84450032368898 51
1725382939631 64.69142126061541 52
1725382939660 63.56225887821706 53
1725382939685 62.456483732061216 54
1725382939709 61.37357858798787 55
1725382939730 60.31303813311061 56
1725382939754 59.27436869379024 57
1725382939776 58.25708796040968 58
1725382939800 57.26072471878262 59
1725382939822 56.28481858803352 60
1725382939845 55.32891976478984 61
1725382939869 54.39258877353187 62
1725382939894 53.47539622294889 63
1725382939920 52.57692256815476 64
1725382939945 51.696757878619664 65
1725382939968 50.83450161167762 66
1725382939989 49.989762391473676 67
1725382940011 49.16215779321801 68
1725382940034 48.35131413261678 69
1725382940063 47.55686626035388 70
1725382940088 46.77845736149996 71
1725382940113 46.0157387597285 72
1725382940137 45.268369726222204 73
1725382940161 44.53601729315462 74
1725382940182 43.818356071636664 75
1725382940206 43.11506807401823 76
1725382940230 42.4258425404396 77
1725382940255 41.75037576952914 78
1725382940277 41.08837095314658 79
1725382940304 40.439538015073445 80
1725382940323 39.80359345355476 81
1725382940345 39.180260187598776 82
1725382940367 38.56926740694341 83
1725382940394 37.9703504256004 84
1725382940419 37.38325053889043 85
1725382940439 36.80771488388517 86
1725382940466 36.24349630317276 87
1725382940487 35.69035321186721 88
1725382940510 35.148049467782684 89
1725382940534 34.61635424469633 90
1725382940562 34.095041908624864 91
1725382940587 33.58389189704234 92
1725382940620 33.08268860096765 93
1725382940641 32.59122124985282 94
1725382940662 32.10928379920424 95
1725382940687 31.63667482087119 96
1725382940713 31.173197395937116 97
1725382940737 30.718659010150812 98
1725382940762 30.272871451836583 99
1725382940786 29.835650712223575 100
1725382940812 29.406816888135925 101
1725382940836 28.9861940869869 102
1725382940857 28.573610334021783 103
1725382940881 28.16889748175533 104
1725382940907 27.77189112155079 105
1725382940929 27.382430497289455 106
1725382940951 27.000358421080236 107
1725382940988 26.62552119096022 108
1725382941017 26.257768510538696 109
1725382941050 25.896953410537705 110
1725382941083 25.54293217218382 111
1725382941115 25.195564252406648 112
1725382941140 24.854712210800827 113
1725382941163 24.52024163830922 114
1725382941187 24.192021087585967 115
1725382941212 23.8699220049994 116
1725382941235 23.553818664235525 117
1725382941259 23.243588101463295 118
1725382941278 22.939110052025203 119
1725382941306 22.640266888615784 120
1725382941328 22.346943560913175 121
1725382941351 22.059027536628594 122
1725382941376 21.776408743940003 123
1725382941401 21.49897951527692 124
1725382941427 21.226634532424082 125
1725382941452 20.95927077291248 126
1725382941482 20.696787457667103 127
1725382941502 20.439085999881247 128
1725382941529 20.186069955088605 129
1725382941557 19.937644972403923 130
1725382941584 19.69371874690483 131
1725382941608 19.454200973127715 132
1725382941629 19.219003299650844 133
1725382941652 18.98803928473882 134
1725382941675 18.761224353023643 135
1725382941697 18.53847575319706 136
1725382941720 18.319712516690455 137
1725382941743 18.104855417319015 138
1725382941763 17.893826931866773 139
1725382941788 17.686551201590618 140
1725382941813 17.482953994621283 141
1725382941838 17.282962669239865 142
1725382941868 17.086506138009494 143
1725382941898 16.89351483274115 144
1725382941922 16.703920670275128 145
1725382941946 16.517657019056934 146
1725382941970 16.334658666490853 147
1725382941995 16.154861787051082 148
1725382942018 15.978203911133457 149
1725382942040 15.804623894629895 150
1725382942071 15.634061889208475 151
1725382942095 15.466459313282504 152
1725382942118 15.301758823652232 153
1725382942141 15.139904287803263 154
1725382942162 14.980840756846433 155
1725382942185 14.824514439083426 156
1725382942214 14.670872674184105 157
1725382942242 14.519863907960188 158
1725382942266 14.371437667722262 159
1725382942289 14.225544538205368 160
1725382942307 14.082136138050389 161
1725382942332 13.94116509682798 162
1725382942355 13.802585032592045 163
1725382942376 13.666350529950547 164
1725382942399 13.532417118641318 165
1725382942422 13.400741252601073 166
1725382942445 13.271280289515925 167
1725382942467 13.14399247084204 168
1725382942490 13.0188369022856 169
1725382942512 12.895773534730864 170
1725382942535 12.774763145606416 171
1725382942557 12.655767320678537 172
1725382942579 12.538748436262189 173
1725382942602 12.42366964183993 174
1725382942625 12.310494843078548 175
1725382942647 12.199188685234567 176
1725382942671 12.089716536939662 177
1725382942694 11.982044474356412 178
1725382942717 11.876139265696521 179
1725382942743 11.77196835609207 180
1725382942768 11.6694998528127 181
1725382942790 11.568702510819511 182
1725382942811 11.469545718648432 183
1725382942833 11.371999484615252 184
1725382942857 11.276034423334648 185
1725382942882 11.181621742546032 186
1725382942903 11.088733230238862 187
1725382942927 10.997341242070744 188
1725382942951 10.907418689070912 189
1725382942975 10.818939025623267 190
1725382943004 10.731876237721472 191
1725382943027 10.646204831490707 192
1725382943050 10.561899821969105 193
1725382943079 10.478936722143285 194
1725382943102 10.397291532231836 195
1725382943128 10.316940729211163 196
1725382943153 10.237861256577775 197
1725382943177 10.160030514341878 198
1725382943198 10.083426349246505 199
1725382943221 10.008027045207369 200
1725382943244 9.933811313967729 201
1725382943267 9.860758285964046 202
1725382943289 9.788847501396772 203
1725382943311 9.718058901502017 204
1725382943334 9.648372820019205 205
1725382943357 9.579769974850358 206
1725382943380 9.512231459906184 207
1725382943401 9.445738737135258 208
1725382943424 9.3802736287314 209
1725382943446 9.315818309515604 210
1725382943474 9.252355299488311 211
1725382943494 9.18986745654787 212
1725382943514 9.128337969371923 213
1725382943539 9.067750350457255 214
1725382943562 9.00808842931499 215
1725382943587 8.949336345817155 216
1725382943609 8.89147854369161 217
1725382943629 8.834499764161222 218
1725382943654 8.778385039724753 219
1725382943673 8.723119688075386 220
1725382943705 8.668689306154612 221
1725382943730 8.615079764337418 222
1725382943754 8.562277200746689 223
1725382943776 8.510268015692876 224
1725382943797 8.45903886623706 225
1725382943823 8.408576660873788 226
1725382943846 8.358868554331227 227
1725382943871 8.309901942486281 228
1725382943894 8.26166445739113 229
1725382943917 8.21414396240981 230
1725382943940 8.16732854746129 231
1725382943962 8.1212065243672 232
1725382943987 8.075766422301749 233
1725382944008 8.03099698334113 234
1725382944031 7.986887158110693 235
1725382944054 7.943426101527116 236
1725382944072 7.900603168633904 237
1725382944106 7.8584079105276565 238
1725382944129 7.8168300703732205 239
1725382944146 7.775859579505817 240
1725382944182 7.735486553618055 241
1725382944204 7.69570128902966 242
1725382944228 7.656494259038577 243
1725382944262 7.617856110351046 244
1725382944289 7.57977765958924 245
1725382944323 7.54224988987455 246
1725382944347 7.505263947484732 247
1725382944371 7.468811138583336 248
1725382944397 7.432882926020028 249
1725382944420 7.397470926199419 250
1725382944445 7.362566906017913 251
1725382944473 7.328162779866165 252
1725382944498 7.294250606696106 253
1725382944519 7.260822587150953 254
1725382944538 7.227871060756756 255
1725382944561 7.19538850317428 256
1725382944584 7.16336752350951 257
1725382944606 7.131800861681858 258
1725382944629 7.1006813858484 259
1725382944650 7.070002089883223 260
1725382944671 7.039756090910435 261
1725382944697 7.009936626889627 262
1725382944720 6.980537054252754 263
1725382944738 6.951550845591121 264
1725382944763 6.922971587391452 265
1725382944787 6.894792977819954 266
1725382944812 6.8670088245532 267
1725382944837 6.839613042654938 268
1725382944859 6.812599652497541 269
1725382944885 6.785962777727486 270
1725382944916 6.759696643273518 271
1725382944977 6.7337955733967165 272
1725382945016 6.708253989781602 273
1725382945042 6.683066409667104 274
1725382945067 6.658227444016854 275
1725382945108 6.633731795727697 276
1725382945135 6.609574257875513 277
1725382945166 6.585749711997812 278
1725382945246 6.562253126412025 279
1725382945268 6.539079554568783 280
1725382945290 6.51622413343939 281
1725382945320 6.493682081936947 282
1725382945349 6.471448699369809 283
1725382945370 6.44951936392754 284
1725382945391 6.427889531197733 285
1725382945417 6.406554732713733 286
1725382945440 6.385510574532004 287
1725382945465 6.364752735839154 288
1725382945487 6.344276967587248 289
1725382945513 6.324079091157252 290
1725382945533 6.304154997049944 291
1725382945555 6.284500643603432 292
1725382945578 6.26511205573711 293
1725382945600 6.245985323721019 294
1725382945622 6.227116601970397 295
1725382945642 6.208502107864776 296
1725382945664 6.190138120590946 297
1725382945686 6.172020980009551 298
1725382945710 6.15414708554445 299
1725382945734 6.13651289509473 300
1725382945760 6.119114923968555 301
1725382945785 6.101949743838519 302
1725382945813 6.085013981718078 303
1725382945830 6.068304318958509 304
1725382945851 6.051817490266087 305
1725382945870 6.035550282738789 306
1725382945893 6.01949953492236 307
1725382945917 6.00366213588531 308
1725382945939 5.9880350243121905 309
1725382945963 5.972615187614984 310
1725382945988 5.957399661062307 311
1725382946010 5.942385526925592 312
1725382946035 5.927569913642445 313
1725382946057 5.912949994996473 314
1725382946077 5.898522989313148 315
1725382946102 5.884286158671815 316
1725382946127 5.870236808133061 317
1725382946152 5.85637228498105 318
1725382946175 5.842689977981205 319
1725382946198 5.829187316651911 320
1725382946221 5.815861770550829 321
1725382946244 5.802710848574924 322
1725382946271 5.789732098274229 323
1725382946297 5.776923105178965 324
1725382946320 5.764281492139608 325
1725382946346 5.751804918679813 326
1725382946371 5.7394910803620105 327
1725382946394 5.727337708164929 328
1725382946415 5.715342567873381 329
1725382946437 5.703503459479746 330
1725382946460 5.691818216596791 331
1725382946483 5.680284705882027 332
1725382946506 5.668900826472809 333
1725382946528 5.657664509432402 334
1725382946554 5.646573717206552 335
1725382946578 5.63562644309039 336
1725382946605 5.624820710705471 337
1725382946643 5.614154573486834 338
1725382946677 5.603626114179562 339
1725382946724 5.5932334443451115 340
1725382946768 5.582974703876673 341
1725382946821 5.572848060523951 342
1725382946857 5.562851709426636 343
1725382946881 5.552983872656744 344
1725382946908 5.543242798769534 345
1725382946930 5.533626762362722 346
1725382946959 5.524134063644043 347
1725382946987 5.514763028006787 348
1725382947013 5.505512005613218 349
1725382947046 5.4963793709857045 350
1725382947073 5.487363522605561 351
1725382947099 5.478462882519069 352
1725382947133 5.469675895950954 353
1725382947157 5.461001030924924 354
1725382947181 5.45243677789109 355
1725382947205 5.443981649360375 356
1725382947231 5.435634179545421 357
1725382947258 5.427392924008282 358
1725382947290 5.419256459314313 359
1725382947326 5.411223382692495 360
1725382947359 5.403292311701929 361
1725382947395 5.395461883904265 362
1725382947421 5.387730756542163 363
1725382947461 5.380097606223477 364
1725382947484 5.372561128611209 365
1725382947509 5.365120038119021 366
1725382947543 5.357773067612085 367
1725382947572 5.350518968113481 368
1725382947597 5.343356508515662 369
1725382947622 5.336284475297249 370
1725382947645 5.329301672244664 371
1725382947673 5.322406920178889 372
1725382947700 5.315599056686959 373
1725382947724 5.308876935858239 374
1725382947748 5.302239428025284 375
1725382947771 5.295685419509526 376
1725382947795 5.289213812370996 377
1725382947820 5.282823524162843 378
1725382947843 5.2765134876899635 379
1725382947866 5.270282650771851 380
1725382947891 5.264129976009589 381
1725382947916 5.258054440556992 382
1725382947938 5.252055035895589 383
1725382947962 5.246130767613564 384
1725382947984 5.240280655188552 385
1725382948007 5.234503731774152 386
1725382948031 5.228799043990087 387
1725382948051 5.223165651716078 388
1725382948073 5.217602627889106 389
1725382948099 5.2121090583043 390
1725382948130 5.206684041419065 391
1725382948152 5.2013266881606945 392
1725382948178 5.196036121737225 393
1725382948204 5.190811477451388 394
1725382948231 5.185651902517891 395
1725382948258 5.180556555883657 396
1725382948280 5.1755246080511625 397
1725382948302 5.170555240904703 398
1725382948327 5.1656476475396795 399
1725382948352 5.160801032094581 400
1725382948378 5.15601460958597 401
1725382948400 5.151287605746066 402
1725382948432 5.14661925686313 403
1725382948457 5.142008809624502 404
1725382948488 5.137455520962162 405
1725382948521 5.132958657900988 406
1725382948548 5.128517497409373 407
1725382948572 5.1241313262524235 408
1725382948594 5.119799440847519 409
1725382948617 5.115521147122274 410
1725382948641 5.111295760374773 411
1725382948666 5.1071226051362 412
1725382948689 5.1030010150356295 413
1725382948711 5.09893033266695 414
1725382948738 5.094909909458212 415
1725382948762 5.0909391055427715 416
1725382948785 5.08701728963281 417
1725382948808 5.083143838894625 418
1725382948830 5.079318138826249 419
1725382948854 5.075539583136745 420
1725382948877 5.071807573627578 421
1725382948899 5.068121520075925 422
1725382948920 5.064480840119813 423
1725382948950 5.060884959145031 424
1725382948981 5.057333310173937 425
1725382949010 5.05382533375601 426
1725382949041 5.050360477860088 427
1725382949072 5.046938197768402 428
1725382949141 5.043557955972223 429
1725382949167 5.040219222069184 430
1725382949194 5.036921472662167 431
1725382949216 5.033664191259911 432
1725382949239 5.03044686817899 433
1725382949262 5.0272690004475455 434
1725382949284 5.024130091710336 435
1725382949312 5.021029652135304 436
1725382949338 5.017967198321756 437
1725382949363 5.014942253209765 438
1725382949388 5.0119543459911 439
1725382949420 5.009003012021477 440
1725382949447 5.006087792734177 441
1725382949474 5.003208235555126 442
1725382949502 5.000363893818969 443
1725382949531 4.99755432668682 444
1725382949567 4.99477909906497 445
1725382949605 4.992037781524985 446
1725382949638 4.989329950225037 447
1725382949667 4.986655186832321 448
1725382949691 4.984013078446811 449
1725382949727 4.981403217526035 450
1725382949759 4.978825201811001 451
1725382949784 4.976278634253453 452
1725382949809 4.973763122943852 453
1725382949838 4.971278281040842 454
1725382949865 4.968823726701507 455
1725382949888 4.966399083012705 456
1725382949914 4.964003977923638 457
1725382949937 4.961638044179178 458
1725382949964 4.959300919254247 459
1725382949989 4.9569922452894035 460
1725382950013 4.954711669027034 461
1725382950033 4.952458841748772 462
1725382950062 4.950233419213695 463
1725382950093 4.948035061597465 464
1725382950119 4.945863433432533 465
1725382950146 4.943718203548856 466
1725382950170 4.9415990450159395 467
1725382950192 4.939505635085387 468
1725382950223 4.937437655134413 469
1725382950255 4.935394790610241 470
1725382950280 4.933376730975227 471
1725382950302 4.931383169652906 472
1725382950329 4.929413803974583 473
1725382950352 4.927468335127008 474
1725382950375 4.925546468100564 475
1725382950401 4.923647911638416 476
1725382950426 4.92177237818618 477
1725382950450 4.9199195838425105 478
1725382950473 4.918089248310251 479
1725382950495 4.916281094848454 480
1725382950520 4.914494850224907 481
1725382950543 4.912730244669493 482
1725382950565 4.910987011828106 483
1725382950592 4.909264888717403 484
1725382950614 4.907563615679887 485
1725382950635 4.905882936339988 486
1725382950656 4.9042225975606 487
1725382950680 4.902582349400141 488
1725382950701 4.900961945070426 489
1725382950723 4.899361140895014 490
1725382950747 4.897779696268184 491
1725382950769 4.896217373614465 492
1725382950793 4.894673938348752 493
1725382950818 4.893149158837037 494
1725382950851 4.891642806357549 495
1725382950908 4.890154655062695 496
1725382950943 4.888684481941184 497
1725382950974 4.8872320667810545 498
1725382951009 4.885797192132903 499
