1725415657899 168.81788247382886 0
1725415657931 168.60906155861943 1
1725415657964 168.44196428125827 2
1725415657996 168.27415875751998 3
1725415658036 168.10654180009425 4
1725415658063 167.93909554004506 5
1725415658095 167.77181197722004 6
1725415658134 167.60470474585026 7
1725415658166 167.43777664847846 8
1725415658194 167.2710111429683 9
1725415658226 167.10441694814745 10
1725415658259 166.93799256711657 11
1725415658291 166.7717476942178 12
1725415658324 166.6056728475019 13
1725415658353 166.4397526711112 14
1725415658382 166.27401893877487 15
1725415658415 166.10844926897045 16
1725415658448 165.94305344649703 17
1725415658475 165.77781930937036 18
1725415658507 165.61276226957656 19
1725415658538 165.44786559234177 20
1725415658569 165.28314492895737 21
1725415658600 165.1185938594509 22
1725415658632 164.9542118625341 23
1725415658670 164.7899984106799 24
1725415658702 164.62594491928505 25
1725415658731 164.46206669335308 26
1725415658761 164.29836521166615 27
1725415658791 164.13481642388427 28
1725415658822 163.97143002063325 29
1725415658853 163.8082319083796 30
1725415658885 163.6451964772873 31
1725415658908 163.48231472046322 32
1725415658939 163.31961074248417 33
1725415658973 163.15707862993762 34
1725415659003 162.99469752935912 35
1725415659034 162.8324972339053 36
1725415659061 162.6704635977686 37
1725415659091 162.50858950062465 38
1725415659122 162.34686681484132 39
1725415659159 162.18534385755672 40
1725415659190 162.02396462059664 41
1725415659220 161.86274800454476 42
1725415659253 161.7017088119357 43
1725415659284 161.5408296706897 44
1725415659315 161.38010980815127 45
1725415659346 161.21955425816094 46
1725415659376 161.05917564223478 47
1725415659406 160.8989565595008 48
1725415659437 160.7388963781678 49
1725415659467 160.57900903677475 50
1725415659523 160.41927792103468 51
1725415659593 160.2597150420594 52
1725415659624 160.10030760062148 53
1725415659649 159.94108188027408 54
1725415659679 159.78200308378155 55
1725415659710 159.62308414555793 56
1725415659745 159.46434632226075 57
1725415659775 159.30574909178955 58
1725415659807 159.14733245920186 59
1725415659838 158.98907189473334 60
1725415659869 158.83096682182045 61
1725415659899 158.67304048591927 62
1725415659927 158.51526267290865 63
1725415659958 158.35765039020532 64
1725415659994 158.2001979551188 65
1725415660026 158.04291109399588 66
1725415660050 157.88577681702677 67
1725415660084 157.7288190283966 68
1725415660112 157.57200677750075 69
1725415660147 157.4153522409768 70
1725415660177 157.25887162745707 71
1725415660204 157.10255218035633 72
1725415660234 156.94638490878003 73
1725415660265 156.79037449358387 74
1725415660295 156.63453800620908 75
1725415660326 156.4788512998046 76
1725415660361 156.32332577803882 77
1725415660390 156.1679620393584 78
1725415660416 156.012750646057 79
1725415660448 155.85770060901805 80
1725415660478 155.70280775642303 81
1725415660508 155.54809169234568 82
1725415660537 155.3935119192708 83
1725415660568 155.2390954837747 84
1725415660598 155.08484832081 85
1725415660628 154.93075090689896 86
1725415660654 154.77680691694036 87
1725415660686 154.62302608017 88
1725415660717 154.46940515955248 89
1725415660748 154.31593329571993 90
1725415660779 154.16262870940258 91
1725415660811 154.00946988684922 92
1725415660837 153.85648105996148 93
1725415660870 153.7036419278881 94
1725415660902 153.5509609097114 95
1725415660933 153.39843641060693 96
1725415660966 153.2460681339518 97
1725415660999 153.09385567940487 98
1725415661030 152.9417911169999 99
1725415661061 152.78989673047508 100
1725415661104 152.6381418245343 101
1725415661135 152.48655956497805 102
1725415661176 152.33512324907994 103
1725415661203 152.18383430995303 104
1725415661234 152.03272228734244 105
1725415661265 151.8817327434778 106
1725415661295 151.7309361785944 107
1725415661326 151.58026500515447 108
1725415661356 151.42975651186345 109
1725415661391 151.27940768689876 110
1725415661422 151.12920948072505 111
1725415661454 150.97916213618737 112
1725415661487 150.8292752835631 113
1725415661516 150.67954288539906 114
1725415661548 150.5299492485786 115
1725415661580 150.3805163081494 116
1725415661613 150.23124413640886 117
1725415661642 150.08211822889905 118
1725415661674 149.93314243907523 119
1725415661704 149.78432741362877 120
1725415661730 149.63565723395305 121
1725415661765 149.48715000351524 122
1725415661796 149.33878488638848 123
1725415661828 149.19055765103835 124
1725415661857 149.04251057468633 125
1725415661888 148.89460281607037 126
1725415661919 148.74684845328272 127
1725415661950 148.5992374381311 128
1725415661981 148.45179095621796 129
1725415662014 148.30448568541732 130
1725415662047 148.15733540370138 131
1725415662080 148.01033011424653 132
1725415662113 147.86347959074385 133
1725415662144 147.71677727450802 134
1725415662174 147.570229651662 135
1725415662207 147.42383395018174 136
1725415662237 147.277574707636 137
1725415662268 147.13147730184517 138
1725415662299 146.9855162964925 139
1725415662329 146.8397189500156 140
1725415662360 146.69406906489286 141
1725415662393 146.5485635994973 142
1725415662423 146.40320913460306 143
1725415662455 146.25800346832082 144
1725415662486 146.11295251097815 145
1725415662516 145.96802869247324 146
1725415662548 145.82327796228188 147
1725415662578 145.67867131043323 148
1725415662611 145.5341999747342 149
1725415662642 145.3898890132692 150
1725415662675 145.24571844642267 151
1725415662706 145.10168512868603 152
1725415662737 144.9578273409998 153
1725415662775 144.81409941680343 154
1725415662805 144.67050747189697 155
1725415662836 144.52709024976022 156
1725415662867 144.38380042112274 157
1725415662898 144.24066055096242 158
1725415662931 144.09766228604732 159
1725415662963 143.9548211416135 160
1725415662994 143.81212260920034 161
1725415663026 143.66957074649102 162
1725415663057 143.52716124068255 163
1725415663087 143.3848883244816 164
1725415663117 143.2427733064493 165
1725415663150 143.10080393467516 166
1725415663184 142.95898189611958 167
1725415663216 142.817296107802 168
1725415663246 142.6757621934641 169
1725415663273 142.5343735001556 170
1725415663298 142.39312040689708 171
1725415663323 142.25202423439973 172
1725415663354 142.1110644175785 173
1725415663384 141.97025068564562 174
1725415663415 141.82958787158455 175
1725415663455 141.68906118375693 176
1725415663490 141.54866455400287 177
1725415663521 141.4084431031695 178
1725415663552 141.26833829561443 179
1725415663584 141.1283970936366 180
1725415663616 140.98859078142945 181
1725415663646 140.8489122512076 182
1725415663675 140.7093940207213 183
1725415663703 140.57001239712346 184
1725415663733 140.43077301266447 185
1725415663761 140.2916831503487 186
1725415663791 140.15273010202594 187
1725415663821 140.01392036484444 188
1725415663851 139.87525165093695 189
1725415663883 139.736727345608 190
1725415663912 139.59833433273013 191
1725415663947 139.46010244529876 192
1725415663978 139.32199999259126 193
1725415664006 139.18402857692317 194
1725415664036 139.04621347127724 195
1725415664067 138.90853792740424 196
1725415664097 138.77099868430497 197
1725415664127 138.63360756560866 198
1725415664160 138.4963501608335 199
1725415664193 138.35922815893855 200
1725415664223 138.22225060883596 201
1725415664254 138.08541269849155 202
1725415664287 137.94872133740205 203
1725415664319 137.81215872021357 204
1725415664349 137.67574200415672 205
1725415664381 137.53947021295986 206
1725415664413 137.40333124400107 207
1725415664446 137.2673295422264 208
1725415664482 137.13147448448126 209
1725415664516 136.99575226467024 210
1725415664548 136.86017368279929 211
1725415664582 136.72472475870984 212
1725415664609 136.5894233707949 213
1725415664641 136.45426012235518 214
1725415664670 136.319221115562 215
1725415664701 136.184338467699 216
1725415664732 136.04958666403897 217
1725415664761 135.91496216615485 218
1725415664794 135.7804902642588 219
1725415664824 135.6461560339912 220
1725415664854 135.511946783614 221
1725415664885 135.37788373472114 222
1725415664917 135.24395700113112 223
1725415664948 135.11016465027416 224
1725415664979 134.9765124594009 225
1725415665011 134.8429895277165 226
1725415665042 134.70960978147326 227
1725415665071 134.57636965706652 228
1725415665103 134.44326520207497 229
1725415665134 134.3102832448287 230
1725415665166 134.17744969984093 231
1725415665198 134.0447385808266 232
1725415665229 133.9121846579988 233
1725415665254 133.77975188441516 234
1725415665281 133.6474420514741 235
1725415665313 133.5153017791273 236
1725415665344 133.38326839855358 237
1725415665374 133.25138047148536 238
1725415665404 133.11963066637023 239
1725415665435 132.9880032270734 240
1725415665466 132.8565175173278 241
1725415665497 132.7251779587202 242
1725415665527 132.59395773421488 243
1725415665560 132.46286602284283 244
1725415665590 132.33191724779843 245
1725415665619 132.20110307000448 246
1725415665651 132.0704265891021 247
1725415665686 131.9398657683612 248
1725415665716 131.80945971160844 249
1725415665747 131.67917707753065 250
1725415665783 131.5490323819156 251
1725415665811 131.4190194723428 252
1725415665839 131.28912681956317 253
1725415665872 131.15937952415305 254
1725415665902 131.02977140291296 255
1725415665933 130.90028130304052 256
1725415665963 130.77092879486247 257
1725415665993 130.64169704295037 258
1725415666026 130.51261565566418 259
1725415666053 130.38366024173848 260
1725415666083 130.25483998902644 261
1725415666111 130.1261376628441 262
1725415666142 129.99757525388176 263
1725415666173 129.86914867998237 264
1725415666205 129.74085401278336 265
1725415666235 129.61268674770574 266
1725415666266 129.48463437358072 267
1725415666296 129.35674129704358 268
1725415666330 129.2289698505499 269
1725415666360 129.10130208539297 270
1725415666392 128.97379239206103 271
1725415666423 128.84642097105802 272
1725415666454 128.71916047315298 273
1725415666481 128.5920324913498 274
1725415666512 128.4650353087808 275
1725415666543 128.33817034528172 276
1725415666574 128.21144309084946 277
1725415666607 128.08483383695133 278
1725415666639 127.95834925230749 279
1725415666669 127.83200686318925 280
1725415666700 127.70578410883809 281
1725415666731 127.57969668230915 282
1725415666763 127.45373039656397 283
1725415666796 127.32790112399513 284
1725415666826 127.2021942944066 285
1725415666856 127.0766244805286 286
1725415666886 126.95116723286974 287
1725415666920 126.8258559944962 288
1725415666951 126.70066011786736 289
1725415666982 126.57559612167347 290
1725415667011 126.45066704141969 291
1725415667041 126.32584511054637 292
1725415667071 126.20116260868531 293
1725415667100 126.07661992243814 294
1725415667131 125.95218847640147 295
1725415667159 125.82789009373045 296
1725415667195 125.70371002316078 297
1725415667224 125.5796761239408 298
1725415667253 125.4557448541699 299
1725415667286 125.33196249572153 300
1725415667319 125.20828975271216 301
1725415667347 125.08474333533854 302
1725415667379 124.96133294565716 303
1725415667410 124.83804220976735 304
1725415667440 124.71488396674982 305
1725415667470 124.59184393953922 306
1725415667500 124.46893321602384 307
1725415667533 124.34615036577024 308
1725415667566 124.2234898114809 309
1725415667595 124.1009528696897 310
1725415667624 123.97854586249996 311
1725415667656 123.85624378354208 312
1725415667685 123.73409817904027 313
1725415667717 123.61205938794058 314
1725415667747 123.4901416355989 315
1725415667777 123.36835885263588 316
1725415667804 123.2466990993484 317
1725415667835 123.125161861888 318
1725415667865 123.00374257674407 319
1725415667893 122.88245229480552 320
1725415667925 122.7612908492573 321
1725415667951 122.64023254308518 322
1725415667975 122.51931774807323 323
1725415668002 122.39852666583425 324
1725415668029 122.27784861366405 325
1725415668063 122.15730679256342 326
1725415668093 122.0368721445643 327
1725415668125 121.91656602049558 328
1725415668156 121.79639032913393 329
1725415668182 121.67633345849502 330
1725415668214 121.5563827383723 331
1725415668242 121.43657695154164 332
1725415668274 121.31688304439649 333
1725415668306 121.19731477597858 334
1725415668338 121.07786565616834 335
1725415668370 120.9585423426021 336
1725415668402 120.8393364716184 337
1725415668433 120.72025521432326 338
1725415668462 120.60129570550663 339
1725415668488 120.48245086734431 340
1725415668520 120.36372489205813 341
1725415668551 120.24513958793315 342
1725415668581 120.1266619615233 343
1725415668611 120.00829740935109 344
1725415668642 119.89006884219756 345
1725415668673 119.77196188864357 346
1725415668705 119.65394788729488 347
1725415668733 119.53608591176253 348
1725415668766 119.41833468388543 349
1725415668805 119.30068720718732 350
1725415668839 119.18318709823349 351
1725415668871 119.06579019327674 352
1725415668910 118.94851832177947 353
1725415668953 118.83135416019181 354
1725415668988 118.71432785314494 355
1725415669022 118.59741450356898 356
1725415669053 118.48061422857869 357
1725415669086 118.36392767955842 358
1725415669121 118.24738293540727 359
1725415669158 118.13093361632305 360
1725415669192 118.01462195649384 361
1725415669231 117.89841891901548 362
1725415669265 117.78232441988861 363
1725415669297 117.66636965652474 364
1725415669332 117.55051922271416 365
1725415669361 117.43478145862811 366
1725415669392 117.31918114180829 367
1725415669421 117.20368406074296 368
1725415669455 117.08830880637895 369
1725415669487 116.97305454935713 370
1725415669517 116.85790769923996 371
1725415669550 116.74288880963157 372
1725415669583 116.62798057017166 373
1725415669613 116.51318847937745 374
1725415669644 116.39852024602229 375
1725415669676 116.28396413685711 376
1725415669701 116.16953420287342 377
1725415669733 116.05520276690528 378
1725415669757 115.94100448164886 379
1725415669787 115.82690855248846 380
1725415669817 115.71293913886903 381
1725415669849 115.59908258364682 382
1725415669880 115.4853499752176 383
1725415669911 115.37172204154713 384
1725415669942 115.25820843473004 385
1725415669973 115.14482222358332 386
1725415670005 115.0315442925731 387
1725415670036 114.91837680738529 388
1725415670062 114.80533638542929 389
1725415670098 114.69240343137393 390
1725415670129 114.57958256936276 391
1725415670162 114.46688871959029 392
1725415670192 114.35430514292153 393
1725415670228 114.24182251487468 394
1725415670259 114.12946738142068 395
1725415670290 114.01723209967079 396
1725415670321 113.90510016637037 397
1725415670350 113.79308174737065 398
1725415670381 113.68119174102836 399
1725415670412 113.56939519632971 400
1725415670442 113.45773689144927 401
1725415670472 113.34616933051625 402
1725415670503 113.23471416209625 403
1725415670533 113.12339892519432 404
1725415670567 113.01218546726854 405
1725415670597 112.90106435964155 406
1725415670626 112.79008207239772 407
1725415670657 112.67921037291049 408
1725415670683 112.56844255973684 409
1725415670713 112.45778149554508 410
1725415670745 112.34724569231042 411
1725415670777 112.23682078149665 412
1725415670807 112.12650930326451 413
1725415670840 112.0163058008853 414
1725415670873 111.90621426043057 415
1725415670903 111.79623650804466 416
1725415670934 111.68637153825374 417
1725415670964 111.57661656265914 418
1725415670996 111.46697355647593 419
1725415671029 111.3574485299315 420
1725415671059 111.24803018434594 421
1725415671090 111.13871433869996 422
1725415671122 111.0295208724469 423
1725415671153 110.92043534729092 424
1725415671183 110.81146313615842 425
1725415671214 110.70260215026147 426
1725415671244 110.59385076589167 427
1725415671275 110.48520498120234 428
1725415671307 110.37667807111251 429
1725415671336 110.26824554267857 430
1725415671368 110.15994655261161 431
1725415671398 110.05174839508528 432
1725415671428 109.94365064803796 433
1725415671458 109.835670277209 434
1725415671489 109.7278070254416 435
1725415671520 109.62005450387987 436
1725415671551 109.51238732342865 437
1725415671584 109.40484828703767 438
1725415671615 109.29742613941971 439
1725415671642 109.19010362099387 440
1725415671675 109.08289125632542 441
1725415671705 108.97578090635999 442
1725415671733 108.86878808273339 443
1725415671767 108.76190728892057 444
1725415671798 108.65513428302062 445
1725415671823 108.54845102520821 446
1725415671849 108.44190570137354 447
1725415671883 108.33545281220289 448
1725415671912 108.22911455210308 449
1725415671943 108.12286244744338 450
1725415671975 108.01674621092967 451
1725415672007 107.9107339419892 452
1725415672038 107.80481869827751 453
1725415672068 107.69902054885593 454
1725415672098 107.5933198807904 455
1725415672125 107.48772794418382 456
1725415672148 107.38226210330576 457
1725415672179 107.27688577379357 458
1725415672213 107.17160948912343 459
1725415672248 107.06646407333159 460
1725415672280 106.96141229041652 461
1725415672315 106.8564610519774 462
1725415672347 106.75162404661398 463
1725415672377 106.64689635349967 464
1725415672408 106.54227386641509 465
1725415672439 106.4377663470878 466
1725415672470 106.33333816733983 467
1725415672503 106.22903203870598 468
1725415672532 106.12484339114897 469
1725415672562 106.02074962723812 470
1725415672594 105.91675795831544 471
1725415672626 105.81287945076143 472
1725415672658 105.70910960641464 473
1725415672690 105.6054325946595 474
1725415672721 105.5018689427091 475
1725415672755 105.39840998182278 476
1725415672786 105.29505601357467 477
1725415672816 105.19181025875616 478
1725415672848 105.08867065593216 479
1725415672875 104.9856205278947 480
1725415672903 104.88269226873228 481
1725415672934 104.77986665248048 482
1725415672966 104.67713562437064 483
1725415672997 104.57452386938034 484
1725415673028 104.47200492167322 485
1725415673059 104.36958618890962 486
1725415673089 104.26728486994894 487
1725415673119 104.16508709299917 488
1725415673150 104.06297862917194 489
1725415673180 103.96098937800312 490
1725415673208 103.85910675583935 491
1725415673240 103.75729985823793 492
1725415673270 103.65562420239287 493
1725415673301 103.55404421163323 494
1725415673330 103.452565132271 495
1725415673360 103.35119602398844 496
1725415673395 103.2499142340813 497
1725415673427 103.14874573358837 498
1725415673483 103.04769194207292 499
