1725393834859 72.78790255518602 0
1725393834886 34.07616980292572 1
1725393834912 18.73924262347666 2
1725393834942 11.847369693887275 3
1725393834968 8.423634565239526 4
1725393834994 6.376240070190915 5
1725393835027 5.91259061345748 6
1725393835053 5.74995311015753 7
1725393835077 5.195946711651015 8
1725393835104 4.811519971305434 9
1725393835129 4.8064317904140825 10
1725393835151 4.913676381333365 11
1725393835164 4.553956843256579 12
1725393835180 5.014730118442239 13
1725393835214 5.187136804113291 14
1725393835230 4.787138082133375 15
1725393835245 4.51759369510664 16
1725393835259 4.5737654079583745 17
1725393835273 4.991341101176428 18
1725393835290 4.485284811598854 19
1725393835308 5.009747852527546 20
1725393835327 4.8744051954169585 21
1725393835344 5.077898690598566 22
1725393835363 4.579238570762373 23
1725393835381 4.794311031653824 24
1725393835404 4.564915997517761 25
1725393835438 4.751799697108313 26
1725393835462 4.920051612829801 27
1725393835488 4.626487042482014 28
1725393835511 4.791246353487126 29
1725393835530 4.988647391438528 30
1725393835547 4.816111242754732 31
1725393835564 4.8310835192116315 32
1725393835582 5.038627672031796 33
1725393835599 4.8072221104152195 34
1725393835618 4.8766999933154755 35
1725393835636 4.438626052855965 36
1725393835654 4.746582669010883 37
1725393835672 4.512602871004551 38
1725393835690 4.88384510621979 39
1725393835708 4.886833142663276 40
1725393835726 4.6765003401190155 41
1725393835744 4.592712286419585 42
1725393835759 4.947306202180459 43
1725393835775 4.54641844368073 44
