1725353392359 169.15949537300654 0
1725353392379 169.1255099888399 1
1725353392399 169.0918742534337 2
1725353392420 169.05823398864422 3
1725353392441 169.02460458284312 4
1725353392459 168.99097818375765 5
1725353392477 168.95736656828194 6
1725353392498 168.92375536253488 7
1725353392519 168.89015534343685 8
1725353392552 168.8565618000565 9
1725353392572 168.82296873792555 10
1725353392591 168.78939002130562 11
1725353392615 168.75581647283215 12
1725353392636 168.72224165472878 13
1725353392658 168.68868593193412 14
1725353392681 168.65513020403083 15
1725353392711 168.62158197043635 16
1725353392735 168.5880378561611 17
1725353392756 168.55450283639405 18
1725353392775 168.52097653392235 19
1725353392799 168.48745551165132 20
1725353392825 168.4539390069902 21
1725353392846 168.42043313837385 22
1725353392867 168.38692859693225 23
1725353392886 168.35343478065977 24
1725353392904 168.31995253567467 25
1725353392925 168.28647101934848 26
1725353392943 168.25299863034442 27
1725353392963 168.2195292637685 28
1725353392981 168.1860690603784 29
1725353393000 168.1526073590744 30
1725353393026 168.11916305699694 31
1725353393044 168.08572498512436 32
1725353393065 168.05228912503662 33
1725353393086 168.01886283796892 34
1725353393105 167.98544550072162 35
1725353393124 167.9520308066488 36
1725353393143 167.9186209979163 37
1725353393162 167.8852235694565 38
1725353393183 167.8518299469198 39
1725353393202 167.81844254677975 40
1725353393224 167.7850635255415 41
1725353393243 167.7516853335736 42
1725353393263 167.71831751814167 43
1725353393282 167.6849538343429 44
1725353393302 167.65160459167524 45
1725353393324 167.61825498104847 46
1725353393345 167.58491689679582 47
1725353393362 167.55158443098958 48
1725353393380 167.51825817064096 49
1725353393399 167.48493755447677 50
1725353393421 167.45162672162414 51
1725353393441 167.4183145628209 52
1725353393459 167.38501487339448 53
1725353393478 167.35172252133387 54
1725353393498 167.31843952309964 55
1725353393518 167.28515460704492 56
1725353393538 167.25188164253188 57
1725353393576 167.2186178075251 58
1725353393606 167.1853579185631 59
1725353393633 167.1521011077541 60
1725353393664 167.1188581992534 61
1725353393696 167.08561568850448 62
1725353393722 167.0523848988729 63
1725353393744 167.0191577316177 64
1725353393772 166.9859323402078 65
1725353393795 166.9527251923203 66
1725353393815 166.91951114272126 67
1725353393838 166.88631250508558 68
1725353393863 166.85311615491943 69
1725353393888 166.81992846629063 70
1725353393919 166.78675136786566 71
1725353393944 166.7535808479318 72
1725353393967 166.72041904156967 73
1725353393988 166.687254138941 74
1725353394008 166.65409505693728 75
1725353394031 166.62094945064828 76
1725353394057 166.58780923343085 77
1725353394085 166.5546754310572 78
1725353394114 166.52155032958456 79
1725353394140 166.48843065749205 80
1725353394162 166.45531664266974 81
1725353394182 166.4222059587282 82
1725353394209 166.3891092946501 83
1725353394231 166.35601608164535 84
1725353394253 166.32292812205404 85
1725353394272 166.28985392904718 86
1725353394290 166.25677097205673 87
1725353394319 166.223701742821 88
1725353394340 166.19064693124224 89
1725353394362 166.1575890162367 90
1725353394396 166.12454297860816 91
1725353394418 166.09150346508173 92
1725353394437 166.05846758812018 93
1725353394457 166.0254386623853 94
1725353394479 165.9924163397832 95
1725353394497 165.95940785586993 96
1725353394515 165.92639449300685 97
1725353394533 165.8933965181168 98
1725353394562 165.86040173457968 99
1725353394598 165.82740739836336 100
1725353394631 165.7944301768932 101
1725353394667 165.76145756232887 102
1725353394693 165.72849216365807 103
1725353394714 165.69552635688436 104
1725353394737 165.66257163946608 105
1725353394756 165.62962356183323 106
1725353394775 165.59668386931835 107
1725353394794 165.56374823056234 108
1725353394815 165.53082367535703 109
1725353394836 165.49789671282622 110
1725353394861 165.46498196243635 111
1725353394883 165.43207476930314 112
1725353394904 165.39917199116636 113
1725353394924 165.36627618930913 114
1725353394962 165.33339081071483 115
1725353394990 165.30050768709427 116
1725353395014 165.26762765068128 117
1725353395038 165.23476059078297 118
1725353395060 165.20190005117212 119
1725353395078 165.1690389770535 120
1725353395104 165.13618649268082 121
1725353395126 165.10334751374955 122
1725353395148 165.07051246073502 123
1725353395174 165.03768435548224 124
1725353395194 165.00486056696624 125
1725353395223 164.97204483422922 126
1725353395242 164.9392331704098 127
1725353395261 164.90643059655332 128
1725353395280 164.87363565791756 129
1725353395338 164.84084409986121 130
1725353395379 164.80806066159948 131
1725353395400 164.77528556501127 132
1725353395425 164.74251527147507 133
1725353395446 164.70974787846762 134
1725353395467 164.67699003061045 135
1725353395487 164.64424399330298 136
1725353395515 164.6115001110991 137
1725353395541 164.57876050258386 138
1725353395564 164.54603054423504 139
1725353395587 164.51330468556546 140
1725353395623 164.4805868255146 141
1725353395648 164.44787696784056 142
1725353395670 164.41516930431575 143
1725353395699 164.38246713493075 144
1725353395722 164.3497772344627 145
1725353395748 164.31709599655875 146
1725353395778 164.28441229078283 147
1725353395804 164.25174472651017 148
1725353395822 164.2190830708214 149
1725353395849 164.18641844796943 150
1725353395871 164.15376792998438 151
1725353395891 164.12112108852003 152
1725353395910 164.08848235953928 153
1725353395929 164.05584934668147 154
1725353395948 164.0232269197119 155
1725353395965 163.9906001545156 156
1725353395993 163.957986186554 157
1725353396015 163.92538346196352 158
1725353396033 163.89278655501454 159
1725353396053 163.8601891077102 160
1725353396078 163.8276048931261 161
1725353396099 163.7950268643384 162
1725353396127 163.76245119998293 163
1725353396145 163.72987906575173 164
1725353396168 163.69731599973548 165
1725353396187 163.66476386400703 166
1725353396210 163.63221695361455 167
1725353396229 163.59967685437732 168
1725353396247 163.56713883747634 169
1725353396267 163.53461000216032 170
1725353396286 163.50208980150572 171
1725353396304 163.46957982820837 172
1725353396322 163.43706901823646 173
1725353396341 163.40456521202898 174
1725353396365 163.37207033547864 175
1725353396386 163.33957990177035 176
1725353396415 163.3070974897977 177
1725353396437 163.2746230719212 178
1725353396458 163.24215301209708 179
1725353396478 163.2096879230419 180
1725353396500 163.17723393703912 181
1725353396520 163.14478264840452 182
1725353396540 163.11233983236903 183
1725353396562 163.07990697341143 184
1725353396581 163.04747525211724 185
1725353396600 163.01504616807676 186
1725353396639 162.98262257963222 187
1725353396662 162.9502143701195 188
1725353396680 162.91781226692444 189
1725353396699 162.88541186108375 190
1725353396718 162.8530218789208 191
1725353396741 162.82063875494103 192
1725353396763 162.78825915126188 193
1725353396783 162.7558862384396 194
1725353396806 162.7235219385404 195
1725353396828 162.69116239136136 196
1725353396854 162.6588068011598 197
1725353396876 162.62646584446549 198
1725353396897 162.5941250487569 199
1725353396920 162.56178822811643 200
1725353396943 162.5294632686856 201
1725353396968 162.49714207725415 202
1725353396991 162.4648280359498 203
1725353397016 162.43252373509222 204
1725353397043 162.4002236924036 205
1725353397069 162.36792973658459 206
1725353397091 162.33564256680611 207
1725353397121 162.30335373419524 208
1725353397146 162.27108244231363 209
1725353397174 162.2388108260449 210
1725353397195 162.20655216761514 211
1725353397221 162.17429526987547 212
1725353397244 162.14204440623695 213
1725353397270 162.10980433608756 214
1725353397297 162.07756649989372 215
1725353397319 162.04533738754094 216
1725353397343 162.0131165211973 217
1725353397365 161.9808971102336 218
1725353397380 161.94868718327092 219
1725353397405 161.91648022560688 220
1725353397429 161.8842868130888 221
1725353397454 161.8520923033712 222
1725353397483 161.8199104568341 223
1725353397503 161.78773620463517 224
1725353397524 161.75555971676917 225
1725353397549 161.7233955905588 226
1725353397570 161.6912387965795 227
1725353397590 161.65908851254875 228
1725353397610 161.626938651558 229
1725353397655 161.5947993761797 230
1725353397680 161.56265977137053 231
1725353397705 161.5305360791673 232
1725353397724 161.49841618908084 233
1725353397743 161.46630497696975 234
1725353397764 161.4341995867413 235
1725353397786 161.40209834104797 236
1725353397805 161.3699987238268 237
1725353397824 161.337915346746 238
1725353397842 161.3058339179061 239
1725353397861 161.2737573525033 240
1725353397881 161.24169124538042 241
1725353397899 161.20962745907926 242
1725353397920 161.17756686648127 243
1725353397941 161.14551982495732 244
1725353397958 161.11348012885452 245
1725353397978 161.08144268945912 246
1725353398000 161.04941700744993 247
1725353398028 161.01739062530672 248
1725353398048 160.98537417150922 249
1725353398069 160.95335935064082 250
1725353398089 160.92135494488303 251
1725353398109 160.8893591013971 252
1725353398129 160.85736460623403 253
1725353398154 160.8253782608247 254
1725353398175 160.79340293099608 255
1725353398197 160.76142747208857 256
1725353398217 160.72946517677983 257
1725353398234 160.69750551722274 258
1725353398257 160.66555165286246 259
1725353398277 160.63360237866198 260
1725353398296 160.6016640654972 261
1725353398312 160.56973141908043 262
1725353398330 160.537800205031 263
1725353398351 160.50588460439158 264
1725353398375 160.4739643601255 265
1725353398404 160.4420575324683 266
1725353398422 160.4101570190979 267
1725353398439 160.37826072288044 268
1725353398466 160.34637313556394 269
1725353398486 160.31449273711115 270
1725353398504 160.28261246066322 271
1725353398525 160.25074187884104 272
1725353398545 160.21887754212145 273
1725353398564 160.1870166014022 274
1725353398583 160.15516981493215 275
1725353398605 160.1233223560861 276
1725353398626 160.09148526518115 277
1725353398662 160.0596564807542 278
1725353398685 160.02782905927833 279
1725353398712 159.9960094076181 280
1725353398732 159.96419941583076 281
1725353398753 159.9323890653661 282
1725353398774 159.90059156842474 283
1725353398822 159.86880006328215 284
1725353398849 159.8370156861145 285
1725353398870 159.80522708822906 286
1725353398898 159.77345828611593 287
1725353398925 159.7416883184943 288
1725353398953 159.70992734941512 289
1725353398984 159.67817426033236 290
1725353399009 159.64642789096962 291
1725353399036 159.61468021680412 292
1725353399062 159.5829406344785 293
1725353399088 159.55121335387636 294
1725353399112 159.51948723653263 295
1725353399138 159.48777291914863 296
1725353399161 159.45606364886348 297
1725353399180 159.42435852375473 298
1725353399204 159.3926584642571 299
1725353399223 159.36096624904516 300
1725353399242 159.32928207651418 301
1725353399261 159.29760235934975 302
1725353399279 159.26593082229218 303
1725353399297 159.23426522232197 304
1725353399316 159.20260251776585 305
1725353399335 159.17095180287916 306
1725353399361 159.1393039638478 307
1725353399380 159.10766400263054 308
1725353399400 159.07603039458292 309
1725353399423 159.0444028558879 310
1725353399444 159.01277907981094 311
1725353399468 158.98116160298258 312
1725353399487 158.9495537984722 313
1725353399511 158.9179504538047 314
1725353399532 158.88634909286185 315
1725353399557 158.85476245063677 316
1725353399579 158.8231769720041 317
1725353399600 158.79160055321915 318
1725353399620 158.76002975717526 319
1725353399639 158.72846505516839 320
1725353399671 158.69690640696305 321
1725353399690 158.66535523392946 322
1725353399708 158.63380459018353 323
1725353399728 158.60226579173465 324
1725353399748 158.57073542247429 325
1725353399766 158.53920984215745 326
1725353399785 158.5076860331806 327
1725353399807 158.47617281089623 328
1725353399825 158.4446644722964 329
1725353399847 158.41316447040117 330
1725353399866 158.38167141677704 331
1725353399887 158.35018047556366 332
1725353399909 158.31869599528778 333
1725353399926 158.28722133617282 334
1725353399945 158.25574477214462 335
1725353399966 158.2242824349682 336
1725353399995 158.19282648110635 337
1725353400018 158.16137389140368 338
1725353400037 158.1299332554482 339
1725353400058 158.09849109556743 340
1725353400077 158.06705878041947 341
1725353400097 158.0356359809621 342
1725353400116 158.00421021517778 343
1725353400134 157.97279828793208 344
1725353400160 157.94139261740884 345
1725353400178 157.90999280354555 346
1725353400197 157.8785979060262 347
1725353400216 157.84720706156645 348
1725353400236 157.81582721490562 349
1725353400256 157.78445230217065 350
1725353400277 157.75308661668714 351
1725353400297 157.7217219769433 352
1725353400314 157.69036069889532 353
1725353400334 157.65901544585586 354
1725353400356 157.62766329831447 355
1725353400374 157.59632319420436 356
1725353400395 157.56499554651717 357
1725353400413 157.53367245660138 358
1725353400432 157.50235166307726 359
1725353400450 157.47103764896636 360
1725353400468 157.43972941516884 361
1725353400486 157.40843276572824 362
1725353400512 157.37713675563714 363
1725353400531 157.3458496421042 364
1725353400556 157.31456792789447 365
1725353400576 157.283289956805 366
1725353400596 157.25202687246437 367
1725353400618 157.2207621610709 368
1725353400637 157.18950376598903 369
1725353400662 157.15825755360922 370
1725353400700 157.1270138306686 371
1725353400721 157.09577282400946 372
1725353400740 157.0645396857133 373
1725353400761 157.0333177710083 374
1725353400783 157.0020929792671 375
1725353400803 156.9708843978905 376
1725353400826 156.9396756883649 377
1725353400845 156.908473728761 378
1725353400867 156.87728336712615 379
1725353400886 156.84609864755592 380
1725353400906 156.8149157812853 381
1725353400924 156.7837386528344 382
1725353400946 156.75256813338453 383
1725353400965 156.72140679353666 384
1725353400982 156.690247390659 385
1725353401003 156.65910107209777 386
1725353401021 156.627960279689 387
1725353401043 156.5968206682209 388
1725353401063 156.5656863862708 389
1725353401081 156.53456084959845 390
1725353401098 156.50344595895842 391
1725353401117 156.47233434400943 392
1725353401138 156.4412250173089 393
1725353401167 156.41012111444064 394
1725353401189 156.37902519550266 395
1725353401209 156.34794024452785 396
1725353401228 156.31685894296456 397
1725353401248 156.28578178536912 398
1725353401268 156.2547139443806 399
1725353401285 156.22365363676005 400
1725353401302 156.19259747873247 401
1725353401322 156.16154305200118 402
1725353401342 156.13049915374944 403
1725353401364 156.09946018983936 404
1725353401390 156.06842941625348 405
1725353401413 156.03740444159405 406
1725353401440 156.00638758241882 407
1725353401460 155.97537424710583 408
1725353401481 155.94436562903002 409
1725353401503 155.91336259097875 410
1725353401528 155.88237040756064 411
1725353401546 155.8513864443073 412
1725353401574 155.82039680732476 413
1725353401599 155.78941959368692 414
1725353401618 155.758449914864 415
1725353401641 155.72748821684945 416
1725353401665 155.6965297029655 417
1725353401683 155.66557925376603 418
1725353401710 155.63463996342634 419
1725353401729 155.60369654361187 420
1725353401746 155.57276421343528 421
1725353401762 155.5418401907197 422
1725353401781 155.51091477164616 423
1725353401800 155.48000443110604 424
1725353401823 155.44909802340453 425
1725353401843 155.41819518134292 426
1725353401864 155.3872979591988 427
1725353401881 155.35641381626243 428
1725353401899 155.32552847972963 429
1725353401919 155.2946519758289 430
1725353401941 155.26378082928426 431
1725353401962 155.23291266399977 432
1725353401980 155.20205136826667 433
1725353402000 155.17120494883378 434
1725353402019 155.14035658919815 435
1725353402038 155.10951874214066 436
1725353402057 155.07868492853626 437
1725353402077 155.04785729531028 438
1725353402095 155.01703542242606 439
1725353402112 154.98622180314692 440
1725353402131 154.9554174450472 441
1725353402156 154.92460996235312 442
1725353402179 154.89381048542032 443
1725353402199 154.86302166391306 444
1725353402216 154.83223836365133 445
1725353402236 154.80146202483627 446
1725353402256 154.77069270412224 447
1725353402277 154.73992757948668 448
1725353402296 154.70916303754268 449
1725353402317 154.67840828179746 450
1725353402339 154.64766613618056 451
1725353402357 154.61692080629908 452
1725353402383 154.5861864502632 453
1725353402404 154.55545973517033 454
1725353402424 154.52473478985326 455
1725353402444 154.49401695450302 456
1725353402462 154.463308946299 457
1725353402481 154.43260650167846 458
1725353402499 154.40190839031354 459
1725353402525 154.37121785572205 460
1725353402550 154.3405336331108 461
1725353402571 154.30984841521033 462
1725353402590 154.27917700910822 463
1725353402607 154.24851165543106 464
1725353402626 154.21784619809767 465
1725353402653 154.18719634841614 466
1725353402678 154.15655111649653 467
1725353402711 154.12589789952148 468
1725353402729 154.0952647365826 469
1725353402747 154.06463473911583 470
1725353402767 154.0340146643034 471
1725353402785 154.003390847009 472
1725353402804 153.97278204109355 473
1725353402820 153.94217638136965 474
1725353402840 153.91157479840984 475
1725353402860 153.88098203517686 476
1725353402880 153.85039393370687 477
1725353402898 153.8198141972063 478
1725353402917 153.78924441881188 479
1725353402936 153.75867426217627 480
1725353402959 153.72810074793307 481
1725353402979 153.69754835939708 482
1725353402998 153.66699913279393 483
1725353403016 153.6364564010645 484
1725353403034 153.6059189571502 485
1725353403053 153.57538231670105 486
1725353403076 153.54485837033351 487
1725353403094 153.5143351719392 488
1725353403114 153.48382299863167 489
1725353403133 153.4533179924706 490
1725353403152 153.4228104225043 491
1725353403171 153.3923159300232 492
1725353403192 153.36182636720048 493
1725353403218 153.33134186667857 494
1725353403238 153.30086864350648 495
1725353403259 153.27039844172725 496
1725353403280 153.23993042930755 497
1725353403300 153.2094714279123 498
1725353403320 153.17902304190764 499
