1725344179525 nan 0
1725344179559 nan 1
1725344179582 nan 2
1725344179600 nan 3
1725344179618 nan 4
1725344179638 nan 5
1725344179658 nan 6
1725344179675 nan 7
1725344179691 nan 8
1725344179709 nan 9
1725344179726 nan 10
1725344179742 nan 11
1725344179760 nan 12
1725344179776 nan 13
1725344179807 nan 14
1725344179825 nan 15
1725344179842 nan 16
1725344179857 nan 17
1725344179875 nan 18
1725344179892 nan 19
1725344179915 nan 20
1725344179934 nan 21
1725344179953 nan 22
1725344179970 nan 23
1725344179989 nan 24
1725344180012 nan 25
1725344180032 nan 26
1725344180051 nan 27
1725344180075 nan 28
1725344180096 nan 29
1725344180118 nan 30
1725344180136 nan 31
1725344180155 nan 32
1725344180172 nan 33
1725344180190 nan 34
1725344180209 nan 35
1725344180233 nan 36
1725344180255 nan 37
1725344180271 nan 38
1725344180288 nan 39
1725344180307 nan 40
1725344180325 nan 41
1725344180342 nan 42
1725344180359 nan 43
1725344180374 nan 44
1725344180389 nan 45
1725344180409 nan 46
1725344180425 nan 47
1725344180445 nan 48
1725344180462 nan 49
1725344180479 nan 50
1725344180495 nan 51
1725344180511 nan 52
1725344180528 nan 53
1725344180544 nan 54
1725344180564 nan 55
1725344180580 nan 56
1725344180597 nan 57
1725344180616 nan 58
1725344180632 nan 59
1725344180650 nan 60
1725344180666 nan 61
1725344180682 nan 62
1725344180755 nan 63
1725344180769 nan 64
1725344180788 nan 65
1725344180818 nan 66
1725344180836 nan 67
1725344180853 nan 68
1725344180868 nan 69
1725344180884 nan 70
1725344180904 nan 71
1725344180920 nan 72
1725344180937 nan 73
1725344180962 nan 74
1725344180980 nan 75
1725344181002 nan 76
1725344181020 nan 77
1725344181041 nan 78
1725344181060 nan 79
1725344181076 nan 80
1725344181095 nan 81
1725344181111 nan 82
1725344181128 nan 83
1725344181143 nan 84
1725344181159 nan 85
1725344181176 nan 86
1725344181193 nan 87
1725344181210 nan 88
1725344181231 nan 89
1725344181247 nan 90
1725344181263 nan 91
1725344181279 nan 92
1725344181295 nan 93
1725344181312 nan 94
1725344181330 nan 95
1725344181348 nan 96
1725344181364 nan 97
1725344181388 nan 98
1725344181405 nan 99
1725344181424 nan 100
1725344181441 nan 101
1725344181456 nan 102
1725344181471 nan 103
1725344181486 nan 104
1725344181502 nan 105
1725344181518 nan 106
1725344181534 nan 107
1725344181552 nan 108
1725344181570 nan 109
1725344181587 nan 110
1725344181606 nan 111
1725344181624 nan 112
1725344181643 nan 113
1725344181659 nan 114
1725344181676 nan 115
1725344181691 nan 116
1725344181708 nan 117
1725344181724 nan 118
1725344181741 nan 119
1725344181757 nan 120
1725344181774 nan 121
1725344181792 nan 122
1725344181809 nan 123
1725344181836 nan 124
1725344181861 nan 125
1725344181886 nan 126
1725344181911 nan 127
1725344181930 nan 128
1725344181947 nan 129
1725344181964 nan 130
1725344181981 nan 131
1725344182001 nan 132
1725344182020 nan 133
1725344182036 nan 134
1725344182054 nan 135
1725344182080 nan 136
1725344182100 nan 137
1725344182117 nan 138
1725344182135 nan 139
1725344182156 nan 140
1725344182184 nan 141
1725344182205 nan 142
1725344182224 nan 143
1725344182246 nan 144
1725344182267 nan 145
1725344182288 nan 146
1725344182313 nan 147
1725344182339 nan 148
1725344182360 nan 149
1725344182387 nan 150
1725344182410 nan 151
1725344182431 nan 152
1725344182447 nan 153
1725344182464 nan 154
1725344182481 nan 155
1725344182501 nan 156
1725344182519 nan 157
1725344182538 nan 158
1725344182560 nan 159
1725344182584 nan 160
1725344182618 nan 161
1725344182644 nan 162
1725344182668 nan 163
1725344182694 nan 164
1725344182717 nan 165
1725344182737 nan 166
1725344182760 nan 167
1725344182784 nan 168
1725344182809 nan 169
1725344182846 nan 170
1725344182876 nan 171
1725344182895 nan 172
1725344182922 nan 173
1725344182947 nan 174
1725344182965 nan 175
1725344182985 nan 176
1725344183003 nan 177
1725344183019 nan 178
1725344183039 nan 179
1725344183060 nan 180
1725344183086 nan 181
1725344183104 nan 182
1725344183121 nan 183
1725344183139 nan 184
1725344183155 nan 185
1725344183172 nan 186
1725344183189 nan 187
1725344183206 nan 188
1725344183226 nan 189
1725344183243 nan 190
1725344183264 nan 191
1725344183284 nan 192
1725344183304 nan 193
1725344183334 nan 194
1725344183360 nan 195
1725344183384 nan 196
1725344183410 nan 197
1725344183433 nan 198
1725344183453 nan 199
1725344183475 nan 200
1725344183501 nan 201
1725344183534 nan 202
1725344183559 nan 203
1725344183579 nan 204
1725344183594 nan 205
1725344183610 nan 206
1725344183627 nan 207
1725344183645 nan 208
1725344183662 nan 209
1725344183678 nan 210
1725344183695 nan 211
1725344183709 nan 212
1725344183727 nan 213
1725344183745 nan 214
1725344183765 nan 215
1725344183785 nan 216
1725344183803 nan 217
1725344183824 nan 218
1725344183862 nan 219
1725344183882 nan 220
1725344183900 nan 221
1725344183918 nan 222
1725344183938 nan 223
1725344183954 nan 224
1725344183970 nan 225
1725344183987 nan 226
1725344184004 nan 227
1725344184020 nan 228
1725344184037 nan 229
1725344184054 nan 230
1725344184079 nan 231
1725344184101 nan 232
1725344184127 nan 233
1725344184148 nan 234
1725344184169 nan 235
1725344184189 nan 236
1725344184206 nan 237
1725344184227 nan 238
1725344184246 nan 239
1725344184264 nan 240
1725344184280 nan 241
1725344184297 nan 242
1725344184331 nan 243
1725344184367 nan 244
1725344184393 nan 245
1725344184417 nan 246
1725344184445 nan 247
1725344184470 nan 248
1725344184495 nan 249
1725344184517 nan 250
1725344184546 nan 251
1725344184567 nan 252
1725344184595 nan 253
1725344184615 nan 254
1725344184636 nan 255
1725344184662 nan 256
1725344184684 nan 257
1725344184701 nan 258
1725344184719 nan 259
1725344184737 nan 260
1725344184756 nan 261
1725344184775 nan 262
1725344184795 nan 263
1725344184819 nan 264
1725344184850 nan 265
1725344184886 nan 266
1725344184912 nan 267
1725344184935 nan 268
1725344184961 nan 269
1725344184986 nan 270
1725344185012 nan 271
1725344185035 nan 272
1725344185062 nan 273
1725344185081 nan 274
1725344185097 nan 275
1725344185115 nan 276
1725344185134 nan 277
1725344185155 nan 278
1725344185172 nan 279
1725344185195 nan 280
1725344185212 nan 281
1725344185232 nan 282
1725344185250 nan 283
1725344185267 nan 284
1725344185283 nan 285
1725344185304 nan 286
1725344185326 nan 287
1725344185347 nan 288
1725344185368 nan 289
1725344185392 nan 290
1725344185416 nan 291
1725344185441 nan 292
1725344185467 nan 293
1725344185494 nan 294
1725344185517 nan 295
1725344185547 nan 296
1725344185572 nan 297
1725344185595 nan 298
1725344185614 nan 299
1725344185635 nan 300
1725344185655 nan 301
1725344185683 nan 302
1725344185704 nan 303
1725344185730 nan 304
1725344185749 nan 305
1725344185771 nan 306
1725344185791 nan 307
1725344185809 nan 308
1725344185826 nan 309
1725344185841 nan 310
1725344185858 nan 311
1725344185886 nan 312
1725344185903 nan 313
1725344185918 nan 314
1725344185933 nan 315
1725344185953 nan 316
1725344185972 nan 317
