1725417967998 71.55592744877843 0
1725417968043 31.168474206809208 1
1725417968088 13.57538485207363 2
1725417968114 7.478235864386459 3
1725417968133 3.463050961382943 4
1725417968149 2.075510375984042 5
1725417968164 1.3421126194731026 6
1725417968178 1.0737111160342114 7
1725417968200 0.7799134080610433 8
1725417968214 0.6493997296563196 9
1725417968228 0.7333413711312265 10
1725417968245 0.592298195516769 11
1725417968265 0.6580123178214085 12
1725417968285 0.5703230515246214 13
1725417968304 0.5044243490507845 14
1725417968335 0.5477073628627357 15
1725417968399 0.5796293897219843 16
1725417968432 0.5632895166316173 17
1725417968463 0.4728963824209966 18
1725417968493 0.6247189963178197 19
1725417968524 0.6175069939315017 20
1725417968560 0.5328888565782407 21
1725417968584 0.4978700327416808 22
1725417968610 0.5163377261020945 23
1725417968630 0.6498906499757491 24
1725417968650 0.5384163651212568 25
1725417968669 0.6407180331643505 26
1725417968691 0.4882240318273859 27
1725417968720 0.42911245621646155 28
1725417968737 0.5702223805728958 29
1725417968756 0.5288324936347236 30
1725417968772 0.4791361492684784 31
1725417968789 0.5731109290960799 32
1725417968807 0.5933557582292045 33
1725417968825 0.5095776651187928 34
1725417968845 0.6133283694826485 35
1725417968864 0.5633822621075981 36
1725417968888 0.6178590910568965 37
1725417968914 0.4729608457925479 38
1725417968946 0.5565220669220439 39
1725417968974 0.5952403005528021 40
1725417968996 0.4104263037033995 41
1725417969017 0.5991721377941834 42
1725417969037 0.51277021847906 43
1725417969056 0.5776315146230218 44
1725417969076 0.5356899963166767 45
1725417969094 0.47751149552489497 46
1725417969113 0.558635645730477 47
1725417969133 0.5260723452988694 48
1725417969153 0.5569579587867499 49
1725417969173 0.5086867441224532 50
1725417969191 0.6407778858599615 51
1725417969209 0.5405619858287496 52
1725417969227 0.4846769240758002 53
1725417969251 0.6787598120716993 54
1725417969283 0.4988320800969284 55
1725417969313 0.47550544277021856 56
1725417969338 0.48818723837721256 57
1725417969366 0.45477446120473963 58
1725417969386 0.6230730546658912 59
1725417969405 0.6796321974166806 60
1725417969425 0.5273649813939859 61
1725417969445 0.674225072438331 62
1725417969464 0.5802577945564092 63
1725417969484 0.6010533294078775 64
1725417969510 0.42329789080489394 65
1725417969533 0.5836202402654233 66
1725417969558 0.5379422840924601 67
1725417969581 0.511289621211568 68
1725417969603 0.469627465504636 69
1725417969627 0.6259246638048289 70
1725417969655 0.4959477797579665 71
1725417969683 0.5304805988016729 72
1725417969712 0.5717770609013846 73
1725417969744 0.5164300327030277 74
1725417969762 0.5216237737242292 75
1725417969781 0.4407867744178561 76
1725417969800 0.5605086957840899 77
1725417969819 0.49728061130108125 78
1725417969839 0.5404853072119633 79
1725417969859 0.5368284771964879 80
1725417969887 0.6060900151702391 81
1725417969919 0.6303960286453452 82
1725417969949 0.5910968415608238 83
1725417969972 0.65838258433811 84
1725417969998 0.5427570866906852 85
1725417970016 0.5201849472536069 86
1725417970035 0.5843454254634527 87
1725417970055 0.5894986031306054 88
1725417970075 0.6312242664258341 89
1725417970096 0.4446294318195379 90
1725417970160 0.5151055453928283 91
1725417970203 0.497696864567641 92
1725417970232 0.5459257130219113 93
1725417970254 0.46188860826160905 94
1725417970272 0.5579994350675767 95
1725417970292 0.5460344407253883 96
1725417970312 0.6088686032463204 97
1725417970331 0.546948436330536 98
1725417970350 0.5536718950839605 99
1725417970366 0.4373465156322013 100
1725417970381 0.5136055371558653 101
1725417970395 0.5763639006808498 102
1725417970409 0.5795378930354359 103
1725417970424 0.5443467302902121 104
1725417970438 0.4859134776530073 105
1725417970453 0.4552909399205207 106
1725417970467 0.4801426734348238 107
1725417970481 0.5451010393610042 108
1725417970505 0.48205671492542207 109
1725417970534 0.5319984823039374 110
1725417970558 0.5675644454956397 111
1725417970582 0.3860763314073738 112
1725417970604 0.5536371815774029 113
1725417970627 0.5106392310277319 114
1725417970647 0.5025703398247034 115
1725417970667 0.5798157633451511 116
1725417970685 0.5877005592176785 117
1725417970703 0.5414752296304741 118
1725417970725 0.6409641249831657 119
1725417970740 0.613647424418553 120
1725417970767 0.47395196024480957 121
1725417970789 0.6540389213783336 122
1725417970819 0.5495863540950906 123
1725417970842 0.6842601181884433 124
1725417970871 0.6449534184146325 125
1725417970897 0.5541416533755265 126
1725417970923 0.5389538978197623 127
1725417970953 0.6308933777879564 128
1725417970986 0.4926134440479256 129
1725417971011 0.5549735594688522 130
1725417971036 0.4960360936222321 131
1725417971066 0.4721941870908026 132
1725417971090 0.6062695124555861 133
1725417971115 0.4564696088022693 134
1725417971134 0.523847373219126 135
1725417971153 0.5906310708737326 136
1725417971173 0.5104023454374057 137
1725417971192 0.4772859766699486 138
1725417971212 0.6002145052835914 139
1725417971232 0.5834048339028488 140
1725417971256 0.5436814780162201 141
1725417971284 0.6012464569873757 142
1725417971311 0.4847083212229728 143
1725417971346 0.5197704075613843 144
1725417971367 0.528838598001351 145
1725417971382 0.51615221851366 146
1725417971396 0.6143878829012082 147
1725417971411 0.3905802675121412 148
1725417971426 0.5205937806720522 149
1725417971440 0.5420746109336462 150
1725417971454 0.6614915960851221 151
1725417971468 0.4799862828463812 152
1725417971481 0.6350054582026521 153
1725417971500 0.5267615325260933 154
1725417971529 0.38838389586307187 155
1725417971559 0.4946949483450288 156
1725417971590 0.5840634446962342 157
1725417971620 0.5386365643059606 158
1725417971643 0.5253231410944508 159
1725417971667 0.516129832780687 160
1725417971691 0.6028236704278157 161
1725417971732 0.5264929561123185 162
1725417971759 0.5770874164236796 163
1725417971786 0.5134439610123983 164
1725417971814 0.5659362129720875 165
1725417971839 0.5241513219436174 166
1725417971863 0.44641503273899025 167
1725417971894 0.6378596284330248 168
1725417971917 0.5058611478230818 169
1725417971946 0.5706035084411435 170
1725417971988 0.4810248916125428 171
1725417972020 0.5377851426526684 172
1725417972052 0.4988787437379898 173
1725417972081 0.5858639255070192 174
1725417972113 0.5188803174566586 175
1725417972143 0.650746516985761 176
1725417972180 0.6710371916543141 177
1725417972215 0.6716235241739413 178
1725417972245 0.7059946437931389 179
1725417972277 0.7180691812151323 180
1725417972309 0.5507706724434566 181
1725417972342 0.5783034527053142 182
1725417972373 0.5373419494510485 183
1725417972405 0.5137142765470118 184
1725417972437 0.5471684466468141 185
1725417972469 0.5180775926318695 186
1725417972501 0.46909371512391457 187
1725417972532 0.6183867739363386 188
1725417972565 0.5091487244133652 189
1725417972598 0.5179078160301943 190
1725417972628 0.5268578132801266 191
1725417972663 0.608873870999256 192
1725417972695 0.5291774530549193 193
1725417972726 0.5431976891684918 194
1725417972763 0.6467264254774191 195
1725417972795 0.711930832037596 196
1725417972826 0.6716818205424976 197
1725417972857 0.6473715232383307 198
1725417972883 0.5743392986626371 199
1725417972915 0.512855186819275 200
1725417972945 0.5942269850472132 201
1725417972982 0.5633254020594154 202
1725417973013 0.6387303780882054 203
1725417973045 0.5773663707952857 204
1725417973073 0.5116233498213412 205
1725417973104 0.5871955984401644 206
1725417973136 0.48832520858888084 207
1725417973166 0.4704114695693055 208
1725417973197 0.5863478906164796 209
1725417973225 0.5236665377854983 210
1725417973259 0.5353709259051581 211
1725417973290 0.5371780783432594 212
1725417973320 0.4766951710382744 213
1725417973354 0.49644512483055564 214
1725417973383 0.4621938243162293 215
1725417973414 0.48061846720239243 216
1725417973445 0.5361751762293714 217
1725417973479 0.5405839255966268 218
1725417973509 0.5675704854992453 219
1725417973541 0.5677565851416392 220
1725417973573 0.5386632066916301 221
1725417973606 0.5074564566628686 222
1725417973637 0.42787404659624145 223
1725417973666 0.47024938864841764 224
1725417973697 0.6869735858688395 225
1725417973728 0.7482704244603353 226
1725417973760 0.646660569172324 227
1725417973785 0.39012799711332957 228
1725417973816 0.6629264462720798 229
1725417973849 0.5998564776083314 230
1725417973882 0.5883467796986375 231
1725417973918 0.6714135151863826 232
1725417973952 0.504627838487722 233
1725417973985 0.5163955723724395 234
1725417974018 0.5862526239477839 235
1725417974052 0.5324675028999155 236
1725417974081 0.6467253944423501 237
1725417974115 0.5254759574357974 238
1725417974148 0.4587937019091137 239
1725417974180 0.509253026880211 240
1725417974215 0.5525363586458651 241
1725417974241 0.5674926759305445 242
1725417974267 0.5200523157837272 243
1725417974297 0.5093934775353478 244
1725417974328 0.4270911127370596 245
1725417974359 0.6236368636958812 246
1725417974392 0.6281232394969649 247
1725417974423 0.5788474143299784 248
1725417974453 0.5324748678880163 249
1725417974483 0.5770250699681352 250
1725417974518 0.5615462855262747 251
1725417974551 0.5349406957519465 252
1725417974581 0.5656607933197781 253
1725417974614 0.45168611577563383 254
1725417974649 0.4576614596140026 255
1725417974679 0.4530264773129467 256
1725417974710 0.5903134652440893 257
1725417974741 0.5364315618232544 258
1725417974774 0.5550463828195614 259
1725417974804 0.5547562958166327 260
1725417974835 0.5956420591952768 261
1725417974862 0.49666319640427126 262
1725417974893 0.4402649456508195 263
1725417974922 0.5733022652722332 264
1725417974953 0.5916039241415543 265
1725417974985 0.5692904367258619 266
1725417975016 0.6087084873221259 267
1725417975048 0.43635625070632644 268
1725417975083 0.6290766007700029 269
1725417975115 0.5254375969345784 270
1725417975145 0.5520584132102054 271
1725417975178 0.5110549714368688 272
1725417975208 0.5177302606041188 273
1725417975238 0.5504211638694757 274
1725417975271 0.5787850526426731 275
1725417975304 0.49612746920062684 276
1725417975335 0.5240266254860418 277
1725417975360 0.6087483091601495 278
1725417975385 0.5889269262843615 279
1725417975416 0.5928398549123051 280
1725417975447 0.5330258431427107 281
1725417975484 0.6099473214614762 282
1725417975515 0.5498134256047409 283
1725417975549 0.5781589404062684 284
1725417975579 0.5313692407748809 285
1725417975606 0.5251057715749088 286
1725417975636 0.5252285638760807 287
1725417975666 0.46635404095544125 288
1725417975707 0.5566717277785874 289
1725417975738 0.5361095208264341 290
1725417975772 0.5657712542571846 291
1725417975805 0.5490837423167596 292
1725417975838 0.5630111718233337 293
1725417975869 0.5958717931535039 294
1725417975899 0.4760416606251806 295
1725417975934 0.46157928002208704 296
1725417975969 0.6096228166479692 297
1725417975996 0.4724731126530041 298
1725417976027 0.5230467643739715 299
1725417976060 0.5068589224088995 300
1725417976091 0.6087883604880854 301
1725417976125 0.47477869935002115 302
1725417976151 0.5129942617704817 303
1725417976183 0.5791846041094123 304
1725417976213 0.607081135707854 305
1725417976242 0.6069067298667773 306
1725417976277 0.6232498217963579 307
1725417976303 0.4830602719308748 308
1725417976327 0.5102738737878797 309
1725417976361 0.5203237164500747 310
1725417976393 0.5182248390106144 311
1725417976422 0.4104355879057071 312
1725417976448 0.6158276168035646 313
1725417976482 0.5816549609711221 314
1725417976515 0.5285073809539368 315
1725417976546 0.5887532781507976 316
1725417976578 0.6123466956567193 317
1725417976611 0.5201642876460646 318
1725417976643 0.5309504061919846 319
1725417976674 0.6052576273869208 320
1725417976705 0.5869842853095378 321
1725417976736 0.3733850469926028 322
1725417976772 0.45591047613684177 323
1725417976806 0.5769548051118703 324
1725417976839 0.44302860932872135 325
1725417976870 0.40520570021508795 326
1725417976892 0.5929024811765766 327
1725417976925 0.6445858090868466 328
1725417976954 0.6091006146424143 329
1725417976986 0.525784192099639 330
1725417977016 0.5859326646075764 331
1725417977049 0.5228135106749173 332
1725417977079 0.5570360181042703 333
1725417977111 0.6088425840700737 334
1725417977144 0.6898106549781962 335
1725417977175 0.5704278200355472 336
1725417977206 0.5554605622851703 337
1725417977237 0.502640468370852 338
1725417977270 0.5015770434481112 339
1725417977299 0.6690635285247688 340
1725417977331 0.5189650515610276 341
1725417977363 0.572431537006717 342
1725417977393 0.4703992716753923 343
1725417977425 0.5257541675250449 344
1725417977457 0.576868996064957 345
1725417977488 0.49688547446420256 346
1725417977520 0.6402891693087488 347
1725417977553 0.5847770226119957 348
1725417977588 0.4585036247294149 349
1725417977618 0.5495190129377645 350
1725417977648 0.4611308094555539 351
1725417977680 0.5994647192625279 352
1725417977714 0.5939056609374334 353
1725417977746 0.6030492110896581 354
1725417977780 0.5772988070471283 355
1725417977810 0.5939242462970548 356
1725417977843 0.5925015435695385 357
1725417977874 0.4841374243609223 358
1725417977902 0.6067972697301492 359
1725417977937 0.5150897223710637 360
1725417977968 0.5704789809246017 361
1725417977997 0.5115851826783965 362
1725417978029 0.6197891963729689 363
1725417978061 0.5221505281927491 364
1725417978090 0.5978086458862589 365
1725417978125 0.550622919100567 366
1725417978158 0.5705252187988946 367
1725417978189 0.6458086939235087 368
1725417978218 0.5174508038896778 369
