1725349654911 168.996543037322 0
1725349654937 159.94872310079938 1
1725349654964 188.26943736476295 2
1725349654988 1501.5021056240394 3
1725349655011 49747.765895992896 4
1725349655038 1814293.2234266205 5
1725349655067 66344271.856931 6
1725349655104 2426221947.2060475 7
1725349655132 88727546315.7137 8
1725349655158 3244788843151.8228 9
1725349655183 118662750084949.25 10
1725349655208 4339526834869237.0 11
1725349655235 1.586975958093367e+17 12
1725349655265 5.803611286210529e+18 13
1725349655297 2.1223953513383736e+20 14
1725349655329 7.761653572639527e+21 15
1725349655361 2.8384563763616734e+23 16
1725349655389 1.0380306883199866e+25 17
1725349655419 3.7961045266273126e+26 18
1725349655446 1.3882450431598403e+28 19
1725349655472 5.076847295272222e+29 20
1725349655497 1.8566159185303183e+31 21
1725349655526 6.789691453099503e+32 22
1725349655558 2.483007366692402e+34 23
1725349655586 9.080420849218926e+35 24
1725349655617 3.3207329106221887e+37 25
1725349655644 1.2144004387900234e+39 26
1725349655670 4.441093172582463e+40 27
1725349655703 1.6241190251224037e+42 28
1725349655731 5.939444423388819e+43 29
1725349655762 2.1720698737499115e+45 30
1725349655788 7.943314559647264e+46 31
1725349655814 2.9048902595648787e+48 32
1725349655839 1.0623257277236135e+50 33
1725349655864 3.884952101263066e+51 34
1725349655891 1.4207368263074658e+53 35
1725349655915 5.1956705694516825e+54 36
1725349655948 1.900069890947179e+56 37
1725349655975 6.948603731173402e+57 38
1725349656003 2.541121989402628e+59 39
1725349656029 9.292947496856625e+60 40
1725349656054 3.3984544441187746e+62 41
1725349656079 1.2428234005042419e+64 42
1725349656104 4.545036663692669e+65 43
1725349656129 1.662131423171576e+67 44
1725349656154 6.078456726133228e+68 45
1725349656183 2.2229070250637368e+70 46
1725349656217 8.129227310006884e+71 47
1725349656249 2.9728790233980765e+73 48
1725349656276 1.0871893909130563e+75 49
1725349656412 3.975879147490069e+76 50
1725349656461 1.4539890774845239e+78 51
1725349656481 5.3172748944819074e+79 52
1725349656520 1.944540900706196e+81 53
1725349656549 7.111235340575136e+82 54
1725349656581 2.6005967810026843e+84 55
1725349656609 9.510448316585054e+85 56
1725349656637 3.4779950449513753e+87 57
1725349656664 1.2719115997519817e+89 58
1725349656692 4.651412945317327e+90 59
1725349656718 1.701033498875602e+92 60
1725349656743 6.220722602601677e+93 61
1725349656769 2.274934016531657e+95 62
1725349656800 8.319491335955616e+96 63
1725349656833 3.042459059738509e+98 64
1725349656867 1.1126349864900266e+100 65
1725349656895 4.068934335202104e+101 66
1725349656925 1.4880195953944812e+103 67
1725349656948 5.441725360672429e+104 68
1725349656979 1.990052751498556e+106 69
1725349657007 7.277673332006428e+107 70
1725349657030 2.661463576154763e+109 71
1725349657061 9.733039728571457e+110 72
1725349657088 3.5593972882701296e+112 73
1725349657121 1.301680606373551e+114 74
1725349657145 4.760278956756994e+115 75
1725349657177 1.740846075080895e+117 76
1725349657203 6.366318202471864e+118 77
1725349657228 2.3281786962837165e+120 78
1725349657259 8.514208478810807e+121 79
1725349657287 3.113667612214097e+123 80
1725349657319 1.1386761345436343e+125 81
1725349657348 4.164167473410062e+126 82
1725349657376 1.522846595318884e+128 83
1725349657405 5.569088581769351e+129 84
1725349657431 2.0366298041398466e+131 85
1725349657461 7.448006793587241e+132 86
1725349657490 2.7237549546099455e+134 87
1725349657514 9.960840877790133e+135 88
1725349657540 3.6427047456941188e+137 89
1725349657573 1.332146354620433e+139 90
1725349657600 4.871692969972983e+140 91
1725349657635 1.781590461991415e+142 92
1725349657669 6.51532145769933e+143 93
1725349657694 2.3826695642335275e+145 94
1725349657726 8.713482963478375e+146 95
1725349657752 3.186542796136838e+148 96
1725349657783 1.1653267739400181e+150 97
1725349657810 4.261629536900572e+151 98
1725349657836 1.5584887188662338e+153 99
1725349657861 5.69943273060719e+154 100
1725349657886 2.08429698960849e+156 101
1725349657918 7.622326898537106e+157 102
1725349657947 2.7875042586457552e+159 103
1725349657978 1.0193973697794803e+161 104
1725349658009 3.727962008632826e+162 105
1725349658043 1.3633251516840441e+164 106
1725349658070 4.985714620777342e+165 107
1725349658095 1.8232884685746742e+167 108
1725349658123 6.667812124230649e+168 109
1725349658149 2.438435787332901e+170 110
1725349658178 8.917421454240223e+171 111
1725349658204 3.261123618904941e+173 112
1725349658229 1.192601169783535e+175 113
1725349658254 4.36137269352172e+176 114
1725349658282 1.5949650439508753e+178 115
1725349658311 5.832827575602242e+179 116
1725349658342 2.13307982239099e+181 117
1725349658371 7.800726953979695e+182 118
1725349658400 2.8527456109137226e+184 119
1725349658429 1.0432562975987287e+186 120
1725349658464 3.815214712155267e+187 121
1725349658495 1.395233686424793e+189 122
1725349658526 5.102404940755713e+190 123
1725349658552 1.865962414236188e+192 124
1725349658585 6.823871824697849e+193 125
1725349658608 2.495507215185026e+195 126
1725349658637 9.126133111851398e+196 127
1725349658662 3.337450000883122e+198 128
1725349658689 1.2205139210527053e+200 129
1725349658714 4.463450332107751e+201 130
1725349658739 1.6322950950046194e+203 131
1725349658767 5.969344518096189e+204 132
1725349658795 2.183004414139019e+206 133
1725349658824 7.983302450886679e+207 134
1725349658853 2.919513932704029e+209 135
1725349658887 1.0676736420409975e+211 136
1725349658920 3.904509559415938e+212 137
1725349658965 1.4278890383045622e+214 138
1725349659002 5.221826389932692e+215 139
1725349659055 1.9096351407651838e+217 140
1725349659084 6.983584092102311e+218 141
1725349659112 2.5539143960202315e+220 142
1725349659141 9.339729651963966e+221 143
1725349659169 3.415562796768302e+223 144
1725349659196 1.2490799684137069e+225 145
1725349659223 4.56791709105335e+226 146
1725349659248 1.6704988534270125e+228 147
1725349659278 6.109056630573601e+229 148
1725349659304 2.2340974876451825e+231 149
1725349659335 8.17015111518764e+232 150
1725349659366 2.9878449626367697e+234 151
1725349659397 1.0926624728102148e+236 152
1725349659423 3.995894346653435e+237 153
1725349659455 1.461308686528972e+239 154
1725349659496 5.344042890206321e+240 155
1725349659516 1.9543300245617595e+242 156
1725349659546 7.147034414531301e+243 157
1725349659573 2.613688593048615e+245 158
1725349659599 9.558325404930036e+246 159
1725349659620 3.495503817459975e+248 160
1725349659640 1.2783146022184195e+250 161
1725349659666 4.67482888756282e+251 162
1725349659696 1.7095967682811913e+253 163
1725349659725 6.252038695776067e+254 164
1725349659754 2.2863863911476476e+256 165
1725349659781 8.361372960082523e+257 166
1725349659801 3.0577752757926022e+259 167
1725349659819 1.1182361655060459e+261 168
1725349659835 4.089417988774629e+262 169
1725349659853 1.4955105194031627e+264 170
1725349659870 5.4691198595614434e+265 171
1725349659887 2.0000709891486845e+267 172
1725349659906 7.314310280914092e+268 173
1725349659929 2.674861801193223e+270 174
1725349659949 9.7820373769931e+271 175
1725349659974 3.577315852437892e+273 176
1725349659992 1.3082334706879746e+275 177
1725349660013 4.784242947577531e+276 178
1725349660041 1.7496097672388893e+278 179
1725349660075 6.39836724672966e+279 180
1725349660102 2.3398991129679267e+281 181
1725349660134 8.557070339572263e+282 182
1725349660153 3.1293423032889144e+284 183
1725349660175 1.144408408782943e+286 184
1725349660197 4.185130545535567e+287 185
1725349660217 1.5305128439069797e+289 186
1725349660238 5.5971242470872265e+290 187
1725349660260 2.0468825179774575e+292 188
1725349660284 7.485501227853202e+293 189
1725349660308 2.7374667642165084e+295 190
1725349660331 1.001098531292212e+297 191
1725349660357 3.661042692667294e+298 192
1725349660385 1.3388525882893699e+300 193
1725349660404 4.896217836408609e+301 194
1725349660421 1.7905592677828675e+303 195
1725349660439 inf 196
1725349660462 inf 197
1725349660485 inf 198
1725349660507 inf 199
1725349660528 inf 200
1725349660549 inf 201
1725349660574 inf 202
