1725342690114 nan 0
1725342690162 nan 1
1725342690179 nan 2
1725342690195 nan 3
1725342690215 nan 4
1725342690243 nan 5
1725342690261 nan 6
1725342690283 nan 7
1725342690303 nan 8
1725342690327 nan 9
1725342690351 nan 10
1725342690372 nan 11
1725342690390 nan 12
1725342690407 nan 13
1725342690426 nan 14
1725342690443 nan 15
1725342690461 nan 16
1725342690478 nan 17
1725342690492 nan 18
1725342690512 nan 19
1725342690535 nan 20
1725342690556 nan 21
1725342690571 nan 22
1725342690585 nan 23
1725342690602 nan 24
1725342690617 nan 25
1725342690633 nan 26
1725342690649 nan 27
1725342690665 nan 28
1725342690681 nan 29
1725342690698 nan 30
1725342690722 nan 31
1725342690744 nan 32
1725342690761 nan 33
1725342690782 nan 34
1725342690806 nan 35
1725342690825 nan 36
1725342690840 nan 37
1725342690856 nan 38
1725342690872 nan 39
1725342690887 nan 40
1725342690902 nan 41
1725342690931 nan 42
1725342690952 nan 43
1725342690970 nan 44
1725342690986 nan 45
1725342691003 nan 46
1725342691023 nan 47
1725342691039 nan 48
1725342691056 nan 49
1725342691072 nan 50
1725342691087 nan 51
1725342691100 nan 52
1725342691115 nan 53
1725342691129 nan 54
1725342691145 nan 55
1725342691161 nan 56
1725342691177 nan 57
1725342691191 nan 58
1725342691207 nan 59
1725342691223 nan 60
1725342691239 nan 61
1725342691252 nan 62
1725342691266 nan 63
1725342691283 nan 64
1725342691298 nan 65
1725342691317 nan 66
1725342691383 nan 67
1725342691404 nan 68
1725342691427 nan 69
1725342691443 nan 70
1725342691458 nan 71
1725342691472 nan 72
1725342691488 nan 73
1725342691502 nan 74
1725342691515 nan 75
1725342691530 nan 76
1725342691543 nan 77
1725342691556 nan 78
1725342691580 nan 79
1725342691599 nan 80
1725342691615 nan 81
1725342691632 nan 82
1725342691649 nan 83
1725342691668 nan 84
1725342691699 nan 85
1725342691733 nan 86
1725342691761 nan 87
1725342691778 nan 88
1725342691799 nan 89
1725342691826 nan 90
1725342691839 nan 91
1725342691855 nan 92
1725342691869 nan 93
1725342691885 nan 94
1725342691899 nan 95
1725342691913 nan 96
1725342691943 nan 97
1725342691959 nan 98
1725342691978 nan 99
1725342691998 nan 100
1725342692018 nan 101
1725342692040 nan 102
1725342692061 nan 103
1725342692080 nan 104
1725342692099 nan 105
1725342692122 nan 106
1725342692141 nan 107
1725342692161 nan 108
1725342692178 nan 109
1725342692197 nan 110
1725342692215 nan 111
1725342692238 nan 112
1725342692260 nan 113
1725342692279 nan 114
1725342692297 nan 115
1725342692316 nan 116
1725342692329 nan 117
1725342692340 nan 118
1725342692348 nan 119
1725342692356 nan 120
1725342692365 nan 121
1725342692373 nan 122
1725342692380 nan 123
1725342692388 nan 124
1725342692397 nan 125
1725342692404 nan 126
1725342692412 nan 127
1725342692421 nan 128
1725342692430 nan 129
1725342692437 nan 130
1725342692444 nan 131
1725342692456 nan 132
1725342692477 nan 133
1725342692499 nan 134
1725342692520 nan 135
1725342692537 nan 136
1725342692556 nan 137
1725342692577 nan 138
1725342692585 nan 139
1725342692592 nan 140
1725342692602 nan 141
1725342692609 nan 142
1725342692617 nan 143
1725342692625 nan 144
1725342692632 nan 145
1725342692641 nan 146
1725342692649 nan 147
1725342692657 nan 148
1725342692665 nan 149
1725342692676 nan 150
1725342692683 nan 151
1725342692697 nan 152
1725342692714 nan 153
1725342692728 nan 154
1725342692744 nan 155
1725342692760 nan 156
1725342692777 nan 157
1725342692799 nan 158
1725342692824 nan 159
1725342692848 nan 160
1725342692871 nan 161
1725342692894 nan 162
1725342692916 nan 163
1725342692943 nan 164
1725342692976 nan 165
1725342692999 nan 166
1725342693027 nan 167
1725342693049 nan 168
1725342693082 nan 169
1725342693103 nan 170
1725342693127 nan 171
1725342693149 nan 172
1725342693179 nan 173
1725342693198 nan 174
1725342693220 nan 175
1725342693240 nan 176
1725342693259 nan 177
1725342693278 nan 178
1725342693299 nan 179
1725342693314 nan 180
1725342693332 nan 181
1725342693346 nan 182
1725342693360 nan 183
1725342693377 nan 184
1725342693393 nan 185
1725342693407 nan 186
1725342693423 nan 187
1725342693438 nan 188
1725342693454 nan 189
1725342693471 nan 190
1725342693485 nan 191
1725342693502 nan 192
1725342693519 nan 193
1725342693534 nan 194
1725342693548 nan 195
1725342693565 nan 196
1725342693581 nan 197
1725342693598 nan 198
1725342693616 nan 199
1725342693631 nan 200
1725342693644 nan 201
1725342693661 nan 202
1725342693676 nan 203
1725342693692 nan 204
1725342693707 nan 205
1725342693721 nan 206
1725342693735 nan 207
1725342693749 nan 208
1725342693764 nan 209
1725342693779 nan 210
1725342693796 nan 211
1725342693810 nan 212
1725342693828 nan 213
1725342693844 nan 214
1725342693857 nan 215
1725342693875 nan 216
1725342693897 nan 217
1725342693915 nan 218
1725342693933 nan 219
1725342693948 nan 220
1725342693986 nan 221
1725342694008 nan 222
1725342694028 nan 223
1725342694044 nan 224
1725342694059 nan 225
1725342694075 nan 226
1725342694093 nan 227
1725342694108 nan 228
1725342694128 nan 229
1725342694152 nan 230
1725342694170 nan 231
1725342694188 nan 232
1725342694208 nan 233
1725342694244 nan 234
1725342694265 nan 235
1725342694283 nan 236
1725342694300 nan 237
1725342694321 nan 238
1725342694337 nan 239
1725342694353 nan 240
1725342694371 nan 241
1725342694385 nan 242
1725342694400 nan 243
1725342694415 nan 244
1725342694430 nan 245
1725342694446 nan 246
1725342694462 nan 247
1725342694478 nan 248
1725342694498 nan 249
1725342694516 nan 250
1725342694531 nan 251
1725342694548 nan 252
1725342694566 nan 253
1725342694581 nan 254
1725342694595 nan 255
1725342694608 nan 256
1725342694623 nan 257
1725342694636 nan 258
1725342694652 nan 259
1725342694666 nan 260
1725342694680 nan 261
1725342694696 nan 262
1725342694710 nan 263
1725342694725 nan 264
1725342694741 nan 265
1725342694756 nan 266
1725342694773 nan 267
1725342694788 nan 268
1725342694803 nan 269
1725342694818 nan 270
1725342694832 nan 271
1725342694847 nan 272
1725342694860 nan 273
1725342694874 nan 274
1725342694888 nan 275
1725342694902 nan 276
1725342694915 nan 277
1725342694930 nan 278
1725342694944 nan 279
1725342694959 nan 280
1725342694977 nan 281
1725342695008 nan 282
1725342695023 nan 283
1725342695039 nan 284
1725342695055 nan 285
1725342695072 nan 286
1725342695087 nan 287
1725342695101 nan 288
1725342695116 nan 289
1725342695130 nan 290
1725342695144 nan 291
1725342695159 nan 292
1725342695175 nan 293
1725342695204 nan 294
1725342695227 nan 295
1725342695249 nan 296
1725342695271 nan 297
1725342695293 nan 298
1725342695313 nan 299
1725342695333 nan 300
1725342695349 nan 301
1725342695369 nan 302
1725342695388 nan 303
1725342695408 nan 304
1725342695427 nan 305
1725342695448 nan 306
1725342695467 nan 307
1725342695489 nan 308
1725342695509 nan 309
1725342695526 nan 310
1725342695543 nan 311
1725342695560 nan 312
1725342695577 nan 313
1725342695596 nan 314
1725342695614 nan 315
1725342695633 nan 316
1725342695656 nan 317
1725342695676 nan 318
1725342695695 nan 319
1725342695715 nan 320
1725342695730 nan 321
1725342695749 nan 322
1725342695764 nan 323
1725342695780 nan 324
1725342695795 nan 325
1725342695811 nan 326
1725342695827 nan 327
1725342695845 nan 328
1725342695876 nan 329
1725342695898 nan 330
1725342695919 nan 331
1725342695937 nan 332
1725342695955 nan 333
1725342695971 nan 334
1725342695985 nan 335
1725342696014 nan 336
1725342696028 nan 337
1725342696042 nan 338
1725342696058 nan 339
1725342696072 nan 340
1725342696088 nan 341
1725342696104 nan 342
1725342696120 nan 343
1725342696137 nan 344
1725342696152 nan 345
1725342696169 nan 346
1725342696185 nan 347
1725342696200 nan 348
1725342696215 nan 349
1725342696231 nan 350
1725342696245 nan 351
1725342696259 nan 352
1725342696274 nan 353
1725342696289 nan 354
1725342696307 nan 355
1725342696322 nan 356
1725342696336 nan 357
1725342696352 nan 358
1725342696369 nan 359
1725342696384 nan 360
1725342696398 nan 361
1725342696419 nan 362
1725342696433 nan 363
1725342696464 nan 364
1725342696514 nan 365
1725342696538 nan 366
1725342696563 nan 367
1725342696589 nan 368
1725342696615 nan 369
1725342696639 nan 370
1725342696662 nan 371
1725342696688 nan 372
1725342696713 nan 373
1725342696734 nan 374
1725342696762 nan 375
1725342696788 nan 376
1725342696811 nan 377
1725342696830 nan 378
1725342696846 nan 379
1725342696862 nan 380
1725342696877 nan 381
1725342696895 nan 382
1725342696916 nan 383
1725342696932 nan 384
1725342696955 nan 385
1725342696979 nan 386
1725342697009 nan 387
1725342697046 nan 388
1725342697071 nan 389
1725342697086 nan 390
1725342697102 nan 391
1725342697116 nan 392
1725342697132 nan 393
1725342697148 nan 394
1725342697163 nan 395
1725342697178 nan 396
1725342697193 nan 397
1725342697210 nan 398
1725342697223 nan 399
1725342697240 nan 400
1725342697255 nan 401
1725342697272 nan 402
1725342697288 nan 403
1725342697356 nan 404
1725342697374 nan 405
1725342697389 nan 406
1725342697406 nan 407
1725342697423 nan 408
1725342697439 nan 409
1725342697453 nan 410
1725342697470 nan 411
1725342697485 nan 412
1725342697503 nan 413
1725342697520 nan 414
1725342697537 nan 415
1725342697552 nan 416
1725342697569 nan 417
1725342697586 nan 418
1725342697601 nan 419
1725342697616 nan 420
1725342697632 nan 421
1725342697649 nan 422
1725342697666 nan 423
1725342697684 nan 424
1725342697705 nan 425
1725342697721 nan 426
1725342697736 nan 427
1725342697751 nan 428
1725342697765 nan 429
1725342697780 nan 430
1725342697794 nan 431
1725342697808 nan 432
1725342697823 nan 433
1725342697842 nan 434
1725342697858 nan 435
1725342697873 nan 436
1725342697890 nan 437
1725342697909 nan 438
1725342697925 nan 439
1725342697942 nan 440
1725342697959 nan 441
1725342697972 nan 442
1725342697986 nan 443
1725342698000 nan 444
1725342698015 nan 445
1725342698048 nan 446
1725342698063 nan 447
1725342698079 nan 448
1725342698093 nan 449
1725342698108 nan 450
1725342698123 nan 451
1725342698138 nan 452
1725342698154 nan 453
1725342698169 nan 454
1725342698184 nan 455
1725342698198 nan 456
1725342698215 nan 457
1725342698228 nan 458
1725342698242 nan 459
1725342698257 nan 460
1725342698271 nan 461
1725342698287 nan 462
1725342698302 nan 463
1725342698316 nan 464
1725342698330 nan 465
1725342698348 nan 466
1725342698363 nan 467
1725342698378 nan 468
1725342698393 nan 469
1725342698409 nan 470
1725342698423 nan 471
1725342698439 nan 472
1725342698454 nan 473
1725342698472 nan 474
1725342698489 nan 475
1725342698506 nan 476
1725342698523 nan 477
1725342698538 nan 478
1725342698556 nan 479
1725342698572 nan 480
1725342698587 nan 481
1725342698603 nan 482
1725342698619 nan 483
1725342698636 nan 484
1725342698652 nan 485
1725342698672 nan 486
1725342698686 nan 487
1725342698703 nan 488
1725342698719 nan 489
1725342698733 nan 490
1725342698746 nan 491
1725342698760 nan 492
1725342698777 nan 493
1725342698790 nan 494
1725342698804 nan 495
1725342698817 nan 496
1725342698831 nan 497
1725342698846 nan 498
1725342698859 nan 499
