1725383848254 169.15949537300654 0
1725383848278 168.94515987725205 1
1725383848304 168.77563545911565 2
1725383848327 168.60627188717177 3
1725383848351 168.4370961846439 4
1725383848378 168.2681081162882 5
1725383848403 168.099307463918 6
1725383848426 167.9306940095985 7
1725383848448 167.7622675356572 8
1725383848470 167.5940278246835 9
1725383848497 167.42597465952835 10
1725383848518 167.258107823304 11
1725383848547 167.09042709938348 12
1725383848571 166.9229322714005 13
1725383848594 166.75562312324914 14
1725383848618 166.58849943908325 15
1725383848643 166.42156100331638 16
1725383848667 166.25480760062138 17
1725383848692 166.08823901593013 18
1725383848715 165.92185503443307 19
1725383848738 165.755655441579 20
1725383848762 165.58964002307476 21
1725383848784 165.42380856488492 22
1725383848804 165.25816085323137 23
1725383848827 165.0926966745931 24
1725383848850 164.92741581570576 25
1725383848874 164.76231806356142 26
1725383848901 164.59740320540845 27
1725383848934 164.43267102875066 28
1725383848958 164.26812132134762 29
1725383848980 164.1037538712139 30
1725383849005 163.93956846661894 31
1725383849028 163.77556489608673 32
1725383849051 163.61174294839535 33
1725383849075 163.44810241257682 34
1725383849098 163.28464307791677 35
1725383849122 163.12136473395407 36
1725383849148 162.95826717048047 37
1725383849167 162.79535017754034 38
1725383849190 162.6326135454305 39
1725383849213 162.47005706469957 40
1725383849234 162.30768052614803 41
1725383849265 162.14548372082766 42
1725383849288 161.98346644004118 43
1725383849306 161.82162847534232 44
1725383849329 161.65996961853503 45
1725383849351 161.4984896616735 46
1725383849374 161.33718839706165 47
1725383849396 161.17606561725302 48
1725383849434 161.01512111505028 49
1725383849490 160.85435468350497 50
1725383849514 160.69376611591724 51
1725383849536 160.53335520583556 52
1725383849558 160.37312174705633 53
1725383849581 160.21306553362353 54
1725383849604 160.0531863598286 55
1725383849627 159.89348402021 56
1725383849650 159.73395830955286 57
1725383849672 159.5746090228888 58
1725383849697 159.41543595549564 59
1725383849724 159.25643890289683 60
1725383849750 159.09761766086152 61
1725383849773 158.938972025404 62
1725383849795 158.78050179278347 63
1725383849822 158.62220675950365 64
1725383849848 158.46408672231277 65
1725383849873 158.30614147820287 66
1725383849901 158.1483708244098 67
1725383849929 157.99077455841268 68
1725383849952 157.8333524779339 69
1725383849976 157.6761043809385 70
1725383849999 157.51903006563407 71
1725383850020 157.36212933047037 72
1725383850045 157.20540197413908 73
1725383850066 157.04884779557344 74
1725383850086 156.89246659394797 75
1725383850108 156.73625816867835 76
1725383850131 156.5802223194206 77
1725383850155 156.42435884607158 78
1725383850177 156.26866754876784 79
1725383850205 156.11314822788603 80
1725383850228 155.95780068404218 81
1725383850250 155.80262471809152 82
1725383850281 155.6476201311282 83
1725383850305 155.4927867244851 84
1725383850327 155.3381242997332 85
1725383850350 155.18363265868172 86
1725383850372 155.02931160337755 87
1725383850396 154.8751609361049 88
1725383850419 154.72118045938524 89
1725383850442 154.56736997597693 90
1725383850464 154.4137292888748 91
1725383850486 154.26025820131 92
1725383850508 154.10695651674956 93
1725383850531 153.95382403889636 94
1725383850555 153.80086057168847 95
1725383850581 153.64806591929917 96
1725383850604 153.4954398861366 97
1725383850627 153.3429822768433 98
1725383850650 153.19069289629604 99
1725383850672 153.0385715496057 100
1725383850695 152.88661804211657 101
1725383850718 152.73483217940645 102
1725383850740 152.58321376728614 103
1725383850760 152.43176261179934 104
1725383850787 152.28047851922204 105
1725383850808 152.12936129606263 106
1725383850827 151.97841074906134 107
1725383850850 151.82762668518995 108
1725383850876 151.6770089116518 109
1725383850902 151.52655723588109 110
1725383850923 151.37627146554286 111
1725383850946 151.22615140853264 112
1725383850971 151.07619687297617 113
1725383850994 150.92640766722914 114
1725383851020 150.77678359987684 115
1725383851046 150.62732447973391 116
1725383851069 150.47803011584404 117
1725383851096 150.32890031747974 118
1725383851119 150.179934894142 119
1725383851141 150.0311336555601 120
1725383851182 149.88249641169116 121
1725383851216 149.73402297272003 122
1725383851237 149.58571314905885 123
1725383851257 149.43756675134694 124
1725383851294 149.2895835904504 125
1725383851316 149.14176347746184 126
1725383851339 148.9941062237002 127
1725383851361 148.8466116407103 128
1725383851383 148.6992795402627 129
1725383851405 148.5521097343534 130
1725383851434 148.40510203520347 131
1725383851458 148.25825625525894 132
1725383851480 148.1115722071903 133
1725383851501 147.96504970389248 134
1725383851526 147.81868855848433 135
1725383851549 147.67248858430847 136
1725383851571 147.52644959493105 137
1725383851591 147.3805714041414 138
1725383851615 147.23485382595166 139
1725383851640 147.08929667459682 140
1725383851663 146.94389976453414 141
1725383851686 146.79866291044289 142
1725383851708 146.65358592722433 143
1725383851730 146.50866863000115 144
1725383851752 146.36391083411738 145
1725383851774 146.21931235513804 146
1725383851796 146.07487300884887 147
1725383851818 145.93059261125612 148
1725383851836 145.78647097858612 149
1725383851857 145.64250792728524 150
1725383851879 145.49870327401936 151
1725383851901 145.35505683567385 152
1725383851924 145.21156842935318 153
1725383851947 145.06823787238054 154
1725383851968 144.92506498229784 155
1725383851991 144.78204957686512 156
1725383852013 144.63919147406057 157
1725383852035 144.49649049208006 158
1725383852058 144.353946449337 159
1725383852078 144.21155916446193 160
1725383852099 144.0693284563025 161
1725383852123 143.92725414392285 162
1725383852142 143.7853360466037 163
1725383852165 143.6435739838418 164
1725383852189 143.5019677753498 165
1725383852210 143.3605172410561 166
1725383852233 143.21922220110426 167
1725383852257 143.078082475853 168
1725383852279 142.9370978858759 169
1725383852311 142.79626825196104 170
1725383852332 142.6555933951108 171
1725383852355 142.51507313654164 172
1725383852382 142.37470729768373 173
1725383852403 142.23449570018073 174
1725383852430 142.0944381658895 175
1725383852453 141.95453451688002 176
1725383852474 141.8147845754348 177
1725383852494 141.67518816404893 178
1725383852518 141.5357451054296 179
1725383852547 141.39645522249603 180
1725383852570 141.25731833837892 181
1725383852590 141.1183342764206 182
1725383852614 140.97950286017436 183
1725383852637 140.84082391340442 184
1725383852659 140.70229726008571 185
1725383852682 140.56392272440345 186
1725383852705 140.42570013075294 187
1725383852728 140.28762930373935 188
1725383852750 140.14971006817743 189
1725383852773 140.0119422490913 190
1725383852797 139.87432567171413 191
1725383852820 139.73686016148787 192
1725383852844 139.599545544063 193
1725383852866 139.46238164529842 194
1725383852889 139.32536829126093 195
1725383852910 139.18850530822525 196
1725383852932 139.05179252267354 197
1725383852955 138.91522976129522 198
1725383852977 138.77881685098683 199
1725383852999 138.6425536188516 200
1725383853021 138.50643989219924 201
1725383853046 138.37047549854583 202
1725383853070 138.23466026561331 203
1725383853094 138.09899402132947 204
1725383853115 137.9634765938276 205
1725383853138 137.8281078114462 206
1725383853161 137.6928875027287 207
1725383853183 137.55781549642333 208
1725383853202 137.42289162148285 209
1725383853225 137.28811570706418 210
1725383853248 137.15348758252827 211
1725383853270 137.01900707743977 212
1725383853290 136.88467402156678 213
1725383853321 136.75048824488076 214
1725383853349 136.61644957755598 215
1725383853371 136.48255784996957 216
1725383853394 136.34881289270106 217
1725383853417 136.2152145365323 218
1725383853443 136.08176261244702 219
1725383853465 135.94845695163076 220
1725383853488 135.81529738547056 221
1725383853512 135.68228374555457 222
1725383853551 135.54941586367212 223
1725383853581 135.41669357181314 224
1725383853605 135.28411670216815 225
1725383853630 135.15168508712785 226
1725383853652 135.01939855928296 227
1725383853678 134.88725695142398 228
1725383853699 134.75526009654095 229
1725383853723 134.62340782782314 230
1725383853747 134.49169997865883 231
1725383853773 134.3601363826351 232
1725383853792 134.22871687353756 233
1725383853814 134.09744128535013 234
1725383853837 133.96630945225473 235
1725383853860 133.83532120863114 236
1725383853883 133.70447638905668 237
1725383853906 133.57377482830594 238
1725383853928 133.44321636135066 239
1725383853950 133.31280082335937 240
1725383853972 133.18252804969717 241
1725383853995 133.0523978759256 242
1725383854017 132.92241013780213 243
1725383854040 132.79256467128036 244
1725383854064 132.66286131250928 245
1725383854085 132.53329989783336 246
1725383854108 132.40388026379216 247
1725383854131 132.27460224712036 248
1725383854155 132.14546568474697 249
1725383854178 132.01647041379567 250
1725383854200 131.88761627158422 251
1725383854223 131.75890309562448 252
1725383854245 131.6303307236218 253
1725383854268 131.50189899347512 254
1725383854291 131.37360774327666 255
1725383854322 131.24545681131156 256
1725383854347 131.11744603605777 257
1725383854368 130.9895752561858 258
1725383854388 130.86184431055827 259
1725383854412 130.7342530382301 260
1725383854434 130.60680127844782 261
1725383854454 130.47948887064967 262
1725383854476 130.35231565446526 263
1725383854498 130.22528146971516 264
1725383854520 130.09838615641087 265
1725383854541 129.9716295547547 266
1725383854565 129.84501150513915 267
1725383854589 129.71853184814702 268
1725383854609 129.59219042455098 269
1725383854632 129.46598707531348 270
1725383854653 129.33992164158636 271
1725383854677 129.21399396471082 272
1725383854701 129.08820388621692 273
1725383854722 128.96255124782365 274
1725383854746 128.83703589143846 275
1725383854770 128.71165765915708 276
1725383854793 128.5864163932635 277
1725383854817 128.46131193622932 278
1725383854841 128.33634413071397 279
1725383854865 128.21151281956415 280
1725383854889 128.08681784581378 281
1725383854912 127.96225905268375 282
1725383854935 127.83783628358151 283
1725383854959 127.71354938210115 284
1725383854982 127.58939819202291 285
1725383855007 127.4653825573131 286
1725383855033 127.3415023221238 287
1725383855057 127.2177573307926 288
1725383855079 127.09414742784253 289
1725383855102 126.97067245798166 290
1725383855125 126.84733226610295 291
1725383855147 126.724126697284 292
1725383855168 126.60105559678694 293
1725383855191 126.4781188100579 294
1725383855215 126.3553161827272 295
1725383855239 126.23264756060878 296
1725383855261 126.11011278970015 297
1725383855288 125.9877117161821 298
1725383855315 125.86544418641851 299
1725383855345 125.74331004695611 300
1725383855374 125.62130914452428 301
1725383855395 125.49944132603474 302
1725383855418 125.37770643858143 303
1725383855441 125.25610432944028 304
1725383855463 125.1346348460689 305
1725383855485 125.01329783610647 306
1725383855507 124.89209314737336 307
1725383855530 124.77102062787107 308
1725383855550 124.65008012578194 309
1725383855573 124.52927148946897 310
1725383855597 124.40859456747549 311
1725383855617 124.28804920852507 312
1725383855642 124.16763526152118 313
1725383855665 124.04735257554711 314
1725383855689 123.92720099986558 315
1725383855711 123.80718038391862 316
1725383855733 123.68729057732749 317
1725383855755 123.56753142989209 318
1725383855777 123.44790279159102 319
1725383855799 123.32840451258151 320
1725383855823 123.20903644319867 321
1725383855848 123.08979843395588 322
1725383855867 122.9706903355441 323
1725383855890 122.85171199883189 324
1725383855920 122.73286327486521 325
1725383855943 122.61414401486702 326
1725383855966 122.49555407023729 327
1725383855988 122.37709329255257 328
1725383856010 122.25876153356603 329
1725383856037 122.1405586452069 330
1725383856067 122.02248447958056 331
1725383856088 121.9045388889682 332
1725383856112 121.78672172582658 333
1725383856137 121.66903284278784 334
1725383856160 121.55147209265938 335
1725383856183 121.43403932842342 336
1725383856207 121.31673440323709 337
1725383856232 121.19955717043193 338
1725383856258 121.08250748351378 339
1725383856280 120.9655851961627 340
1725383856306 120.84879016223259 341
1725383856337 120.73212223575099 342
1725383856359 120.61558127091895 343
1725383856382 120.49916712211078 344
1725383856403 120.38287964387374 345
1725383856425 120.26671869092809 346
1725383856448 120.15068411816655 347
1725383856471 120.0347757806543 348
1725383856494 119.91899353362875 349
1725383856517 119.80333723249935 350
1725383856541 119.68780673284711 351
1725383856564 119.57240189042484 352
1725383856585 119.45712256115658 353
1725383856608 119.3419686011376 354
1725383856630 119.22693986663394 355
1725383856652 119.11203621408262 356
1725383856674 118.99725750009094 357
1725383856697 118.8826035814367 358
1725383856721 118.76807431506764 359
1725383856744 118.65366955810156 360
1725383856761 118.5393891678258 361
1725383856783 118.42523300169725 362
1725383856807 118.31120091734208 363
1725383856828 118.19729277255549 364
1725383856849 118.08350842530159 365
1725383856873 117.96984773371307 366
1725383856895 117.85631055609115 367
1725383856918 117.7428967509052 368
1725383856941 117.62960617679272 369
1725383856963 117.51643869255895 370
1725383856985 117.4033941571768 371
1725383857007 117.29047242978663 372
1725383857031 117.17767336969598 373
1725383857054 117.06499683637938 374
1725383857074 116.95244268947819 375
1725383857099 116.84001078880037 376
1725383857121 116.72770099432032 377
1725383857143 116.61551316617853 378
1725383857165 116.5034471646816 379
1725383857191 116.39150285030189 380
1725383857211 116.27968008367725 381
1725383857233 116.16797872561105 382
1725383857257 116.05639863707178 383
1725383857278 115.9449396791929 384
1725383857301 115.83360171327271 385
1725383857325 115.72238460077403 386
1725383857352 115.61128820332401 387
1725383857375 115.50031238271411 388
1725383857400 115.38945700089968 389
1725383857424 115.2787219199999 390
1725383857445 115.16810700229745 391
1725383857468 115.05761211023841 392
1725383857491 114.9472371064321 393
1725383857515 114.83698185365074 394
1725383857541 114.72684621482941 395
1725383857565 114.61683005306566 396
1725383857588 114.50693323161954 397
1725383857611 114.39715561391318 398
1725383857634 114.28749706353076 399
1725383857656 114.17795744421825 400
1725383857679 114.06853661988315 401
1725383857703 113.95923445459444 402
1725383857725 113.85005081258224 403
1725383857752 113.74098555823763 404
1725383857772 113.6320385561126 405
1725383857793 113.52320967091968 406
1725383857815 113.41449876753177 407
1725383857836 113.30590571098212 408
1725383857858 113.19743036646385 409
1725383857882 113.08907259932998 410
1725383857905 112.98083227509316 411
1725383857926 112.87270925942546 412
1725383857947 112.76470341815818 413
1725383857971 112.65681461728167 414
1725383857995 112.54904272294515 415
1725383858015 112.4413876014565 416
1725383858041 112.33384911928202 417
1725383858065 112.22642714304634 418
1725383858083 112.11912153953212 419
1725383858102 112.01193217567995 420
1725383858125 111.90485891858808 421
1725383858151 111.79790163551223 422
1725383858169 111.6910601938655 423
1725383858192 111.58433446121808 424
1725383858215 111.47772430529703 425
1725383858239 111.37122959398624 426
1725383858261 111.26485019532608 427
1725383858284 111.15858597751325 428
1725383858307 111.05243680890068 429
1725383858330 110.94640255799723 430
1725383858359 110.84048309346755 431
1725383858382 110.73467828413183 432
1725383858406 110.62898799896577 433
1725383858429 110.52341210710017 434
1725383858452 110.41795047782091 435
1725383858474 110.31260298056868 436
1725383858496 110.20736948493887 437
1725383858518 110.10224986068124 438
1725383858540 109.99724397769987 439
1725383858564 109.89235170605289 440
1725383858587 109.7875729159524 441
1725383858608 109.68290747776406 442
1725383858631 109.5783552620072 443
1725383858653 109.47391613935437 444
1725383858672 109.36958998063133 445
1725383858692 109.26537665681676 446
1725383858714 109.1612760390421 447
1725383858735 109.05728799859145 448
1725383858759 108.9534124069012 449
1725383858781 108.84964913556 450
1725383858805 108.74599805630855 451
1725383858827 108.6424590410394 452
1725383858849 108.53903196179672 453
1725383858871 108.43571669077613 454
1725383858894 108.3325131003246 455
1725383858916 108.22942106294013 456
1725383858938 108.12644045127175 457
1725383858962 108.02357113811908 458
1725383858985 107.92081299643247 459
1725383859007 107.81816589931243 460
1725383859030 107.71562972000982 461
1725383859059 107.61320433192543 462
1725383859079 107.5108896086099 463
1725383859099 107.40868542376349 464
1725383859128 107.30659165123589 465
1725383859152 107.20460816502617 466
1725383859176 107.1027348392823 467
1725383859199 107.00097154830135 468
1725383859222 106.89931816652901 469
1725383859247 106.79777456855959 470
1725383859270 106.6963406291357 471
1725383859293 106.59501622314816 472
1725383859314 106.4938012256358 473
1725383859335 106.39269551178526 474
1725383859362 106.29169895693086 475
1725383859387 106.19081143655437 476
1725383859411 106.09003282628484 477
1725383859435 105.9893630018984 478
1725383859457 105.88880183931818 479
1725383859482 105.788349214614 480
1725383859507 105.68800500400232 481
1725383859531 105.58776908384584 482
1725383859558 105.48764133065364 483
1725383859583 105.38762162108077 484
1725383859607 105.28770983192815 485
1725383859627 105.18790584014234 486
1725383859647 105.08820952281549 487
1725383859672 104.98862075718498 488
1725383859696 104.8891394206334 489
1725383859718 104.7897653906883 490
1725383859743 104.69049854502204 491
1725383859764 104.5913387614516 492
1725383859788 104.49228591793836 493
1725383859814 104.393339892588 494
1725383859837 104.29450056365033 495
1725383859859 104.19576780951908 496
1725383859881 104.09714150873164 497
1725383859905 103.99862153996901 498
1725383859932 103.90020778205562 499
