1725419495727 34.2087022523668 0
1725419495764 12.105165454792182 1
1725419495792 6.871939209883007 2
1725419495811 5.539736493918149 3
1725419495829 4.684590502298276 4
1725419495850 4.918455968740066 5
1725419495870 4.738657112185726 6
1725419495897 4.7908110946684745 7
1725419495917 4.5601376232573845 8
1725419495939 5.056712641771639 9
1725419495956 4.586767799173743 10
1725419495976 4.988441420250845 11
1725419496001 4.920044338699595 12
1725419496017 4.478245535614675 13
1725419496033 4.4272523373847354 14
1725419496052 4.8195687270677015 15
1725419496071 4.547987173358894 16
1725419496094 4.97761778990339 17
1725419496125 4.9276609266966025 18
1725419496146 4.454611872759761 19
1725419496166 4.700388173284203 20
1725419496187 4.817552881350451 21
1725419496205 4.820443607419407 22
1725419496224 4.888461067376355 23
1725419496243 4.52412876505228 24
1725419496268 4.596724941342858 25
1725419496289 5.090584581850638 26
1725419496309 4.882150532231355 27
1725419496331 4.887849474493093 28
1725419496351 4.618707856184925 29
1725419496371 4.421836146973483 30
1725419496385 5.287332887370529 31
1725419496400 4.920671660154672 32
1725419496417 4.852686977863431 33
1725419496441 4.690798049135307 34
1725419496467 4.810266676251896 35
1725419496488 4.9676984534029565 36
1725419496507 4.714777944481839 37
1725419496525 4.86498801634655 38
1725419496548 4.615987303546163 39
1725419496563 4.434114100103865 40
1725419496578 4.73029317635698 41
1725419496594 4.746992806200809 42
1725419496614 4.682620685384467 43
1725419496629 4.672011106872932 44
1725419496648 4.7471129606661195 45
1725419496665 4.795998713546753 46
1725419496688 4.94685571235065 47
1725419496713 5.046584886394596 48
1725419496732 4.900925039119188 49
1725419496749 4.974032709815452 50
1725419496765 4.688526406180486 51
1725419496781 4.774359864793853 52
1725419496800 4.887972902598802 53
1725419496815 4.47348576216495 54
1725419496830 4.89164064410347 55
1725419496849 5.02297969037818 56
1725419496864 4.772815251894359 57
1725419496882 4.983582045126031 58
1725419496903 4.666628908490831 59
1725419496930 4.94352028957199 60
1725419497024 4.881803981284862 61
1725419497070 4.509061432954848 62
1725419497118 4.870983102315652 63
1725419497140 4.474127341930235 64
1725419497154 5.081565155738708 65
1725419497184 4.2843320996184415 66
1725419497222 4.778957326046164 67
1725419497254 4.668443738722449 68
1725419497282 5.065687803393232 69
1725419497316 4.836065729854414 70
1725419497338 4.601612094926572 71
1725419497357 5.095915383254338 72
1725419497374 4.913036616151593 73
1725419497395 4.830687067632399 74
1725419497412 4.548917657124654 75
1725419497440 4.505574418640442 76
1725419497461 5.013389149558933 77
1725419497477 4.768778498342743 78
1725419497492 4.90690807966888 79
1725419497507 4.776239113418553 80
1725419497522 4.854086351550811 81
1725419497538 4.6928338762468655 82
1725419497552 5.122265750949915 83
1725419497570 4.482344725610931 84
1725419497585 4.781468511509496 85
1725419497599 5.0903269122290755 86
1725419497614 4.952934749595794 87
1725419497633 4.953400542863483 88
1725419497648 4.651144940851084 89
1725419497663 4.818715278553565 90
1725419497687 4.737640647841581 91
1725419497706 4.898457114002365 92
1725419497724 4.900722014766719 93
1725419497738 4.569419293842122 94
1725419497755 4.501091818013208 95
1725419497773 4.841113145664282 96
1725419497790 4.728832655683396 97
1725419497815 4.884282373858669 98
1725419497834 4.71259267100826 99
1725419497857 4.818692759185765 100
1725419497883 4.683443147702791 101
1725419497903 4.701143784000482 102
1725419497925 4.613755351720134 103
1725419497945 4.733057579474449 104
1725419497963 4.706776628475321 105
1725419497983 4.748009104370247 106
1725419498002 4.912165248611719 107
1725419498026 5.230774277527414 108
1725419498045 4.867916038863124 109
1725419498062 4.747409022233898 110
1725419498077 4.789456450987701 111
1725419498092 4.751520475190967 112
1725419498108 4.690148456804616 113
1725419498125 5.000291832645101 114
1725419498139 4.7810021002219445 115
1725419498154 4.8399740939198574 116
1725419498175 4.595658859829835 117
1725419498197 5.3398761276565825 118
1725419498217 4.408977103936269 119
1725419498237 4.912762279360742 120
1725419498252 4.750247441799494 121
1725419498268 4.956404051067597 122
1725419498283 4.793746323329691 123
1725419498302 4.927019881395673 124
1725419498321 4.846496306684903 125
1725419498342 4.739080470349606 126
1725419498363 4.791436924863898 127
1725419498384 4.430428916656142 128
1725419498401 4.540555407174571 129
1725419498424 4.874885793656853 130
1725419498455 4.793799158791483 131
1725419498481 4.847977863608768 132
1725419498501 4.76914825690858 133
1725419498523 4.605876745575884 134
1725419498543 5.155315818707233 135
1725419498576 4.738576958152854 136
1725419498598 4.941356178167953 137
1725419498616 4.534196935060036 138
1725419498631 4.828649392118547 139
1725419498645 4.753123036462802 140
1725419498660 4.688830673490113 141
1725419498678 4.717562830707625 142
1725419498706 4.8899062760922885 143
1725419498725 4.841495366498252 144
1725419498744 4.609553544120449 145
1725419498762 5.082878135722765 146
1725419498782 5.086839335623091 147
1725419498806 4.365016499634475 148
1725419498837 5.079373982205805 149
1725419498864 4.8588301789659285 150
1725419498897 4.88479318099101 151
1725419498922 4.4643153471259795 152
1725419498945 5.244464959185818 153
1725419498969 4.826986502759418 154
1725419498993 4.416034032077106 155
1725419499013 4.303640431222143 156
1725419499033 4.846211862069434 157
1725419499065 4.807081097915018 158
1725419499089 4.506260647311247 159
1725419499117 4.4528004851045075 160
1725419499147 4.507106214749477 161
1725419499173 4.4175636188148655 162
1725419499192 4.886852009839901 163
1725419499212 4.875023000672547 164
1725419499233 4.306982539756815 165
1725419499252 4.942808732384146 166
1725419499271 5.227284805789145 167
1725419499290 4.826596751359208 168
1725419499311 4.73221814226182 169
1725419499331 5.078202350543392 170
1725419499353 4.671976320904142 171
1725419499374 4.921425761236421 172
1725419499394 4.6465465083821655 173
1725419499421 4.762221942013797 174
1725419499457 4.651738919306936 175
1725419499488 4.940463387934151 176
1725419499510 4.9158168795527315 177
1725419499531 5.142322260449723 178
1725419499554 4.741366978876186 179
1725419499579 4.421989362666369 180
1725419499605 4.743692341678286 181
1725419499631 4.843024305906218 182
1725419499665 4.6995600382219065 183
1725419499693 4.527720704426432 184
1725419499729 4.989188636646381 185
1725419499755 4.758848994080341 186
1725419499788 4.528465748605846 187
1725419499804 4.809721855193612 188
1725419499819 4.400961801761708 189
1725419499834 4.977696805787613 190
1725419499850 4.8948123941385715 191
1725419499868 4.517547397549784 192
1725419499884 4.916013021828334 193
1725419499899 4.5020974150833455 194
1725419499917 4.662460466995613 195
1725419499948 5.23394894564903 196
1725419499976 4.586223545466086 197
1725419500003 4.559544738577893 198
1725419500039 4.946581671204828 199
1725419500056 4.730341445129684 200
1725419500071 4.470944294948006 201
1725419500086 4.822749981653359 202
1725419500100 4.9810409458953435 203
1725419500114 4.938755225426884 204
1725419500129 5.056695034647884 205
1725419500147 4.736632851788913 206
1725419500164 4.92037830217407 207
1725419500190 4.809215180019013 208
1725419500218 4.479720504357893 209
1725419500244 5.023707353525813 210
1725419500271 4.991525804294702 211
1725419500297 4.674931882454164 212
1725419500313 4.957004210361936 213
1725419500327 4.601749687132242 214
1725419500344 4.601570291636317 215
1725419500358 4.604452303826772 216
1725419500373 4.804364361181621 217
1725419500387 4.805815269867442 218
1725419500402 5.053028324343664 219
1725419500421 4.552199262215953 220
1725419500451 4.6655669136746365 221
1725419500479 5.345408405958384 222
1725419500510 4.661640323692319 223
1725419500535 4.594995882229081 224
1725419500563 4.8714161235309925 225
1725419500590 4.729450292963712 226
1725419500617 4.491832391412833 227
1725419500649 4.7858611237706725 228
1725419500680 4.6655947825677355 229
1725419500713 4.634625112737124 230
1725419500748 4.885160062510257 231
1725419500773 5.077952754174735 232
1725419500800 4.534807338935732 233
1725419500830 5.013352942141658 234
1725419500853 4.738891234897867 235
1725419500882 5.211542322180864 236
1725419500913 4.58239083747832 237
1725419500948 4.581465501767789 238
1725419500979 4.754742571808867 239
1725419501009 4.999892002927288 240
1725419501040 4.973849945280293 241
1725419501068 5.168727833950933 242
1725419501099 4.662428979009533 243
1725419501126 4.775840643075106 244
1725419501155 4.616798687042775 245
1725419501178 4.733941486918357 246
1725419501206 4.695985382398872 247
1725419501233 4.800047766735994 248
1725419501260 4.893095091771355 249
1725419501293 4.937261609722539 250
1725419501313 4.543352858759545 251
1725419501328 4.540776738049744 252
1725419501343 4.836743227664008 253
1725419501358 4.722743016720764 254
1725419501372 4.654921773513532 255
1725419501409 4.53486433080281 256
1725419501447 4.854517504844802 257
1725419501482 4.88410032117884 258
1725419501517 4.600998494003293 259
1725419501589 4.882146782253752 260
1725419501616 4.514587081419221 261
1725419501641 5.268307119245247 262
1725419501669 4.4541105282903715 263
1725419501702 4.686941480541542 264
1725419501737 4.767658468148229 265
1725419501769 4.655452317709871 266
1725419501801 4.952694798625479 267
1725419501832 4.803879238126998 268
1725419501866 4.559643649140842 269
1725419501899 4.705954407964987 270
1725419501928 4.906370235860179 271
1725419501950 4.764856508710995 272
1725419501977 4.68882439519101 273
1725419502006 4.969326230554188 274
1725419502041 4.8378770143055965 275
1725419502076 4.724205941745579 276
1725419502108 5.014500052255986 277
1725419502143 5.159952946752805 278
1725419502174 4.868258391556411 279
1725419502205 4.8762758402495 280
1725419502236 4.611970152040592 281
1725419502268 4.46609791523435 282
1725419502297 4.612763960677714 283
1725419502322 4.888937376101792 284
1725419502354 5.0314410196185735 285
1725419502380 4.488625105108204 286
1725419502413 4.830792523983475 287
1725419502447 4.2200016398171085 288
1725419502472 4.875994056421697 289
1725419502509 4.8277313487641065 290
1725419502543 5.253073989760375 291
1725419502589 4.82287076976765 292
1725419502617 5.191891410914303 293
1725419502648 4.8199526922702365 294
1725419502679 5.047951757107334 295
1725419502715 4.795231222323818 296
1725419502749 4.819793288690018 297
1725419502780 4.728230948584916 298
1725419502811 4.516920451166333 299
1725419502838 4.4122825297960375 300
1725419502878 4.952671926346893 301
1725419502912 4.8270082474190295 302
1725419502947 4.323104312146948 303
1725419502980 4.906739292693045 304
1725419503014 4.936400955190614 305
1725419503057 4.862687533106903 306
1725419503087 4.480216214804468 307
1725419503116 4.335462547892228 308
1725419503147 4.739250014696276 309
1725419503183 5.03962993911388 310
1725419503220 4.822250756867026 311
1725419503257 4.736637140318494 312
1725419503284 5.060868130947198 313
1725419503320 4.94631025060799 314
1725419503350 4.778535306186087 315
1725419503396 4.784506378298763 316
1725419503431 5.186287806313909 317
1725419503459 5.0573080741892635 318
1725419503499 4.927485539762778 319
1725419503540 4.879822181167667 320
1725419503567 4.827811848262914 321
1725419503602 4.987385500386138 322
1725419503628 4.6642859404996795 323
1725419503655 4.624374422842693 324
1725419503704 4.612969612267059 325
1725419503754 4.886996807570217 326
1725419503831 4.464757861805244 327
1725419503862 4.624070029135115 328
1725419503906 4.373149786201944 329
1725419503948 4.762731953514794 330
1725419503982 4.721301585205485 331
1725419504010 4.71940059586917 332
1725419504056 4.601825096191375 333
1725419504090 4.7778320692264815 334
1725419504123 4.893299340800838 335
1725419504146 4.727607097016726 336
1725419504168 4.7754862221210415 337
1725419504198 5.074523313935293 338
1725419504229 4.360399215368044 339
1725419504253 5.014888662747207 340
1725419504281 4.277995396153727 341
1725419504304 4.8381090431269484 342
1725419504332 4.5338438773475405 343
1725419504366 5.0286550882454755 344
1725419504395 4.81098696009731 345
1725419504431 4.86116735869898 346
1725419504464 4.8497039936581565 347
1725419504496 4.714105250415045 348
1725419504530 4.833267286997576 349
1725419504559 4.895698225619094 350
1725419504598 4.9824333026489205 351
1725419504640 4.561563539130157 352
1725419504672 4.717613861527822 353
1725419504715 4.850759766914123 354
1725419504767 4.737065092210271 355
1725419504807 4.904188122730991 356
1725419504844 4.924156967735154 357
1725419504871 4.719396876781899 358
1725419504903 4.760048459256478 359
1725419504935 4.785023256421656 360
1725419504977 4.890152691778694 361
1725419505017 4.620402556960528 362
1725419505051 4.349444141387493 363
1725419505092 4.612216338933497 364
1725419505120 4.6964675963221145 365
1725419505151 4.7615555833915915 366
1725419505185 4.795518360281756 367
1725419505218 5.138519021592044 368
1725419505253 5.416709186199246 369
1725419505285 4.699458267313028 370
1725419505317 4.909544368130063 371
1725419505348 4.633461052514121 372
1725419505381 4.8265028089721325 373
1725419505408 5.020593568692494 374
1725419505443 5.01250578960646 375
1725419505478 4.844719575129253 376
1725419505512 4.555457357209848 377
1725419505546 4.922462544460616 378
1725419505582 4.756882288230319 379
1725419505617 4.91933489915926 380
1725419505650 4.8304913103125315 381
1725419505681 5.050376628252132 382
1725419505727 5.05828394832549 383
1725419505763 5.219143661421934 384
1725419505794 4.619390475000248 385
1725419505825 4.904289587514284 386
1725419505861 4.729951329008774 387
1725419505895 4.975790246323749 388
1725419505929 4.954366554882826 389
1725419505962 4.769565644045955 390
1725419505992 4.757310130469297 391
1725419506028 4.8860185705171295 392
1725419506057 4.889163476898158 393
1725419506101 4.858769700503555 394
1725419506144 4.894140518730437 395
1725419506174 4.413079169131079 396
1725419506213 4.6908322871602905 397
1725419506249 4.569216527408104 398
1725419506284 4.3195616818860465 399
1725419506327 4.6936099912075 400
1725419506362 5.110194251002867 401
1725419506397 4.802401739589528 402
1725419506426 4.976814700390437 403
1725419506479 4.744689703541173 404
1725419506511 4.652319291925878 405
1725419506539 4.743268754611472 406
1725419506574 5.002530607012988 407
1725419506599 4.72550276487863 408
1725419506624 4.63008376292854 409
1725419506668 4.782556052833323 410
1725419506701 4.598327962945297 411
1725419506731 4.998507695572476 412
1725419506760 4.967452294540584 413
1725419506805 5.0441715095901225 414
1725419506834 4.8240907933256505 415
1725419506869 4.70879678597508 416
1725419506903 4.557769790761583 417
1725419506932 4.868731540898935 418
1725419506959 4.729696686510716 419
1725419506995 4.294276229685731 420
1725419507039 4.584957978960954 421
1725419507060 4.930072041719566 422
1725419507100 4.759714067976762 423
1725419507142 4.551368138725858 424
1725419507181 5.078027625495907 425
1725419507214 4.901290925009419 426
1725419507244 4.88714629774989 427
1725419507275 4.766242858077547 428
1725419507305 4.609874270065147 429
1725419507337 4.37681146834858 430
1725419507369 4.894224058971362 431
1725419507395 4.669583585182602 432
1725419507425 4.696547283157882 433
1725419507450 5.001410652580863 434
1725419507492 4.707759264554379 435
1725419507526 4.744864164495485 436
1725419507558 4.851568952646614 437
1725419507589 4.9093513901699035 438
1725419507621 5.184714117040689 439
1725419507649 4.706842019786068 440
1725419507696 4.874783147700759 441
1725419507729 5.282088764227813 442
1725419507765 5.104689275447423 443
1725419507797 5.013779933140142 444
1725419507832 4.783838690387963 445
1725419507866 4.518330256229547 446
1725419507895 4.7021000371713155 447
1725419507925 5.08686737441234 448
1725419507959 4.5052154931494846 449
1725419507991 4.983034421940964 450
1725419508024 4.870686947061074 451
1725419508057 4.902877911647678 452
1725419508108 4.37894453214584 453
1725419508150 4.858238004343252 454
1725419508178 4.788218396356408 455
1725419508208 4.745944452635494 456
1725419508241 4.754259584486446 457
1725419508275 4.935987135292749 458
1725419508314 5.051878771462298 459
1725419508347 5.193566321473066 460
1725419508404 4.97302482392077 461
1725419508452 4.470406359199728 462
1725419508480 4.584949252215211 463
1725419508515 4.664334858334652 464
1725419508542 4.920999837419378 465
1725419508568 4.626564389365997 466
1725419508597 4.721693382825431 467
1725419508629 5.099277180993333 468
1725419508662 4.951310217137352 469
1725419508696 4.640437901297478 470
1725419508727 4.883434249254791 471
1725419508757 4.457842797206053 472
1725419508784 4.572500034509885 473
1725419508823 4.801725094797033 474
1725419508857 4.649557845099743 475
1725419508887 4.696032386520054 476
1725419508920 4.83069799205014 477
1725419508950 4.5986485856998724 478
1725419508978 4.836898505283972 479
1725419509012 4.915832551441206 480
1725419509048 5.243379398068092 481
1725419509081 5.189189742467895 482
1725419509118 4.695951273345621 483
1725419509153 4.982694879471787 484
1725419509187 4.647143895793897 485
1725419509218 4.806980207478838 486
1725419509250 4.945725059560583 487
1725419509282 4.686392535588332 488
1725419509308 4.651992046324806 489
1725419509341 4.802384178713977 490
1725419509378 4.803683692294556 491
1725419509412 4.300757276257802 492
1725419509442 4.8498708975747995 493
1725419509475 4.845914082513999 494
1725419509508 4.590648048682005 495
1725419509541 4.473362558168297 496
1725419509574 4.7002997653744725 497
1725419509609 5.317570399143719 498
1725419509646 4.598211085566951 499
