1725385393737 140.14841596336998 0
1725385393776 129.30970583035653 1
1725385393811 104.55677160483135 2
1725385393835 86.85307386317055 3
1725385393859 71.05960400545884 4
1725385393886 62.55570336758377 5
1725385393921 50.44939434155508 6
1725385393952 42.00114047259327 7
1725385393981 37.923423887303194 8
1725385394009 29.977333763649206 9
1725385394035 24.66567751238353 10
1725385394060 20.757121114880825 11
1725385394086 17.224309791659653 12
1725385394111 15.45250556183164 13
1725385394137 12.230681194586259 14
1725385394180 10.665849574240603 15
1725385394227 8.998918267449962 16
1725385394257 7.3746864304197794 17
1725385394283 6.27724825077446 18
1725385394309 5.378183585387897 19
1725385394336 4.839738515214052 20
1725385394361 3.6449094778534326 21
1725385394389 3.0515114103472265 22
1725385394417 2.458253892425138 23
1725385394440 2.29021872151867 24
1725385394464 2.057328692681168 25
1725385394496 1.4982217757271503 26
1725385394518 1.574588536182611 27
1725385394543 1.0893648635261273 28
1725385394568 1.173188550488275 29
1725385394590 0.9740151243427473 30
1725385394615 0.9700866401465766 31
1725385394640 0.6886811335758485 32
1725385394669 0.7118108690798519 33
1725385394698 0.5290891806936355 34
1725385394736 0.7511812725895551 35
1725385394768 0.41318528661800713 36
1725385394792 0.5817091852530939 37
1725385394820 0.4192113007455372 38
1725385394841 0.33681021185676585 39
1725385394868 0.3374583111966285 40
1725385394892 0.28697349269098377 41
1725385394922 0.24790234567723873 42
1725385394946 0.3342812259780223 43
1725385394978 0.18458391064871552 44
1725385395009 0.29491790879684165 45
1725385395048 0.2530905586763576 46
1725385395075 0.1588598897994824 47
1725385395106 0.2562907479141149 48
1725385395138 0.15648691923027486 49
1725385395161 0.17900254090210155 50
1725385395186 0.14659381044009345 51
1725385395218 0.15766593920384148 52
1725385395287 0.12886492537281372 53
1725385395324 0.12204650295422727 54
1725385395358 0.1785686443249951 55
1725385395391 0.20488354226758332 56
1725385395416 0.15206781178183884 57
1725385395446 0.1949019780916882 58
1725385395477 0.16042104817722497 59
1725385395508 0.08104274481151567 60
1725385395529 0.13870364926362155 61
1725385395561 0.07443167393613033 62
1725385395588 0.11248304021590294 63
1725385395611 0.20873112666489893 64
1725385395631 0.13189696440061358 65
1725385395655 0.11376415629300397 66
1725385395679 0.14125858683646897 67
1725385395704 0.14155090905325476 68
1725385395729 0.15860513479490984 69
1725385395754 0.13067355677726025 70
1725385395778 0.1509020377675556 71
1725385395804 0.10816207450167556 72
1725385395830 0.1075196123860478 73
1725385395856 0.07441388406707107 74
1725385395879 0.12628330196011858 75
1725385395903 0.0941647045318031 76
1725385395928 0.11586338829300466 77
1725385395953 0.10497218750039385 78
1725385395982 0.08829200261398777 79
1725385396008 0.1468762213791887 80
1725385396034 0.1334983191271014 81
1725385396065 0.14490128556085022 82
1725385396107 0.09501899516683263 83
1725385396134 0.1304810689113047 84
1725385396157 0.1548762256763536 85
1725385396183 0.12227357182981052 86
1725385396214 0.13437680425057077 87
1725385396254 0.08665579380595541 88
1725385396287 0.1469824884095669 89
1725385396324 0.171023987405727 90
1725385396349 0.14090962738926482 91
1725385396375 0.17185678887421615 92
1725385396409 0.11642460281700757 93
1725385396435 0.09822439097408454 94
1725385396457 0.16709597226172473 95
1725385396484 0.14120216799180305 96
1725385396513 0.16060819724071398 97
1725385396543 0.12710345577928922 98
1725385396571 0.10451116792343833 99
1725385396598 0.15431427300501888 100
1725385396626 0.1264452904278593 101
1725385396662 0.14764724040286004 102
1725385396685 0.11705790672766953 103
1725385396716 0.18462805590074133 104
1725385396754 0.17091850028887184 105
1725385396775 0.16859274994143267 106
1725385396805 0.1012739352506436 107
1725385396826 0.15639648733753672 108
1725385396852 0.15910470367700863 109
1725385396877 0.16693973829899938 110
1725385396898 0.17151676362839025 111
1725385396926 0.12206254608277245 112
1725385396961 0.08460858368534308 113
1725385396995 0.13844467276005046 114
1725385397022 0.1485571200225213 115
1725385397048 0.11235666982541145 116
1725385397075 0.1298116707002719 117
1725385397104 0.14471377683693154 118
1725385397131 0.08621459081511489 119
1725385397159 0.16038463976775127 120
