1725390799032 165.7992044157658 0
1725390799044 177.98039154620182 1
1725390799060 165.00301847459107 2
1725390799078 164.2813180534619 3
1725390799102 158.6228226561399 4
1725390799116 154.05386762630147 5
1725390799128 155.95457315392287 6
1725390799140 153.05864907730387 7
1725390799151 145.8447522778003 8
1725390799163 141.56476405238246 9
1725390799181 141.92657396494974 10
1725390799206 140.45364918070848 11
1725390799239 153.8041896454249 12
1725390799268 148.26593060975156 13
1725390799293 129.9758806501016 14
1725390799316 123.64367085830038 15
1725390799330 127.47000021193779 16
1725390799343 129.70125436066198 17
1725390799356 118.83689073853667 18
1725390799369 118.34971652175298 19
1725390799382 118.7486784822255 20
1725390799396 112.76877559609535 21
1725390799409 110.93287286240518 22
1725390799421 111.21435275928914 23
1725390799440 116.45519138822789 24
1725390799459 105.11050825701007 25
1725390799477 105.8728248650268 26
1725390799496 106.72441384067216 27
1725390799519 103.89810758999779 28
1725390799542 110.12786013327735 29
1725390799562 95.62266571306776 30
1725390799580 96.54168703606092 31
1725390799597 94.86595769958512 32
1725390799615 92.17488552369983 33
1725390799632 97.97219602964405 34
1725390799649 85.08440823916257 35
1725390799665 92.01203584764507 36
1725390799683 83.56361793753108 37
1725390799700 85.5760724783528 38
1725390799718 88.2698693251029 39
1725390799736 82.87444001339335 40
1725390799754 79.2671583313382 41
1725390799772 79.55204800042974 42
1725390799789 78.08502051954596 43
1725390799810 76.31937113054848 44
1725390799828 76.39710745356881 45
1725390799845 75.238464958892 46
1725390799863 72.05697833035158 47
1725390799880 72.30557357762537 48
1725390799896 72.22056966441747 49
1725390799909 69.40108993099902 50
1725390799921 66.58226057731007 51
1725390799937 66.62162182764625 52
1725390799958 64.101507205944 53
1725390799982 64.16038134047253 54
1725390799997 62.86127746582654 55
1725390800017 64.5371065693665 56
1725390800036 60.693636715453195 57
1725390800055 60.647220405829856 58
1725390800077 59.670924148384756 59
1725390800113 58.83916361633128 60
1725390800137 56.95663833250099 61
1725390800156 54.96191977692943 62
1725390800180 55.89696788422789 63
1725390800194 53.59443111039506 64
1725390800206 55.089669047889394 65
1725390800217 55.5437432727614 66
1725390800229 52.10463883775897 67
1725390800242 51.86724541502784 68
1725390800254 51.363863464798996 69
1725390800267 49.45973676917346 70
1725390800279 47.932805025941086 71
1725390800291 49.950466889585094 72
1725390800311 48.667132940352104 73
1725390800335 46.80865139182699 74
1725390800362 46.41968410268987 75
1725390800383 44.93802373082528 76
1725390800407 44.958592245618824 77
1725390800429 44.86516915064408 78
1725390800446 43.02408972590403 79
1725390800468 42.16246397968589 80
1725390800486 42.31130418313267 81
1725390800504 39.588731856567414 82
1725390800521 39.03373535017278 83
1725390800537 39.45027435227276 84
1725390800554 38.61530541051417 85
1725390800572 36.49902989761039 86
1725390800588 35.907118780129125 87
1725390800606 36.47084742480423 88
1725390800623 34.965910830345955 89
1725390800641 36.06303184588211 90
1725390800659 34.79893407932801 91
1725390800675 34.01908278690902 92
1725390800695 33.05018604936511 93
1725390800724 32.26305235308671 94
1725390800746 32.293360626170355 95
1725390800775 31.587272744625754 96
1725390800800 31.870438555229818 97
1725390800818 31.547075897085808 98
1725390800834 30.914991646011003 99
1725390800851 29.53006175155257 100
1725390800872 29.775700109754144 101
1725390800941 29.680764209231967 102
1725390800969 29.665704734640762 103
1725390800994 28.613643332470474 104
1725390801017 27.85326306499894 105
1725390801043 26.202021857169278 106
1725390801062 26.615933659464712 107
1725390801078 26.18896479905919 108
1725390801094 26.38634616905927 109
1725390801120 24.549808245774262 110
1725390801132 24.1267765950387 111
1725390801144 23.975611268978195 112
1725390801156 23.711298924529135 113
1725390801169 22.516039151777324 114
1725390801193 23.883685942366302 115
1725390801217 23.17541182803391 116
1725390801244 22.411569538285857 117
1725390801267 23.111194743014345 118
1725390801290 21.4014873607938 119
1725390801314 21.499404889529448 120
1725390801334 20.8836224367965 121
1725390801352 20.71036420036532 122
1725390801377 20.29649665432082 123
1725390801401 20.077816004419628 124
1725390801421 19.49688911678526 125
1725390801441 19.448744431515898 126
1725390801457 19.1616672990719 127
1725390801474 18.97774949363561 128
1725390801487 19.804019881692074 129
1725390801505 17.522156592970212 130
1725390801520 17.22274165758879 131
1725390801533 17.617088993994926 132
1725390801552 17.392479342281025 133
1725390801581 15.918904871888147 134
1725390801604 17.091888607223613 135
1725390801627 16.636683902097023 136
1725390801649 16.7455263681363 137
1725390801673 16.430528325765682 138
1725390801696 16.03261927379467 139
1725390801717 15.748953980474255 140
1725390801736 15.784990454321049 141
1725390801761 15.50020408950613 142
1725390801786 15.730774895326862 143
1725390801809 14.539521098444053 144
1725390801830 15.29858647536439 145
1725390801851 15.124548617839373 146
1725390801871 13.849609843829898 147
1725390801893 13.244148423258764 148
1725390801911 13.291058872097233 149
1725390801931 12.938238198801658 150
1725390801949 13.548968346894828 151
1725390801965 13.375286882642714 152
1725390801982 13.096239120420826 153
1725390802000 12.72160354688971 154
1725390802018 11.971663167700386 155
1725390802036 12.954617535958551 156
1725390802053 11.648934430307008 157
1725390802071 12.046116712171544 158
1725390802089 11.348775058665352 159
1725390802107 11.66091163549488 160
1725390802139 10.777797176215959 161
1725390802161 11.459083397879787 162
1725390802176 11.001882055093688 163
1725390802193 10.741640013495465 164
1725390802210 11.503042126447173 165
1725390802228 10.822889148431907 166
1725390802244 10.697519546195904 167
1725390802261 10.504499304501538 168
1725390802279 10.306357405200483 169
1725390802294 9.986144914607426 170
1725390802309 9.998306147933267 171
1725390802327 10.091177627574744 172
1725390802344 8.918782317085485 173
1725390802362 9.784149475412564 174
1725390802376 9.338936520566033 175
1725390802388 8.979960041803627 176
1725390802400 8.663707437460937 177
1725390802412 9.064369552543948 178
1725390802423 9.375959209035447 179
1725390802436 8.3899497226676 180
1725390802448 8.612774847182932 181
1725390802460 8.039343358292086 182
1725390802471 8.206306182373934 183
1725390802483 7.881075620652037 184
1725390802495 7.835918523186829 185
1725390802507 7.593234623888236 186
1725390802519 7.732649940047117 187
1725390802542 7.401684586624977 188
1725390802567 7.252849354093072 189
1725390802590 7.5640096226886975 190
1725390802616 7.252082007138472 191
1725390802642 6.977724230562908 192
1725390802669 7.009455413953532 193
1725390802694 7.515995068015959 194
1725390802724 6.718806445519135 195
1725390802758 7.133880782615872 196
1725390802786 7.017242380425182 197
1725390802814 6.849918240717761 198
1725390802841 6.626828186336755 199
1725390802868 6.389382018369156 200
1725390802895 6.541847819022245 201
1725390802922 6.790828991074372 202
1725390802949 6.509243200794492 203
1725390802977 5.933097110781299 204
1725390803010 6.297858573571988 205
1725390803039 6.223834233813677 206
1725390803070 5.864060572424585 207
1725390803101 5.763766409997786 208
1725390803128 5.848627681294968 209
1725390803165 5.377099018503595 210
1725390803195 5.53635071057112 211
1725390803225 4.867390400960049 212
1725390803254 5.2538659134010794 213
1725390803287 5.318976615731554 214
1725390803315 5.360118024481296 215
1725390803341 4.902929968403673 216
1725390803369 5.4637634416242955 217
1725390803396 5.571859929123567 218
1725390803423 4.966409097154926 219
1725390803453 4.659664713227652 220
1725390803483 4.823274792978957 221
1725390803510 4.612862601863031 222
1725390803534 4.659677790228168 223
1725390803563 4.5078933747602425 224
1725390803586 4.490413335408229 225
1725390803612 4.844675035769388 226
1725390803642 4.139945395989227 227
1725390803670 4.5076217065306174 228
1725390803699 4.874577282159006 229
1725390803729 4.637484280093177 230
1725390803758 4.021344057716591 231
1725390803779 4.417076831374669 232
1725390803805 4.171575748018107 233
1725390803834 4.384079715530059 234
1725390803861 3.9140485310490414 235
1725390803888 4.136202285885118 236
1725390803914 3.6722719369877233 237
1725390803945 4.003798932035358 238
1725390803973 4.063128698297796 239
1725390804000 3.9147639999167536 240
1725390804028 3.8192631464586118 241
1725390804055 3.7208828709244606 242
1725390804082 3.717758477178655 243
1725390804108 3.8611110969554185 244
1725390804139 3.8088800151039615 245
1725390804173 3.5308097574748447 246
1725390804196 3.350951727661087 247
1725390804222 3.3004098457775086 248
1725390804246 3.0617871836441104 249
1725390804268 3.6501418921750837 250
1725390804295 3.7286874524415587 251
1725390804323 3.3126184135928303 252
1725390804351 2.9693687403199203 253
1725390804379 3.140088912730304 254
1725390804408 3.1614892901497282 255
1725390804436 2.9739666664356124 256
1725390804461 3.3728763235342836 257
1725390804485 3.1977634712009357 258
1725390804507 3.316146390034138 259
1725390804537 3.1601514750500557 260
1725390804564 3.0425181416840656 261
1725390804592 3.280256095272661 262
1725390804620 3.0102548559269366 263
1725390804646 2.9018285353417337 264
1725390804674 3.0299295683883782 265
1725390804704 2.9080054734715164 266
1725390804734 2.7591833767354075 267
1725390804762 2.581925669657198 268
1725390804791 2.975113181740461 269
1725390804823 2.822973057229561 270
1725390804852 2.984150070976706 271
1725390804881 2.799989111900031 272
1725390804911 2.49894204826707 273
1725390804935 2.809470323345503 274
1725390804961 2.667943085125565 275
1725390804990 2.661058059126509 276
1725390805015 2.6611141503075 277
1725390805046 2.3691822396014297 278
1725390805074 2.584495253356553 279
1725390805102 2.3122650419498285 280
1725390805130 2.6911580921129667 281
1725390805162 2.4012323388684194 282
1725390805190 2.4247950034425294 283
1725390805223 2.2733774657602424 284
1725390805253 2.0943463503201 285
1725390805278 2.3627109465796834 286
1725390805306 2.4458710269246082 287
1725390805335 2.2380918034799997 288
1725390805364 2.411711286543294 289
1725390805400 2.0114318843092356 290
1725390805421 2.207881093363849 291
1725390805439 2.209208108654967 292
1725390805464 2.28978671476219 293
1725390805493 2.0520911152832686 294
1725390805521 2.2716242281869334 295
1725390805552 2.186805788285805 296
1725390805584 1.962178129560746 297
1725390805615 1.9009039294699202 298
1725390805645 1.9711720667101418 299
1725390805675 1.8804464090107074 300
1725390805704 2.095971366517109 301
1725390805734 1.9324203435340115 302
1725390805774 2.1459297412147715 303
1725390805807 2.0629406639711583 304
1725390805838 1.7358306510968073 305
1725390805866 1.8985684644930678 306
1725390805893 1.6490421586078938 307
1725390805921 1.862235131652788 308
1725390805949 1.7476153365159308 309
1725390805973 1.722668191942684 310
1725390805998 1.9108058107305297 311
1725390806021 1.7130682499664363 312
1725390806047 1.7454249006224969 313
1725390806075 1.7672964673987706 314
1725390806102 1.7412315322272724 315
1725390806130 1.7699099887063279 316
1725390806157 1.8577023460098545 317
1725390806190 1.7858563927470483 318
1725390806220 1.9219771317298275 319
1725390806245 1.787043236406523 320
1725390806274 1.8611585640685389 321
1725390806306 1.4913242998484688 322
1725390806343 1.5242901640683921 323
1725390806372 1.5544269765343428 324
1725390806398 1.6444800551624774 325
1725390806426 1.6397341238256877 326
1725390806452 1.5579851980787522 327
1725390806480 1.5591566923052682 328
1725390806507 1.6994597820955724 329
1725390806535 1.5057317012219773 330
1725390806563 1.5764448279436412 331
1725390806590 1.5367193245713502 332
1725390806617 1.3218037265321883 333
1725390806647 1.5180435048815184 334
1725390806679 1.2645403568304612 335
1725390806707 1.430604441560297 336
1725390806733 1.507334344434429 337
1725390806761 1.5518444454139524 338
1725390806788 1.5774182472907852 339
1725390806816 1.5238952354544506 340
1725390806844 1.386071067009391 341
1725390806871 1.371751883365055 342
1725390806901 1.4513263475753708 343
1725390806929 1.3350582425278688 344
1725390806956 1.439214212305519 345
1725390806983 1.1879045370445007 346
1725390807012 1.3664115603366762 347
1725390807041 1.2664131643590208 348
1725390807070 1.5375808798300674 349
1725390807102 1.3740026756502224 350
1725390807131 1.3693258995155515 351
1725390807162 1.288354661348355 352
1725390807193 1.1244971311397374 353
1725390807220 1.3633898337556791 354
1725390807248 1.226200620301302 355
1725390807276 1.077249050676711 356
1725390807310 1.2255124945605254 357
1725390807342 1.256349594677153 358
1725390807371 1.3941090840416859 359
1725390807401 1.3575115595893124 360
1725390807430 1.1954618012234088 361
1725390807457 1.3077366419834036 362
1725390807485 1.216514602959427 363
1725390807512 1.2599032536945345 364
1725390807537 1.2601022479452926 365
1725390807568 1.2515139135641618 366
1725390807595 1.239698416350298 367
1725390807624 1.1097511932001543 368
1725390807646 1.167178251356221 369
1725390807672 1.2332924757546364 370
1725390807702 1.0429838975927859 371
1725390807730 1.074974036661409 372
1725390807756 1.1239702121819146 373
1725390807784 1.4127249772808534 374
1725390807811 1.2461225994039113 375
1725390807842 1.016112500964207 376
1725390807873 1.0448697129287834 377
1725390807902 1.4715511522831974 378
1725390807931 0.9672605655670324 379
1725390807962 1.1396138229770114 380
1725390807990 1.1001732620486369 381
1725390808017 1.0161447683993265 382
1725390808044 1.0838387056467915 383
1725390808071 1.1769552551079656 384
1725390808099 1.2296524996936655 385
1725390808125 1.2476853943556807 386
1725390808154 1.0327443096487348 387
1725390808192 1.0666432375455062 388
1725390808220 1.1694724451076561 389
1725390808248 1.0157788084249149 390
1725390808276 1.0802595793811989 391
1725390808307 1.0432975924891004 392
1725390808338 1.0817358634865915 393
1725390808368 1.1346112743248358 394
1725390808398 1.0157247513748147 395
1725390808422 1.0449889961881127 396
1725390808452 0.9619076622898867 397
1725390808483 1.1222123126546593 398
1725390808514 1.0212830670309954 399
1725390808545 0.8898148425122916 400
1725390808578 0.7953824644691996 401
1725390808607 1.0641634419082935 402
1725390808637 0.9783985986502306 403
1725390808668 0.8986875350138582 404
1725390808693 1.0058339351491845 405
1725390808719 1.073809523257107 406
1725390808751 0.8724574045633048 407
1725390808775 1.0189663972334178 408
1725390808801 0.8322856066046372 409
1725390808829 1.060565043805591 410
1725390808856 0.8495073964518036 411
1725390808884 0.9437293807162798 412
1725390808912 0.9810491392895715 413
1725390808943 0.9622867453892434 414
1725390808972 0.9313425315560061 415
1725390809001 0.8902031947736652 416
1725390809029 0.9600628562252547 417
1725390809057 1.098844878005815 418
1725390809082 0.8382307204009791 419
1725390809106 1.003016313435594 420
1725390809134 0.7758140522777116 421
1725390809161 0.9460785479677196 422
1725390809190 0.9418920521215088 423
1725390809222 0.9779871634438275 424
1725390809249 0.8976191391100113 425
1725390809277 0.9460826510085166 426
1725390809304 0.8059959755661581 427
1725390809333 0.971066433011932 428
1725390809362 0.8145430579194257 429
1725390809391 0.848072513841854 430
1725390809422 0.9189624676748818 431
1725390809454 0.9092921801374092 432
1725390809482 0.7486998679307968 433
1725390809509 0.6951348200522565 434
1725390809537 0.7816462204769037 435
1725390809564 1.0102430545553815 436
1725390809591 0.745513215239204 437
1725390809620 0.8886524752893538 438
1725390809649 0.8744590364250066 439
1725390809682 0.8431961377507904 440
1725390809713 0.9384154821478444 441
1725390809740 0.8365033151049697 442
1725390809768 0.9177832907759061 443
1725390809796 0.8204961049172271 444
1725390809821 0.7426858156285618 445
1725390809850 0.856537408191554 446
1725390809882 0.6661818738916181 447
1725390809913 0.9023411923520623 448
1725390809943 0.868533720716881 449
1725390809974 0.8513815958234779 450
1725390810005 0.9287386824044281 451
1725390810033 0.8435179692294558 452
1725390810066 0.8172767580935986 453
1725390810093 0.8957335477389082 454
1725390810120 1.0005666698240734 455
1725390810148 0.8481979374729383 456
1725390810176 0.7606632340167999 457
1725390810210 0.9078620837717416 458
1725390810237 0.7938607214565832 459
1725390810266 0.8156636217969637 460
1725390810296 0.7345663337394077 461
1725390810321 0.8670835751827768 462
1725390810348 0.7343714063922506 463
1725390810374 0.898372364470591 464
1725390810402 0.8527698655077798 465
1725390810429 0.6636751433498709 466
1725390810456 0.7644641634777117 467
1725390810485 0.7460627096284931 468
1725390810516 0.5684414755786028 469
1725390810545 0.7824738343734446 470
1725390810570 0.8900104578627398 471
1725390810598 0.693104332898646 472
1725390810625 0.6480844418070673 473
1725390810652 0.7596580825533189 474
1725390810680 0.7020316187869255 475
1725390810707 0.6813267543818299 476
1725390810733 0.652745865586951 477
1725390810767 0.6348379809616683 478
1725390810797 0.7363218747642053 479
1725390810827 0.7042442937282791 480
1725390810855 0.6937726598896131 481
1725390810883 0.8625252308499343 482
1725390810910 0.7929275681216947 483
1725390810938 0.7503668987291898 484
1725390810965 0.7618180640319868 485
1725390810997 0.8246677115830836 486
1725390811027 0.7001263616155462 487
1725390811056 0.608553627382439 488
1725390811083 0.7180333356968253 489
1725390811111 0.5734193018435716 490
1725390811139 0.6966976305020538 491
1725390811160 0.6786618961208051 492
1725390811180 0.6526430472717738 493
1725390811199 0.6742296281997034 494
1725390811225 0.7276252439541754 495
1725390811247 0.6850094477575744 496
1725390811306 0.6104870056027252 497
1725390811331 0.6881362012927289 498
1725390811344 0.7032382655870685 499
