1725351780214 36.00091653664034 0
1725351780235 11.539068342302274 1
1725351780267 6.869116930362086 2
1725351780291 5.310378212618635 3
1725351780318 5.342256135927004 4
1725351780348 4.6981002262244145 5
1725351780377 4.6093027744360064 6
1725351780416 4.775562889210816 7
1725351780444 4.7691887877352 8
1725351780476 5.283048564092488 9
1725351780502 4.912030998212945 10
1725351780523 4.80691460483219 11
1725351780542 4.82211279567658 12
1725351780562 4.833985026771062 13
1725351780584 4.542041085311331 14
1725351780608 4.782093132744267 15
1725351780637 4.761804009566931 16
1725351780669 4.728009832351958 17
1725351780701 4.606309103626552 18
1725351780745 4.67478914036686 19
1725351780774 4.997280751214868 20
1725351780806 4.654519556425773 21
1725351780831 4.4260271577565895 22
1725351780857 4.8849448148429575 23
1725351780882 4.766156459628284 24
1725351780904 5.176128629920084 25
1725351780929 4.904162089974519 26
1725351780950 4.67938396793461 27
1725351780968 4.54072624743511 28
1725351780992 5.04072592058693 29
1725351781020 4.967609424437384 30
1725351781049 4.590323849133297 31
1725351781081 4.979455658219032 32
1725351781105 4.761003736545956 33
1725351781131 4.679017792910515 34
1725351781151 4.775141780475315 35
1725351781174 4.854209367189776 36
1725351781197 4.76369055927608 37
1725351781218 4.678925839666279 38
1725351781239 4.739402975747525 39
1725351781273 5.005073371137521 40
1725351781306 4.830936132890047 41
1725351781335 4.614795575722023 42
1725351781372 5.096234559687777 43
1725351781394 4.561167556597673 44
1725351781416 4.795256760818115 45
1725351781440 4.819867280160119 46
1725351781459 4.679530674112436 47
1725351781489 5.118851569344561 48
1725351781515 4.570659474745593 49
1725351781550 4.639671066815111 50
1725351781580 4.740219910058398 51
1725351781609 4.945675508099628 52
1725351781633 4.624324481662172 53
1725351781657 5.230261053121801 54
1725351781684 4.930484636893109 55
1725351781715 4.667537010951813 56
1725351781741 5.030086407574057 57
1725351781763 4.657934913625409 58
1725351781783 5.101423631483172 59
1725351781806 4.898864577597852 60
1725351781827 5.038331147372298 61
1725351781846 4.945251257643074 62
1725351781869 4.921453348241894 63
1725351781899 4.9659768295229 64
1725351781924 5.092878552152565 65
1725351781955 4.957998318354941 66
1725351781987 4.88103452032667 67
1725351782018 4.63519073743441 68
1725351782050 4.808609395186694 69
1725351782084 4.640263311218017 70
1725351782130 4.7384109527984615 71
1725351782193 5.152619829234121 72
1725351782227 5.090755727944415 73
1725351782262 4.629481204507166 74
1725351782298 4.723604208932767 75
1725351782341 4.892485277490252 76
1725351782405 4.672639619267931 77
1725351782427 4.888995186729711 78
1725351782448 4.65695034648502 79
1725351782472 4.657812565250709 80
1725351782513 4.425964497663751 81
1725351782541 4.748368370664985 82
1725351782564 4.806123384036448 83
1725351782589 4.809412390019888 84
1725351782619 4.804421536731602 85
1725351782646 4.4573787990771985 86
1725351782671 4.765565869502385 87
1725351782724 4.6807544783968105 88
1725351782746 4.575811012998881 89
1725351782767 5.042400741795921 90
1725351782790 4.754859945459464 91
1725351782818 5.085783630895633 92
1725351782850 4.5468965162015005 93
1725351782872 4.880067255891705 94
1725351782900 4.963436443002442 95
1725351782935 5.053059866025755 96
1725351782959 4.631922601490226 97
1725351782979 4.905498911124169 98
1725351782998 4.84876147483042 99
1725351783019 4.902269684686431 100
1725351783043 4.399059491961877 101
1725351783064 5.203681926668575 102
1725351783108 4.811287812069444 103
1725351783140 4.69587636195476 104
1725351783164 4.682933345348388 105
1725351783187 4.716603625623916 106
1725351783218 4.939811898041398 107
1725351783250 4.835291004288735 108
1725351783272 4.863584683483544 109
1725351783289 5.154729434105914 110
1725351783311 4.7424660967169405 111
1725351783340 4.590352673647228 112
1725351783365 4.707108666931977 113
1725351783387 4.928007826461218 114
1725351783417 4.8257138994711735 115
1725351783441 5.149743058689977 116
1725351783465 4.907030533460943 117
1725351783488 4.593699469350696 118
1725351783520 4.682536131074938 119
1725351783542 4.58735844023501 120
1725351783564 4.933800445813441 121
1725351783588 4.678274636018491 122
1725351783612 4.928036819679181 123
1725351783635 4.563550117518806 124
1725351783661 4.69515357634564 125
1725351783685 4.569102386943601 126
1725351783705 5.164146167138578 127
1725351783730 4.978081258945485 128
1725351783757 4.663648531860077 129
1725351783780 4.565369519403814 130
1725351783802 4.9819254217783895 131
1725351783833 4.872018990738359 132
1725351783857 4.373829608613165 133
1725351783881 4.570037427709944 134
1725351783903 4.357119389625525 135
1725351783921 4.620260540838074 136
1725351783939 4.797973311925717 137
1725351783958 4.799486213874423 138
1725351783978 4.615557998666136 139
1725351783998 4.685428275670997 140
1725351784017 4.5903934491992215 141
1725351784043 4.669872553762922 142
1725351784063 4.538380607132049 143
1725351784086 4.608820114583669 144
1725351784106 4.539809177439915 145
1725351784128 4.826518006723304 146
1725351784146 5.286146228817118 147
1725351784170 4.775376656891846 148
1725351784189 5.17293240811109 149
1725351784209 4.506435644461815 150
1725351784228 5.131635758916392 151
1725351784246 4.630812029817652 152
1725351784272 4.762568813935973 153
1725351784296 4.6724850532893525 154
1725351784319 4.969250004299271 155
1725351784343 4.44112347065099 156
1725351784372 4.76438193652773 157
1725351784392 4.7567534900857895 158
1725351784418 4.7298900052303745 159
1725351784444 4.816996829962883 160
1725351784467 4.990151531828782 161
1725351784489 4.928739472211717 162
1725351784519 4.521317593087515 163
1725351784535 4.815133684940344 164
1725351784552 4.908823187491154 165
1725351784571 4.95213176734323 166
1725351784590 4.678388218293255 167
1725351784608 4.96494530226656 168
1725351784627 4.540571201395601 169
1725351784653 4.750149284896562 170
1725351784676 4.612802686453628 171
1725351784697 5.049567007707543 172
1725351784717 4.84004866828629 173
1725351784737 4.897636316723423 174
1725351784757 4.9193606656312046 175
1725351784776 4.546140356973509 176
1725351784795 4.7139823339839415 177
1725351784817 4.948879076088465 178
1725351784836 4.568564417960453 179
1725351784857 4.582251353826537 180
1725351784876 4.713032022515201 181
1725351784895 4.448687483822458 182
1725351784916 5.11926742131301 183
1725351784938 4.676744737235474 184
1725351784959 4.834691280404408 185
1725351784978 5.083614621393114 186
1725351784998 4.983409859476581 187
1725351785023 4.792973237190291 188
1725351785047 4.8358544963279355 189
1725351785072 4.911110768168208 190
1725351785091 4.649155770814452 191
1725351785123 4.962548992479802 192
1725351785141 4.808976205054752 193
1725351785158 4.601682562816997 194
1725351785174 4.683241142548379 195
1725351785194 4.626258838694557 196
1725351785214 4.349397586539426 197
1725351785233 4.746029210100957 198
1725351785250 5.02108204407808 199
1725351785268 4.7941657645177305 200
1725351785296 4.881008204170371 201
1725351785318 4.484721612621563 202
1725351785342 4.860118972161276 203
1725351785366 4.619360868107124 204
1725351785388 4.777007474379261 205
1725351785410 4.807934367729848 206
1725351785434 4.706017117863258 207
1725351785462 4.5212324247010764 208
1725351785486 4.797668256052452 209
1725351785508 4.693828663138101 210
1725351785542 4.807772582828686 211
1725351785562 4.698062270268249 212
1725351785592 4.4343168153791614 213
1725351785618 4.986296817028726 214
1725351785656 4.614691536321657 215
1725351785680 4.946692975300501 216
1725351785696 4.826525313184074 217
1725351785720 4.772332183073006 218
1725351785738 4.957555513927968 219
1725351785759 4.719937633026893 220
1725351785780 5.017620244553987 221
1725351785803 4.803246259458957 222
1725351785824 4.749736126549639 223
1725351785847 4.884033297163764 224
1725351785871 4.79172574391118 225
1725351785887 5.006567327782821 226
1725351785908 4.552948575236744 227
1725351785930 4.51451339953329 228
1725351785957 4.839665012842716 229
1725351785990 5.001083331199745 230
1725351786011 4.9644658576750995 231
1725351786030 4.542333028425501 232
1725351786051 5.295127748155371 233
1725351786067 4.952662747636728 234
1725351786086 4.283790088314382 235
1725351786106 4.782052495763282 236
1725351786126 4.91992277684533 237
1725351786147 4.945036696360709 238
1725351786168 4.910608461598632 239
1725351786187 4.787382489507944 240
1725351786210 4.826536327206149 241
1725351786229 4.629922526129735 242
1725351786249 4.644305838425569 243
1725351786266 4.717824549557698 244
1725351786295 4.629716483373555 245
1725351786322 4.901053864237673 246
1725351786341 4.8400199136651505 247
1725351786363 5.193328202902469 248
1725351786382 4.555016870942396 249
1725351786402 4.738197170576328 250
1725351786420 5.07736522307339 251
1725351786439 4.770831923415704 252
1725351786458 4.639708654046255 253
1725351786476 4.863921856724409 254
1725351786495 4.54559181799438 255
1725351786515 5.099002075076581 256
1725351786546 4.82970639832379 257
1725351786569 4.989642917743281 258
1725351786589 4.849183302215118 259
1725351786609 4.577446437233066 260
1725351786627 5.003559973255848 261
1725351786646 4.741619871518553 262
1725351786666 4.779390688702536 263
1725351786686 5.075729541796701 264
1725351786706 4.850516625699835 265
1725351786729 5.023095100039383 266
1725351786754 4.573536164921781 267
1725351786777 4.646205985720159 268
1725351786801 4.71711434516553 269
1725351786821 4.735265935072691 270
1725351786844 4.878827254926808 271
1725351786862 4.967739024777014 272
1725351786881 4.632742993706098 273
1725351786901 4.940096691105924 274
1725351786919 5.022379278686576 275
1725351786939 4.91962173251107 276
1725351786957 5.035341279479075 277
1725351786977 4.888448896939417 278
1725351786996 4.746031280705857 279
1725351787018 4.839742026995755 280
1725351787044 4.626133266661461 281
1725351787064 4.538491755167095 282
1725351787082 4.478400353782065 283
1725351787099 4.788263697752695 284
1725351787121 4.973482016355706 285
1725351787140 4.93478231480586 286
1725351787160 4.881294563997553 287
1725351787180 4.957028890060392 288
1725351787200 4.85356145100455 289
1725351787219 4.894035143582336 290
1725351787240 4.997295738544637 291
1725351787258 5.316959154368776 292
1725351787282 4.962896062808086 293
1725351787317 4.81043409186803 294
1725351787344 4.633341432111226 295
1725351787377 5.011852300790697 296
1725351787396 4.801324852210149 297
1725351787421 4.830776598220394 298
1725351787447 5.017841521563423 299
1725351787473 4.547300358280336 300
1725351787495 5.025316050504254 301
1725351787514 5.002456289402325 302
1725351787533 4.518182024574542 303
1725351787564 4.862473026532731 304
1725351787583 4.84916035137131 305
1725351787603 4.742245108864258 306
1725351787622 4.464664732748813 307
1725351787645 4.5797423393871 308
1725351787672 4.612738541162574 309
1725351787695 4.505081993552026 310
1725351787718 4.602817674235525 311
1725351787736 4.752415963722913 312
1725351787755 5.070503952190501 313
1725351787772 4.636555694754123 314
1725351787791 4.732946781191811 315
1725351787811 4.882141569716682 316
1725351787834 5.0550440130855705 317
1725351787864 4.750112385868848 318
1725351787885 4.5569163703821465 319
1725351787907 4.522812300025816 320
1725351787936 4.8601080653891335 321
1725351787958 4.823465894798622 322
1725351787977 4.907569211702826 323
1725351788002 4.205999219424533 324
1725351788049 5.007633791020527 325
1725351788097 5.049484344320937 326
1725351788133 5.12257572251805 327
1725351788159 4.796271207311952 328
1725351788181 4.888808106708042 329
1725351788204 4.573899319818937 330
1725351788226 4.1661453443981635 331
1725351788248 4.61365436123575 332
1725351788310 4.51217144481411 333
1725351788373 5.020813953478358 334
1725351788396 4.547339141574964 335
1725351788427 4.729871837118076 336
1725351788446 4.532730476657271 337
1725351788462 4.752957459693124 338
1725351788481 4.98976724261452 339
1725351788500 4.685327968274574 340
1725351788528 4.663078887921497 341
1725351788570 4.807626001841634 342
1725351788594 5.241138132918968 343
1725351788626 4.6198995975588835 344
1725351788649 4.682119139083232 345
1725351788684 5.1339196825987035 346
1725351788905 4.364892005752161 347
1725351788951 4.728463890459993 348
1725351789071 4.916339873012198 349
1725351789150 4.572407710098307 350
1725351789490 4.786626796338397 351
1725351789584 4.781841169510632 352
1725351789619 5.050166173069597 353
1725351789733 4.616767225308463 354
1725351789755 4.921987613616905 355
1725351789768 4.752184471635639 356
1725351789782 4.582838262863068 357
1725351789806 4.800749381797594 358
1725351789825 5.122136633364208 359
1725351789847 4.727454355696331 360
1725351789868 4.9811896475009485 361
1725351789886 4.843064959110959 362
1725351789906 5.166401292595211 363
1725351789926 5.043152223821398 364
