1725395317477 209159.22650409574 0
1725395317536 3.984887678914488e+19 1
1725395317593 1.6658265265618488e+32 2
1725395317656 2.4009664643370717e+47 3
1725395317703 3.666503670517598e+59 4
1725395317790 3.770938883381345e+73 5
1725395317878 3.15578459419318e+86 6
1725395317951 4.257140982285371e+101 7
1725395318011 1.3343064929947794e+114 8
1725395318069 3.6699876166915377e+127 9
1725395318130 2.8642132253330518e+141 10
1725395318183 5.492092965769556e+156 11
1725395318258 2.0334474360444217e+170 12
1725395318342 2.9315986362021434e+182 13
1725395318422 3.3302574816759786e+196 14
1725395318508 2.28986552363934e+212 15
1725395318588 8.579732524875074e+222 16
1725395318684 1.202971344190955e+236 17
1725395318762 2.8523630320150466e+250 18
1725395318839 2.2673144525844577e+265 19
1725395318997 4.833785141065839e+276 20
1725395319077 2.2310311335121847e+291 21
1725395319146 4.505549390474696e+305 22
1725395319241 inf 23
