1725354768983 170.53105520615193 0
1725354769010 169.6725862874257 1
1725354769035 165.90267315286187 2
1725354769063 168.60585439209822 3
1725354769109 163.7794291100389 4
1725354769161 153.9677809775022 5
1725354769244 162.24405037966625 6
1725354769284 158.13185445087112 7
1725354769311 157.21156682079936 8
1725354769336 152.34486695376924 9
1725354769361 155.8101835230981 10
1725354769388 151.20812546777674 11
1725354769410 153.49719891845237 12
1725354769430 148.14408143176064 13
1725354769452 153.37837069783546 14
1725354769473 148.77565920714804 15
1725354769493 143.32424138718423 16
1725354769513 141.81497112088033 17
1725354769534 141.8319237049683 18
1725354769556 138.61435543602997 19
1725354769578 144.42285703269027 20
1725354769597 141.7510223175793 21
1725354769623 134.29872191343344 22
1725354769644 138.86071042558808 23
1725354769666 137.3957836944793 24
1725354769688 133.71692773045547 25
1725354769709 134.277732216473 26
1725354769729 133.42867448644327 27
1725354769757 127.46536973727831 28
1725354769782 131.2200465458366 29
1725354769806 127.4234767290706 30
1725354769826 129.1259659987973 31
1725354769846 125.98243253708226 32
1725354769871 124.51607565018486 33
1725354769901 122.90564898353458 34
1725354769961 125.37009974259983 35
1725354770002 120.54995736129857 36
1725354770033 119.96276537957816 37
1725354770060 120.42438261088748 38
1725354770081 117.00994353223604 39
1725354770103 118.28658410314355 40
1725354770120 117.55663648914378 41
1725354770143 115.28176650466708 42
1725354770160 114.01311200175763 43
1725354770180 114.21065713865809 44
1725354770200 109.85564679449392 45
1725354770225 114.14738070395538 46
1725354770334 109.38160963483945 47
1725354770380 108.49856031156655 48
1725354770407 108.0609719009664 49
1725354770658 108.25753297721312 50
1725354770708 105.79866515026319 51
1725354770733 104.3692440542753 52
1725354770875 103.14746999525983 53
1725354770928 104.02258574799892 54
1725354771125 101.29233057454852 55
1725354771163 101.24179914871 56
1725354771203 100.78435300175026 57
1725354771252 99.56284780136518 58
1725354771286 98.47334983236836 59
1725354771303 96.52313827526555 60
1725354771321 99.24265657444543 61
1725354771405 98.73995749535148 62
1725354771440 96.84094333917542 63
1725354771502 95.39233412607167 64
1725354771550 96.0328684248341 65
1725354771618 91.90585049720688 66
1725354771685 90.31246467262552 67
1725354771718 89.67448959508866 68
1725354771746 89.23933981458639 69
1725354771766 90.28886043759695 70
1725354771789 89.7685162836049 71
1725354771809 87.57458079046538 72
1725354771832 90.47460371023415 73
1725354771858 89.46453427251448 74
1725354771883 85.25911525980914 75
1725354771924 87.29271823644466 76
1725354771982 80.82482348801808 77
1725354772012 86.60389183189487 78
1725354772034 84.33604944956275 79
1725354772057 83.2586146226837 80
1725354772080 80.17179659091147 81
1725354772102 79.24966172415105 82
1725354772122 78.85529048177266 83
1725354772142 77.48568029937958 84
1725354772173 79.17916400656765 85
1725354772204 75.68174031738592 86
1725354772225 78.33926488752634 87
1725354772261 75.91100416573005 88
1725354772287 75.57615842780568 89
1725354772308 76.32655143704186 90
1725354772329 74.57421877204716 91
1725354772351 72.7003718884599 92
1725354772372 72.50826252247944 93
1725354772394 73.08940124331578 94
1725354772419 70.92625175444105 95
1725354772441 71.51868944974603 96
1725354772464 71.96186285139164 97
1725354772485 70.16888576859172 98
1725354772507 69.98937857543456 99
1725354772530 70.53559546632434 100
1725354772552 68.07309823437312 101
1725354772573 66.92927464052623 102
1725354772594 69.01338029736523 103
1725354772614 65.36189778938959 104
1725354772643 64.10987033501735 105
1725354772674 66.27060467403368 106
1725354772713 65.4963475915475 107
1725354772740 64.04801776863953 108
1725354772778 62.40074501639092 109
1725354772800 62.64051828543575 110
1725354772825 61.99040627333099 111
1725354772851 61.97750478403383 112
1725354772871 60.43122478271593 113
1725354772901 62.28689009785532 114
1725354772954 62.811616129733075 115
1725354772986 60.546735635089824 116
1725354773008 60.38232911301289 117
1725354773033 59.64157294460851 118
1725354773064 58.869547802244284 119
1725354773090 57.92439758217607 120
1725354773114 56.28422248277933 121
1725354773142 54.06165377728824 122
1725354773164 55.10344208550166 123
1725354773187 56.76590055072515 124
1725354773208 54.9971128358616 125
1725354773231 56.2155950489204 126
1725354773256 53.388678933768645 127
1725354773280 52.817796748014956 128
1725354773303 52.05761847937406 129
1725354773331 53.30141598372252 130
1725354773358 52.10427237613212 131
1725354773383 52.50547788475292 132
1725354773406 51.58029369577096 133
1725354773428 51.32985167595945 134
1725354773451 50.293205188619304 135
1725354773473 47.76912467410301 136
1725354773497 48.86250280018761 137
1725354773514 48.88493560850588 138
1725354773533 48.25668447709402 139
1725354773556 47.90456990601507 140
1725354773579 47.33299696395706 141
1725354773602 47.989896363965634 142
1725354773628 46.951677545332245 143
1725354773649 45.9484233337338 144
1725354773675 46.494266384541646 145
1725354773697 47.17858725006212 146
1725354773720 46.464533860383966 147
1725354773742 45.43446642354034 148
1725354773764 45.229345987473685 149
1725354773785 45.103094750519794 150
1725354773807 43.36638308950688 151
1725354773829 43.2314578850909 152
1725354773853 44.46245813654756 153
1725354773881 42.990877403054974 154
1725354773903 42.093911127675455 155
1725354773932 40.388404905570084 156
1725354773953 41.464402633852934 157
1725354773977 41.435926778858466 158
1725354774006 41.178740272616125 159
1725354774024 40.42727348079769 160
1725354774047 40.106594743061265 161
1725354774070 40.41833693883753 162
1725354774096 39.407015890990834 163
1725354774119 38.86215393631672 164
1725354774141 39.24957268820473 165
1725354774162 38.73316584332853 166
1725354774182 38.64724352028877 167
1725354774203 38.67689316358508 168
1725354774224 37.41955924042781 169
1725354774244 36.68723577366853 170
1725354774262 38.11046100562359 171
1725354774284 37.785064620570076 172
1725354774306 36.38886383048057 173
1725354774326 35.43092278436882 174
1725354774345 35.108118726931394 175
1725354774366 35.44439099788393 176
1725354774385 33.95642626072335 177
1725354774412 35.471437159928094 178
1725354774436 33.374013016834304 179
1725354774458 35.61971532522098 180
1725354774478 32.77909052303306 181
1725354774499 32.89011440644317 182
1725354774520 32.68774713647639 183
1725354774540 32.91270866710802 184
1725354774560 33.2604867851148 185
1725354774582 32.59325558803367 186
1725354774602 31.056181328084545 187
1725354774620 31.043477798587947 188
1725354774641 30.918271744986797 189
1725354774662 30.551439248726854 190
1725354774685 31.030922692173103 191
1725354774706 30.49981940339851 192
1725354774726 30.40061278615369 193
1725354774748 29.77316018902837 194
1725354774769 31.05522197220439 195
1725354774789 29.841886849346803 196
1725354774812 28.690184006573677 197
1725354774837 29.13123878542694 198
1725354774857 28.883112841151963 199
1725354774879 27.483518707074534 200
1725354774900 28.231398207143503 201
1725354774922 28.43590720649934 202
1725354774942 28.27648752123345 203
1725354774964 26.56022437322738 204
1725354774985 27.93568011964813 205
1725354775015 26.61948812670707 206
1725354775040 26.521175487715663 207
1725354775060 27.17813864711025 208
1725354775081 27.183681103899996 209
1725354775100 26.004992717743967 210
1725354775121 24.475730785859383 211
1725354775144 25.01059523790271 212
1725354775167 25.27576707338873 213
1725354775190 24.188006244170886 214
1725354775212 25.35948154897525 215
1725354775237 26.5892542192874 216
1725354775259 24.513349295565146 217
1725354775278 23.6202730045294 218
1725354775304 22.644533846763217 219
1725354775332 23.443298567100857 220
1725354775360 22.937283963707706 221
1725354775387 23.21871476600099 222
1725354775429 22.409210108928082 223
1725354775455 23.01990904167498 224
1725354775482 23.269515362132218 225
1725354775509 22.743260059008232 226
1725354775530 22.173198374488546 227
1725354775552 22.29357839854401 228
1725354775573 22.19804720124332 229
1725354775594 21.944445871015127 230
1725354775616 21.660311691153296 231
1725354775636 21.341522417930914 232
1725354775659 21.274010969415194 233
1725354775680 21.152454901864353 234
1725354775700 21.1055757510223 235
1725354775724 20.77806600005694 236
1725354775748 20.889591950921293 237
1725354775769 21.43030846177424 238
1725354775789 20.754082986270753 239
1725354775809 20.457885371866745 240
1725354775829 20.382362789155252 241
1725354775851 19.95322702435509 242
1725354775873 19.956423587598938 243
1725354775894 19.032369718967722 244
1725354775918 18.705833076878033 245
1725354775942 18.710497673232812 246
1725354775964 17.574342319295923 247
1725354775985 19.216531218358657 248
1725354776009 18.886368751118525 249
1725354776036 18.19947721400369 250
1725354776056 18.454231956486012 251
1725354776077 18.543857192547783 252
1725354776097 18.349641644516453 253
1725354776118 16.997698344884075 254
1725354776138 16.50361606787955 255
1725354776160 17.146786014491248 256
1725354776185 16.949852616137374 257
1725354776209 17.236302553653378 258
1725354776230 16.734255424596075 259
1725354776254 16.319791143968317 260
1725354776273 17.632048979045972 261
1725354776296 16.72385222218951 262
1725354776316 16.275257343552873 263
1725354776342 17.198216635779303 264
1725354776366 16.287992092740737 265
1725354776388 15.99492486505372 266
1725354776411 15.728806096557573 267
1725354776438 14.582791733779793 268
1725354776463 15.702572443356113 269
1725354776488 14.86259508398864 270
1725354776513 15.724588865681259 271
1725354776542 14.686927776485236 272
1725354776570 14.10599686828883 273
1725354776594 13.695063445638468 274
1725354776619 14.670982435532567 275
1725354776646 14.810883140481183 276
1725354776679 14.742151839834666 277
1725354776706 14.49769724546929 278
1725354776729 13.978248879266031 279
1725354776759 13.871034658821719 280
1725354776786 13.184307275058016 281
1725354776810 13.952893053944146 282
1725354776839 13.573687981316532 283
1725354776866 13.752330127984662 284
1725354776893 13.816435954582895 285
1725354776915 13.19770002475754 286
1725354776954 13.56654048280584 287
1725354776985 13.122935887969017 288
1725354777006 13.07517666111963 289
1725354777046 12.982066334435972 290
1725354777067 12.82116799447511 291
1725354777092 12.094971028075006 292
1725354777123 12.911712136262683 293
1725354777144 12.973695548977032 294
1725354777167 12.867737493906231 295
1725354777188 12.073980518542392 296
1725354777209 12.32077780121042 297
1725354777231 11.78380974364004 298
1725354777252 11.89943138069174 299
1725354777278 11.561706830019482 300
1725354777302 12.128394939532313 301
1725354777326 11.898536956121772 302
1725354777346 11.487452952782842 303
1725354777368 11.395274359090793 304
1725354777392 11.08335180602698 305
1725354777415 11.926155030497984 306
1725354777442 11.648017936806855 307
1725354777462 10.969292063402348 308
1725354777482 11.121028727162718 309
1725354777518 10.937291558587114 310
1725354777539 11.23641204155374 311
1725354777560 10.664867140266681 312
1725354777585 10.022786400555246 313
1725354777607 10.0856944010287 314
1725354777627 10.575096884409655 315
1725354777650 10.514010440561371 316
1725354777674 9.846987795496434 317
1725354777697 9.88697063641865 318
1725354777715 10.452162058821102 319
1725354777734 9.87003628654758 320
1725354777761 9.915004952765061 321
1725354777784 9.697835342094304 322
1725354777810 10.02918384322587 323
1725354777839 9.392132492329786 324
1725354777862 10.18583876824231 325
1725354777885 9.897320409829216 326
1725354777909 9.424309627700675 327
1725354777930 9.251787092591355 328
1725354777954 8.62220079560993 329
1725354777975 9.52758200871843 330
1725354777996 9.235167370475281 331
1725354778016 8.87482623503834 332
1725354778046 8.891753244543825 333
1725354778067 8.91700338013273 334
1725354778087 8.635395064303468 335
1725354778110 8.67657814924007 336
1725354778133 8.64330516987149 337
1725354778150 7.878595509608425 338
1725354778174 8.258479188367255 339
1725354778197 8.627896586771193 340
1725354778223 8.266265400553815 341
1725354778245 8.459366665127256 342
1725354778269 7.803123984014015 343
1725354778296 8.374786653657639 344
1725354778319 8.211107677983769 345
1725354778346 7.611267473922456 346
1725354778369 8.268702840430931 347
1725354778390 8.361162705594609 348
1725354778411 7.1557085674913665 349
1725354778430 7.735044812376667 350
1725354778452 7.736868146573093 351
1725354778472 7.091642028588958 352
1725354778494 8.264930339267234 353
1725354778516 7.513945142114446 354
1725354778536 7.476162214883564 355
1725354778557 7.032576969012896 356
1725354778579 6.827625497027336 357
1725354778599 7.476384263530698 358
1725354778620 6.866723519224931 359
1725354778640 6.954827018070499 360
1725354778660 6.924861926400162 361
1725354778680 7.182681843745241 362
1725354778698 7.084527025321479 363
1725354778719 7.102573931982127 364
1725354778740 6.674347229498674 365
1725354778764 6.846240160541318 366
1725354778787 6.235855916322647 367
1725354778811 6.99421626147232 368
1725354778835 6.025936312117642 369
1725354778863 6.673495030022405 370
1725354778885 6.679131039783119 371
1725354778909 6.443718935057091 372
1725354778935 5.84794806926186 373
1725354778960 5.905512254956207 374
1725354778980 6.215310993858009 375
1725354779004 6.268102400986589 376
1725354779029 6.094811213722403 377
1725354779057 5.838492157001345 378
1725354779078 5.95417633713476 379
1725354779097 5.7480105180076695 380
1725354779122 5.6965706822152935 381
1725354779152 5.970416473158557 382
1725354779186 5.867139155874363 383
1725354779215 5.639575000293748 384
1725354779250 5.908147991223084 385
1725354779280 5.262812050917348 386
1725354779309 5.2535708032406 387
1725354779335 5.182540665763611 388
1725354779369 5.786080441431792 389
1725354779396 5.321508682469358 390
1725354779419 5.680557752027762 391
1725354779478 5.948213718716671 392
1725354779507 5.613635011682942 393
1725354779533 5.323953734399924 394
1725354779564 5.617660281531774 395
1725354779595 5.509562718899672 396
1725354779623 4.718205347618188 397
1725354779648 4.929215419967406 398
1725354779675 5.174262330499941 399
1725354779709 5.377176683862566 400
1725354779739 5.011918279585988 401
1725354779771 5.044392722666373 402
1725354779794 5.025771913290549 403
1725354779823 4.94342607853129 404
1725354779845 4.775360501336806 405
1725354779870 4.595258277248379 406
1725354779897 4.904416698370439 407
1725354779923 4.522653438591191 408
1725354779954 4.580388149365845 409
1725354779980 4.642498826287716 410
1725354780019 4.65657698451123 411
1725354780040 4.705870866747886 412
1725354780064 4.504940468365664 413
1725354780087 5.259993884751752 414
1725354780108 4.364298749701346 415
1725354780126 4.668799375510337 416
1725354780148 4.257050961720066 417
1725354780175 3.900715982206849 418
1725354780198 4.325313100165196 419
1725354780220 4.084293817128417 420
1725354780242 4.244126880906264 421
1725354780267 3.969345873280253 422
1725354780291 4.121228070550389 423
1725354780322 3.855498745831511 424
1725354780343 4.38129829523247 425
1725354780364 4.215109390229049 426
1725354780394 3.757929514048764 427
1725354780409 4.0216541456467745 428
1725354780430 4.026039847193157 429
1725354780538 3.898110455710768 430
1725354780562 3.867078013192795 431
1725354780588 3.7550121630541784 432
1725354780608 3.4767143127776086 433
1725354780628 3.6185081629574722 434
1725354780646 3.6284588805401756 435
1725354780667 3.806649789872679 436
1725354780690 3.8810519440366096 437
1725354780711 3.638442063538423 438
1725354780733 3.8655464546070784 439
1725354780753 3.3565956658291642 440
1725354780773 3.625795743993881 441
1725354780804 3.327241272486783 442
1725354780827 3.455325209468103 443
1725354780850 3.4674753198277135 444
1725354780872 3.444505879588112 445
1725354780890 3.534830548784548 446
1725354780913 2.8705888127561585 447
1725354780934 3.1583852591587793 448
1725354780959 3.1487573155512347 449
1725354780992 3.3862441861504617 450
1725354781023 3.3156822271691806 451
1725354781056 2.9144709791681858 452
1725354781089 2.92340425209899 453
1725354781121 3.4325845216356337 454
1725354781146 2.96536929976824 455
1725354781166 3.015410075284502 456
1725354781188 3.58723720643489 457
1725354781211 3.4937406129114303 458
1725354781232 2.928946508885206 459
1725354781254 3.061378454808028 460
1725354781277 3.158471008885858 461
1725354781299 2.630520775538249 462
1725354781322 3.1957566952199823 463
1725354781346 3.1287398292985817 464
1725354781371 2.9177954229772785 465
1725354781393 2.8817887408083527 466
1725354781413 2.9697642118973926 467
1725354781435 3.243854679127131 468
1725354781456 3.1116280815680866 469
1725354781481 3.0359872859282726 470
1725354781503 3.213936634889881 471
1725354781527 2.993688215520161 472
1725354781550 2.6691372428484534 473
1725354781575 2.617074706656629 474
1725354781596 3.030475367459233 475
1725354781617 2.6996037752121107 476
1725354781643 2.63707075926994 477
1725354781665 2.7722010054808486 478
1725354781693 2.7962882679266814 479
1725354781714 2.6022713419691126 480
1725354781738 2.3092220684072626 481
1725354781765 2.802745001897733 482
1725354781789 2.2611405593668295 483
1725354781812 2.792424383467849 484
1725354781833 2.66311483052287 485
1725354781855 2.6149128606281993 486
1725354781877 2.497736303242647 487
1725354781897 2.6049331337868913 488
1725354781920 2.449903617720703 489
1725354781945 2.2263371479863845 490
1725354781969 2.3526720210355774 491
1725354781998 2.59234770626536 492
1725354782018 2.404866459744175 493
1725354782040 2.202806236211501 494
1725354782063 2.255570079951684 495
1725354782098 2.2125274351835866 496
1725354782132 2.2737265725745246 497
1725354782165 2.271504087026371 498
1725354782192 2.101138594186072 499
