1725395620765 168.81788247382886 0
1725395620791 165.5888500799915 1
1725395620810 163.98306738407692 2
1725395620845 162.36783981482836 3
1725395620869 160.7699805827626 4
1725395620887 159.18719528482646 5
1725395620904 157.62000148296514 6
1725395620921 156.06900318855566 7
1725395620942 154.53257595077275 8
1725395620959 153.0120969462881 9
1725395620976 151.50631204898704 10
1725395620994 150.01546964600675 11
1725395621016 148.5395947730538 12
1725395621039 147.07794827512183 13
1725395621056 145.6309421930029 14
1725395621072 144.19850998213374 15
1725395621089 142.78013211587387 16
1725395621103 141.3757026757472 17
1725395621133 139.98489999184798 18
1725395621207 138.60863673111777 19
1725395621238 137.2452943392424 20
1725395621262 135.8956560873402 21
1725395621292 134.5594968200169 22
1725395621322 133.23666433089645 23
1725395621343 131.92676956762722 24
1725395621367 130.6295519534075 25
1725395621388 129.34559035208346 26
1725395621404 128.07416929875916 27
1725395621424 126.8154095777729 28
1725395621442 125.56932571239588 29
1725395621459 124.3348117308656 30
1725395621475 123.11313784464575 31
1725395621493 121.90384094409792 32
1725395621517 120.70575182673201 33
1725395621546 119.51983765446921 34
1725395621569 118.34586528906028 35
1725395621592 117.18333484973418 36
1725395621617 116.03235264572787 37
1725395621635 114.89225802770183 38
1725395621651 113.76449452743532 39
1725395621667 112.64712702049378 40
1725395621685 111.54074854566949 41
1725395621702 110.44557871204256 42
1725395621717 109.36134495467877 43
1725395621732 108.28761239016876 44
1725395621750 107.2247589337738 45
1725395621768 106.17181216050118 46
1725395621785 105.12995158203749 47
1725395621800 104.09845245371326 48
1725395621818 103.07648749552344 49
1725395621837 102.06506545891607 50
1725395621857 101.06362205546885 51
1725395621872 100.07197798116273 52
1725395621908 99.0902121251005 53
1725395621942 98.11769257497315 54
1725395621974 97.15557914111871 55
1725395622011 96.20245177071628 56
1725395622039 95.25866629566153 57
1725395622066 94.32497159025807 58
1725395622094 93.39985620167865 59
1725395622118 92.48371384105275 60
1725395622150 91.57727146672481 61
1725395622184 90.679442473536 62
1725395622208 89.79040538297025 63
1725395622240 88.91011934124832 64
1725395622283 88.03864384780846 65
1725395622343 87.17593501812985 66
1725395622373 86.32144287451915 67
1725395622403 85.47545703754325 68
1725395622431 84.63804378905466 69
1725395622458 83.80894133858098 70
1725395622490 82.98764774512341 71
1725395622521 82.17495522157036 72
1725395622550 81.3696519374957 73
1725395622588 80.57303091690304 74
1725395622620 79.78387394147325 75
1725395622652 79.00249854469787 76
1725395622678 78.22857438763609 77
1725395622716 77.46296993274642 78
1725395622743 76.70433806180746 79
1725395622769 75.95366903890869 80
1725395622795 75.21024240218281 81
1725395622852 74.47368138818078 82
1725395622933 73.74526795531273 83
1725395622964 73.02366221786534 84
1725395622993 72.30890007875647 85
1725395623023 71.60116551003486 86
1725395623052 70.90088073201606 87
1725395623074 70.20740981475707 88
1725395623103 69.52026509494334 89
1725395623132 68.8403306325371 90
1725395623163 68.16724130796831 91
1725395623189 67.50051814218864 92
1725395623218 66.84031835418288 93
1725395623241 66.18700207305078 94
1725395623269 65.53993499236861 95
1725395623300 64.89926499817825 96
1725395623336 64.26486162217005 97
1725395623368 63.63673639120551 98
1725395623406 63.0147338345181 99
1725395623434 62.398546236336884 100
1725395623461 61.78925357932069 101
1725395623490 61.185668986141415 102
1725395623518 60.5878050554309 103
1725395623543 59.99606195832507 104
1725395623569 59.41010234485413 105
1725395623598 58.829711851092405 106
1725395623628 58.25508559584221 107
1725395623657 57.68630954402931 108
1725395623687 57.12321145539264 109
1725395623714 56.56570336328507 110
1725395623736 56.01331457410776 111
1725395623760 55.466483373460214 112
1725395623790 54.92550883519351 113
1725395623810 54.38929877622009 114
1725395623837 53.858365006234386 115
1725395623859 53.3332018989161 116
1725395623893 52.812986002791675 117
1725395623918 52.29754605807549 118
1725395623942 51.78769107805871 119
1725395623964 51.28276675882421 120
1725395623978 50.78231917200005 121
1725395623996 50.2873490507388 122
1725395624029 49.7970850971541 123
1725395624057 49.31149627791998 124
1725395624086 48.83107606796708 125
1725395624110 48.355335034580335 126
1725395624130 47.88355581159429 127
1725395624149 47.41724348036298 128
1725395624172 46.95528803121275 129
1725395624195 46.497835681713724 130
1725395624218 46.0451159913701 131
1725395624245 45.59665573049067 132
1725395624271 45.1520441581529 133
1725395624306 44.71287722827818 134
1725395624336 44.277583824912 135
1725395624378 43.846345531266444 136
1725395624405 43.419665876230134 137
1725395624431 42.99712504945318 138
1725395624461 42.57823944603385 139
1725395624491 42.16434913397961 140
1725395624513 41.75430610767301 141
1725395624544 41.34752035671821 142
1725395624576 40.945719308827115 143
1725395624605 40.54735314336193 144
1725395624629 40.1530203842027 145
1725395624654 39.76255100697038 146
1725395624681 39.376220658582625 147
1725395624711 38.99334442784229 148
1725395624731 38.614387046781374 149
1725395624760 38.239131563357894 150
1725395624784 37.86712111314318 151
1725395624805 37.49966029090987 152
1725395624823 37.13539984279447 153
1725395624845 36.774445168271995 154
1725395624871 36.41691834431814 155
1725395624897 36.06367842151025 156
1725395624924 35.71346722139039 157
1725395624952 35.3668194779278 158
1725395624981 35.022806838857605 159
1725395625008 34.68343447185704 160
1725395625038 34.34678942577891 161
1725395625070 34.013517869359525 162
1725395625093 33.68355453649289 163
1725395625113 33.35613164142137 164
1725395625133 33.0332271072936 165
1725395625160 32.71302120404501 166
1725395625183 32.39500362023089 167
1725395625205 32.081175989623375 168
1725395625237 31.770347950928812 169
1725395625263 31.462263498571197 170
1725395625295 31.157049715112507 171
1725395625333 30.855224529919568 172
1725395625365 30.555945371635143 173
1725395625383 30.25979842082464 174
1725395625399 29.96690612975968 175
1725395625415 29.677086348471104 176
1725395625441 29.388905800135227 177
1725395625462 29.104707600760975 178
1725395625481 28.823012589051 179
1725395625498 28.54388577176537 180
1725395625526 28.267394227286896 181
1725395625555 27.99371194340171 182
1725395625577 27.722780457316052 183
1725395625602 27.454873958071516 184
1725395625630 27.189346155015848 185
1725395625655 26.926140203566426 186
1725395625685 26.66548381701629 187
1725395625724 26.408222451001123 188
1725395625758 26.152225657996166 189
1725395625789 25.899811704972958 190
1725395625816 25.649256651062746 191
1725395625844 25.40180890817326 192
1725395625873 25.15627412816284 193
1725395625897 24.912664818145622 194
1725395625929 24.67264741747715 195
1725395625953 24.43408068794762 196
1725395625980 24.19829483180713 197
1725395626033 23.964912183832073 198
1725395626073 23.733495649956435 199
1725395626113 23.50324695958278 200
1725395626140 23.277687466932278 201
1725395626157 23.052609953412183 202
1725395626173 22.830250805754453 203
1725395626189 22.610475967007346 204
1725395626205 22.392554339899355 205
1725395626222 22.176348372226627 206
1725395626236 21.96170567796822 207
1725395626250 21.750703967826443 208
1725395626274 21.54131035435651 209
1725395626298 21.333569386291114 210
1725395626323 21.12807196923238 211
1725395626351 20.924862902705566 212
1725395626376 20.722875125478545 213
1725395626396 20.523594033996815 214
1725395626421 20.325951969631653 215
1725395626444 20.130438580749033 216
1725395626470 19.936265902606934 217
1725395626495 19.744942770908818 218
1725395626519 19.554948298752333 219
1725395626544 19.36671107725364 220
1725395626577 19.180848095880382 221
1725395626599 18.995820357261515 222
1725395626628 18.813672710683004 223
1725395626662 18.63250625425594 224
1725395626698 18.453790777743148 225
1725395626729 18.276879118417884 226
1725395626757 18.100761341717444 227
1725395626783 17.927367026601434 228
1725395626808 17.75486350962171 229
1725395626845 17.584507091896903 230
1725395626876 17.415890674110763 231
1725395626916 17.24898887818937 232
1725395626941 17.08349053314781 233
1725395626975 16.919584729905008 234
1725395627005 16.756826015398204 235
1725395627034 16.59663036199773 236
1725395627065 16.43775625042355 237
1725395627094 16.279723915260107 238
1725395627122 16.124386759940982 239
1725395627150 15.969711481128742 240
1725395627179 15.81667178806253 241
1725395627198 15.665430808140298 242
1725395627213 15.515025831984513 243
1725395627230 15.366891141699677 244
1725395627247 15.219857430159578 245
1725395627268 15.074297889212154 246
1725395627296 14.929972113422501 247
1725395627321 14.78709410241919 248
1725395627349 14.64595413425027 249
1725395627380 14.506016201460314 250
1725395627425 14.36719304179839 251
1725395627456 14.229689547884536 252
1725395627508 14.094367910946733 253
1725395627537 13.959648053172309 254
1725395627565 13.826293933697077 255
1725395627595 13.693902957266825 256
1725395627624 13.56342305767771 257
1725395627665 13.434335519135578 258
1725395627708 13.305879192736233 259
1725395627729 13.179174846877945 260
1725395627754 13.053607976147472 261
1725395627767 12.92865090668344 262
1725395627827 12.806026696319213 263
1725395627843 12.684070547847307 264
1725395627866 12.562798153636237 265
1725395627881 12.443370023203055 266
1725395627907 12.325063771090328 267
1725395627949 12.207551086451389 268
1725395627974 12.091870527689956 269
1725395628002 11.97591558413045 270
1725395628018 11.862776160247924 271
1725395628056 11.750129552203738 272
1725395628072 11.637886889180194 273
1725395628092 11.52791176201365 274
1725395628106 11.417850391320831 275
1725395628122 11.309619538625899 276
1725395628143 11.20219211917362 277
1725395628160 11.09618045232882 278
1725395628178 10.990622334278637 279
1725395628194 10.886722892263778 280
1725395628211 10.782780071044932 281
1725395628235 10.681039967627356 282
1725395628250 10.579986108400616 283
1725395628275 10.479215365755316 284
1725395628301 10.380074899683287 285
1725395628361 10.28189331970278 286
1725395628384 10.184985184262112 287
1725395628401 10.087945996150138 288
1725395628415 9.99253795841708 289
1725395628432 9.898323354178883 290
1725395628452 9.804501188916499 291
1725395628468 9.711678001302223 292
1725395628487 9.620218352245619 293
1725395628505 9.529592755103536 294
1725395628522 9.439724515044716 295
1725395628538 9.349677907500606 296
1725395628555 9.26172411330886 297
1725395628569 9.174529208396763 298
1725395628585 9.088234715140755 299
1725395628605 9.002563483827823 300
1725395628621 8.916900078030121 301
1725395628647 8.833756623390332 302
1725395628674 8.75016104574921 303
1725395628701 8.668256758072166 304
1725395628728 8.58582078979333 305
1725395628757 8.505215906413564 306
1725395628783 8.42542660642426 307
1725395628811 8.346225731709763 308
1725395628837 8.267967158116486 309
1725395628859 8.190270581583476 310
1725395628896 8.112878605725346 311
1725395628927 8.037054839427599 312
1725395628949 7.961392649664553 313
1725395628968 7.886340466048708 314
1725395628997 7.8127712268455785 315
1725395629015 7.7398484845966 316
1725395629032 7.666850264190571 317
1725395629048 7.594860055104375 318
1725395629062 7.5242034331408 319
1725395629075 7.453424608751272 320
1725395629088 7.383761820191641 321
1725395629101 7.314340934970935 322
1725395629115 7.245924649494702 323
1725395629129 7.178534646785636 324
1725395629154 7.110942087283759 325
1725395629205 7.044648455518229 326
1725395629237 6.979040063485159 327
1725395629264 6.913689345772632 328
1725395629281 6.849472457522934 329
1725395629303 6.784946119226244 330
1725395629320 6.722311601168874 331
1725395629336 6.6595258893289 332
1725395629353 6.596745569054921 333
1725395629371 6.535547222484674 334
1725395629405 6.475095800978583 335
1725395629432 6.414860236019685 336
1725395629462 6.354833479769108 337
1725395629495 6.295920548277815 338
1725395629520 6.237194197524375 339
1725395629541 6.179730240657767 340
1725395629559 6.121807243284146 341
1725395629580 6.064868638008987 342
1725395629598 6.00922522872659 343
1725395629617 5.952935862161694 344
1725395629635 5.897658116199048 345
1725395629651 5.842962010895013 346
1725395629670 5.78929264956469 347
1725395629688 5.735379217957185 348
1725395629706 5.6822424883238885 349
1725395629723 5.630086683516288 350
1725395629748 5.577680521009348 351
1725395629779 5.525977395918144 352
1725395629821 5.475392417997701 353
1725395629853 5.424703330266853 354
1725395629892 5.3745860356352235 355
1725395629914 5.3249189630626415 356
1725395629939 5.275330088736845 357
1725395629963 5.227283700122806 358
1725395629987 5.178930457824144 359
1725395630008 5.131173139378508 360
1725395630026 5.083852298693569 361
1725395630043 5.0372957183469165 362
1725395630061 4.990813913456434 363
1725395630077 4.9456187831413745 364
1725395630093 4.899097084521438 365
1725395630108 4.854875940312873 366
1725395630125 4.810289439934253 367
1725395630147 4.766084407754402 368
1725395630203 4.72229385085349 369
1725395630237 4.679252541731998 370
1725395630266 4.635715690367531 371
1725395630283 4.594066230803792 372
1725395630300 4.551447108104146 373
1725395630317 4.509932433553731 374
1725395630333 4.468876841533643 375
1725395630347 4.427887915390976 376
1725395630361 4.387681659805616 377
1725395630375 4.347684009346268 378
1725395630392 4.308092200880964 379
1725395630412 4.268562704189055 380
1725395630426 4.229463644247235 381
1725395630441 4.191408507657208 382
1725395630455 4.153254833702722 383
1725395630477 4.115196089962207 384
1725395630495 4.077860673188318 385
1725395630515 4.041111928570258 386
1725395630549 4.004368812407172 387
1725395630575 3.9669845909550854 388
1725395630602 3.931761643409658 389
1725395630640 3.8961681752870474 390
1725395630665 3.860831323515649 391
1725395630694 3.8257346217070496 392
1725395630721 3.790699156578467 393
1725395630749 3.757190186527345 394
1725395630774 3.7222407966088737 395
1725395630803 3.688654671463086 396
1725395630830 3.655956972998476 397
1725395630855 3.6231207148089597 398
1725395630880 3.5900207527676637 399
1725395630917 3.5575679725692675 400
1725395630950 3.5255839016218737 401
1725395630979 3.49352131098403 402
1725395631008 3.4623265696889023 403
1725395631037 3.4314473023817293 404
1725395631063 3.4004826397033496 405
1725395631087 3.3697048531259597 406
1725395631113 3.3396467308765345 407
1725395631138 3.3096196197037213 408
1725395631152 3.279878528683546 409
1725395631170 3.2505280706729307 410
1725395631184 3.2207702721644584 411
1725395631198 3.192403420199512 412
1725395631213 3.1638912298705146 413
1725395631230 3.135573121355617 414
1725395631246 3.107817221835856 415
1725395631266 3.0797862978203914 416
1725395631290 3.0525962644091744 417
1725395631313 3.02501871228828 418
1725395631332 2.9985444423294787 419
1725395631359 2.971442694148288 420
1725395631386 2.945074543575136 421
1725395631403 2.9188807285461014 422
1725395631420 2.89310191925906 423
1725395631440 2.867603060997637 424
1725395631456 2.8421864065122033 425
1725395631473 2.816249431349555 426
1725395631490 2.791787683923438 427
1725395631506 2.7673405495484102 428
1725395631537 2.7424449234066204 429
1725395631564 2.718371687883423 430
1725395631598 2.6946756917545303 431
1725395631642 2.6704646242580186 432
1725395631671 2.6470552241683567 433
1725395631690 2.6240451538797127 434
1725395631706 2.6009494736828422 435
1725395631722 2.577909723708707 436
1725395631739 2.5551658803515185 437
1725395631758 2.532722585751761 438
1725395631779 2.510348534131844 439
1725395631795 2.489048777847345 440
1725395631809 2.4660603059038047 441
1725395631822 2.445375957543805 442
1725395631835 2.423819802986651 443
1725395631852 2.4023505024544054 444
1725395631867 2.381147692511667 445
1725395631882 2.3607575530140332 446
1725395631913 2.340148117958229 447
1725395631937 2.319937525918547 448
1725395631960 2.299628773844599 449
1725395631986 2.2794497458516227 450
1725395632008 2.260163208812471 451
1725395632025 2.240229645934209 452
1725395632041 2.220553504661632 453
1725395632060 2.2019456092731575 454
1725395632076 2.182110258428539 455
1725395632092 2.163605028008972 456
1725395632110 2.1450838724897423 457
1725395632130 2.127037551130644 458
1725395632147 2.1075148441225937 459
1725395632166 2.0901609293156693 460
1725395632196 2.072190075715581 461
1725395632224 2.0540050060524533 462
1725395632248 2.0366242896198643 463
1725395632272 2.019160631537841 464
1725395632295 2.0021054383852888 465
1725395632322 1.9843167313256744 466
1725395632343 1.9678083155084989 467
1725395632373 1.9506691436770958 468
1725395632402 1.934165021854002 469
1725395632422 1.917733244510318 470
1725395632439 1.9016956301481815 471
1725395632455 1.8849251244801493 472
1725395632480 1.8691527048635337 473
1725395632499 1.8535865413436676 474
1725395632515 1.837667809108773 475
1725395632534 1.821858490538168 476
1725395632553 1.8064957408750604 477
1725395632570 1.791279455920913 478
1725395632588 1.775913353225408 479
1725395632609 1.7614427292387493 480
1725395632626 1.7465549186099547 481
1725395632648 1.7314807851827252 482
1725395632674 1.716773554901921 483
1725395632692 1.702612224269112 484
1725395632712 1.688502904954474 485
1725395632730 1.6740709182483486 486
1725395632752 1.6602067318077958 487
1725395632781 1.6460880005942946 488
1725395632802 1.632851032098696 489
1725395632827 1.6189685488295127 490
1725395632854 1.6051087864424594 491
1725395632878 1.5921560197867586 492
1725395632899 1.5787716913305516 493
1725395632931 1.5655165922901972 494
1725395632947 1.552698841320088 495
1725395632970 1.5398656588388593 496
1725395632993 1.5273750244271618 497
1725395633010 1.5143027964119442 498
1725395633030 1.501420613968507 499
