1725342884536 168.996543037322 0
1725342884555 1380388556879506.0 1
1725342884576 6.636936675191209e+31 2
1725342884595 3.258023794064521e+48 3
1725342884615 1.5993940885692257e+65 4
1725342884637 7.851574508596057e+81 5
1725342884658 3.8544110372760014e+98 6
1725342884675 1.8921662690741792e+115 7
1725342884695 9.288820406534484e+131 8
1725342884714 4.559968431689074e+148 9
1725342884733 2.2385309638857118e+165 10
1725342884752 1.0989156945586454e+182 11
1725342884768 5.394679471625862e+198 12
1725342884784 2.648298385916661e+215 13
1725342884799 1.3000743376390167e+232 14
1725342884815 6.382185981669503e+248 15
1725342884830 3.1330745269989787e+265 16
1725342884845 1.538055459355649e+282 17
1725342884862 7.550457468113993e+298 18
1725342884880 inf 19
1725342884898 inf 20
