1725396794210 70.05477036231883 0
1725396794238 29.52210211804111 1
1725396794263 11.86174419174372 2
1725396794287 5.082256516772986 3
1725396794307 2.1419162858767993 4
1725396794335 0.9854067008111972 5
1725396794373 0.7192036355688317 6
1725396794421 0.3649033466902639 7
1725396794455 0.22329543340059269 8
1725396794489 0.21449963354529145 9
1725396794505 0.13762782257328454 10
1725396794521 0.18115380533920294 11
1725396794536 0.19971083341521437 12
1725396794556 0.14718421019185685 13
1725396794582 0.09020354051746424 14
1725396794604 0.13095439272746426 15
1725396794629 0.08933701577044906 16
1725396794653 0.11259582019231093 17
1725396794672 0.14162751765250242 18
1725396794690 0.2061859744108062 19
1725396794709 0.09387858034773543 20
1725396794727 0.2279958746823972 21
1725396794745 0.17570999764729353 22
1725396794764 0.12361721874690343 23
1725396794782 0.1439754289379996 24
1725396794799 0.11474584883816884 25
1725396794821 0.09264880958223597 26
1725396794846 0.18644840569720794 27
1725396794877 0.12898343837052365 28
1725396794899 0.1166613008325691 29
1725396794921 0.12102135086909069 30
1725396794939 0.09960478534728616 31
1725396794957 0.14074951666770363 32
1725396794975 0.13425279407076354 33
1725396794993 0.12565822380738892 34
1725396795015 0.09962158151736414 35
1725396795030 0.12760642544937895 36
1725396795045 0.13707453067850822 37
1725396795070 0.14141412259005876 38
1725396795098 0.13281704173300016 39
1725396795125 0.10127622904295443 40
1725396795147 0.09748169314006461 41
1725396795170 0.10572090428704514 42
1725396795187 0.14662314289562176 43
1725396795203 0.20589809357962632 44
1725396795219 0.21752756996320172 45
1725396795238 0.14411712261651988 46
1725396795255 0.1922743583268634 47
1725396795273 0.15301721889753647 48
1725396795291 0.11988919811399992 49
1725396795312 0.0977621656449442 50
1725396795338 0.13618769170531358 51
1725396795356 0.14527084977066235 52
1725396795380 0.2199462386842103 53
1725396795410 0.09394851326322405 54
1725396795435 0.12798027139858334 55
1725396795457 0.0995924872865374 56
1725396795481 0.22829462624234015 57
1725396795506 0.15670060536499958 58
1725396795531 0.12854434827942876 59
1725396795554 0.19056708937319067 60
1725396795568 0.14449131877125057 61
1725396795581 0.11370979158658917 62
1725396795594 0.08835932266038796 63
1725396795607 0.08652845266368789 64
1725396795621 0.14613067311611372 65
1725396795634 0.09121163555776468 66
1725396795649 0.08028251881944751 67
1725396795663 0.1397907621660328 68
1725396795684 0.17521037640660192 69
1725396795705 0.1579909373706055 70
1725396795722 0.13329502257161202 71
1725396795751 0.20387298266636883 72
1725396795774 0.13304772477993976 73
1725396795800 0.12952542324903746 74
1725396795821 0.15658589441763723 75
1725396795839 0.13466260314860512 76
1725396795863 0.16363776409896358 77
1725396795899 0.0940838213370981 78
1725396795923 0.1137198580999283 79
1725396795949 0.14655757463721455 80
1725396795976 0.10674655782909888 81
1725396796004 0.12099395093034708 82
1725396796034 0.16184260866882325 83
1725396796093 0.13642405648942368 84
1725396796161 0.1683936512688417 85
1725396796176 0.16329982224621148 86
1725396796190 0.15339751956692352 87
1725396796203 0.14877506160709314 88
1725396796217 0.13529461842467913 89
1725396796231 0.18065526580389796 90
1725396796244 0.1332874501495001 91
1725396796257 0.16543661339306517 92
1725396796270 0.14394459883711622 93
1725396796284 0.10707023971288045 94
1725396796302 0.11319838355214655 95
1725396796344 0.10225794332006634 96
1725396796373 0.12143097099774543 97
1725396796398 0.1278298736268306 98
1725396796428 0.08321856833126175 99
1725396796458 0.14252468654865208 100
1725396796490 0.08964857797612638 101
1725396796521 0.1760863321175638 102
1725396796546 0.14298763541418838 103
1725396796572 0.12826402215239974 104
1725396796606 0.1146399040800259 105
1725396796637 0.13493615962244657 106
1725396796668 0.09353665935585129 107
1725396796698 0.09278654848652587 108
1725396796728 0.14075781904586776 109
1725396796758 0.07559462651943101 110
1725396796789 0.16561194078877506 111
1725396796817 0.1216031643294056 112
1725396796848 0.06023086237355474 113
1725396796879 0.12003065398949442 114
1725396796912 0.11437712946644854 115
1725396796941 0.11320583718489673 116
1725396796971 0.1856878773438792 117
1725396797000 0.15906145751456346 118
1725396797032 0.14265339136064628 119
1725396797062 0.1412622344149768 120
1725396797091 0.09444693852113425 121
