1725390577707 30.19065303622475 0
1725390577734 6.495034107668761 1
1725390577764 1.8272134609336497 2
1725390577795 1.1432038630146895 3
1725390577827 0.6426288125889413 4
1725390577858 0.6292446327068834 5
1725390577885 0.4963538929452429 6
1725390577913 0.6698320693765905 7
1725390577940 0.5014425409400787 8
1725390577967 0.5633983735402754 9
1725390577998 0.5754015188416138 10
1725390578028 0.48046875958173163 11
1725390578053 0.6111106017929019 12
1725390578080 0.47126339632655045 13
1725390578110 0.5585069703474398 14
1725390578142 0.4651266075371648 15
1725390578166 0.5558327568167272 16
1725390578192 0.5752021793191455 17
1725390578217 0.5382404830711267 18
1725390578243 0.5787779995166787 19
1725390578272 0.5223471086071264 20
1725390578301 0.6171555128288669 21
1725390578330 0.4171618847676244 22
1725390578355 0.6472819532864449 23
1725390578382 0.5592951729157357 24
1725390578403 0.5783583375162149 25
1725390578433 0.5288641823434053 26
1725390578472 0.4279927522555744 27
1725390578494 0.46986510137095905 28
1725390578522 0.5713235083634793 29
1725390578549 0.4936989926931645 30
1725390578576 0.6016746595582786 31
1725390578599 0.6604226441565266 32
1725390578625 0.5594099567764379 33
1725390578652 0.5718984490317871 34
1725390578674 0.4564278294025003 35
1725390578703 0.48959414939998014 36
1725390578763 0.465289741535832 37
1725390578797 0.5200391730120063 38
1725390578826 0.6401994910240004 39
1725390578853 0.4339539333050796 40
1725390578963 0.4086271662460381 41
1725390578993 0.504458408740132 42
1725390579022 0.5225447246978121 43
1725390579047 0.5568246053378118 44
1725390579075 0.4792973246790709 45
1725390579100 0.5157907749043937 46
1725390579128 0.47237593658706795 47
1725390579169 0.581112080105942 48
1725390579198 0.6394294689370483 49
1725390579220 0.5037501011680878 50
1725390579247 0.5294976269388694 51
1725390579277 0.48194675767980605 52
1725390579311 0.5309617893140317 53
1725390579341 0.5691606806763978 54
1725390579367 0.46267693643476915 55
1725390579395 0.5260688823032177 56
1725390579427 0.586568088677293 57
1725390579452 0.5153937184422122 58
1725390579481 0.4832549746108247 59
1725390579508 0.5614258541976755 60
1725390579535 0.508204425513626 61
1725390579570 0.47996186323796386 62
1725390579595 0.5469738828802372 63
1725390579629 0.450314778955227 64
1725390579663 0.48274929046049697 65
1725390579699 0.4850032891478017 66
1725390579731 0.5269664887110534 67
1725390579761 0.4777714521965044 68
1725390579791 0.4952660740026987 69
1725390579827 0.47732326221895377 70
1725390579859 0.5924934498947666 71
1725390579891 0.5401773419649462 72
1725390579960 0.5283956883938319 73
1725390579985 0.6238413608521631 74
1725390580004 0.4150843937577475 75
1725390580023 0.5475502146072835 76
1725390580048 0.5911710412924474 77
1725390580067 0.5490492692228011 78
1725390580088 0.5104193433216514 79
1725390580108 0.5160403805761768 80
1725390580133 0.5522815258619416 81
1725390580157 0.4963974491724221 82
1725390580182 0.5983153079914133 83
1725390580200 0.4806047986137132 84
1725390580224 0.5299034643294992 85
1725390580242 0.4518768047314724 86
1725390580254 0.6298850225906976 87
1725390580266 0.5548169975579614 88
1725390580278 0.5385710954541711 89
1725390580290 0.5632019038763377 90
1725390580302 0.6086052801292867 91
1725390580314 0.5573264781839904 92
1725390580326 0.6172742415360968 93
1725390580339 0.4865584469862604 94
1725390580356 0.4877026131595312 95
1725390580380 0.556741647567207 96
1725390580397 0.5066574991605605 97
1725390580418 0.49655725727770983 98
1725390580440 0.552316870171794 99
1725390580468 0.5604412047856852 100
1725390580487 0.4945298670672468 101
1725390580507 0.4922487910411079 102
1725390580534 0.5511752890647313 103
1725390580555 0.5301114965701657 104
1725390580583 0.701741872792464 105
1725390580606 0.5319599553895011 106
1725390580632 0.5640716651695834 107
1725390580659 0.5004948498097714 108
1725390580678 0.5045139582377953 109
1725390580696 0.4568534540676863 110
1725390580720 0.5819367108975099 111
1725390580732 0.45238994108878033 112
1725390580744 0.4226365999800944 113
1725390580756 0.5147370408684575 114
1725390580768 0.5395946613025374 115
1725390580781 0.5387878981327668 116
1725390580793 0.6078472903077745 117
1725390580814 0.5384344665716847 118
1725390580826 0.534768734609912 119
1725390580839 0.6039268729574173 120
1725390580866 0.4792603989592625 121
1725390580893 0.5715292600868382 122
1725390580918 0.39908774266215785 123
1725390580942 0.47467481191710414 124
1725390580965 0.5452945693759738 125
1725390580981 0.520888699076337 126
1725390580993 0.5477575502865933 127
1725390581006 0.607923326670328 128
1725390581018 0.5543920194628165 129
1725390581031 0.6097921335157832 130
1725390581043 0.4288200501147321 131
1725390581056 0.4960766243721971 132
1725390581067 0.5374333135925321 133
1725390581080 0.6105364052825158 134
1725390581092 0.6006656184086764 135
1725390581117 0.5748146685640275 136
1725390581140 0.5988388158336526 137
1725390581163 0.600450748165009 138
1725390581181 0.4791584901878895 139
1725390581197 0.5964787310219744 140
1725390581214 0.5964627366810424 141
1725390581232 0.511801402484708 142
1725390581249 0.5288806629818316 143
1725390581267 0.6168830329225382 144
1725390581286 0.527637023007014 145
1725390581304 0.5503542604982079 146
1725390581322 0.5819243048794216 147
1725390581340 0.5799175419931231 148
1725390581362 0.534715793923775 149
1725390581388 0.5326582102532845 150
1725390581412 0.5150818753464161 151
1725390581441 0.636304268375203 152
1725390581468 0.6520204930460682 153
1725390581481 0.5063203910920616 154
1725390581493 0.5133783102281189 155
1725390581506 0.5661363787849008 156
1725390581517 0.5563991968341122 157
1725390581530 0.5514038189605697 158
1725390581542 0.4204402666836598 159
1725390581554 0.5641979856355621 160
1725390581566 0.5252325720778998 161
1725390581578 0.5524620571824385 162
1725390581590 0.4752761897905956 163
1725390581607 0.5737987245740953 164
1725390581624 0.49683647503565864 165
1725390581647 0.5916270205622433 166
1725390581668 0.4791036622776346 167
1725390581689 0.510948191139818 168
1725390581712 0.521181412554222 169
1725390581730 0.545878170376062 170
1725390581754 0.5114441751483099 171
1725390581781 0.4834082747427356 172
1725390581800 0.5139324996318434 173
1725390581832 0.6333166154861977 174
1725390581855 0.6284201880194231 175
1725390581871 0.6315150797307278 176
1725390581888 0.5064037018093702 177
1725390581902 0.5385910623909412 178
1725390581915 0.4780358495254947 179
1725390581927 0.5698671554514976 180
1725390581940 0.5842697041042562 181
1725390581952 0.4795838485157883 182
1725390581965 0.6085569583828078 183
1725390581981 0.3921893272994707 184
1725390582008 0.7110763232848639 185
1725390582025 0.572503623330282 186
1725390582041 0.40935370703098767 187
1725390582059 0.4681212834536958 188
1725390582081 0.44487811144216133 189
1725390582104 0.5321213105509821 190
1725390582126 0.5807303618974038 191
1725390582149 0.5407129064761746 192
1725390582172 0.496678889592351 193
1725390582195 0.4601980047817485 194
1725390582217 0.5645548508898716 195
1725390582237 0.4939879830574253 196
1725390582256 0.4892822971653833 197
1725390582274 0.4913628647465434 198
1725390582293 0.531135586568103 199
1725390582311 0.563908088640926 200
1725390582329 0.47384805242960504 201
1725390582346 0.5441593509608346 202
1725390582377 0.4601735125107995 203
1725390582405 0.5033729849279192 204
1725390582423 0.5875283552500441 205
1725390582448 0.5697425122725659 206
1725390582474 0.476582513029995 207
1725390582492 0.5140028629532887 208
1725390582512 0.4790589389767107 209
1725390582524 0.5837896913946199 210
1725390582542 0.6163310687393346 211
1725390582554 0.5107776090583818 212
1725390582566 0.6432512259703778 213
1725390582578 0.5197143356539662 214
1725390582591 0.5835657669514619 215
1725390582606 0.5662663766144186 216
1725390582623 0.49093753447467403 217
1725390582642 0.5515364149611519 218
1725390582660 0.6633541807212835 219
1725390582677 0.5486926080445917 220
1725390582696 0.48388369832682365 221
1725390582712 0.6440834492114421 222
1725390582732 0.5409158895407862 223
1725390582760 0.616386037132429 224
1725390582782 0.5759123478383752 225
1725390582806 0.6132878105624525 226
1725390582834 0.5964949283244294 227
1725390582856 0.5435974338826673 228
1725390582880 0.46720462673181573 229
1725390582903 0.518606438410783 230
1725390582923 0.6160888991934439 231
1725390582953 0.5276405638240056 232
1725390582977 0.5158779902165013 233
1725390582994 0.507358579986004 234
1725390583009 0.6629612523885374 235
1725390583023 0.4974780315047862 236
1725390583036 0.5134565683856038 237
1725390583055 0.4973082388203206 238
1725390583070 0.6177830278666655 239
1725390583087 0.5178723120384834 240
1725390583106 0.519297482033602 241
1725390583123 0.5425399667860853 242
1725390583139 0.5263210793839642 243
1725390583157 0.6147723697830542 244
1725390583175 0.500044922567559 245
1725390583191 0.44861134985857753 246
1725390583208 0.6362929764602778 247
1725390583226 0.45709634372565927 248
1725390583248 0.45657454499208966 249
1725390583263 0.47089830303606733 250
1725390583284 0.5651236970299925 251
1725390583304 0.5387791818125505 252
1725390583321 0.6433239919635085 253
1725390583347 0.5325605335052906 254
1725390583372 0.5429329925654844 255
1725390583396 0.575963929954651 256
1725390583419 0.5041953341935604 257
1725390583439 0.4510482585932671 258
1725390583469 0.49636349495517573 259
1725390583488 0.5241853825951784 260
1725390583512 0.5583736654601096 261
1725390583542 0.5944671673532579 262
1725390583565 0.5203953507763853 263
1725390583590 0.5667418919256954 264
1725390583609 0.5173523169698915 265
1725390583627 0.5546556455770677 266
1725390583645 0.49125414655729965 267
1725390583663 0.4811311010845227 268
1725390583679 0.4631513565201159 269
1725390583698 0.5699663541283275 270
1725390583716 0.5087953968644291 271
1725390583742 0.6229222697396871 272
1725390583765 0.5858344264321619 273
1725390583791 0.532449515434817 274
1725390583811 0.5773735104167572 275
1725390583831 0.4172796674210317 276
1725390583857 0.5719247526028827 277
1725390583875 0.5019132927115881 278
1725390583894 0.5601726859457625 279
1725390583910 0.7749279820803371 280
1725390583922 0.5437231021756576 281
1725390583935 0.43501299388608505 282
1725390583948 0.6434082765518846 283
1725390583959 0.511894094952079 284
1725390583973 0.5550288476293532 285
1725390583999 0.510964066749685 286
1725390584021 0.519605952997175 287
1725390584046 0.5838770381440365 288
1725390584066 0.4868264314766777 289
1725390584090 0.524962601604456 290
1725390584111 0.6436118153746119 291
1725390584129 0.6442370492203083 292
1725390584148 0.5055621790004277 293
1725390584160 0.5243764310589665 294
1725390584172 0.4716601641843821 295
1725390584184 0.5822234050616564 296
1725390584196 0.48847659773922036 297
1725390584208 0.4602788490634228 298
1725390584223 0.5029244528577526 299
1725390584246 0.42246866677674466 300
1725390584276 0.46540307669093334 301
1725390584300 0.6231808192772997 302
1725390584326 0.5003972779954331 303
1725390584356 0.7107718440849394 304
1725390584377 0.43017107965997087 305
1725390584409 0.5223236667533709 306
1725390584435 0.624062003458175 307
1725390584457 0.5247257229022703 308
1725390584486 0.5332476138839649 309
1725390584518 0.5274816517881395 310
1725390584541 0.613590786735039 311
1725390584563 0.6406518490956756 312
1725390584585 0.5242887507541716 313
1725390584608 0.4976957075056975 314
1725390584622 0.4871917478933944 315
1725390584634 0.6320227178799893 316
1725390584647 0.5462013992395218 317
1725390584659 0.48967524783277727 318
1725390584671 0.5252988790976744 319
1725390584683 0.5744393088928336 320
1725390584695 0.4640231310731298 321
1725390584708 0.5220537026838018 322
1725390584720 0.6130145978829289 323
1725390584735 0.5577794130003116 324
1725390584752 0.5214224185795253 325
1725390584768 0.6129900171939037 326
1725390584785 0.6135201633856211 327
1725390584803 0.508966424234503 328
1725390584822 0.5056667505632174 329
1725390584839 0.49664551468138796 330
1725390584869 0.6455548017081644 331
1725390584892 0.5526337956691522 332
1725390584914 0.5748394219418446 333
1725390584936 0.6301090389630861 334
1725390584966 0.5511261957104888 335
1725390584981 0.5124703500180797 336
1725390584994 0.5437671810687478 337
1725390585006 0.5585300402462658 338
1725390585019 0.5534513855878281 339
1725390585031 0.44546709001056817 340
1725390585043 0.452924445952491 341
1725390585056 0.5326042595469891 342
1725390585067 0.48258532421582756 343
1725390585079 0.6238641882374214 344
1725390585093 0.3573128218870453 345
1725390585115 0.5106689383427258 346
1725390585143 0.5191866398414989 347
1725390585169 0.5389188232065011 348
1725390585191 0.6338784472418713 349
1725390585212 0.4462321667384822 350
1725390585241 0.547750945393272 351
1725390585267 0.46256535012650557 352
1725390585290 0.5454620595634072 353
1725390585320 0.6241328328558531 354
1725390585348 0.5298693974614538 355
1725390585365 0.5703377200355608 356
1725390585382 0.6124112203402177 357
1725390585399 0.5328909793068949 358
1725390585418 0.5796408550406805 359
1725390585435 0.5274386686903011 360
1725390585448 0.545951515473019 361
1725390585462 0.5653510997566115 362
1725390585476 0.495217915121648 363
1725390585493 0.566272270907495 364
1725390585506 0.6455258197584806 365
1725390585518 0.6024593419729055 366
1725390585531 0.6220250473713022 367
1725390585543 0.5281751048547696 368
1725390585556 0.5451887648840416 369
1725390585567 0.5613480720992509 370
1725390585579 0.5916514599168284 371
1725390585591 0.45156754174293695 372
1725390585613 0.5701481422530961 373
1725390585638 0.46550339887616404 374
1725390585661 0.5636760530183186 375
1725390585680 0.5472931523017467 376
1725390585707 0.6578955873067214 377
1725390585728 0.5707828763948659 378
1725390585757 0.60818866682054 379
1725390585782 0.5092852223514474 380
1725390585810 0.5616835960312925 381
1725390585834 0.562234518420855 382
1725390585857 0.5583713895661455 383
1725390585880 0.5029409108546159 384
1725390585894 0.5275814417359359 385
1725390585928 0.4886113851164668 386
1725390585965 0.7777966746998366 387
1725390585994 0.4609937909736378 388
1725390586023 0.5127923296778661 389
1725390586054 0.7138139911461963 390
1725390586085 0.5960761955080744 391
1725390586129 0.5454150602875542 392
1725390586204 0.5028303673069632 393
1725390586235 0.6984823822357146 394
1725390586258 0.5308830691723515 395
1725390586284 0.5240678263014732 396
1725390586311 0.5934397220130144 397
1725390586338 0.5377138517977065 398
1725390586365 0.6421161422004447 399
1725390586391 0.5225290211272683 400
1725390586422 0.4918639429700826 401
1725390586454 0.5951875096553807 402
1725390586480 0.5142586854036046 403
1725390586501 0.6136092748689974 404
1725390586527 0.5327161200659707 405
1725390586556 0.5410373181302622 406
1725390586585 0.5814787902851383 407
1725390586616 0.6446642636800484 408
1725390586647 0.5780446762202823 409
1725390586678 0.5662237090540952 410
1725390586708 0.5268771027057824 411
1725390586739 0.5014161454038202 412
1725390586769 0.43426481871692457 413
1725390586800 0.4728196362233174 414
1725390586827 0.5246709641473455 415
1725390586857 0.5720775216301136 416
1725390586898 0.6306420918763851 417
1725390586925 0.4891543154937846 418
1725390586953 0.5083935229197682 419
1725390586977 0.49917185652553897 420
1725390587005 0.5702639543588267 421
1725390587031 0.563713710254269 422
1725390587055 0.5053709043258234 423
1725390587089 0.5788829122998598 424
1725390587117 0.616065301963356 425
1725390587138 0.5283261619029863 426
1725390587159 0.6179857170610851 427
1725390587182 0.49035838181797725 428
1725390587211 0.6267562087325889 429
1725390587245 0.6072223156328818 430
1725390587274 0.5893853266689794 431
1725390587305 0.4738392415121705 432
