1725420558430 149.20145052653078 0
1725420558450 143.76883590637004 1
1725420558472 128.45084316301126 2
1725420558491 117.57418690804184 3
1725420558510 108.30339134671085 4
1725420558530 98.70496581299213 5
1725420558550 89.11915478154538 6
1725420558570 84.49234677275192 7
1725420558597 78.1507576049677 8
1725420558616 70.98222908491496 9
1725420558643 65.98487485427744 10
1725420558676 60.916381709311665 11
1725420558701 56.3561854011598 12
1725420558735 52.7702176437591 13
1725420558772 49.59423359940205 14
1725420558798 45.89503621625798 15
1725420558824 43.64205084271905 16
1725420558853 38.87493725481682 17
1725420558873 37.15253112230113 18
1725420558906 34.3040105237023 19
1725420558934 31.8841445068733 20
1725420558963 29.21174083873503 21
1725420558991 28.002850712139253 22
1725420559025 25.989620235120658 23
1725420559050 24.576312505486968 24
1725420559075 22.941819159576305 25
1725420559113 22.074280151088313 26
1725420559141 21.146513038074765 27
1725420559163 20.72968148749396 28
1725420559198 18.436861361106153 29
1725420559235 18.022665047161514 30
1725420559264 16.509923928297976 31
1725420559291 15.419731254003727 32
1725420559321 15.395567797117973 33
1725420559349 14.43386079853916 34
1725420559373 13.959848769040736 35
1725420559391 12.668614479297137 36
1725420559406 13.360204217512647 37
1725420559421 12.40231423837813 38
1725420559435 11.67255513082681 39
1725420559450 11.291969225109655 40
1725420559464 10.210891857342789 41
1725420559479 10.483010573570933 42
1725420559493 9.691605060842113 43
1725420559513 9.462873282172222 44
1725420559533 9.746655362353467 45
1725420559547 9.308027606251835 46
1725420559562 9.27486615266642 47
1725420559577 8.676393768299945 48
1725420559591 8.321782337015264 49
1725420559605 8.655439481826365 50
1725420559628 7.552244861753327 51
1725420559652 7.975491885726779 52
1725420559680 7.569200983163421 53
1725420559706 7.485095708206513 54
1725420559730 7.181088797822602 55
1725420559760 6.861612880780688 56
1725420559778 7.221768324974625 57
1725420559797 6.762987076473429 58
1725420559817 6.759745709050451 59
1725420559836 6.906648565858342 60
1725420559856 6.535669849904357 61
1725420559876 6.397352207717363 62
1725420559907 6.599735391863461 63
1725420559942 5.894069264150161 64
1725420559966 6.183335329234936 65
1725420559996 6.188709050720915 66
1725420560077 5.617248713 67
1725420560129 6.281424022836136 68
1725420560160 5.616003415259273 69
1725420560180 6.324956372858678 70
1725420560195 6.081351521382472 71
1725420560214 5.548486426684086 72
1725420560230 5.520115208054506 73
1725420560244 5.732481079978819 74
1725420560268 5.6319801595210315 75
1725420560295 5.416294253113429 76
1725420560324 5.33305953909071 77
1725420560350 5.526557732386135 78
1725420560379 5.344799509097145 79
1725420560399 5.3850917128000235 80
1725420560420 5.1785239262479354 81
1725420560441 5.190495369003769 82
1725420560461 5.4322315155932 83
1725420560479 4.953436514513566 84
1725420560498 5.174744064497994 85
1725420560521 4.836728013623641 86
1725420560548 5.12994396605818 87
1725420560576 4.978910022667439 88
1725420560604 5.293983945004453 89
1725420560640 5.1362486095271755 90
1725420560666 5.193471943815398 91
1725420560702 5.006652195696593 92
1725420560728 5.2739903051877155 93
1725420560747 5.2049631759086585 94
1725420560771 4.592713822079761 95
1725420560790 5.044623446963932 96
1725420560815 5.120406990142128 97
1725420560842 5.20460966641349 98
1725420560860 4.837162965997295 99
1725420560883 4.8467035064732995 100
1725420560903 4.902082701560348 101
1725420560923 4.707774691287963 102
1725420560943 4.6337930330679376 103
1725420560963 4.953342122690457 104
1725420560983 4.584425235573299 105
1725420561002 5.568152114317718 106
1725420561026 5.071680800195582 107
1725420561055 4.895841998838836 108
1725420561074 4.765173208375675 109
1725420561092 4.824775235528098 110
1725420561111 5.0082094188680575 111
1725420561141 4.974446285966773 112
1725420561167 4.808617794761006 113
1725420561192 4.743505838495594 114
1725420561215 4.99994780825068 115
1725420561246 4.992558151573837 116
1725420561274 5.197900596126382 117
1725420561306 4.539213432496115 118
1725420561338 4.915117009408278 119
1725420561370 4.870373945504172 120
1725420561398 5.000325347328797 121
1725420561428 5.1290689327638885 122
1725420561454 4.843231671386542 123
1725420561477 5.040824220723865 124
1725420561496 4.854431745857345 125
1725420561525 4.678015900056886 126
1725420561554 4.8221563327898735 127
1725420561579 4.831350374402112 128
1725420561604 4.970888509895165 129
1725420561631 4.759947917455523 130
1725420561646 4.621335410473263 131
1725420561661 4.72214095729905 132
1725420561675 4.621396504191894 133
1725420561690 5.148441204617111 134
1725420561704 4.61337474350297 135
1725420561719 4.875508730945057 136
1725420561734 4.992253727434205 137
1725420561749 4.671502866238772 138
1725420561767 4.811639191980037 139
1725420561787 4.845885855315332 140
1725420561807 5.085059575516921 141
1725420561827 4.739348941056762 142
1725420561845 4.784016010790905 143
1725420561864 4.414375512635802 144
1725420561884 4.821568302885677 145
1725420561906 4.591626628657339 146
1725420561925 4.551345646165187 147
1725420561945 5.125579150400698 148
1725420561966 4.695906601421252 149
1725420561985 4.7425274901716765 150
1725420562005 5.08571884503644 151
1725420562035 4.915328847598078 152
1725420562061 4.400279941361625 153
1725420562080 4.863286699718079 154
1725420562101 5.115803071154708 155
1725420562119 4.776781162051853 156
1725420562138 5.063808324944172 157
1725420562157 5.221323128698671 158
1725420562178 4.612612482115015 159
