1725360562740 166.401207336267 0
1725360562765 180.83688703146737 1
1725360562784 168.0815853139854 2
1725360562806 168.19698469972758 3
1725360562832 164.9940580312766 4
1725360562854 167.67910810362037 5
1725360562879 155.8392502358634 6
1725360562903 141.17025294816014 7
1725360562927 153.1301677135727 8
1725360562951 142.7659506543185 9
1725360562974 146.37689213133973 10
1725360563002 142.92628260317574 11
1725360563026 134.11823841723097 12
1725360563053 134.14604481212362 13
1725360563076 132.60024329029082 14
1725360563103 127.8422719957229 15
1725360563127 132.18613603666594 16
1725360563149 124.81043656206774 17
1725360563172 128.02216880200038 18
1725360563195 118.45026760148654 19
1725360563218 124.36343311799854 20
1725360563243 116.90058094681974 21
1725360563266 114.87120449763111 22
1725360563288 109.1747152032645 23
1725360563313 109.5711235136568 24
1725360563338 111.87842396421699 25
1725360563365 111.26007189798123 26
1725360563388 106.20067634502023 27
1725360563412 104.07507227020768 28
1725360563437 99.63295253928143 29
1725360563460 102.07534092402408 30
1725360563484 97.09384307412539 31
1725360563506 98.90667943201363 32
1725360563540 95.2196635666701 33
1725360563563 92.26589590791664 34
1725360563587 91.04297787278573 35
1725360563610 89.99751162943508 36
1725360563632 92.26737984230135 37
1725360563653 85.78739760138944 38
1725360563678 82.69157700657483 39
1725360563702 87.98709277048424 40
1725360563723 82.19687130823493 41
1725360563746 80.14351534122353 42
1725360563770 78.27732799263775 43
1725360563793 77.5292256062276 44
1725360563816 75.85814707923666 45
1725360563839 73.53761697037918 46
1725360563861 75.7873711010037 47
1725360563881 72.10592453151231 48
1725360563901 69.8781479975852 49
1725360563945 69.49038131076145 50
1725360564003 67.03072879716422 51
1725360564027 68.90624145296516 52
1725360564050 66.83253073412098 53
1725360564072 61.81483379304827 54
1725360564096 64.04085486231057 55
1725360564119 61.334007500880276 56
1725360564145 58.94940696615412 57
1725360564168 57.95541200767569 58
1725360564191 57.87367434200522 59
1725360564215 57.485684527427836 60
1725360564239 57.31843663877463 61
1725360564263 56.20994365055389 62
1725360564287 55.748093951537804 63
1725360564309 55.60937812346876 64
1725360564332 53.75293083370226 65
1725360564355 49.66273322838266 66
1725360564378 52.037221515492156 67
1725360564403 49.76150128398057 68
1725360564429 51.835703352035274 69
1725360564454 47.383617987789656 70
1725360564480 50.44824051921069 71
1725360564504 48.990503434920505 72
1725360564528 46.93339832824606 73
1725360564556 45.52947853689846 74
1725360564582 43.71330852857211 75
1725360564610 43.878149863137935 76
1725360564639 43.610052255705384 77
1725360564661 43.15382212484467 78
1725360564679 42.06710856021959 79
1725360564701 41.049347808339974 80
1725360564721 41.50726363049013 81
1725360564744 39.78679202758497 82
1725360564763 39.000525336064506 83
1725360564785 39.31937205079772 84
1725360564816 37.48576442566352 85
1725360564841 37.898610933115364 86
1725360564865 35.55303089450799 87
1725360564888 36.82257291983863 88
1725360564911 36.662166127468666 89
1725360564935 34.3086671754139 90
1725360564961 34.81938946123555 91
1725360564980 34.52123677144287 92
1725360565004 33.18042415449425 93
1725360565028 32.41625331506247 94
1725360565053 31.871983166406185 95
1725360565075 31.097385280167337 96
1725360565098 29.647725972405482 97
1725360565118 30.546380683388037 98
1725360565142 28.592643356071545 99
1725360565164 30.35330258589371 100
1725360565187 31.402589791105857 101
1725360565207 29.255037338373278 102
1725360565229 28.90238269361127 103
1725360565255 27.28349843394457 104
1725360565279 27.03331503607457 105
1725360565305 25.184459913106725 106
1725360565330 25.63400489814348 107
1725360565353 25.270338002101667 108
1725360565377 24.70427039224096 109
1725360565398 23.54157426752045 110
1725360565422 23.419187234942168 111
1725360565446 23.98598637760705 112
1725360565470 22.90618321914675 113
1725360565490 22.018657058632925 114
1725360565514 21.71166451885704 115
1725360565539 22.34651227854829 116
1725360565572 21.784062966069285 117
1725360565597 20.74435182880194 118
1725360565623 20.899613606430407 119
1725360565648 20.67722420438584 120
1725360565675 20.1396025806773 121
1725360565696 18.936204490839696 122
1725360565718 18.594612086028615 123
1725360565740 18.125823859160178 124
1725360565770 19.115410793845825 125
1725360565796 18.053613354476227 126
1725360565820 17.805979352304657 127
1725360565846 18.12427898505531 128
1725360565870 17.038433639081045 129
1725360565893 17.025405044520845 130
1725360565917 17.138805792784993 131
1725360565940 16.64899374743132 132
1725360565963 16.139539834819768 133
1725360565986 15.383420014822185 134
1725360566016 16.551360597560393 135
1725360566039 15.54219171533924 136
1725360566065 15.114033284221298 137
1725360566091 14.968705740032156 138
1725360566114 15.462216443965122 139
1725360566143 14.062292833626021 140
1725360566173 14.54672721910678 141
1725360566198 14.250682294304061 142
1725360566223 13.887774924080896 143
1725360566245 13.032394093064108 144
1725360566271 13.517897977980708 145
1725360566294 12.636784325141171 146
1725360566317 13.49202816708619 147
1725360566340 12.120624346598987 148
1725360566364 12.36132301213299 149
1725360566390 12.323372938029014 150
1725360566415 11.546319453692801 151
1725360566439 10.93855974932453 152
1725360566464 11.709469129834464 153
1725360566489 12.481184753522085 154
1725360566513 11.212793223858005 155
1725360566539 11.478189933982895 156
1725360566571 10.55330577569594 157
1725360566598 10.83941171029018 158
1725360566621 10.188285327593617 159
1725360566646 10.14120526894038 160
1725360566671 10.474260215982662 161
1725360566698 9.848127508270814 162
1725360566722 9.828953465610798 163
1725360566745 9.495802900723984 164
1725360566767 9.413612743394077 165
1725360566790 9.819675231593983 166
1725360566810 9.087944224717535 167
1725360566838 9.14445433178242 168
1725360566864 8.47423539823046 169
1725360566890 9.194210329608012 170
1725360566913 8.589982359153908 171
1725360566936 8.863004668249364 172
1725360566960 8.280436284171863 173
1725360566985 8.321754227487766 174
1725360567009 7.991938718256371 175
1725360567035 7.685644278632163 176
1725360567058 7.187086943126836 177
1725360567079 7.473837744340221 178
1725360567102 7.393331595628536 179
1725360567128 7.25634686813802 180
1725360567153 7.7547580790837225 181
1725360567177 6.920333511918551 182
1725360567198 6.9437920190995595 183
1725360567221 7.677333894127023 184
1725360567247 6.529526108953375 185
1725360567280 6.613878026609874 186
1725360567305 6.092450732100547 187
1725360567330 6.40763374251253 188
1725360567353 6.569132183122567 189
1725360567373 6.531313887630756 190
1725360567397 5.945470385208666 191
1725360567420 6.052174624362116 192
1725360567443 5.370557330541231 193
1725360567471 5.659079272352916 194
1725360567496 5.999886971539898 195
1725360567524 5.461876641690873 196
1725360567548 5.446232489472704 197
1725360567579 5.422701293741674 198
1725360567603 5.225369032945811 199
1725360567631 5.62281249487147 200
1725360567654 4.519647034628322 201
1725360567680 5.250187121548327 202
1725360567703 4.738931243850043 203
1725360567731 5.05447749346752 204
1725360567751 4.6567931190191425 205
1725360567779 5.019580728783411 206
1725360567805 4.4077817446744 207
1725360567829 4.897311692556814 208
1725360567853 4.1707190437778205 209
1725360567878 4.558392022286596 210
1725360567904 4.649006056415796 211
1725360567928 4.292148922559254 212
1725360567951 4.3044102834393385 213
1725360567974 3.9923299873583353 214
1725360567997 4.1197364088681985 215
1725360568020 4.36636016731798 216
1725360568043 3.6676238455052257 217
1725360568065 3.849874690964673 218
1725360568087 3.6750549271254274 219
1725360568113 3.8905175708518245 220
1725360568138 3.529812535380254 221
1725360568162 3.5091482004634877 222
1725360568184 3.257082668297437 223
1725360568205 3.1918864789957273 224
1725360568230 3.659218730016567 225
1725360568251 3.2532715460227806 226
1725360568272 3.4438760843268597 227
1725360568295 3.0870931773737698 228
1725360568317 2.9329332274332462 229
1725360568340 3.3475850047442925 230
1725360568374 2.923894051524676 231
1725360568395 3.0188298929286574 232
1725360568416 2.9976860615660934 233
1725360568439 3.0417957508217564 234
1725360568462 2.843692792437222 235
1725360568480 2.8859211719870768 236
1725360568503 2.749295661015602 237
1725360568527 2.9056312686931065 238
1725360568550 2.751405822189488 239
1725360568578 2.8779256649510967 240
1725360568605 2.4534637095730547 241
1725360568629 2.754639320936788 242
1725360568655 2.602470932730554 243
1725360568678 2.531089549753967 244
1725360568702 2.3854776149749566 245
1725360568730 2.828042279092917 246
1725360568755 2.2945807210003477 247
1725360568779 2.0397848115001023 248
1725360568801 1.9779309983488085 249
1725360568822 2.2092259942988024 250
1725360568847 1.9827049404212365 251
1725360568869 2.0535152372566317 252
1725360568892 2.047240860127543 253
1725360568913 2.0002606462302275 254
1725360568938 1.8893347389882267 255
1725360568962 2.2687196558196816 256
1725360568984 1.9012852615347593 257
1725360569007 1.9149922066659206 258
1725360569030 1.9658872254943267 259
1725360569053 1.7143778911214622 260
1725360569078 1.6664858102940647 261
1725360569102 2.1905662532246026 262
1725360569128 2.0243285822276507 263
1725360569152 1.9855097874686034 264
1725360569181 1.581906349801111 265
1725360569206 1.8319184020374284 266
1725360569237 1.5480727028948753 267
1725360569263 1.5688740203709577 268
1725360569286 1.348164652006185 269
1725360569312 1.5507279601797475 270
1725360569335 1.918985848220044 271
1725360569359 1.610773227886655 272
1725360569382 1.843029772940927 273
1725360569409 1.8537698010702819 274
1725360569432 1.5279690433020814 275
1725360569457 1.3548246795610503 276
1725360569481 1.625131151431074 277
1725360569501 1.316089107460876 278
1725360569523 1.5447703596197404 279
1725360569546 1.4307866292299514 280
1725360569569 1.5300391293211906 281
1725360569601 1.533802495518227 282
1725360569623 1.4182756731313189 283
1725360569645 1.2266779631324494 284
1725360569668 1.2377807746374718 285
1725360569691 1.3318994480211375 286
1725360569712 1.1093174661330452 287
1725360569730 1.363637008566203 288
1725360569754 1.1627747504851897 289
1725360569782 1.2407010092605513 290
1725360569806 1.1294554426579082 291
1725360569862 1.362941740221713 292
1725360569889 1.2056833345882285 293
1725360569914 1.272184223032292 294
1725360569935 1.0596064339003928 295
1725360569954 1.1407826613554148 296
1725360569980 1.1162428252600531 297
1725360570010 0.9847980968263349 298
1725360570038 1.1806260904759411 299
1725360570057 0.9407415391609304 300
1725360570076 1.1074283207767577 301
1725360570095 0.7198629609712253 302
1725360570117 0.8849802152516625 303
1725360570138 0.9203180348485933 304
1725360570161 1.0846317479452974 305
1725360570184 0.6973092218217545 306
1725360570207 0.8512724436767877 307
1725360570228 0.9020975675416957 308
1725360570253 0.9052394396558509 309
1725360570278 1.140330066000034 310
1725360570304 0.8903328926127805 311
1725360570328 0.9546818209434278 312
1725360570355 0.8383616810771944 313
1725360570381 0.9759876757939949 314
1725360570403 0.7656330023367304 315
1725360570423 0.8412902932248065 316
1725360570446 0.9400870341121167 317
1725360570469 0.8468055225835875 318
1725360570489 0.8527956635450645 319
1725360570516 0.8128110623339925 320
1725360570539 0.90385565827552 321
1725360570567 0.8867756683511847 322
1725360570591 0.7990833874757851 323
1725360570623 0.8375405551675098 324
1725360570646 0.8140961486398726 325
1725360570668 0.8141218698030617 326
1725360570692 0.737758858930028 327
1725360570713 0.7559663304913276 328
1725360570736 0.6935959367260398 329
1725360570761 0.8107192995357104 330
1725360570782 0.814452326375459 331
1725360570806 0.7854274280501355 332
1725360570831 0.621418186896156 333
1725360570855 0.6313507742560875 334
1725360570884 0.721652922533559 335
1725360570918 0.7428553224864405 336
1725360570943 0.6730639503756548 337
1725360570975 0.5662573531154048 338
1725360570996 0.6104672439272961 339
1725360571018 0.6664689914228168 340
1725360571048 0.5258254652807701 341
1725360571069 0.5851767210969747 342
1725360571089 0.6615619393874935 343
1725360571113 0.483321521703666 344
1725360571137 0.5274068360273118 345
1725360571157 0.5588982432119378 346
1725360571179 0.6265447470274009 347
1725360571202 0.548967696948006 348
1725360571225 0.4435901110772795 349
1725360571250 0.6887791982322047 350
1725360571271 0.5827433613904239 351
1725360571295 0.6217474178240973 352
1725360571320 0.5128225822092807 353
1725360571348 0.5604512165961789 354
1725360571369 0.5764530843136454 355
1725360571392 0.3892534857121998 356
1725360571413 0.39862490304716475 357
1725360571438 0.46622149417074865 358
1725360571461 0.5692747303577281 359
1725360571495 0.3892033194372031 360
1725360571517 0.474250452302527 361
1725360571537 0.5157879470830842 362
1725360571560 0.49550856036310637 363
1725360571584 0.3927489389943581 364
1725360571606 0.47989002694157307 365
1725360571630 0.48243464707293304 366
1725360571656 0.5048813155570666 367
1725360571679 0.3825479185498543 368
1725360571701 0.3944486451205736 369
1725360571725 0.389153350532013 370
1725360571758 0.4785122723563345 371
1725360571782 0.44107678661434685 372
1725360571802 0.4368658417010983 373
1725360571830 0.43372481636968063 374
1725360571855 0.4092012571913172 375
1725360571882 0.4742691932647954 376
1725360571910 0.5357001830872674 377
1725360571930 0.38214076280544823 378
1725360571957 0.48288445082695497 379
1725360571981 0.47656408623038843 380
1725360572001 0.4842593023776826 381
1725360572024 0.38350884751647274 382
1725360572047 0.33868207232483605 383
1725360572072 0.3818043411787361 384
1725360572098 0.4375793441133489 385
1725360572122 0.39654992716935084 386
1725360572146 0.4282468860833708 387
1725360572169 0.38139355033375705 388
1725360572193 0.3960791975016343 389
1725360572216 0.32639503176256646 390
1725360572241 0.3061728151236258 391
1725360572271 0.4095042465410738 392
1725360572297 0.28926180352083103 393
1725360572324 0.3566511536837554 394
1725360572347 0.3437971553806167 395
1725360572368 0.32483240938316726 396
1725360572391 0.31993943942673825 397
1725360572415 0.37052507139660007 398
1725360572440 0.3454294318874067 399
1725360572464 0.42158073353316805 400
1725360572488 0.27879457282081244 401
1725360572514 0.38779943349187307 402
1725360572538 0.33104742133073045 403
1725360572561 0.39215004972011236 404
1725360572590 0.2638605792822036 405
1725360572617 0.31835474095987076 406
1725360572638 0.28419039624375964 407
1725360572660 0.28782220041256207 408
1725360572685 0.31349768662948685 409
1725360572708 0.2915720210517011 410
1725360572732 0.30709361603191193 411
1725360572761 0.35930388594788104 412
1725360572791 0.231123878177807 413
1725360572813 0.29727271611396233 414
1725360572838 0.2547183785407953 415
1725360572863 0.3023815816536243 416
1725360572889 0.30593950708687084 417
1725360572914 0.38277824133316385 418
1725360572938 0.35461523411525736 419
1725360572964 0.2955909604179884 420
1725360572987 0.28902987191753904 421
1725360573013 0.26363218275151734 422
1725360573040 0.24026220770697598 423
1725360573065 0.31488669767192723 424
1725360573095 0.27183992046314465 425
1725360573120 0.3034308433264688 426
1725360573143 0.2493389571515285 427
1725360573167 0.2948412843787164 428
1725360573191 0.2661625959395576 429
1725360573214 0.20800978699633335 430
1725360573235 0.2742023391872207 431
1725360573264 0.26947700614222925 432
1725360573290 0.210631175270456 433
1725360573313 0.27346309512902645 434
1725360573338 0.2751016357484949 435
1725360573361 0.2066374890466123 436
1725360573383 0.27801014172845034 437
1725360573406 0.35690233200792343 438
1725360573429 0.23070906775656053 439
1725360573451 0.23121446015380967 440
1725360573470 0.24778413182445105 441
1725360573496 0.2883161281534901 442
1725360573521 0.26709878839998275 443
1725360573547 0.238599465798929 444
1725360573569 0.2899678731740676 445
1725360573588 0.28091287133355414 446
1725360573614 0.2305095100104222 447
1725360573645 0.28189416400138084 448
1725360573672 0.23646199206677088 449
1725360573701 0.1895923913615846 450
1725360573729 0.1608514549319815 451
1725360573756 0.277243512869064 452
1725360573780 0.21714745416504624 453
1725360573810 0.17549843683156088 454
1725360573832 0.2765977207681279 455
1725360573853 0.1678141687946924 456
1725360573873 0.32076211480701283 457
1725360573896 0.20521326976011306 458
1725360573914 0.2157965426016416 459
1725360573958 0.30973634678555817 460
1725360573978 0.18863080281029765 461
1725360573989 0.16785567912325067 462
1725360573999 0.22462153328072082 463
1725360574009 0.21315522172582793 464
1725360574019 0.16426000552603015 465
1725360574029 0.17737258510844298 466
1725360574039 0.22028801567497433 467
1725360574050 0.15481526269852977 468
1725360574060 0.29644379085785455 469
1725360574070 0.23472220669483007 470
1725360574080 0.20813847396471294 471
1725360574095 0.21213665880027233 472
1725360574114 0.16720734832249062 473
1725360574133 0.17960652676229497 474
1725360574150 0.2075750244478378 475
1725360574164 0.14390945051428658 476
1725360574185 0.25061063157125324 477
1725360574200 0.1991794261032791 478
1725360574215 0.19920277359354913 479
1725360574232 0.22975326757160539 480
1725360574247 0.21629943150494527 481
1725360574267 0.2195982709980109 482
1725360574282 0.2037128628037203 483
1725360574301 0.18785680789888146 484
1725360574321 0.19258077062663478 485
1725360574341 0.25338930265350323 486
1725360574357 0.18655609209571855 487
1725360574371 0.16619476254210255 488
1725360574386 0.2479813947748936 489
1725360574402 0.17376326184623264 490
1725360574416 0.15498602772263756 491
1725360574430 0.21362576827375485 492
1725360574445 0.12205306860653385 493
1725360574461 0.1738343781456191 494
1725360574483 0.20521771260969332 495
1725360574501 0.22560677605180687 496
1725360574527 0.16488611537811082 497
1725360574548 0.18738771760599435 498
1725360574565 0.20536519395060276 499
