1725389193735 181.01855457845426 0
1725389193769 177.1060701478627 1
1725389193799 174.37651988364385 2
1725389193830 173.35121345408785 3
1725389193859 164.79424107130922 4
1725389193894 163.14031826385124 5
1725389193921 161.86390774278084 6
1725389193949 167.34095236509714 7
1725389193979 161.848164219787 8
1725389194007 160.94104992783213 9
1725389194032 160.98831778525448 10
1725389194064 144.9300041522226 11
1725389194100 157.85604539269679 12
1725389194140 149.49122866777577 13
1725389194168 157.99205734982448 14
1725389194198 155.24875661144478 15
1725389194225 148.22960941559973 16
1725389194248 146.9135444805634 17
1725389194271 150.8272101521481 18
1725389194306 145.529103908865 19
1725389194334 138.8870147322309 20
1725389194360 149.3063758939633 21
1725389194390 147.94219148410644 22
1725389194418 140.67037808310442 23
1725389194449 136.88252855844564 24
1725389194478 139.71363795459504 25
1725389194505 134.8421241025451 26
1725389194532 137.92627352008182 27
1725389194561 145.76440916035892 28
1725389194589 137.77237637813033 29
1725389194623 136.54363546595974 30
1725389194649 135.8111808544171 31
1725389194678 125.84206339374705 32
1725389194704 125.92121508988207 33
1725389194731 129.42210001898 34
1725389194757 134.40822299659476 35
1725389194784 119.64026591852291 36
1725389194815 124.5856874393033 37
1725389194841 120.09936047412057 38
1725389194871 119.3296923400789 39
1725389194908 122.56476843980393 40
1725389194971 120.94209993595977 41
1725389194998 125.39976566234495 42
1725389195026 116.57787783165034 43
1725389195051 122.31539495914727 44
1725389195081 119.61720203204335 45
1725389195107 115.3833667053336 46
1725389195135 111.38112752283232 47
1725389195162 114.48609884632496 48
1725389195189 110.24328929830804 49
1725389195214 112.71774339049209 50
1725389195243 111.44849902200603 51
1725389195269 112.26431677772183 52
1725389195294 108.3877146713589 53
1725389195320 97.78689502091598 54
1725389195347 105.76902961492884 55
1725389195373 105.96675613560608 56
1725389195401 99.85941633897451 57
1725389195424 104.26267593400442 58
1725389195451 94.92929467348833 59
1725389195479 103.99175867150352 60
1725389195507 103.831153673381 61
1725389195533 102.28372922497128 62
1725389195561 97.78463922049355 63
1725389195591 106.2744185697826 64
1725389195618 96.7146162966256 65
1725389195641 97.8464689385959 66
1725389195672 95.66234587231224 67
1725389195700 97.20213436919488 68
1725389195727 94.6403434012197 69
1725389195754 97.06614031638156 70
1725389195779 93.11996031704768 71
1725389195805 92.98176543794268 72
1725389195823 86.35644617623136 73
1725389195839 91.36402191468626 74
1725389195856 86.93367150008093 75
1725389195887 87.52670401275309 76
1725389195914 87.2537405901125 77
1725389195936 83.87250520081149 78
1725389195960 85.48281018344666 79
1725389195987 83.42258403151921 80
1725389196010 86.41668849136418 81
1725389196038 81.84906656012546 82
1725389196068 83.10849127310826 83
1725389196098 83.66632520846734 84
1725389196126 81.93205963050012 85
1725389196150 77.69007685389357 86
1725389196176 80.47665578162379 87
1725389196202 82.7727928093472 88
1725389196229 75.83812150610323 89
1725389196254 76.80996471609173 90
1725389196280 74.48803833529807 91
1725389196307 76.60777562985481 92
1725389196333 76.10963470204783 93
1725389196358 75.71676638319184 94
1725389196385 72.05285950806845 95
1725389196411 78.19072537065566 96
1725389196438 72.7688854035605 97
1725389196465 70.53704154837742 98
1725389196492 71.49118963367575 99
1725389196522 67.1066648615206 100
1725389196544 69.79403745184453 101
1725389196575 67.94036324608727 102
1725389196603 68.10530360247242 103
1725389196628 72.20494123653184 104
1725389196657 66.82412605159757 105
1725389196679 67.54086194320715 106
1725389196706 66.92716451715681 107
1725389196732 65.84860848358467 108
1725389196759 63.01621016999822 109
1725389196786 62.691498429474706 110
1725389196815 60.52120569930091 111
1725389196844 64.94558151301395 112
1725389196873 62.07767614208362 113
1725389196905 59.957529403997405 114
1725389196933 59.21913020161805 115
1725389196960 60.95727968481551 116
1725389196987 61.15160250270985 117
1725389197013 61.439662817024825 118
1725389197044 58.67423161030501 119
1725389197072 60.13933177143061 120
1725389197104 58.65180998794387 121
1725389197130 58.190573374800884 122
1725389197159 58.09338789816404 123
1725389197186 55.654340589001016 124
1725389197213 56.38869178323423 125
1725389197245 56.05547386925326 126
1725389197272 54.271457675491234 127
1725389197300 54.09196081205353 128
1725389197329 52.983132139458576 129
1725389197360 55.79064180369491 130
1725389197382 52.53554615985872 131
1725389197409 52.96669921295124 132
1725389197436 53.91739866956437 133
1725389197462 52.38074021503845 134
1725389197488 50.689461612356524 135
1725389197514 52.284623655350714 136
1725389197543 52.225373014722756 137
1725389197573 49.44063943179717 138
1725389197602 49.935573601055765 139
1725389197631 49.212947545667554 140
1725389197658 48.39034384285175 141
1725389197689 50.21083061463977 142
1725389197722 46.282036504550604 143
1725389197756 47.29596715878688 144
1725389197785 47.0488110543502 145
1725389197811 46.0187248230895 146
1725389197838 47.55400193406456 147
1725389197864 46.865611071144556 148
1725389197893 46.520669122765 149
1725389197920 43.50205661624914 150
1725389197945 45.67052731940851 151
1725389197974 43.66317943928727 152
1725389198001 43.93535973441319 153
1725389198027 41.8783947969987 154
1725389198058 42.300585892892215 155
1725389198098 42.76902444631207 156
1725389198124 41.17665574027974 157
1725389198149 41.953301170226645 158
1725389198172 40.04443041372443 159
1725389198197 41.16706291936978 160
1725389198224 41.52008143157929 161
1725389198254 40.11207944648199 162
1725389198283 42.592354657241906 163
1725389198310 39.70561261458405 164
1725389198339 40.42287397928883 165
1725389198368 40.36883208738862 166
1725389198396 42.83008659386473 167
1725389198424 38.55774361278587 168
1725389198466 37.771716886360046 169
1725389198547 37.764439177219735 170
1725389198586 37.478054964641956 171
1725389198614 36.950242670861925 172
1725389198641 37.81280264453205 173
1725389198668 35.3136773211908 174
1725389198692 35.64333128100453 175
1725389198744 34.08951499406527 176
1725389198782 35.531705435530355 177
1725389198820 34.845747241551024 178
1725389198851 34.64922711771775 179
1725389198878 33.49314512486971 180
1725389198914 33.52523770237516 181
1725389199033 33.20676855284407 182
1725389199081 33.71997567232269 183
1725389199117 32.14579492101468 184
1725389199164 31.39396383718951 185
1725389199204 32.27284789338864 186
1725389199234 32.40142329104566 187
1725389199266 32.695397626364596 188
1725389199294 31.835167155950973 189
1725389199322 30.41597335987708 190
1725389199355 30.81661712698957 191
1725389199384 31.992994845574653 192
1725389199414 30.34583501487916 193
1725389199455 30.33072978859511 194
1725389199481 29.863513770775075 195
1725389199510 28.75950279793903 196
1725389199542 30.67308179569034 197
1725389199578 28.290794422978433 198
1725389199635 28.947557050153556 199
1725389199687 28.71343925613332 200
1725389199715 28.690611962792087 201
1725389199741 28.713068701083415 202
1725389199767 28.27887384536318 203
1725389199794 27.523631360846654 204
1725389199821 28.26040295862535 205
1725389199852 26.09186090512211 206
1725389199880 26.428108698878713 207
1725389199907 26.99780653519344 208
1725389199932 27.03123445090805 209
1725389199957 26.142003444286978 210
1725389199983 25.435965470238585 211
1725389200010 24.78099842858907 212
1725389200035 25.17132076550499 213
1725389200061 26.501637123647505 214
1725389200088 25.58701469021947 215
1725389200124 24.334137999628563 216
1725389200150 24.846533008450763 217
1725389200173 23.98511853191571 218
1725389200201 24.785839991889784 219
1725389200228 23.528985298572806 220
1725389200256 22.517833782006658 221
1725389200284 22.43309644861483 222
1725389200314 22.46399051245833 223
1725389200343 22.929766091026035 224
1725389200369 23.270996961983037 225
1725389200396 21.55006552597211 226
1725389200426 22.32120583220192 227
1725389200454 21.136748002749158 228
1725389200480 21.08759167382163 229
1725389200506 20.972016478671353 230
1725389200536 22.36182634430265 231
1725389200563 21.302500770513593 232
1725389200590 20.80077494537891 233
1725389200613 21.02156704800555 234
1725389200638 21.25742340922371 235
1725389200664 20.651345645430073 236
1725389200697 20.190947681765326 237
1725389200725 19.725159022889752 238
1725389200752 20.362390882485972 239
1725389200778 18.967909809424206 240
1725389200807 19.54240139024136 241
1725389200832 20.439906959168425 242
1725389200858 20.16516097846272 243
1725389200884 18.408048261348387 244
1725389200912 17.87349030180006 245
1725389200936 17.94629970905839 246
1725389200964 19.275990066260906 247
1725389200994 18.18744628117356 248
1725389201022 17.91842525663352 249
1725389201047 18.937429459750845 250
1725389201076 18.478928902288956 251
1725389201101 18.186986889383 252
1725389201134 17.296511494841223 253
1725389201160 17.588549283839672 254
1725389201186 17.342675439743928 255
1725389201212 16.76900311319732 256
1725389201240 16.99323009499115 257
1725389201271 17.361278113923472 258
1725389201298 16.44041023219995 259
1725389201325 15.776125107960818 260
1725389201352 16.278662509171678 261
1725389201378 16.35462606679291 262
1725389201405 16.438827542678162 263
1725389201431 16.239791511049614 264
1725389201460 15.99219682612217 265
1725389201487 15.486182723626857 266
1725389201515 16.14266955850026 267
1725389201535 15.979419017701618 268
1725389201559 15.154984145114225 269
1725389201587 16.395674487745943 270
1725389201615 14.572182589805122 271
1725389201642 13.735321263896578 272
1725389201671 14.966822916794154 273
1725389201698 15.136243122226196 274
1725389201724 14.535049517653833 275
1725389201746 13.924029253835059 276
1725389201769 14.288057859142107 277
1725389201802 13.801627443603932 278
1725389201830 13.6780514364236 279
1725389201856 14.357619559101355 280
1725389201907 13.86837200503426 281
1725389201940 13.829946643808523 282
1725389201966 13.597566751964314 283
1725389201989 12.904535541299554 284
1725389202016 13.377225988052098 285
1725389202045 13.33963009919297 286
1725389202070 12.794059072470109 287
1725389202095 13.448029832109397 288
1725389202126 13.10732473666644 289
1725389202152 12.050169597235465 290
1725389202179 12.755647041076772 291
1725389202207 12.333832386319783 292
1725389202238 11.826960796903986 293
1725389202269 12.17754320839539 294
1725389202296 12.002918000650357 295
1725389202320 12.145512207892564 296
1725389202349 12.834188109119347 297
1725389202383 11.827646828315677 298
1725389202413 12.117468915288148 299
1725389202441 11.414675263514292 300
1725389202468 10.734698491040163 301
1725389202495 11.844642976371377 302
1725389202521 12.079039918648087 303
1725389202547 11.370495118036043 304
1725389202574 11.673058807868117 305
1725389202599 11.164829842316975 306
1725389202623 10.736055736673276 307
1725389202654 10.420247401789817 308
1725389202682 10.816175810842656 309
1725389202710 11.050115477800443 310
1725389202741 12.1704838552786 311
1725389202765 10.878048719909183 312
1725389202791 10.592246701977821 313
1725389202818 10.762168087124401 314
1725389202844 10.1814700673854 315
1725389202869 10.23141288791027 316
1725389202895 9.643954982104008 317
1725389202922 9.321879257484426 318
1725389202948 9.560607284968482 319
1725389202976 9.481144147613204 320
1725389203008 10.358643583416706 321
1725389203032 9.885916093226824 322
1725389203060 9.795175966292808 323
1725389203084 10.712129743196597 324
1725389203110 9.48855100241278 325
1725389203141 9.228594460615568 326
1725389203166 9.128970398442894 327
1725389203192 8.887129191703185 328
1725389203219 9.308910828480968 329
1725389203241 9.088021277428679 330
1725389203267 8.414983654072348 331
1725389203294 8.835170883960783 332
1725389203321 8.568560364011413 333
1725389203348 8.218505256300958 334
1725389203376 7.963583769749307 335
1725389203404 8.893014740198266 336
1725389203431 9.186421096924573 337
1725389203459 8.462974069745023 338
1725389203491 8.240633306983826 339
1725389203517 8.160475703179701 340
1725389203543 7.96273734846574 341
1725389203569 8.262434429597487 342
1725389203595 7.906057613791219 343
1725389203621 7.951901518607354 344
1725389203649 7.786063361365495 345
1725389203678 7.936361427571112 346
1725389203708 7.949822308260265 347
1725389203737 7.60214545333382 348
1725389203766 7.316599788916465 349
1725389203793 7.272282027057713 350
1725389203821 7.495869301148655 351
1725389203851 7.567284824588238 352
1725389203881 7.392037558823702 353
1725389203908 7.202508882806063 354
1725389203936 6.946352668333873 355
1725389203963 6.963919464868935 356
1725389203989 7.8457938251556065 357
1725389204016 7.07632004566628 358
1725389204042 6.430602841464569 359
1725389204069 6.861559031982434 360
1725389204093 6.50249004342508 361
1725389204119 6.388577569599104 362
1725389204158 6.880563377067416 363
1725389204186 6.795091529110844 364
1725389204214 6.163169055723491 365
1725389204237 6.331674860396636 366
1725389204263 6.7747517068789636 367
1725389204288 5.992465736665564 368
1725389204315 6.276765731688132 369
1725389204342 6.026370221384315 370
1725389204368 6.189107590240233 371
1725389204394 6.1400695066028765 372
1725389204420 6.206567262512208 373
1725389204446 5.96676349701802 374
1725389204470 6.800204479165461 375
1725389204497 5.792483008134815 376
1725389204522 5.644987323956316 377
1725389204548 5.631319949627461 378
1725389204573 5.986016798337851 379
1725389204599 5.6836000310982175 380
1725389204625 5.791635977624831 381
1725389204651 5.434618286937097 382
1725389204678 5.587023064402907 383
1725389204704 5.692249960085538 384
1725389204726 5.139289582392646 385
1725389204751 5.512298704818784 386
1725389204778 5.237887482086006 387
1725389204806 5.5118051929791765 388
1725389204834 5.423641792030178 389
1725389204864 5.321362322538408 390
1725389204890 5.060791449830708 391
1725389204918 5.131599031578948 392
1725389204945 5.203039095897355 393
1725389204974 5.919606073050003 394
1725389205002 5.703636016543636 395
1725389205029 4.967355303375038 396
1725389205054 4.933583739062025 397
1725389205082 4.632604369783915 398
1725389205108 4.748257089125674 399
1725389205134 4.655533234554705 400
1725389205164 4.375288947642875 401
1725389205191 4.619872054231547 402
1725389205220 4.41072589115698 403
1725389205247 4.771389929975141 404
1725389205272 4.541341071016228 405
1725389205302 4.741906255817737 406
1725389205329 4.385130355317336 407
1725389205357 4.126244814372515 408
1725389205386 4.303735027030277 409
1725389205418 4.266353935228981 410
1725389205442 4.2442470487305055 411
1725389205470 5.194457323341826 412
1725389205504 4.297312071126308 413
1725389205533 4.3140695952191015 414
1725389205561 4.51767905065269 415
1725389205587 4.28650634241974 416
1725389205615 4.59130960791434 417
1725389205641 4.281811628067702 418
1725389205669 3.9825755740353492 419
1725389205694 4.132075826718089 420
1725389205721 4.308443134829753 421
1725389205744 3.985842834663333 422
1725389205775 3.8325244622937396 423
1725389205799 3.9977411802322376 424
1725389205821 3.6417630168596657 425
1725389205848 4.01344982049333 426
1725389205874 3.9449142659726193 427
1725389205902 3.9338473677498413 428
1725389205922 3.7653356093686803 429
1725389205940 3.604552689584816 430
1725389205956 3.4138066941456664 431
1725389205973 3.375376963410093 432
1725389205992 3.9857424686385103 433
1725389206009 3.3515311914187693 434
1725389206028 3.529563128569503 435
1725389206048 3.522782423140667 436
1725389206068 3.4315048460146773 437
1725389206090 3.313608169936076 438
1725389206110 3.564611063777012 439
1725389206127 3.549042975758904 440
1725389206151 3.198182839476999 441
1725389206175 3.0628526810625387 442
1725389206193 3.3561019350212797 443
1725389206213 4.003310844924828 444
1725389206233 3.0112968792577104 445
1725389206250 3.276317722089046 446
1725389206266 3.357242280395724 447
1725389206283 2.7790573966102317 448
1725389206300 2.981066861867899 449
1725389206315 2.9874759197870855 450
1725389206329 3.0734504344415283 451
1725389206345 2.7239973883228337 452
1725389206364 2.8471629799769946 453
1725389206379 2.8288029227425446 454
1725389206397 2.9352541432944173 455
1725389206421 3.226548577346648 456
1725389206442 2.9530278259695244 457
1725389206463 2.882633009066721 458
1725389206479 2.7838568166131346 459
1725389206496 2.8702600413323727 460
1725389206513 2.7996508088426153 461
1725389206530 2.72872522117678 462
1725389206547 2.8696243289246044 463
1725389206564 2.524947735699883 464
1725389206580 2.6590911547819283 465
1725389206601 2.6106502952312067 466
1725389206624 2.9102434696011255 467
1725389206643 2.956863473856068 468
1725389206663 2.5316605828548964 469
1725389206684 2.641589568541291 470
1725389206704 2.7772126194951636 471
1725389206736 2.6765936443773155 472
1725389206756 2.5300823652391906 473
1725389206784 2.581725441897912 474
1725389206810 2.690756814529483 475
1725389206831 2.5844635220025403 476
1725389206852 2.5585019151328297 477
1725389206868 2.4610804711366274 478
1725389206885 2.274665550359825 479
1725389206902 2.790839960862096 480
1725389206919 2.284715754043527 481
1725389206936 2.5331427854921738 482
1725389206954 2.225290845840442 483
1725389206977 2.4257978138031575 484
1725389206998 2.313049530011573 485
1725389207017 2.248345137232287 486
1725389207039 2.39223355658018 487
1725389207062 2.119380777359419 488
1725389207086 1.9507188304074328 489
1725389207109 2.175006386200337 490
1725389207134 2.2567935960241465 491
1725389207156 2.016025999215245 492
1725389207187 2.479126859657223 493
1725389207210 2.0497806591725105 494
1725389207227 2.0340253607402263 495
1725389207244 2.0249995495824384 496
1725389207261 2.067992486364233 497
1725389207278 1.8942720231035293 498
1725389207295 1.8453001139848908 499
