1725396839504 156.11964265220928 0
1725396839519 141.01210768613024 1
1725396839538 131.2885506782553 2
1725396839553 120.45895025753792 3
1725396839571 108.09964959935124 4
1725396839590 97.8614181009636 5
1725396839607 91.67486104494363 6
1725396839626 81.19638041876038 7
1725396839645 76.57771897944805 8
1725396839663 71.97947818074677 9
1725396839694 62.258598969646414 10
1725396839712 56.07798723005522 11
1725396839730 51.66792311235643 12
1725396839749 48.24084706316387 13
1725396839768 43.15251069764443 14
1725396839787 40.79131868025952 15
1725396839803 36.0655367695452 16
1725396839823 35.663131256219394 17
1725396839839 32.112057642195154 18
1725396839859 29.250513879419263 19
1725396839881 25.74849586112053 20
1725396839909 24.47848715478305 21
1725396839931 20.686881160160855 22
1725396839950 20.46453619078649 23
1725396839973 19.507270637595617 24
1725396839998 17.18385644667463 25
1725396840026 16.26749786506547 26
1725396840044 12.87284639965152 27
1725396840063 12.881862216067589 28
1725396840081 12.164045689130003 29
1725396840100 11.047264909558576 30
1725396840118 9.959459106725381 31
1725396840137 8.700599132301072 32
1725396840163 8.069913344197092 33
1725396840186 7.399013005444021 34
1725396840209 7.132614822660019 35
1725396840236 6.300304574167875 36
1725396840262 6.257010765913273 37
1725396840287 5.7789319898304505 38
1725396840319 4.692662077082976 39
1725396840340 4.881715485901162 40
1725396840363 4.511036845099283 41
1725396840385 3.855906831541015 42
1725396840404 3.80255537400894 43
1725396840422 3.124864629517126 44
1725396840435 2.9511592205451715 45
1725396840452 3.125083560358541 46
1725396840465 2.587533106338481 47
1725396840482 2.339140143565605 48
1725396840495 1.9583093288928521 49
1725396840509 2.4345582451823082 50
1725396840534 2.0113489185292295 51
1725396840560 2.0454424430328277 52
1725396840583 1.9173610774597367 53
1725396840601 1.3796357204713374 54
1725396840624 1.5680542996487816 55
1725396840645 1.5330067692264817 56
1725396840669 1.4184256227956573 57
1725396840699 1.1738764891729205 58
1725396840721 0.9977827736906305 59
1725396840742 1.0631921087223557 60
1725396840767 0.777165431854747 61
1725396840791 0.8637901093990923 62
1725396840808 0.8089302971727992 63
1725396840827 0.6052770991061187 64
1725396840845 0.8474155776347906 65
1725396840863 0.7795854198976889 66
1725396840882 0.4820604022512295 67
1725396840898 0.6827674682840729 68
1725396840915 0.42059880755713897 69
1725396840933 0.4439557382334393 70
1725396840950 0.4341865786616589 71
1725396840967 0.38658539579545026 72
1725396840985 0.41005427490719576 73
1725396841004 0.3506333846587566 74
1725396841029 0.3701096567088355 75
1725396841085 0.4873509439729412 76
1725396841107 0.4064329176836849 77
1725396841128 0.3526458804513921 78
1725396841147 0.3485538882137852 79
1725396841166 0.2933152896544322 80
1725396841184 0.319577723775527 81
1725396841202 0.3209749212056442 82
1725396841221 0.28133741371894777 83
1725396841240 0.242919446808546 84
1725396841258 0.21311578184946328 85
1725396841317 0.2698795501228608 86
1725396841345 0.2738524486022898 87
1725396841358 0.2763681929366575 88
1725396841371 0.19082378835353178 89
1725396841386 0.26697429102510817 90
1725396841411 0.1901361397762867 91
1725396841441 0.279235295468009 92
1725396841474 0.19616185788449014 93
1725396841504 0.16316395898408997 94
1725396841534 0.1650545119559412 95
1725396841563 0.2377183253216214 96
1725396841592 0.22462763086318113 97
1725396841622 0.15309021553469307 98
1725396841647 0.214178180378587 99
1725396841675 0.20148983076353177 100
1725396841705 0.1963389020108103 101
1725396841735 0.14764478343337586 102
1725396841762 0.12310941911944594 103
1725396841796 0.18260903787398913 104
1725396841826 0.1592006060803774 105
1725396841858 0.13717800607806582 106
1725396841888 0.11185018536095899 107
1725396841917 0.15554560004167442 108
1725396841947 0.16554328698557977 109
1725396841974 0.19839760616318258 110
1725396842004 0.18126876300101966 111
1725396842032 0.13585174979287437 112
1725396842056 0.1139823631115138 113
1725396842085 0.14555071083328955 114
1725396842120 0.1268910594739894 115
1725396842147 0.19511669425137482 116
1725396842181 0.15083746283997349 117
1725396842212 0.15881362086477419 118
1725396842242 0.18136523143052732 119
1725396842267 0.21172017065827617 120
1725396842299 0.17963742689607937 121
1725396842329 0.21092254575947808 122
1725396842364 0.19613348143124198 123
1725396842395 0.09756909605591546 124
1725396842427 0.14853305199760994 125
1725396842453 0.148558902324366 126
1725396842484 0.12173105768567347 127
1725396842515 0.16050200021076338 128
1725396842544 0.12215314671862 129
1725396842579 0.1005124678437696 130
1725396842611 0.20343095119484997 131
1725396842647 0.06605650472670774 132
1725396842679 0.1380545690198719 133
1725396842710 0.11653011994115328 134
1725396842733 0.1080244339394802 135
1725396842762 0.11920651872793733 136
1725396842795 0.12112405515440429 137
1725396842827 0.10118856164213377 138
1725396842859 0.17490577412537187 139
1725396842890 0.17757964492536568 140
1725396842916 0.12117147613948599 141
1725396842944 0.09752395569004092 142
1725396842970 0.10168469824888503 143
1725396842999 0.11781881695536126 144
1725396843032 0.17129686697538712 145
1725396843054 0.19330247774876438 146
1725396843084 0.16031343752574023 147
1725396843114 0.10533700069755163 148
1725396843144 0.1535408114248549 149
1725396843176 0.11738093537946606 150
1725396843205 0.14570217734696903 151
1725396843236 0.1502148223883475 152
1725396843266 0.1113076187557045 153
1725396843296 0.1564660465097681 154
1725396843325 0.11310124307930645 155
1725396843357 0.13080078364590889 156
1725396843387 0.1425996740986513 157
1725396843419 0.09777514537940656 158
1725396843451 0.09085582953388124 159
1725396843484 0.11070915287760487 160
1725396843519 0.12390290082485668 161
1725396843549 0.15486879290458005 162
1725396843579 0.18785131430699448 163
1725396843608 0.20362599368377615 164
1725396843637 0.18675785373166337 165
1725396843669 0.2145866697942693 166
1725396843700 0.1927637824919625 167
1725396843730 0.13445371099410433 168
1725396843761 0.12634717932615738 169
1725396843790 0.12099620663771711 170
1725396843820 0.09947647137133588 171
1725396843850 0.15908311676362247 172
1725396843885 0.11011297906898322 173
1725396843915 0.12835784357124408 174
1725396843948 0.1183693986532361 175
1725396843980 0.11493199109460264 176
1725396844010 0.17872289686139417 177
1725396844041 0.19553230301796914 178
1725396844070 0.13056647315613 179
1725396844103 0.14497074086624218 180
1725396844134 0.12845417844004334 181
1725396844166 0.14460389510927416 182
1725396844191 0.14646966928466323 183
1725396844221 0.14049426693597533 184
1725396844248 0.09946225584665314 185
1725396844273 0.12129118127952689 186
1725396844303 0.17418891665821729 187
1725396844329 0.18049559720084696 188
1725396844366 0.14413595062139936 189
1725396844393 0.1535249787606985 190
1725396844423 0.13735411812286483 191
1725396844453 0.10972035828446172 192
1725396844480 0.1052777444285186 193
1725396844512 0.15915988621825547 194
1725396844544 0.11105397003075103 195
1725396844573 0.13781343570857174 196
1725396844601 0.09650403467967315 197
1725396844628 0.21898004524630307 198
1725396844658 0.10523291740125175 199
1725396844688 0.14301048693616622 200
1725396844718 0.18214241905296882 201
1725396844748 0.11908339347049143 202
1725396844778 0.15394588811326473 203
1725396844806 0.12408205239516763 204
1725396844833 0.16208188835818885 205
1725396844865 0.11407471195703946 206
1725396844893 0.1582422138240809 207
1725396844918 0.1430863473777248 208
1725396844950 0.14694803864706932 209
1725396844980 0.14495614123872055 210
1725396845011 0.14140320265775172 211
1725396845042 0.20253098519812418 212
1725396845072 0.09677175568121249 213
1725396845099 0.15558119585484617 214
1725396845129 0.1120928605937833 215
1725396845160 0.16489797627003341 216
1725396845189 0.1989173989158592 217
1725396845221 0.08239514509056213 218
1725396845250 0.253317694206696 219
1725396845284 0.16463685001907108 220
1725396845313 0.18133697722499356 221
1725396845339 0.12258036823834233 222
1725396845374 0.12639217896635352 223
1725396845409 0.10374018740360069 224
1725396845440 0.16927524084075918 225
1725396845465 0.12523065321390991 226
1725396845491 0.12751155467558653 227
1725396845524 0.13607771659085433 228
1725396845556 0.10504488570814058 229
1725396845584 0.17198653181039142 230
1725396845614 0.12302751378070113 231
1725396845645 0.0896550663027106 232
1725396845675 0.14493980945800272 233
1725396845705 0.16104359557556497 234
1725396845735 0.14770747386163324 235
1725396845765 0.1327502619289647 236
1725396845799 0.1912745845807082 237
1725396845824 0.1292074115219445 238
1725396845851 0.16046045326323344 239
1725396845879 0.16464150669586253 240
1725396845912 0.1061590933686445 241
1725396845940 0.11127656044441216 242
1725396845972 0.1468674898352345 243
1725396846004 0.1785271260984274 244
1725396846035 0.12801827600060173 245
1725396846066 0.08541634791517869 246
1725396846093 0.15322394894266295 247
1725396846122 0.111099871503329 248
1725396846150 0.17026732598041172 249
1725396846178 0.1338546057405381 250
1725396846209 0.10637422321018365 251
1725396846235 0.13332944491113718 252
1725396846260 0.11213877042195873 253
1725396846284 0.1727724453299361 254
1725396846311 0.15286574542602088 255
1725396846339 0.1291459813016111 256
