1725386059672 168.81788247382886 0
1725386059695 165.5888500799915 1
1725386059720 163.98306738407692 2
1725386059762 162.36783981482836 3
1725386059788 160.7699805827626 4
1725386059810 159.18719528482643 5
1725386059835 157.62000148296516 6
1725386059859 156.06900318855566 7
1725386059883 154.53257595077275 8
1725386059906 153.01209694628812 9
1725386059934 151.50631204898707 10
1725386059958 150.01546964600678 11
1725386059983 148.5395947730538 12
1725386060009 147.07794827512183 13
1725386060033 145.6309421930029 14
1725386060062 144.19850998213374 15
1725386060089 142.78013211587387 16
1725386060117 141.37570267574722 17
1725386060146 139.98489999184798 18
1725386060179 138.60863673111777 19
1725386060204 137.24529433924238 20
1725386060229 135.89565608734023 21
1725386060252 134.5594968200169 22
1725386060278 133.23666433089645 23
1725386060299 131.92676956762722 24
1725386060321 130.6295519534075 25
1725386060346 129.34559035208343 26
1725386060366 128.07416929875916 27
1725386060388 126.8154095777729 28
1725386060417 125.56932571239591 29
1725386060436 124.3348117308656 30
1725386060462 123.11313784464575 31
1725386060488 121.90384094409792 32
1725386060515 120.70575182673203 33
1725386060535 119.51983765446921 34
1725386060561 118.34586528906026 35
1725386060582 117.18333484973415 36
1725386060605 116.03235264572785 37
1725386060634 114.89225802770184 38
1725386060667 113.76449452743532 39
1725386060704 112.6471270204938 40
1725386060727 111.5407485456695 41
1725386060749 110.44557871204258 42
1725386060778 109.36134495467877 43
1725386060804 108.2876123901688 44
1725386060838 107.22475893377381 45
1725386060865 106.1718121605012 46
1725386060887 105.1299515820375 47
1725386060910 104.09845245371329 48
1725386060930 103.07648749552347 49
1725386060960 102.06506545891608 50
1725386060989 101.06362205546888 51
1725386061020 100.07197798116276 52
1725386061052 99.09021212510054 53
1725386061081 98.11769257497316 54
1725386061112 97.15557914111872 55
1725386061136 96.20245177071628 56
1725386061160 95.25866629566153 57
1725386061184 94.32497159025807 58
1725386061209 93.39985620167866 59
1725386061233 92.48371384105276 60
1725386061258 91.57727146672481 61
1725386061339 90.67944247353599 62
1725386061455 89.79040538297025 63
1725386061477 88.9101193412483 64
1725386061498 88.03864384780846 65
1725386061508 87.17593501812983 66
1725386061529 86.32144287451914 67
1725386061560 85.47545703754325 68
1725386061584 84.63804378905466 69
1725386061606 83.80894133858098 70
1725386061631 82.98764774512341 71
1725386061653 82.17495522157037 72
1725386061676 81.3696519374957 73
1725386061697 80.57303091690304 74
1725386061720 79.78387394147325 75
1725386061744 79.00249854469784 76
1725386061765 78.22857438763606 77
1725386061789 77.46296993274639 78
1725386061815 76.70433806180745 79
1725386061840 75.95366903890867 80
1725386061858 75.21024240218281 81
1725386061880 74.47368138818075 82
1725386061901 73.7452679553127 83
1725386061923 73.02366221786531 84
1725386061946 72.30890007875645 85
1725386061970 71.6011655100348 86
1725386061994 70.90088073201602 87
1725386062018 70.20740981475704 88
1725386062042 69.52026509494328 89
1725386062066 68.84033063253705 90
1725386062090 68.16724130796824 91
1725386062113 67.5005181421886 92
1725386062139 66.84031835418286 93
1725386062167 66.18700207305069 94
1725386062192 65.53993499236854 95
1725386062218 64.8992649981782 96
1725386062241 64.26486162216997 97
1725386062268 63.636736391205446 98
1725386062303 63.01473383451802 99
1725386062331 62.39854623633681 100
1725386062356 61.78925357932063 101
1725386062379 61.185668986141344 102
1725386062399 60.58780505543082 103
1725386062421 59.996061958325 104
1725386062443 59.41010234485405 105
1725386062470 58.82971185109235 106
1725386062494 58.25508559584214 107
1725386062515 57.68630954402923 108
1725386062542 57.123211455392564 109
1725386062575 56.565703363284996 110
1725386062602 56.013314574107675 111
1725386062627 55.466483373460136 112
1725386062657 54.92550883519342 113
1725386062686 54.389298776219995 114
1725386062718 53.85836500623429 115
1725386062747 53.33320189891601 116
1725386062769 52.81298600279157 117
1725386062794 52.29754605807539 118
1725386062818 51.78769107805861 119
1725386062842 51.2827667588241 120
1725386062866 50.782319171999966 121
1725386062890 50.28734905073871 122
1725386062914 49.79708509715401 123
1725386062935 49.3114962779199 124
1725386062959 48.83107606796701 125
1725386062983 48.355335034580264 126
1725386063012 47.88355581159422 127
1725386063040 47.4172434803629 128
1725386063065 46.955288031212696 129
1725386063090 46.49783568171366 130
1725386063114 46.045115991370054 131
1725386063139 45.596655730490625 132
1725386063159 45.152044158152854 133
1725386063179 44.71287722827813 134
1725386063203 44.27758382491196 135
1725386063227 43.846345531266394 136
1725386063250 43.419665876230084 137
1725386063274 42.99712504945314 138
1725386063298 42.5782394460338 139
1725386063321 42.16434913397956 140
1725386063345 41.75430610767297 141
1725386063368 41.347520356718164 142
1725386063391 40.945719308827066 143
1725386063414 40.54735314336186 144
1725386063440 40.15302038420264 145
1725386063462 39.76255100697032 146
1725386063484 39.376220658582575 147
1725386063511 38.993344427842224 148
1725386063538 38.61438704678131 149
1725386063560 38.239131563357844 150
1725386063581 37.86712111314313 151
1725386063607 37.49966029090983 152
1725386063632 37.13539984279443 153
1725386063657 36.77444516827195 154
1725386063678 36.416918344318105 155
1725386063706 36.063678421510204 156
1725386063737 35.713467221390346 157
1725386063760 35.36681947792775 158
1725386063786 35.022806838857555 159
1725386063818 34.68343447185699 160
1725386063842 34.34678942577888 161
1725386063865 34.01351786935949 162
1725386063890 33.68355453649286 163
1725386063913 33.35613164142134 164
1725386063937 33.033227107293555 165
1725386063961 32.71302120404497 166
1725386063983 32.39500362023085 167
1725386064009 32.08117598962334 168
1725386064033 31.770347950928773 169
1725386064057 31.462263498571158 170
1725386064081 31.157049715112464 171
1725386064110 30.855224529919536 172
1725386064139 30.55594537163511 173
1725386064161 30.259798420824605 174
1725386064184 29.96690612975964 175
1725386064207 29.67708634847109 176
1725386064230 29.3889058001352 177
1725386064254 29.10470760076095 178
1725386064278 28.82301258905096 179
1725386064301 28.543885771765346 180
1725386064328 28.267394227286868 181
1725386064353 27.99371194340168 182
1725386064383 27.722780457316027 183
1725386064402 27.454873958071495 184
1725386064425 27.18934615501582 185
1725386064447 26.9261402035664 186
1725386064471 26.665483817016256 187
1725386064495 26.408222451001087 188
1725386064522 26.152225657996127 189
1725386064545 25.899811704972922 190
1725386064570 25.649256651062704 191
1725386064595 25.401808908173212 192
1725386064619 25.15627412816278 193
1725386064643 24.912664818145565 194
1725386064672 24.672647417477098 195
1725386064697 24.434080687947567 196
1725386064722 24.198294831807075 197
1725386064742 23.964912183832023 198
1725386064768 23.73349564995638 199
1725386064792 23.503246959582725 200
1725386064815 23.27768746693223 201
1725386064839 23.052609953412134 202
1725386064862 22.8302508057544 203
1725386064885 22.6104759670073 204
1725386064908 22.39255433989931 205
1725386064932 22.176348372226578 206
1725386064953 21.961705677968165 207
1725386064976 21.750703967826393 208
1725386064999 21.541310354356458 209
1725386065025 21.333569386291064 210
1725386065049 21.12807196923233 211
1725386065072 20.924862902705513 212
1725386065095 20.722875125478488 213
1725386065119 20.52359403399677 214
1725386065142 20.325951969631607 215
1725386065165 20.130438580749 216
1725386065188 19.936265902606905 217
1725386065217 19.74494277090879 218
1725386065246 19.554948298752304 219
1725386065271 19.36671107725361 220
1725386065295 19.18084809588035 221
1725386065321 18.995820357261486 222
1725386065344 18.81367271068298 223
1725386065369 18.63250625425591 224
1725386065395 18.45379077774312 225
1725386065422 18.276879118417856 226
1725386065445 18.100761341717412 227
1725386065467 17.927367026601406 228
1725386065492 17.754863509621675 229
1725386065521 17.584507091896874 230
1725386065545 17.415890674110734 231
1725386065568 17.248988878189344 232
1725386065592 17.083490533147774 233
1725386065616 16.91958472990498 234
1725386065639 16.756826015398172 235
1725386065662 16.596630361997697 236
1725386065685 16.43775625042352 237
1725386065707 16.279723915260078 238
1725386065734 16.124386759940954 239
1725386065762 15.969711481128718 240
1725386065787 15.816671788062504 241
1725386065810 15.665430808140272 242
1725386065840 15.515025831984484 243
1725386065871 15.366891141699648 244
1725386065893 15.219857430159548 245
1725386065915 15.07429788921214 246
1725386065937 14.929972113422489 247
1725386065958 14.787094102419177 248
1725386065979 14.645954134250253 249
1725386066004 14.5060162014603 250
1725386066029 14.367193041798378 251
1725386066053 14.22968954788451 252
1725386066075 14.094367910946705 253
1725386066099 13.95964805317228 254
1725386066126 13.826293933697052 255
1725386066151 13.693902957266799 256
1725386066175 13.563423057677683 257
1725386066197 13.434335519135551 258
1725386066218 13.305879192736208 259
1725386066245 13.17917484687792 260
1725386066275 13.053607976147445 261
1725386066307 12.928650906683416 262
1725386066343 12.806026696319188 263
1725386066377 12.684070547847282 264
1725386066413 12.562798153636214 265
1725386066444 12.44337002320303 266
1725386066476 12.325063771090303 267
1725386066504 12.207551086451366 268
1725386066545 12.091870527689933 269
1725386066568 11.975915584130425 270
1725386066587 11.862776160247899 271
1725386066614 11.750129552203713 272
1725386066641 11.637886889180171 273
1725386066665 11.527911762013623 274
1725386066691 11.417850391320806 275
1725386066715 11.309619538625876 276
1725386066740 11.202192119173597 277
1725386066764 11.096180452328797 278
1725386066788 10.990622334278612 279
1725386066812 10.886722892263755 280
1725386066836 10.782780071044908 281
1725386066859 10.681039967627333 282
1725386066888 10.579986108400583 283
1725386066911 10.479215365755282 284
1725386066935 10.380074899683251 285
1725386066962 10.281893319702746 286
1725386066997 10.18498518426208 287
1725386067032 10.087945996150104 288
1725386067062 9.992537958417046 289
1725386067089 9.898323354178851 290
1725386067114 9.804501188916467 291
1725386067141 9.71167800130219 292
1725386067165 9.620218352245585 293
1725386067189 9.5295927551035 294
1725386067216 9.439724515044684 295
1725386067240 9.349677907500574 296
1725386067264 9.261724113308828 297
1725386067288 9.17452920839673 298
1725386067313 9.088234715140723 299
1725386067343 9.00256348382779 300
1725386067367 8.91690007803009 301
1725386067391 8.833756623390302 302
1725386067413 8.750161045749179 303
1725386067438 8.668256758072136 304
1725386067461 8.585820789793308 305
1725386067486 8.505215906413545 306
1725386067509 8.42542660642425 307
1725386067538 8.346225731709753 308
1725386067566 8.267967158116475 309
1725386067591 8.190270581583466 310
1725386067615 8.112878605725337 311
1725386067640 8.03705483942758 312
1725386067665 7.961392649664534 313
1725386067691 7.886340466048688 314
1725386067711 7.812771226845557 315
1725386067734 7.739848484596582 316
1725386067762 7.666850264190553 317
1725386067788 7.594860055104355 318
1725386067819 7.52420343314078 319
1725386067849 7.453424608751252 320
1725386067873 7.383761820191621 321
1725386067897 7.314340934970917 322
1725386067921 7.245924649494683 323
1725386067946 7.178534646785617 324
1725386067973 7.110942087283742 325
1725386068005 7.04464845551821 326
1725386068034 6.9790400634851375 327
1725386068075 6.913689345772614 328
1725386068102 6.849472457522915 329
1725386068130 6.784946119226226 330
1725386068167 6.722311601168856 331
1725386068199 6.659525889328882 332
1725386068225 6.596745569054903 333
1725386068249 6.535547222484656 334
1725386068285 6.475095800978565 335
1725386068305 6.414860236019666 336
1725386068334 6.35483347976909 337
1725386068362 6.295920548277806 338
1725386068388 6.237194197524366 339
1725386068415 6.17973024065776 340
1725386068449 6.121807243284138 341
1725386068480 6.064868638008978 342
1725386068513 6.0092252287265815 343
1725386068550 5.9529358621616835 344
1725386068581 5.897658116199039 345
1725386068613 5.842962010895004 346
1725386068638 5.78929264956468 347
1725386068662 5.735379217957177 348
1725386068686 5.682242488323881 349
1725386068710 5.630086683516279 350
1725386068743 5.577680521009339 351
1725386068771 5.525977395918136 352
1725386068801 5.475392417997693 353
1725386068830 5.424703330266845 354
1725386068860 5.374586035635215 355
1725386068883 5.324918963062633 356
1725386068913 5.275330088736837 357
1725386068938 5.227283700122798 358
1725386068966 5.178930457824136 359
1725386068988 5.131173139378499 360
1725386069028 5.083852298693561 361
1725386069065 5.0372957183469085 362
1725386069097 4.990813913456426 363
1725386069129 4.945618783141366 364
1725386069163 4.899097084521431 365
1725386069189 4.854875940312864 366
1725386069226 4.810289439934245 367
1725386069256 4.766084407754386 368
1725386069288 4.722293850853474 369
1725386069315 4.679252541731984 370
1725386069343 4.635715690367516 371
1725386069370 4.594066230803778 372
1725386069399 4.551447108104138 373
1725386069427 4.5099324335537245 374
1725386069455 4.4688768415336355 375
1725386069480 4.427887915390968 376
1725386069509 4.387681659805607 377
1725386069546 4.347684009346262 378
1725386069573 4.308092200880957 379
1725386069606 4.268562704189046 380
1725386069637 4.229463644247229 381
1725386069667 4.191408507657201 382
1725386069696 4.153254833702716 383
1725386069723 4.1151960899621995 384
1725386069758 4.077860673188312 385
1725386069784 4.04111192857025 386
1725386069811 4.004368812407166 387
1725386069842 3.966984590955078 388
1725386069868 3.9317616434096503 389
1725386069890 3.8961681752870407 390
1725386069915 3.8608313235156353 391
1725386069939 3.8257346217070363 392
1725386069964 3.7906991565784534 393
1725386069990 3.7571901865273314 394
1725386070017 3.722240796608859 395
1725386070045 3.6886546714630732 396
1725386070074 3.6559569729984633 397
1725386070097 3.6231207148089464 398
1725386070125 3.5900207527676504 399
1725386070152 3.5575679725692546 400
1725386070180 3.525583901621859 401
1725386070206 3.493521310984017 402
1725386070234 3.462326569688889 403
1725386070268 3.4314473023817165 404
1725386070296 3.4004826397033368 405
1725386070324 3.369704853125947 406
1725386070373 3.3396467308765216 407
1725386070398 3.3096196197037084 408
1725386070415 3.279878528683533 409
1725386070443 3.2505280706729183 410
1725386070477 3.220770272164446 411
1725386070508 3.192403420199499 412
1725386070534 3.163891229870502 413
1725386070564 3.135573121355604 414
1725386070593 3.107817221835844 415
1725386070624 3.079786297820379 416
1725386070657 3.0525962644091624 417
1725386070687 3.0250187122882677 418
1725386070725 2.998544442329467 419
1725386070757 2.9714426941482763 420
1725386070787 2.945074543575124 421
1725386070814 2.9188807285460903 422
1725386070847 2.893101919259049 423
1725386070874 2.867603060997626 424
1725386070897 2.842186406512192 425
1725386070921 2.816249431349544 426
1725386070947 2.791787683923427 427
1725386070970 2.7673405495483987 428
1725386071014 2.7424449234066093 429
1725386071045 2.7183716878834114 430
1725386071073 2.6946756917545196 431
1725386071101 2.6704646242580075 432
1725386071134 2.647055224168346 433
1725386071161 2.6240451538797016 434
1725386071218 2.6009494736828302 435
1725386071239 2.5779097237086956 436
1725386071264 2.5551658803515074 437
1725386071288 2.5327225857517552 438
1725386071321 2.5103485341318392 439
1725386071343 2.48904877784734 440
1725386071368 2.4660603059037998 441
1725386071393 2.445375957543799 442
1725386071417 2.4238198029866456 443
1725386071442 2.4023505024544005 444
1725386071479 2.381147692511661 445
1725386071500 2.360757553014028 446
1725386071522 2.3401481179582238 447
1725386071547 2.319937525918541 448
1725386071575 2.299628773844594 449
1725386071598 2.2794497458516183 450
1725386071624 2.260163208812465 451
1725386071652 2.2402296459342046 452
1725386071686 2.220553504661627 453
1725386071717 2.201945609273153 454
1725386071741 2.182110258428534 455
1725386071766 2.163605028008967 456
1725386071792 2.1450838724897316 457
1725386071817 2.127037551130634 458
1725386071842 2.1075148441225844 459
1725386071874 2.0901609293156596 460
1725386071901 2.0721900757155716 461
1725386071930 2.054005006052443 462
1725386071963 2.036624289619855 463
1725386071993 2.0191606315378365 464
1725386072018 2.002105438385284 465
1725386072043 1.9843167313256698 466
1725386072068 1.9678083155084944 467
1725386072094 1.9506691436770913 468
1725386072124 1.9341650218539976 469
1725386072155 1.917733244510313 470
1725386072182 1.901695630148178 471
1725386072214 1.8849251244801448 472
1725386072238 1.869152704863529 473
1725386072259 1.8535865413436627 474
1725386072285 1.8376678091087637 475
1725386072316 1.8218584905381638 476
1725386072341 1.8064957408750515 477
1725386072363 1.7912794559209084 478
1725386072389 1.7759133532254034 479
1725386072418 1.761442729238745 480
1725386072442 1.74655491860995 481
1725386072469 1.731480785182721 482
1725386072493 1.716773554901921 483
1725386072520 1.7026122242691124 484
1725386072544 1.688502904954474 485
1725386072591 1.6740709182483484 486
1725386072620 1.6602067318077958 487
1725386072652 1.6460880005942942 488
1725386072674 1.6328510320986955 489
1725386072708 1.6189685488295087 490
1725386072740 1.605108786442455 491
1725386072781 1.5921560197867541 492
1725386072818 1.5787716913305516 493
1725386072847 1.5655165922901977 494
1725386072891 1.5526988413200877 495
1725386072922 1.5398656588388593 496
1725386072948 1.5273750244271613 497
1725386072976 1.514302796411944 498
1725386072997 1.5014206139685065 499
