1725412472555 2506547.436166975 0
1725412472636 3.888930542466062e+16 1
1725412472729 6.529219846062485e+25 2
1725412472813 3.5539787888883325e+34 3
1725412472885 4.820700887976488e+44 4
1725412472965 2.0254610098226327e+53 5
1725412473044 1.4031092462333451e+63 6
1725412473123 8.446431827073911e+72 7
1725412473205 4.686682652039083e+83 8
1725412473288 1.2773927858846134e+92 9
1725412473369 3.59842192527979e+102 10
1725412473447 4.868021474910562e+110 11
1725412473517 2.5674871001043722e+120 12
1725412473590 8.601816289931921e+129 13
1725412473675 1.0908991648624187e+141 14
1725412473758 5.224252947340012e+150 15
1725412473837 7.699875307371776e+159 16
1725412473911 4.096246282597253e+167 17
1725412473990 2.645703936856085e+179 18
1725412474063 1.7625912322194724e+188 19
1725412474149 8.747170622363717e+198 20
1725412474319 1.1149913492570776e+207 21
1725412474389 2.7892069621171507e+217 22
1725412474461 1.055352763035099e+227 23
1725412474537 4.45393299361505e+234 24
1725412474616 6.00240987556175e+246 25
1725412474694 3.212101330901948e+254 26
1725412474768 1.970057341836034e+264 27
1725412474842 7.592166825912391e+273 28
1725412474914 4.448527345313369e+283 29
1725412474992 4.506656549489237e+292 30
1725412475058 3.5682977728035947e+301 31
1725412475138 inf 32
1725412475215 inf 33
