1725384528933 90.73567010065803 0
1725384528996 69.06952089398072 1
1725384529077 50.577758639436 2
1725384529144 35.032837248199016 3
1725384529200 24.140989490282248 4
1725384529264 20.17680708380706 5
1725384529330 14.847722601154167 6
1725384529411 11.719866669278911 7
1725384529482 10.180230576973091 8
1725384529545 4.228360195585841 9
1725384529606 6.438636360088547 10
1725384529666 8.230497250595343 11
1725384529736 5.5226208482060795 12
1725384529796 5.662204657921929 13
1725384529875 3.9308920750954415 14
1725384529932 1.3819942553834952 15
1725384530000 2.6937633848288502 16
1725384530055 3.142333749073147 17
1725384530130 4.369490696022941 18
1725384530197 7.099041723297058 19
1725384530265 5.620169925365386 20
1725384530362 6.455034132799789 21
1725384530421 6.088211282671201 22
1725384530485 4.394019610859531 23
1725384530542 3.2748735599095657 24
1725384530598 3.260884300426412 25
1725384530655 4.61760231745257 26
1725384530713 5.932786592847664 27
1725384530768 5.116693573277966 28
1725384530823 2.814955517690908 29
1725384530883 5.176237484494475 30
1725384530948 5.872166018674934 31
1725384531014 4.228247987331837 32
1725384531081 5.796661406361671 33
1725384531141 7.386068622335487 34
1725384531218 6.670997839821317 35
1725384531290 4.313122293869622 36
1725384531352 4.179575664213007 37
1725384531421 5.159156745707188 38
1725384531488 4.0591935883379575 39
1725384531561 5.008309313500928 40
1725384531628 4.5848147686968215 41
1725384531697 4.857873691042897 42
1725384531751 6.639935682387531 43
1725384531809 3.3812815104992024 44
1725384531873 4.491003059536419 45
1725384531936 5.979468843685369 46
1725384532005 7.3381336145144616 47
1725384532077 3.7602738557587485 48
1725384532164 4.292767923643599 49
1725384532230 3.2532583350336304 50
1725384532288 4.720072475652659 51
1725384532343 3.9609401121917673 52
1725384532456 5.86008161350084 53
1725384532524 4.925867893739169 54
1725384532588 3.2945475260388917 55
1725384532680 6.877156877129156 56
