1725358654957 42.71414709024026 0
1725358655024 13519.526112906737 1
1725358655094 2061975.1648016549 2
1725358655149 8864541426.556854 3
1725358655208 323754158078553.1 4
1725358655275 5.846898765922327e+17 5
1725358655343 3.2489971002836144e+19 6
1725358655404 1.3652598861043214e+25 7
1725358655464 6.3057549934815046e+29 8
1725358655537 3.9014151712493914e+34 9
1725358655595 9.651138023867648e+36 10
1725358655664 1.8391172666323166e+41 11
1725358655721 3.0401327262460254e+43 12
1725358655780 7.820030003420484e+47 13
1725358655833 1.681518192648033e+53 14
1725358655896 6.784422393508977e+55 15
1725358655964 7.300178007158799e+59 16
1725358656032 4.746212186081735e+60 17
1725358656171 1.2365272950247346e+62 18
1725358656252 1.033653105600577e+70 19
1725358656301 1.0455584127998544e+76 20
1725358656368 6.1269373802771e+76 21
1725358656435 2.2574528676484462e+83 22
1725358656500 2.3951205340881393e+86 23
1725358656563 4.731246883362261e+89 24
1725358656625 5.029987060864923e+93 25
1725358656679 1.0976067340483172e+97 26
1725358656741 3.566355967127759e+99 27
1725358656799 3.1898409201256264e+105 28
1725358656869 1.493968054876895e+108 29
1725358656926 8.589953317539098e+111 30
1725358656981 1.0442073496818493e+115 31
1725358657042 2.5877932708591313e+118 32
1725358657111 2.8200811673147293e+121 33
1725358657167 3.0111095018436743e+128 34
1725358657226 2.8013963420631023e+130 35
1725358657294 2.7240539427531193e+134 36
1725358657352 1.4406191343924183e+137 37
1725358657407 4.1500658425929716e+142 38
1725358657467 2.5793777915550244e+148 39
1725358657527 9.670744269592453e+152 40
1725358657589 6.231596647113319e+155 41
1725358657655 7.7386925651624e+159 42
1725358657708 2.527813078618525e+161 43
1725358657770 7.785732379476627e+166 44
1725358657827 1.0642464351496673e+167 45
1725358657881 9.273495838633242e+172 46
1725358657935 2.6921964421239765e+178 47
1725358657999 3.5418189897998836e+182 48
1725358658052 4.1827716928161685e+187 49
1725358658133 7.513856405418157e+186 50
1725358658214 1.397625166735624e+195 51
1725358658279 3.5144907211803777e+195 52
1725358658344 1.0377473730523138e+200 53
1725358658415 2.8391923734415498e+205 54
1725358658502 7.520640971249296e+206 55
1725358658570 2.537054402175205e+208 56
1725358658650 1.585834827149988e+216 57
1725358658726 8.455830837547964e+215 58
1725358658798 1.3420547688686174e+224 59
1725358658857 1.1533293420442127e+227 60
1725358658927 3.6249560768218395e+231 61
1725358658991 3.036841546302723e+235 62
1725358659050 5.862695194174334e+235 63
1725358659118 4.6580765349454657e+238 64
1725358659172 1.3363479615796857e+247 65
1725358659249 3.212823807181783e+249 66
1725358659316 1.441625149527669e+255 67
1725358659389 5.42984791440116e+257 68
1725358659444 1.2806432101736883e+262 69
1725358659517 2.2546005797185662e+265 70
1725358659590 1.424366779184871e+269 71
1725358659650 1.4843367678367792e+270 72
1725358659708 7.525577337907657e+276 73
1725358659790 3.324793073659659e+279 74
1725358659861 1.3497233591601094e+285 75
1725358659921 2.3527877902297038e+286 76
1725358660004 5.635551611653419e+289 77
1725358660073 1.2614484035299009e+295 78
1725358660152 9.457974202661827e+299 79
1725358660229 5.795660940439575e+300 80
1725358660311 7.118622301906282e+306 81
1725358660379 inf 82
