1725390067660 130.47337709694935 0
1725390067724 63.193781266298366 1
1725390067794 43.75790937690594 2
1725390067870 29.61476508461503 3
1725390067932 19.690669119445246 4
1725390067997 11.426423779168772 5
1725390068069 8.964414413609225 6
1725390068149 5.199234375028927 7
1725390068219 3.306961969402006 8
1725390068287 1.4683609581850723 9
1725390068352 0.9193516999646061 10
1725390068424 0.172662904578786 11
1725390068485 0.7001532846838564 12
1725390068552 0.6213173199269496 13
1725390068624 0.616645384965249 14
1725390068696 0.16440667635505082 15
1725390068792 0.3946624158832305 16
1725390068864 0.3035487297257416 17
1725390068927 0.0949552213483966 18
1725390069004 0.3897889986543112 19
1725390069065 0.1676416399099004 20
1725390069134 0.014625066173856616 21
1725390069195 0.016118701451083937 22
1725390069263 0.05395571983651557 23
1725390069322 0.12191207673721387 24
1725390069382 0.0005706702724304887 25
1725390069453 0.017770449935501358 26
1725390069520 0.08080019090256742 27
1725390069579 0.05126690905850634 28
1725390069660 0.0350424941205953 29
1725390069723 0.0023616928139105317 30
1725390069783 0.025414909580141903 31
1725390069842 0.10224651392639647 32
1725390069906 0.05447240970952171 33
1725390069950 0.004600977765006487 34
1725390069993 0.1727808584141757 35
1725390070046 0.011588197407757142 36
1725390070095 0.005628974194996028 37
1725390070150 0.28687241422231513 38
1725390070227 0.0005792951390288471 39
1725390070300 0.04649441370107636 40
1725390070353 0.010713623814189182 41
1725390070420 0.046160157955635425 42
