1725394128861 80.6621119029391 0
1725394128928 79.42058679430009 1
1725394129006 49.912816069189255 2
1725394129076 38.09940803352345 3
1725394129146 24.425854760960547 4
1725394129218 22.57516470714319 5
1725394129286 9.746039197770296 6
1725394129348 10.532206532309543 7
1725394129413 10.725319382353756 8
1725394129480 11.352507760159407 9
1725394129546 7.080040960931654 10
1725394129619 5.16684930219381 11
1725394129692 6.692584570742641 12
1725394129753 4.268890814948575 13
1725394129819 5.842453312956422 14
1725394129891 2.271838348023885 15
1725394129953 2.524529272204899 16
1725394130019 4.56588722510557 17
1725394130091 5.477518358691386 18
1725394130152 6.359668047549141 19
1725394130225 5.796869271611401 20
1725394130297 6.524539378800257 21
1725394130361 4.843055880059529 22
1725394130436 3.5493667100476927 23
1725394130501 4.729974906447438 24
1725394130570 4.3424016316421 25
1725394130628 5.147642191460379 26
1725394130693 6.721685547703069 27
1725394130754 4.7789711497135885 28
1725394130827 3.804375030809892 29
1725394130993 3.038226164741392 30
1725394131059 4.942269837369972 31
1725394131117 4.621761981851488 32
1725394131188 1.9790994547051448 33
1725394131261 3.6235368380700086 34
1725394131337 3.939643707611083 35
