1725358890476 5499.842160856574 0
1725358890547 828.1827071525416 1
1725358890615 10033675008.217196 2
1725358890670 207253706470.21893 3
1725358890736 4671990527111209.0 4
1725358890799 2.6782583220450032e+17 5
1725358890861 4.2798762137930895e+23 6
1725358890923 2.3501085361425614e+25 7
1725358890986 6.532055835581575e+26 8
1725358891051 6.519651578051442e+30 9
1725358891115 6.5857313071691395e+34 10
1725358891176 3.1687060273789185e+36 11
1725358891240 9.74044827372988e+39 12
1725358891302 4.055074404334357e+42 13
1725358891362 2.6377113204257933e+48 14
1725358891426 1.2014776371619986e+49 15
1725358891481 9.907062711330707e+54 16
1725358891546 7.398975140815418e+57 17
1725358891599 6.364414723043855e+62 18
1725358891670 1.3017813439792724e+62 19
1725358891732 3.409516636800928e+68 20
1725358891796 3.183607696661152e+72 21
1725358891856 9.651471147764823e+74 22
1725358891907 2.6809117222429663e+77 23
1725358892052 3.355454980542712e+79 24
1725358892130 4.8654546091490885e+85 25
1725358892192 3.943988224391215e+88 26
1725358892254 2.4252214995840845e+89 27
1725358892317 3.495987799082389e+93 28
1725358892383 9.173318058632975e+94 29
1725358892445 9.026770741996472e+99 30
1725358892507 3.713638103202515e+103 31
1725358892573 2.4974941359068554e+107 32
1725358892636 5.399687164606192e+111 33
1725358892697 1.7457922422556997e+114 34
1725358892772 1.544242439237906e+118 35
1725358892845 4.096976993611237e+117 36
1725358892915 2.206675079866426e+120 37
1725358892966 2.2026562944146597e+125 38
1725358893019 2.73149938220695e+126 39
1725358893065 6.6157768874604945e+128 40
1725358893136 2.798961348580572e+135 41
1725358893212 4.8314263423266696e+137 42
1725358893278 2.5135664935926203e+139 43
1725358893357 9.908970107990015e+143 44
1725358893421 2.5917460092434947e+146 45
1725358893481 7.438634606737473e+148 46
1725358893545 9.894651964598201e+152 47
1725358893600 3.167366197930829e+154 48
1725358893672 5.478735962809871e+159 49
1725358893736 4.8811527382999545e+162 50
1725358893790 1.450775227001778e+166 51
1725358893858 6.264702161302842e+167 52
1725358893913 1.3336422132267435e+170 53
1725358893985 8.262687529864259e+176 54
1725358894052 1.440155369324304e+182 55
1725358894106 2.9359119347631567e+181 56
1725358894148 2.0067880276313777e+184 57
1725358894201 1.0008185858635374e+191 58
1725358894252 1.8831106323604064e+190 59
1725358894306 6.8664366130902136e+196 60
1725358894348 1.4168359072644918e+196 61
1725358894406 1.853316928930594e+203 62
1725358894460 5.033729225357644e+205 63
1725358894527 3.916978999352121e+208 64
1725358894571 1.8320966931405057e+211 65
1725358894618 2.904999270928689e+217 66
1725358894679 1.1055546997031897e+221 67
1725358894743 9.143862596956687e+220 68
1725358894810 8.719773195098108e+224 69
1725358894856 3.2518023565970296e+229 70
1725358894912 6.233162374924605e+232 71
1725358894971 8.188056812139036e+232 72
1725358895037 7.637425432695581e+235 73
1725358895104 3.050102898389583e+241 74
1725358895184 4.53233804925864e+244 75
1725358895252 3.109247296610469e+245 76
1725358895313 1.761676902292582e+249 77
1725358895362 5.604958135585038e+255 78
1725358895416 7.338297664091588e+255 79
1725358895492 7.97618618851432e+258 80
1725358895548 5.468675216969692e+262 81
1725358895609 5.404316006828602e+266 82
1725358895684 1.6949148093519337e+268 83
1725358895756 1.2262626641888863e+275 84
1725358895835 1.3372916751121386e+277 85
1725358895917 2.8122821797248783e+280 86
1725358895992 1.0905495766946395e+285 87
1725358896062 1.1176915665286398e+288 88
1725358896118 2.1668861782592683e+290 89
1725358896175 1.0766690152885201e+294 90
1725358896230 2.9409965186510335e+295 91
1725358896286 3.9763715575828495e+300 92
1725358896352 9.596220266007999e+302 93
1725358896415 2.925223930285068e+304 94
