1725392568221 176.25123672651364 0
1725392568253 176.21549747575745 1
1725392568291 176.17976625630226 2
1725392568320 176.1440430662417 3
1725392568349 176.1083279036699 4
1725392568382 176.07262076668138 5
1725392568412 176.0369216533712 6
1725392568444 176.00123056183492 7
1725392568473 175.9655474901685 8
1725392568502 175.9298724364684 9
1725392568533 175.8942053988316 10
1725392568575 175.8585463753555 11
1725392568603 175.822895364138 12
1725392568632 175.78725236327745 13
1725392568660 175.75161737087268 14
1725392568687 175.71599038502302 15
1725392568711 175.68037140382825 16
1725392568736 175.64476042538865 17
1725392568764 175.60915744780496 18
1725392568788 175.5735624691783 19
1725392568813 175.53797548761042 20
1725392568837 175.50239650120344 21
1725392568867 175.46682550806 22
1725392568896 175.4312625062831 23
1725392568928 175.39570749397646 24
1725392568958 175.36016046924397 25
1725392568990 175.32462143019023 26
1725392569022 175.28909037492016 27
1725392569052 175.2535673015393 28
1725392569083 175.21805220815344 29
1725392569114 175.18254509286908 30
1725392569140 175.14704595379303 31
1725392569165 175.11155478903262 32
1725392569190 175.07607159669573 33
1725392569217 175.0405963748905 34
1725392569244 175.00512912172582 35
1725392569271 174.9696698353108 36
1725392569307 174.9342185137552 37
1725392569334 174.89877515516915 38
1725392569364 174.86333975766328 39
1725392569395 174.8279123193487 40
1725392569429 174.79249283833693 41
1725392569459 174.75708131274 42
1725392569489 174.72167774067054 43
1725392569514 174.6862821202414 44
1725392569539 174.6508944495661 45
1725392569566 174.61551472675853 46
1725392569593 174.58014294993302 47
1725392569619 174.5447791172045 48
1725392569646 174.50942322668828 49
1725392569673 174.47407527650012 50
1725392569698 174.4387352647563 51
1725392569723 174.40340318957357 52
1725392569750 174.3680790490691 53
1725392569775 174.33276284136053 54
1725392569806 174.297454564566 55
1725392569836 174.26215421680416 56
1725392569969 174.22686179619404 57
1725392570005 174.19157730085522 58
1725392570019 174.15630072890767 59
1725392570031 174.1210320784718 60
1725392570056 174.0857713476687 61
1725392570086 174.05051853461964 62
1725392570113 174.01527363744654 63
1725392570141 173.98003665427174 64
1725392570169 173.94480758321805 65
1725392570199 173.90958642240875 66
1725392570229 173.8743731699676 67
1725392570254 173.8391678240188 68
1725392570278 173.803970382687 69
1725392570301 173.7687808440973 70
1725392570332 173.7335992063754 71
1725392570359 173.69842546764733 72
1725392570386 173.6632596260396 73
1725392570412 173.62810167967925 74
1725392570438 173.59295162669378 75
1725392570465 173.55780946521105 76
1725392570499 173.5226751933595 77
1725392570530 173.487548809268 78
1725392570558 173.45243031106588 79
1725392570589 173.41731969688297 80
1725392570618 173.38221696484945 81
1725392570647 173.34712211309613 82
1725392570677 173.31203513975413 83
1725392570706 173.2769560429552 84
1725392570733 173.24188482083133 85
1725392570759 173.2068214715152 86
1725392570785 173.17176599313984 87
1725392570824 173.13671838383877 88
1725392570850 173.10167864174596 89
1725392570879 173.06664676499585 90
1725392570904 173.0316227517233 91
1725392570929 172.99660660006373 92
1725392570953 172.961598308153 93
1725392570986 172.92659787412734 94
1725392571014 172.89160529612354 95
1725392571046 172.85662057227879 96
1725392571077 172.82164370073085 97
1725392571107 172.7866746796178 98
1725392571136 172.75171350707828 99
1725392571166 172.71676018125132 100
1725392571199 172.68181470027653 101
1725392571226 172.64687706229384 102
1725392571254 172.61194726544375 103
1725392571280 172.57702530786716 104
1725392571304 172.54211118770544 105
1725392571332 172.5072049031005 106
1725392571361 172.4723064521946 107
1725392571386 172.43741583313053 108
1725392571414 172.40253304405147 109
1725392571438 172.3676580831012 110
1725392571465 172.3327909484238 111
1725392571492 172.29793163816393 112
1725392571519 172.26308015046658 113
1725392571545 172.22823648347745 114
1725392571572 172.19340063534239 115
1725392571600 172.15857260420793 116
1725392571629 172.12375238822096 117
1725392571661 172.0889399855289 118
1725392571691 172.05413539427954 119
1725392571714 172.01933861262117 120
1725392571741 171.98454963870265 121
1725392571766 171.9497684706731 122
1725392571798 171.91499510668223 123
1725392571828 171.88022954488022 124
1725392571855 171.8454717834176 125
1725392571883 171.8107218204455 126
1725392571913 171.7759796541154 127
1725392571944 171.74124528257926 128
1725392571974 171.70651870398953 129
1725392572005 171.67179991649914 130
1725392572027 171.63708891826144 131
1725392572051 171.6023857074302 132
1725392572078 171.56769028215973 133
1725392572104 171.53300264060474 134
1725392572129 171.49832278092043 135
1725392572157 171.46365070126245 136
1725392572185 171.4289863997869 137
1725392572213 171.39432987465037 138
1725392572237 171.35968112400985 139
1725392572260 171.3250401460228 140
1725392572287 171.29040693884724 141
1725392572328 171.25578150064146 142
1725392572354 171.2211638295644 143
1725392572384 171.18655392377534 144
1725392572414 171.151951781434 145
1725392572442 171.11735740070068 146
1725392572468 171.08277077973605 147
1725392572494 171.04819191670123 148
1725392572520 171.01362080975778 149
1725392572550 170.9790574570678 150
1725392572579 170.94450185679378 151
1725392572611 170.9099540070987 152
1725392572635 170.87541390614595 153
1725392572660 170.84088155209946 154
1725392572681 170.8063569431235 155
1725392572701 170.77184007738288 156
1725392572723 170.73733095304286 157
1725392572745 170.70282956826915 158
1725392572763 170.66833592122788 159
1725392572785 170.63385001008567 160
1725392572807 170.5993718330096 161
1725392572823 170.56490138816716 162
1725392572838 170.53043867372637 163
1725392572855 170.49598368785558 164
1725392572871 170.4615364287238 165
1725392572887 170.4270968945003 166
1725392572903 170.39266508335487 167
1725392572919 170.3582409934578 168
1725392572933 170.32382462297969 169
1725392572955 170.28941597009182 170
1725392572971 170.2550150329658 171
1725392572991 170.22062180977366 172
1725392573014 170.18623629868787 173
1725392573038 170.15185849788148 174
1725392573058 170.11748840552792 175
1725392573076 170.08312601980097 176
1725392573092 170.0487713388751 177
1725392573109 170.0144243609251 178
1725392573125 169.98008508412607 179
1725392573141 169.94575350665377 180
1725392573156 169.91142962668442 181
1725392573172 169.87711344239457 182
1725392573189 169.84280495196126 183
1725392573212 169.80850415356198 184
1725392573234 169.77421104537476 185
1725392573263 169.73992562557797 186
1725392573282 169.7056478923504 187
1725392573309 169.67137784387154 188
1725392573326 169.63711547832096 189
1725392573351 169.60286079387905 190
1725392573364 169.56861378872634 191
1725392573376 169.53437446104405 192
1725392573388 169.5001428090137 193
1725392573400 169.46591883081737 194
1725392573412 169.4317025246375 195
1725392573424 169.39749388865698 196
1725392573438 169.3632929210593 197
1725392573454 169.3290996200282 198
1725392573469 169.2949139837479 199
1725392573486 169.2607360104033 200
1725392573503 169.22656569817948 201
1725392573520 169.19240304526207 202
1725392573536 169.15824804983717 203
1725392573552 169.1241007100913 204
1725392573573 169.0899610242115 205
1725392573596 169.05582899038515 206
1725392573616 169.0217046068001 207
1725392573638 168.98758787164482 208
1725392573659 168.9534787831079 209
1725392573682 168.91937733937874 210
1725392573706 168.8852835386469 211
1725392573728 168.8511973791026 212
1725392573753 168.81711885893637 213
1725392573775 168.78304797633922 214
1725392573798 168.74898472950272 215
1725392573818 168.71492911661866 216
1725392573836 168.68088113587956 217
1725392573852 168.64684078547816 218
1725392573868 168.61280806360773 219
1725392573884 168.578782968462 220
1725392573900 168.54476549823517 221
1725392573917 168.51075565112183 222
1725392573934 168.47675342531704 223
1725392573950 168.44275881901635 224
1725392573967 168.40877183041562 225
1725392573984 168.37479245771138 226
1725392574000 168.34082069910045 227
1725392574017 168.3068565527801 228
1725392574034 168.27290001694814 229
1725392574050 168.23895108980264 230
1725392574071 168.20500976954241 231
1725392574091 168.1710760543664 232
1725392574114 168.13714994247428 233
1725392574133 168.1032314320659 234
1725392574156 168.06932052134184 235
1725392574177 168.03541720850285 236
1725392574200 168.00152149175034 237
1725392574222 167.96763336928598 238
1725392574245 167.9337528393121 239
1725392574272 167.89987990003124 240
1725392574297 167.86601454964665 241
1725392574323 167.8321567863618 242
1725392574355 167.7983066083807 243
1725392574377 167.76446401390783 244
1725392574400 167.730629001148 245
1725392574422 167.69680156830665 246
1725392574441 167.6629817135895 247
1725392574467 167.62916943520275 248
1725392574496 167.59536473135316 249
1725392574516 167.56156760024777 250
1725392574539 167.52777804009418 251
1725392574565 167.49399604910036 252
1725392574580 167.46022162547482 253
1725392574597 167.4264547674264 254
1725392574614 167.39269547316445 255
1725392574629 167.35894374089875 256
1725392574645 167.32519956883954 257
1725392574666 167.29146295519755 258
1725392574683 167.2577338981838 259
1725392574715 167.2240123960098 260
1725392574744 167.1902984468877 261
1725392574764 167.1565920490299 262
1725392574790 167.12289320064926 263
1725392574814 167.0892018999591 264
1725392574831 167.05551814517324 265
1725392574848 167.02184193450586 266
1725392574864 166.98817326617163 267
1725392574878 166.95451213838567 268
1725392574894 166.92085854936352 269
1725392574911 166.88721249732114 270
1725392574928 166.85357398047498 271
1725392574948 166.81994299704195 272
1725392574976 166.7863195452393 273
1725392574994 166.75270362328487 274
1725392575018 166.7190952293968 275
1725392575042 166.6854943617937 276
1725392575061 166.65190101869476 277
1725392575081 166.61831519831938 278
1725392575104 166.58473689888763 279
1725392575126 166.55116611861985 280
1725392575142 166.51760285573692 281
1725392575166 166.48404710846015 282
1725392575185 166.45049887501125 283
1725392575202 166.41695815361234 284
1725392575219 166.3834249424861 285
1725392575235 166.3498992398556 286
1725392575251 166.31638104394426 287
1725392575268 166.2828703529761 288
1725392575284 166.2493671651754 289
1725392575299 166.21587147876704 290
1725392575319 166.18238329197627 291
1725392575346 166.14890260302872 292
1725392575376 166.11542941015063 293
1725392575397 166.08196371156853 294
1725392575425 166.0485055055094 295
1725392575445 166.01505479020074 296
1725392575461 165.98161156387042 297
1725392575478 165.94817582474676 298
1725392575495 165.91474757105857 299
1725392575511 165.88132680103502 300
1725392575527 165.84791351290582 301
1725392575543 165.814507704901 302
1725392575559 165.78110937525108 303
1725392575584 165.74771852218706 304
1725392575602 165.71433514394036 305
1725392575620 165.6809592387428 306
1725392575644 165.6475908048266 307
1725392575668 165.61422984042463 308
1725392575692 165.58087634376992 309
1725392575709 165.54753031309608 310
1725392575726 165.51419174663718 311
1725392575742 165.48086064262768 312
1725392575759 165.44753699930249 313
1725392575774 165.41422081489694 314
1725392575791 165.3809120876468 315
1725392575808 165.34761081578836 316
1725392575834 165.3143169975582 317
1725392575860 165.28103063119343 318
1725392575882 165.24775171493158 319
1725392575908 165.21448024701073 320
1725392575932 165.18121622566912 321
1725392575950 165.14795964914566 322
1725392575970 165.11471051567963 323
1725392575997 165.08146882351076 324
1725392576026 165.04823457087917 325
1725392576052 165.01500775602545 326
1725392576074 164.98178837719067 327
1725392576100 164.94857643261622 328
1725392576126 164.915371920544 329
1725392576144 164.88217483921642 330
1725392576170 164.84898518687615 331
1725392576196 164.81580296176642 332
1725392576212 164.78262816213092 333
1725392576228 164.74946078621363 334
1725392576245 164.71630083225912 335
1725392576261 164.6831482985123 336
1725392576277 164.6500031832186 337
1725392576292 164.61686548462373 338
1725392576308 164.58373520097402 339
1725392576336 164.55061233051617 340
1725392576361 164.5174968714972 341
1725392576392 164.48438882216468 342
1725392576419 164.45128818076668 343
1725392576442 164.4181949455515 344
1725392576459 164.38510911476806 345
1725392576476 164.35203068666567 346
1725392576492 164.318959659494 347
1725392576509 164.2858960315032 348
1725392576525 164.25283980094386 349
1725392576542 164.21979096606697 350
1725392576558 164.18674952512407 351
1725392576575 164.15371547636698 352
1725392576591 164.12068881804802 353
1725392576607 164.08766954841997 354
1725392576624 164.05465766573593 355
1725392576641 164.02165316824963 356
1725392576658 163.9886560542151 357
1725392576675 163.95566632188675 358
1725392576695 163.9226839695195 359
1725392576716 163.8897089953688 360
1725392576741 163.85674139769034 361
1725392576765 163.82378117474033 362
1725392576792 163.79082832477545 363
1725392576818 163.7578828460527 364
1725392576838 163.7249447368297 365
1725392576857 163.69201399536433 366
1725392576885 163.6590906199149 367
1725392576906 163.6261746087403 368
1725392576932 163.59326596009976 369
1725392576954 163.56036467225286 370
1725392576972 163.52747074345976 371
1725392576996 163.494584171981 372
1725392577014 163.46170495607745 373
1725392577031 163.42883309401057 374
1725392577047 163.39596858404212 375
1725392577063 163.36311142443444 376
1725392577086 163.3302616134501 377
1725392577113 163.29741914935227 378
1725392577136 163.26458403040448 379
1725392577157 163.23175625487065 380
1725392577178 163.19893582101525 381
1725392577196 163.16612272710307 382
1725392577218 163.13331697139938 383
1725392577250 163.10051855216983 384
1725392577271 163.06772746768053 385
1725392577297 163.03494371619811 386
1725392577316 163.00216729598947 387
1725392577337 162.96939820532208 388
1725392577356 162.93663644246365 389
1725392577389 162.90388200568253 390
1725392577420 162.87113489324744 391
1725392577443 162.83839510342742 392
1725392577460 162.80566263449205 393
1725392577476 162.77293748471132 394
1725392577492 162.7402196523556 395
1725392577508 162.70750913569574 396
1725392577525 162.67480593300303 397
1725392577540 162.6421100425491 398
1725392577554 162.60942146260612 399
1725392577570 162.57674019144662 400
1725392577586 162.54406622734354 401
1725392577603 162.51139956857025 402
1725392577620 162.4787402134007 403
1725392577636 162.446088160109 404
1725392577652 162.41344340696995 405
1725392577668 162.38080595225858 406
1725392577684 162.34817579425047 407
1725392577708 162.31555293122156 408
1725392577729 162.28293736144823 409
1725392577741 162.25032908320733 410
1725392577753 162.21772809477608 411
1725392577765 162.1851343944321 412
1725392577778 162.1525479804536 413
1725392577790 162.11996885111898 414
1725392577801 162.08739700470724 415
1725392577815 162.05483243949777 416
1725392577831 162.02227515377032 417
1725392577848 161.98972514580515 418
1725392577864 161.95718241388292 419
1725392577880 161.92464695628468 420
1725392577897 161.89211877129193 421
1725392577913 161.85959785718663 422
1725392577930 161.82708421225107 423
1725392577953 161.7945778347681 424
1725392577978 161.76207872302084 425
1725392577999 161.729586875293 426
1725392578017 161.69710228986855 427
1725392578034 161.66462496503203 428
1725392578059 161.6321548990683 429
1725392578079 161.59969209026275 430
1725392578104 161.56723653690102 431
1725392578124 161.5347882372694 432
1725392578145 161.50234718965436 433
1725392578166 161.46991339234302 434
1725392578189 161.4374868436228 435
1725392578206 161.4050675417816 436
1725392578223 161.37265548510763 437
1725392578240 161.34025067188966 438
1725392578256 161.30785310041682 439
1725392578272 161.27546276897868 440
1725392578289 161.24307967586526 441
1725392578304 161.21070381936687 442
1725392578321 161.17833519777443 443
1725392578352 161.14597380937914 444
1725392578379 161.11361965247272 445
1725392578416 161.08127272534728 446
1725392578441 161.0489330262953 447
1725392578463 161.01660055360975 448
1725392578481 160.98427530558396 449
1725392578505 160.95195728051178 450
1725392578534 160.9196464766874 451
1725392578560 160.88734289240543 452
1725392578587 160.85504652596094 453
1725392578608 160.8227573756494 454
1725392578629 160.79047543976677 455
1725392578652 160.75820071660925 456
1725392578677 160.7259332044737 457
1725392578700 160.69367290165718 458
1725392578715 160.6614198064574 459
1725392578732 160.6291739171723 460
1725392578749 160.59693523210024 461
1725392578765 160.56470374954017 462
1725392578784 160.53247946779135 463
1725392578804 160.50026238515338 464
1725392578820 160.46805249992644 465
1725392578836 160.43584981041107 466
1725392578854 160.4036543149082 467
1725392578871 160.37146601171918 468
1725392578888 160.33928489914587 469
1725392578904 160.30711097549042 470
1725392578921 160.27494423905546 471
1725392578936 160.24278468814404 472
1725392578956 160.21063232105968 473
1725392578981 160.17848713610624 474
1725392579003 160.14634913158798 475
1725392579027 160.11421830580971 476
1725392579054 160.08209465707657 477
1725392579082 160.04997818369404 478
1725392579109 160.01786888396825 479
1725392579135 159.98576675620546 480
1725392579163 159.95367179871258 481
1725392579185 159.92158400979682 482
1725392579203 159.8895033877659 483
1725392579221 159.8574299309278 484
1725392579247 159.82536363759107 485
1725392579265 159.79330450606463 486
1725392579289 159.76125253465784 487
1725392579312 159.7292077216804 488
1725392579329 159.69717006544252 489
1725392579346 159.6651395642548 490
1725392579368 159.63311621642814 491
1725392579399 159.60110002027415 492
1725392579430 159.56909097410448 493
1725392579447 159.53708907623155 494
1725392579485 159.50509432496793 495
1725392579508 159.47310671862675 496
1725392579534 159.4411262555215 497
1725392579559 159.40915293396617 498
1725392579584 159.377186752275 499
