1725384923111 168.81788247382886 0
1725384923140 168.78405387745775 1
1725384923170 168.75057048742184 2
1725384923200 168.71708499374094 3
1725384923228 168.68360800507904 4
1725384923256 168.6501359675599 5
1725384923288 168.61667507963475 6
1725384923323 168.58322079148996 7
1725384923360 168.54977098076193 8
1725384923385 168.51633136010008 9
1725384923415 168.48289463814132 10
1725384923440 168.44946724871966 11
1725384923466 168.41604350694766 12
1725384923492 168.38263000743126 13
1725384923514 168.34922173364342 14
1725384923541 168.31581520613489 15
1725384923565 168.28242109135707 16
1725384923599 168.24903495215278 17
1725384923632 168.21565020858623 18
1725384923662 168.18227853088638 19
1725384923689 168.14890698343615 20
1725384923720 168.11554555004344 21
1725384923750 168.0821904228543 22
1725384923785 168.04884187426276 23
1725384923808 168.0154980866611 24
1725384923833 167.98216507268376 25
1725384923854 167.9488335984442 26
1725384923880 167.9155129320326 27
1725384923908 167.88219494976897 28
1725384923940 167.8488872890131 29
1725384923973 167.8155888096216 30
1725384924006 167.7822941348292 31
1725384924037 167.7490050148337 32
1725384924063 167.71571794063442 33
1725384924084 167.68244194850612 34
1725384924108 167.64917614504344 35
1725384924133 167.61591486227104 36
1725384924158 167.58265726919845 37
1725384924197 167.54940845105838 38
1725384924227 167.51616845634734 39
1725384924251 167.48293511434412 40
1725384924304 167.44970192934667 41
1725384924371 167.4164796512621 42
1725384924406 167.38326176898838 43
1725384924427 167.35005451398922 44
1725384924455 167.31685027556853 45
1725384924483 167.28365900142413 46
1725384924507 167.25046854554327 47
1725384924533 167.21728532669772 48
1725384924556 167.1841071398147 49
1725384924589 167.15093598647212 50
1725384924615 167.11777784432263 51
1725384924639 167.08461892381413 52
1725384924662 167.05147091410822 53
1725384924684 167.01832797365523 54
1725384924707 166.98519256145545 55
1725384924731 166.95206226777648 56
1725384924755 166.91893744981516 57
1725384924779 166.88582503006793 58
1725384924802 166.85270922733812 59
1725384924834 166.81960864556868 60
1725384924858 166.7865137998628 61
1725384924881 166.7534232212842 62
1725384924905 166.72033858218563 63
1725384924931 166.68726319110883 64
1725384924958 166.6541911211623 65
1725384924988 166.62113062106658 66
1725384925018 166.58806882044928 67
1725384925041 166.55502258083806 68
1725384925071 166.52197873225268 69
1725384925096 166.48893643749645 70
1725384925120 166.4559075388554 71
1725384925144 166.42288556788753 72
1725384925167 166.38986883942573 73
1725384925191 166.3568590637644 74
1725384925216 166.3238567161137 75
1725384925240 166.29085506419133 76
1725384925262 166.25786464301356 77
1725384925286 166.2248775823878 78
1725384925309 166.19190240935987 79
1725384925330 166.1589336878949 80
1725384925352 166.12596608212573 81
1725384925380 166.09300809140893 82
1725384925404 166.06005964641338 83
1725384925427 166.02711444168958 84
1725384925450 165.99417333728437 85
1725384925474 165.9612401130833 86
1725384925497 165.92831523165282 87
1725384925520 165.895397719984 88
1725384925543 165.86248829645115 89
1725384925568 165.82957991094483 90
1725384925599 165.79668592659 91
1725384925631 165.76378506603024 92
1725384925654 165.73090165447832 93
1725384925680 165.6980241312714 94
1725384925704 165.66515009763836 95
1725384925729 165.6322867447257 96
1725384925754 165.5994295978296 97
1725384925778 165.56657379962 98
1725384925801 165.53372658064606 99
1725384925826 165.50088163940498 100
1725384925845 165.46805358350275 101
1725384925869 165.43522746544383 102
1725384925893 165.40240442998842 103
1725384925912 165.36959493657335 104
1725384925930 165.33678753209585 105
1725384925961 165.30398320578033 106
1725384925992 165.27119237769182 107
1725384926021 165.23840764245105 108
1725384926046 165.20562320850763 109
1725384926075 165.17284574849768 110
1725384926097 165.14008086188593 111
1725384926124 165.10732249381874 112
1725384926148 165.07456727867657 113
1725384926179 165.04181220755962 114
1725384926206 165.00907442280712 115
1725384926237 164.97634207408473 116
1725384926267 164.94361176940902 117
1725384926299 164.91088942703655 118
1725384926328 164.87817265062938 119
1725384926347 164.84546228288573 120
1725384926372 164.8127607471235 121
1725384926396 164.7800683311616 122
1725384926423 164.74737980884188 123
1725384926446 164.71469794241924 124
1725384926472 164.68201578854814 125
1725384926505 164.64934664975516 126
1725384926562 164.61668762822032 127
1725384926586 164.58402778038138 128
1725384926611 164.55137842388575 129
1725384926633 164.51873429588733 130
1725384926659 164.48609753008196 131
1725384926685 164.4534695932994 132
1725384926716 164.4208425409867 133
1725384926741 164.38822461345995 134
1725384926769 164.35561211028335 135
1725384926795 164.32300643871017 136
1725384926820 164.29041324662748 137
1725384926844 164.25782134360924 138
1725384926867 164.22523459637924 139
1725384926890 164.19265888084962 140
1725384926914 164.16008369808776 141
1725384926939 164.12751819406324 142
1725384926963 164.0949564727318 143
1725384926986 164.06240689441668 144
1725384927012 164.02986283557098 145
1725384927035 163.99732198518834 146
1725384927059 163.96478763404113 147
1725384927089 163.9322599499362 148
1725384927121 163.89973927123958 149
1725384927143 163.86722723617558 150
1725384927170 163.83472139583978 151
1725384927195 163.80221901522552 152
1725384927218 163.76972500570733 153
1725384927253 163.7372396457788 154
1725384927293 163.70476093088357 155
1725384927320 163.67228162715858 156
1725384927348 163.6398106158678 157
1725384927378 163.6073526482634 158
1725384927399 163.57489584880005 159
1725384927422 163.54244948353542 160
1725384927442 163.5100092522682 161
1725384927466 163.4775746747013 162
1725384927491 163.44514088870304 163
1725384927515 163.41271459598164 164
1725384927540 163.38030114762606 165
1725384927565 163.34789221379674 166
1725384927591 163.3154893149309 167
1725384927627 163.28309138786065 168
1725384927650 163.25070437992645 169
1725384927671 163.21831882199842 170
1725384927694 163.18593846953857 171
1725384927718 163.15356725959148 172
1725384927744 163.12120312343333 173
1725384927769 163.08884758581056 174
1725384927794 163.05649369109278 175
1725384927824 163.02414935674327 176
1725384927856 162.99181121421995 177
1725384927879 162.95947946652558 178
1725384927905 162.9271488682148 179
1725384927931 162.89483243111164 180
1725384927958 162.86251893606445 181
1725384927981 162.83021476462596 182
1725384928006 162.79791614921515 183
1725384928030 162.76561878511566 184
1725384928054 162.7333301550906 185
1725384928095 162.701053027325 186
1725384928121 162.66877606860726 187
1725384928144 162.63651151503115 188
1725384928173 162.60424741162535 189
1725384928196 162.57199341572542 190
1725384928218 162.53974337654955 191
1725384928243 162.50750209717694 192
1725384928265 162.47526891944574 193
1725384928286 162.4430396541465 194
1725384928314 162.41081198606122 195
1725384928338 162.37859769755607 196
1725384928360 162.34639185525248 197
1725384928384 162.31418647087182 198
1725384928415 162.28198667273145 199
1725384928443 162.2497949021153 200
1725384928464 162.21761444391421 201
1725384928483 162.18543757701013 202
1725384928520 162.15326351696373 203
1725384928556 162.1211001033129 204
1725384928582 162.08893859428716 205
1725384928615 162.05678926409624 206
1725384928646 162.02464301890083 207
1725384928676 161.99250660310076 208
1725384928707 161.9603705307168 209
1725384928748 161.92824632078776 210
1725384928778 161.89612510098758 211
1725384928805 161.86401069005368 212
1725384928831 161.83190344389604 213
1725384928855 161.7998038330753 214
1725384928879 161.76771111925993 215
1725384928916 161.73562296516434 216
1725384928944 161.70353874335552 217
1725384928964 161.6714641882761 218
1725384928994 161.63939475062963 219
1725384929024 161.60733459507094 220
1725384929057 161.57527652647366 221
1725384929088 161.54323090204002 222
1725384929120 161.51118439571135 223
1725384929144 161.47914801778882 224
1725384929170 161.44711919141048 225
1725384929198 161.41509514756711 226
1725384929232 161.3830737268396 227
1725384929251 161.3510622116548 228
1725384929272 161.31906258632714 229
1725384929297 161.2870666625045 230
1725384929320 161.25507027491543 231
1725384929347 161.2230825296876 232
1725384929382 161.19110408564808 233
1725384929416 161.15913353357297 234
1725384929439 161.127166162116 235
1725384929470 161.09520931171588 236
1725384929490 161.06325245466 237
1725384929516 161.0313069634785 238
1725384929541 160.99936410463994 239
1725384929582 160.96742922205993 240
1725384929608 160.93550224517813 241
1725384929639 160.90357978745087 242
1725384929664 160.87166397052658 243
1725384929700 160.8397578498489 244
1725384929729 160.8078555825234 245
1725384929759 160.77595737069294 246
1725384929788 160.7440655646651 247
1725384929813 160.7121822751943 248
1725384929837 160.68030562559002 249
1725384929864 160.64843756787963 250
1725384929888 160.6165706919188 251
1725384929913 160.58471522658357 252
1725384929938 160.55285715848902 253
1725384929963 160.52101489737404 254
1725384929999 160.48917523486278 255
1725384930025 160.45734146817952 256
1725384930049 160.42551989519728 257
1725384930071 160.3936975175393 258
1725384930093 160.3618851699655 259
1725384930117 160.33007294030259 260
1725384930139 160.29827522859335 261
1725384930164 160.26648118575667 262
1725384930189 160.23469301907681 263
1725384930212 160.20291194028613 264
1725384930236 160.17113647529922 265
1725384930259 160.13936751183715 266
1725384930281 160.10760073108506 267
1725384930309 160.0758467172236 268
1725384930332 160.04409437188585 269
1725384930356 160.01234936129492 270
1725384930380 159.98061660831033 271
1725384930403 159.94888778935817 272
1725384930425 159.91716320783036 273
1725384930447 159.88543656886952 274
1725384930479 159.85372605704907 275
1725384930503 159.8220220377785 276
1725384930524 159.79032444219956 277
1725384930545 159.7586316776771 278
1725384930574 159.72694580799785 279
1725384930599 159.6952653206963 280
1725384930626 159.66358754958233 281
1725384930653 159.63191988444 282
1725384930677 159.60025760906206 283
1725384930705 159.56860507456227 284
1725384930730 159.5369569296686 285
1725384930755 159.5053151083036 286
1725384930779 159.47367897195647 287
1725384930802 159.44204468997864 288
1725384930826 159.41042257126662 289
1725384930853 159.37880353497047 290
1725384930875 159.34719468580852 291
1725384930898 159.31559210265723 292
1725384930923 159.28399417063287 293
1725384930947 159.252401971985 294
1725384930971 159.2208116076494 295
1725384930993 159.18923363426845 296
1725384931018 159.15766042719855 297
1725384931043 159.12609197983727 298
1725384931069 159.09453618357253 299
1725384931092 159.06298365694735 300
1725384931131 159.0314320432733 301
1725384931168 158.99988721661722 302
1725384931191 158.96835223136674 303
1725384931216 158.9368262569978 304
1725384931240 158.9053057657103 305
1725384931270 158.87378535374464 306
1725384931296 158.84227617966425 307
1725384931320 158.81077217241236 308
1725384931344 158.77927471295527 309
1725384931367 158.74778438216484 310
1725384931391 158.71629656559216 311
1725384931414 158.68481934179422 312
1725384931436 158.65335048099774 313
1725384931461 158.62188252596334 314
1725384931484 158.59042303991382 315
1725384931509 158.558964796605 316
1725384931540 158.52751993608848 317
1725384931563 158.49607846132562 318
1725384931586 158.46464587475361 319
1725384931616 158.43321799106542 320
1725384931648 158.4017924383406 321
1725384931672 158.37037755010738 322
1725384931696 158.338966842464 323
1725384931720 158.30756590897693 324
1725384931744 158.2761660424167 325
1725384931769 158.24477705636286 326
1725384931793 158.21339434157795 327
1725384931816 158.18201569944395 328
1725384931839 158.1506389507096 329
1725384931864 158.11927471877004 330
1725384931890 158.08791510599724 331
1725384931916 158.05656370874885 332
1725384931939 158.02521659712156 333
1725384931963 157.99387595790452 334
1725384931987 157.96254110498182 335
1725384932012 157.93121205558927 336
1725384932036 157.89988845217533 337
1725384932060 157.86857334546193 338
1725384932099 157.83726411023497 339
1725384932121 157.80596426336396 340
1725384932149 157.77466729095644 341
1725384932175 157.74337289655944 342
1725384932200 157.71208592126058 343
1725384932229 157.6808110176702 344
1725384932257 157.64953798187744 345
1725384932281 157.61827445520552 346
1725384932306 157.58701646613716 347
1725384932330 157.5557611431087 348
1725384932352 157.52450893117881 349
1725384932379 157.49327165224503 350
1725384932403 157.46203960890645 351
1725384932431 157.43081247423336 352
1725384932474 157.39958644305523 353
1725384932497 157.36837269617791 354
1725384932520 157.3371663306381 355
1725384932554 157.30595750518347 356
1725384932577 157.27476019990695 357
1725384932600 157.24356942137945 358
1725384932622 157.2123846905363 359
1725384932651 157.1812090939567 360
1725384932674 157.15003766852482 361
1725384932696 157.11886898737097 362
1725384932719 157.08770598558914 363
1725384932747 157.05655262903895 364
1725384932779 157.02540789720473 365
1725384932808 156.99426639477923 366
1725384932832 156.96313432655123 367
1725384932855 156.93200477608076 368
1725384932877 156.9008768231838 369
1725384932905 156.8697637896896 370
1725384932937 156.83865365274463 371
1725384932968 156.80754991398828 372
1725384932992 156.7764519367976 373
1725384933015 156.74536311826154 374
1725384933036 156.71427698298208 375
1725384933071 156.6831924928906 376
1725384933116 156.65212319231452 377
1725384933141 156.62105885616216 378
1725384933169 156.58999682982292 379
1725384933196 156.55894207834348 380
1725384933220 156.5278954362834 381
1725384933240 156.4968530333829 382
1725384933261 156.46581827048496 383
1725384933283 156.43478498485987 384
1725384933311 156.40376398138753 385
1725384933334 156.3727464294419 386
1725384933356 156.34173925717184 387
1725384933380 156.31073514513983 388
1725384933403 156.2797273467105 389
1725384933427 156.24873883704052 390
1725384933452 156.21775274568682 391
1725384933475 156.18677374769558 392
1725384933499 156.15580391215514 393
1725384933524 156.12483452722844 394
1725384933549 156.0938705853085 395
1725384933576 156.06291393172955 396
1725384933600 156.03196785214845 397
1725384933623 156.0010248741202 398
1725384933660 155.97008518553895 399
1725384933686 155.93915728579987 400
1725384933712 155.90823605907795 401
1725384933737 155.87731621447884 402
1725384933766 155.8463996667367 403
1725384933790 155.81549465463078 404
1725384933822 155.78459790455167 405
1725384933852 155.75370504045821 406
1725384933876 155.7228164303461 407
1725384933900 155.69193646358218 408
1725384933927 155.661055819391 409
1725384933952 155.63019084748908 410
1725384933976 155.59932848973887 411
1725384934000 155.56847019660736 412
1725384934023 155.5376240148381 413
1725384934047 155.5067786064014 414
1725384934075 155.4759403367332 415
1725384934099 155.44510395344227 416
1725384934124 155.41428039535379 417
1725384934148 155.38346240675014 418
1725384934188 155.35265013277572 419
1725384934252 155.3218427385642 420
1725384934281 155.29104003958207 421
1725384934310 155.2602437187465 422
1725384934341 155.2294550540463 423
1725384934371 155.19867567400485 424
1725384934395 155.16789826160914 425
1725384934416 155.13712571198297 426
1725384934440 155.1063613192063 427
1725384934464 155.07560575682945 428
1725384934487 155.04485343669762 429
1725384934511 155.01410295693395 430
1725384934535 154.98336563363387 431
1725384934559 154.95263373293025 432
1725384934587 154.9219069817468 433
1725384934618 154.8911863760928 434
1725384934648 154.86046826259135 435
1725384934680 154.829758045913 436
1725384934712 154.79905868150638 437
1725384934738 154.7683627147636 438
1725384934762 154.73767069576155 439
1725384934786 154.7069829050741 440
1725384934813 154.67630921622924 441
1725384934838 154.64563505006632 442
1725384934859 154.61496965517114 443
1725384934875 154.5843106886304 444
1725384934897 154.55365347038475 445
1725384934928 154.52300468370106 446
1725384934961 154.49236563382843 447
1725384934990 154.4617315191341 448
1725384935016 154.43109841419658 449
1725384935034 154.4004746420895 450
1725384935062 154.36986032810913 451
1725384935099 154.33924907183092 452
1725384935122 154.30864136030345 453
1725384935152 154.27804623584038 454
1725384935178 154.24745386150983 455
1725384935204 154.216864332593 456
1725384935228 154.1862840428378 457
1725384935256 154.15570929288853 458
1725384935280 154.1251421334579 459
1725384935310 154.094579017392 460
1725384935332 154.06402372729605 461
1725384935355 154.03347185824452 462
1725384935379 154.0029294010315 463
1725384935402 153.9723924354799 464
1725384935426 153.94185876082443 465
1725384935452 153.91133232156292 466
1725384935477 153.88081487364042 467
1725384935497 153.8503025179659 468
1725384935521 153.8197950752151 469
1725384935545 153.78929111492826 470
1725384935569 153.75879555320873 471
1725384935595 153.72830520919237 472
1725384935619 153.69782547078293 473
1725384935656 153.66735140931706 474
1725384935686 153.63687540138946 475
1725384935711 153.60640846093133 476
1725384935737 153.5759520140145 477
1725384935761 153.54550145911287 478
1725384935797 153.51505635490443 479
1725384935824 153.4846144611896 480
1725384935849 153.45418064425934 481
1725384935871 153.42375137649375 482
1725384935902 153.39332852398766 483
1725384935926 153.36291123475823 484
1725384935953 153.33250283645737 485
1725384935975 153.30209827860782 486
1725384935999 153.27170169422226 487
1725384936023 153.2413109511307 488
1725384936048 153.21091981439267 489
1725384936070 153.18054397776635 490
1725384936093 153.15016830565696 491
1725384936122 153.11980194095636 492
1725384936159 153.08944004103074 493
1725384936186 153.05908806955125 494
1725384936208 153.02873214515432 495
1725384936226 152.99838981020613 496
1725384936251 152.96805474690427 497
1725384936277 152.93772174204014 498
1725384936303 152.9073985544983 499
