1725404910913 169.15949537300654 0
1725404910928 169.14205671590054 1
1725404910943 169.12506624235925 2
1725404910960 169.10807746102716 3
1725404910978 169.09109039597737 4
1725404910996 169.0741050470337 5
1725404911013 169.0571214140211 6
1725404911035 169.0401394967647 7
1725404911053 169.02315929508964 8
1725404911070 169.00618080882094 9
1725404911096 168.98920403778382 10
1725404911125 168.97222898180337 11
1725404911151 168.9552556407048 12
1725404911175 168.93828401431324 13
1725404911194 168.92131410245392 14
1725404911212 168.9043459049521 15
1725404911230 168.88737942163297 16
1725404911246 168.87041465232187 17
1725404911266 168.85345159684394 18
1725404911284 168.83649025502461 19
1725404911302 168.8195306266891 20
1725404911320 168.8025727116628 21
1725404911347 168.78561650977105 22
1725404911372 168.76866202083917 23
1725404911391 168.75170924469262 24
1725404911407 168.73475818115674 25
1725404911424 168.71780883005698 26
1725404911441 168.70086119121876 27
1725404911471 168.68391526446757 28
1725404911501 168.66697104962887 29
1725404911527 168.65002854652818 30
1725404911550 168.63308775499092 31
1725404911578 168.61614867484275 32
1725404911597 168.59921130590914 33
1725404911617 168.58227564801564 34
1725404911649 168.5653417009879 35
1725404911674 168.54840946465148 36
1725404911701 168.531478938832 37
1725404911729 168.51455012335512 38
1725404911754 168.49762301804648 39
1725404911773 168.48069762273178 40
1725404911801 168.4637739372367 41
1725404911833 168.44685196138693 42
1725404911870 168.4299316950082 43
1725404911896 168.4130131379263 44
1725404911921 168.39609628996695 45
1725404911947 168.37918115095596 46
1725404911975 168.3622677207191 47
1725404911999 168.34535599908222 48
1725404912028 168.32844598587116 49
1725404912055 168.31153768091178 50
1725404912087 168.2946310840299 51
1725404912220 168.27772619505146 52
1725404912257 168.26082301380234 53
1725404912275 168.24392154010852 54
1725404912296 168.2270217737959 55
1725404912325 168.2101237146905 56
1725404912356 168.1932273626182 57
1725404912385 168.17633271740507 58
1725404912415 168.15943977887716 59
1725404912456 168.1425485468604 60
1725404912491 168.12565902118095 61
1725404912522 168.1087712016648 62
1725404912551 168.0918850881381 63
1725404912582 168.07500068042697 64
1725404912608 168.05811797835744 65
1725404912630 168.04123698175576 66
1725404912662 168.02435769044803 67
1725404912695 168.00748010426048 68
1725404912724 167.99060422301926 69
1725404912750 167.9737300465506 70
1725404912782 167.95685757468073 71
1725404912813 167.93998680723593 72
1725404912838 167.92311774404243 73
1725404912865 167.90625038492655 74
1725404912903 167.8893847297146 75
1725404912931 167.87252077823288 76
1725404912961 167.85565853030772 77
1725404912996 167.83879798576552 78
1725404913029 167.82193914443263 79
1725404913059 167.80508200613548 80
1725404913088 167.78822657070046 81
1725404913121 167.77137283795395 82
1725404913151 167.75452080772249 83
1725404913182 167.73767047983253 84
1725404913215 167.7208218541105 85
1725404913247 167.70397493038294 86
1725404913272 167.68712970847642 87
1725404913305 167.67028618821743 88
1725404913329 167.6534443694325 89
1725404913355 167.63660425194823 90
1725404913381 167.61976583559127 91
1725404913403 167.60292912018815 92
1725404913433 167.58609410556556 93
1725404913470 167.56926079155008 94
1725404913504 167.55242917796843 95
1725404913533 167.5355992646473 96
1725404913563 167.51877105141335 97
1725404913591 167.50194453809337 98
1725404913615 167.485119724514 99
1725404913646 167.46829661050205 100
1725404913673 167.4514751958843 101
1725404913703 167.43465548048755 102
1725404913737 167.4178374641386 103
1725404913768 167.40102114666422 104
1725404913794 167.38420652789137 105
1725404913825 167.3673936076468 106
1725404913846 167.35058238575743 107
1725404913872 167.33377286205018 108
1725404913896 167.31696503635197 109
1725404913929 167.30015890848972 110
1725404913967 167.28335447829036 111
1725404914000 167.26655174558093 112
1725404914022 167.24975071018835 113
1725404914055 167.23295137193966 114
1725404914082 167.21615373066186 115
1725404914112 167.19935778618202 116
1725404914138 167.18256353832717 117
1725404914164 167.16577098692443 118
1725404914194 167.14898013180087 119
1725404914220 167.13219097278358 120
1725404914251 167.11540350969975 121
1725404914281 167.0986177423765 122
1725404914310 167.081833670641 123
1725404914340 167.06505129432043 124
1725404914370 167.048270613242 125
1725404914399 167.03149162723292 126
1725404914422 167.01471433612048 127
1725404914449 166.99793873973184 128
1725404914481 166.98116483789437 129
1725404914515 166.96439263043533 130
1725404914538 166.94762211718202 131
1725404914565 166.9308532979618 132
1725404914590 166.91408617260194 133
1725404914621 166.8973207409299 134
1725404914652 166.880557002773 135
1725404914685 166.8637949579587 136
1725404914713 166.84703460631437 137
1725404914741 166.83027594766745 138
1725404914764 166.8135189818454 139
1725404914795 166.79676370867568 140
1725404914824 166.78001012798583 141
1725404914847 166.76325823960335 142
1725404914871 166.74650804335567 143
1725404914903 166.72975953907044 144
1725404914931 166.71301272657522 145
1725404914957 166.6962676056975 146
1725404914983 166.67952417626492 147
1725404915013 166.66278243810515 148
1725404915038 166.6460423910458 149
1725404915064 166.62930403491447 150
1725404915095 166.61256736953888 151
1725404915125 166.59583239474665 152
1725404915156 166.57909911036558 153
1725404915185 166.56236751622333 154
1725404915215 166.54563761214766 155
1725404915240 166.52890939796632 156
1725404915272 166.51218287350707 157
1725404915297 166.49545803859775 158
1725404915330 166.47873489306613 159
1725404915358 166.46201343674005 160
1725404915388 166.4452936694474 161
1725404915418 166.42857559101597 162
1725404915446 166.41185920127367 163
1725404915471 166.39514450004845 164
1725404915506 166.37843148716817 165
1725404915535 166.36172016246078 166
1725404915563 166.34501052575428 167
1725404915590 166.32830257687652 168
1725404915623 166.31159631565566 169
1725404915656 166.29489174191954 170
1725404915688 166.27818885549635 171
1725404915721 166.261487656214 172
1725404915751 166.2447881439006 173
1725404915784 166.2280903183842 174
1725404915820 166.211394179493 175
1725404915848 166.194699727055 176
1725404915875 166.17800696089836 177
1725404915907 166.16131588085128 178
1725404915931 166.14462648674186 179
1725404915957 166.12793877839832 180
1725404915987 166.1112527556489 181
1725404916017 166.09456841832173 182
1725404916048 166.07788576624512 183
1725404916071 166.06120479924732 184
1725404916098 166.0445255171566 185
1725404916127 166.02784791980125 186
1725404916162 166.01117200700958 187
1725404916191 165.99449777860988 188
1725404916223 165.97782523443055 189
1725404916253 165.96115437429995 190
1725404916282 165.94448519804644 191
1725404916305 165.92781770549843 192
1725404916330 165.9111518964843 193
1725404916355 165.89448777083257 194
1725404916384 165.87782532837164 195
1725404916414 165.86116456892995 196
1725404916448 165.84450549233603 197
1725404916475 165.82784809841834 198
1725404916505 165.81119238700552 199
1725404916542 165.794538357926 200
1725404916568 165.77788601100835 201
1725404916600 165.76123534608118 202
1725404916630 165.74458636297308 203
1725404916662 165.72793906151261 204
1725404916692 165.71129344152848 205
1725404916717 165.69464950284933 206
1725404916745 165.67800724530377 207
1725404916773 165.66136666872052 208
1725404916795 165.64472777292826 209
1725404916821 165.62809055775577 210
1725404916849 165.6114550230317 211
1725404916874 165.59482116858487 212
1725404916908 165.578188994244 213
1725404916939 165.5615584998379 214
1725404916963 165.54492968519543 215
1725404916990 165.52830255014533 216
1725404917015 165.51167709451653 217
1725404917043 165.49505331813782 218
1725404917074 165.4784312208381 219
1725404917100 165.46181080244622 220
1725404917131 165.44519206279122 221
1725404917156 165.42857500170192 222
1725404917187 165.41195961900732 223
1725404917214 165.39534591453636 224
1725404917238 165.37873388811806 225
1725404917263 165.36212353958138 226
1725404917288 165.34551486875537 227
1725404917308 165.3289078754691 228
1725404917339 165.3123025595515 229
1725404917370 165.2956989208318 230
1725404917400 165.27909695913903 231
1725404917430 165.26249667430224 232
1725404917459 165.2458980661506 233
1725404917489 165.2293011345133 234
1725404917514 165.2127058792194 235
1725404917554 165.1961123000982 236
1725404917581 165.17952039697886 237
1725404917606 165.16293016969055 238
1725404917630 165.1463416180625 239
1725404917658 165.12975474192402 240
1725404917680 165.11316954110438 241
1725404917704 165.09658601543276 242
1725404917733 165.08000416473854 243
1725404917766 165.0634239888511 244
1725404917790 165.04684548759968 245
1725404917814 165.0302686608137 246
1725404917837 165.01369350832246 247
1725404917871 164.99712002995545 248
1725404917897 164.98054822554198 249
1725404917928 164.96397809491154 250
1725404917960 164.94740963789357 251
1725404917989 164.93084285431755 252
1725404918017 164.9142777440129 253
1725404918048 164.89771430680918 254
1725404918074 164.8811525425359 255
1725404918094 164.8645924510225 256
1725404918130 164.84803403209864 257
1725404918158 164.83147728559385 258
1725404918182 164.8149222113377 259
1725404918208 164.79836880915985 260
1725404918231 164.78181707888987 261
1725404918262 164.76526702035738 262
1725404918290 164.74871863339212 263
1725404918321 164.73217191782368 264
1725404918356 164.7156268734818 265
1725404918382 164.69908350019617 266
1725404918408 164.68254179779655 267
1725404918438 164.66600176611263 268
1725404918468 164.6494634049742 269
1725404918488 164.63292671421104 270
1725404918515 164.61639169365296 271
1725404918548 164.59985834312977 272
1725404918571 164.5833266624713 273
1725404918597 164.56679665150736 274
1725404918624 164.5502683100679 275
1725404918656 164.53374163798276 276
1725404918684 164.51721663508184 277
1725404918716 164.50069330119507 278
1725404918746 164.48417163615238 279
1725404918776 164.46765163978372 280
1725404918807 164.4511333119191 281
1725404918839 164.4346166523885 282
1725404918867 164.41810166102192 283
1725404918897 164.4015883376494 284
1725404918924 164.38507668210093 285
1725404918950 164.3685666942066 286
1725404918983 164.35205837379658 287
1725404919010 164.33555172070083 288
1725404919041 164.31904673474952 289
1725404919072 164.30254341577282 290
1725404919104 164.28604176360082 291
1725404919131 164.26954177806377 292
1725404919156 164.25304345899178 293
1725404919185 164.23654680621502 294
1725404919217 164.22005181956382 295
1725404919245 164.20355849886835 296
1725404919278 164.1870668439589 297
1725404919310 164.17057685466568 298
1725404919340 164.15408853081905 299
1725404919364 164.1376018722493 300
1725404919397 164.12111687878675 301
1725404919425 164.1046335502617 302
1725404919449 164.08815188650456 303
1725404919477 164.07167188734573 304
1725404919510 164.05519355261558 305
1725404919553 164.0387168821445 306
1725404919583 164.02224187576294 307
1725404919617 164.00576853330136 308
1725404919647 163.9892968545902 309
1725404919672 163.97282683946 310
1725404919700 163.95635848774123 311
1725404919733 163.93989179926433 312
1725404919757 163.92342677385997 313
1725404919783 163.90696341135865 314
1725404919807 163.89050171159093 315
1725404919835 163.8740416743874 316
1725404919868 163.8575832995786 317
1725404919906 163.8411265869953 318
1725404919935 163.82467153646806 319
1725404919968 163.80821814782755 320
1725404919997 163.79176642090445 321
1725404920024 163.77531635552947 322
1725404920055 163.75886795153323 323
1725404920076 163.74242120874658 324
1725404920107 163.72597612700022 325
1725404920136 163.70953270612492 326
1725404920164 163.69309094595144 327
1725404920190 163.6766508463106 328
1725404920220 163.66021240703319 329
1725404920250 163.6437756279501 330
1725404920279 163.62734050889213 331
1725404920314 163.61090704969018 332
1725404920341 163.59447525017512 333
1725404920377 163.57804511017787 334
1725404920409 163.56161662952934 335
1725404920433 163.5451898080605 336
1725404920463 163.52876464560222 337
1725404920488 163.5123411419856 338
1725404920514 163.49591929704155 339
1725404920547 163.4794991106011 340
1725404920582 163.46308058249528 341
1725404920608 163.4466637125551 342
1725404920638 163.43024850061164 343
1725404920667 163.41383494649602 344
1725404920698 163.39742305003935 345
1725404920729 163.38101281107268 346
1725404920759 163.36460422942713 347
1725404920795 163.34819730493393 348
1725404920825 163.3317920374242 349
1725404920851 163.31538842672916 350
1725404920885 163.29898647267993 351
1725404920917 163.2825861751078 352
1725404920951 163.26618753384398 353
1725404920983 163.24979054871974 354
1725404921013 163.23339521956638 355
1725404921038 163.2170015462151 356
1725404921070 163.2006095284973 357
1725404921098 163.18421916624425 358
1725404921128 163.1678304592873 359
1725404921156 163.15144340745786 360
1725404921183 163.13505801058724 361
1725404921212 163.11867426850685 362
1725404921241 163.10229218104817 363
1725404921274 163.08591174804252 364
1725404921305 163.06953296932141 365
1725404921330 163.0531558447163 366
1725404921358 163.03678037405865 367
1725404921388 163.02040655717997 368
1725404921417 163.0040343939118 369
1725404921448 162.98766388408566 370
1725404921473 162.97129502753307 371
1725404921503 162.95492782408564 372
1725404921531 162.93856227357495 373
1725404921567 162.92219837583258 374
1725404921600 162.90583613069015 375
1725404921632 162.88947553797937 376
1725404921662 162.87311659753178 377
1725404921687 162.85675930917915 378
1725404921720 162.84040367275313 379
1725404921747 162.82404968808544 380
1725404921771 162.8076973550078 381
1725404921805 162.79134667335194 382
1725404921830 162.77499764294961 383
1725404921858 162.7586502636327 384
1725404921889 162.74230453523282 385
1725404921923 162.72596045758195 386
1725404921947 162.70961803051182 387
1725404921975 162.69327725385432 388
1725404922004 162.67693812744128 389
1725404922034 162.66060065110463 390
1725404922060 162.64426482467624 391
1725404922091 162.62793064798805 392
1725404922113 162.61159812087195 393
1725404922142 162.59526724315995 394
1725404922211 162.57893801468396 395
1725404922238 162.562610435276 396
1725404922264 162.54628450476807 397
1725404922295 162.52996022299223 398
1725404922321 162.51363758978047 399
1725404922352 162.49731660496485 400
1725404922381 162.48099726837742 401
1725404922414 162.46467957985035 402
1725404922436 162.44836353921568 403
1725404922465 162.4320491463056 404
1725404922492 162.41573640095217 405
1725404922519 162.39942530298757 406
1725404922550 162.38311585224403 407
1725404922590 162.36680804855374 408
1725404922624 162.35050189174885 409
1725404922656 162.33419738166168 410
1725404922680 162.31789451812438 411
1725404922738 162.3015933009693 412
1725404922771 162.28529373002866 413
1725404922810 162.2689958051348 414
1725404922849 162.25269952612004 415
1725404922876 162.23640489281664 416
1725404922908 162.22011190505705 417
1725404922942 162.2038205626736 418
1725404922977 162.18753086549867 419
1725404923007 162.17124281336461 420
1725404923032 162.154956406104 421
1725404923063 162.13867164354912 422
1725404923095 162.1223885255325 423
1725404923123 162.10610705188657 424
1725404923154 162.0898272224439 425
1725404923183 162.07354903703688 426
1725404923214 162.05727249549815 427
1725404923237 162.04099759766018 428
1725404923266 162.0247243433556 429
1725404923297 162.0084527324169 430
1725404923334 161.99218276467676 431
1725404923393 161.97591443996768 432
1725404923422 161.95964775812237 433
1725404923450 161.9433827189735 434
1725404923481 161.9271193223537 435
1725404923506 161.91085756809562 436
1725404923537 161.89459745603205 437
1725404923566 161.87833898599555 438
1725404923600 161.862082157819 439
1725404923632 161.8458269713351 440
1725404923663 161.82957342637658 441
1725404923696 161.8133215227763 442
1725404923726 161.797071260367 443
1725404923755 161.78082263898156 444
1725404923785 161.76457565845274 445
1725404923815 161.74833031861345 446
1725404923844 161.73208661929655 447
1725404923874 161.71584456033494 448
1725404923907 161.6996041415615 449
1725404923932 161.68336536280916 450
1725404923966 161.66712822391085 451
1725404923995 161.65089272469956 452
1725404924025 161.63465886500825 453
1725404924053 161.6184266446699 454
1725404924078 161.60219606351757 455
1725404924105 161.58596712138424 456
1725404924131 161.56973981810296 457
1725404924156 161.5535141535068 458
1725404924184 161.5372901274288 459
1725404924213 161.52106773970212 460
1725404924240 161.50484699015985 461
1725404924267 161.4886278786351 462
1725404924298 161.47241040496107 463
1725404924322 161.45619456897086 464
1725404924351 161.43998037049772 465
1725404924385 161.42376780937477 466
1725404924417 161.40755688543527 467
1725404924447 161.39134759851248 468
1725404924479 161.37513994843962 469
1725404924510 161.35893393504995 470
1725404924541 161.3427295581768 471
1725404924571 161.32652681765344 472
1725404924607 161.3103257133132 473
1725404924638 161.2941262449894 474
1725404924670 161.27792841251545 475
1725404924698 161.26173221572466 476
1725404924722 161.24553765445046 477
1725404924750 161.22934472852623 478
1725404924781 161.21315343778542 479
1725404924812 161.19696378206143 480
1725404924841 161.18077576118776 481
1725404924872 161.16458937499786 482
1725404924904 161.14840462332523 483
1725404924935 161.1322215060034 484
1725404924970 161.11604002286592 485
1725404924997 161.09986017374624 486
1725404925023 161.083681958478 487
1725404925048 161.0675053768948 488
1725404925078 161.05133042883014 489
1725404925112 161.0351571141177 490
1725404925141 161.01898543259117 491
1725404925167 161.00281538408407 492
1725404925195 160.98664696843014 493
1725404925224 160.97048018546303 494
1725404925255 160.95431503501646 495
1725404925287 160.9381515169242 496
1725404925322 160.9219896310199 497
1725404925349 160.9058293771373 498
1725404925380 160.8896707551103 499
