1725385482979 272927736.30096835 0
1725385483063 2.5080457620096428e+20 1
1725385483136 1.4181513088971944e+30 2
1725385483198 8.300805492805209e+36 3
1725385483268 8.746613403630611e+52 4
1725385483340 1.1523302538958607e+64 5
1725385483420 8.415883157893548e+71 6
1725385483484 6.963227581087765e+82 7
1725385483560 7.259878293524221e+93 8
1725385483627 3.9040197991563607e+102 9
1725385483720 2.8376782507513666e+117 10
1725385483782 5.969485378687113e+126 11
1725385483841 1.5962376353723342e+138 12
1725385483912 2.447219471236506e+149 13
1725385483980 1.4761404129473914e+159 14
1725385484040 1.097132970289848e+173 15
1725385484117 7.370867812318923e+184 16
1725385484288 1.301200190881482e+196 17
1725385484347 2.83226449763269e+206 18
1725385484418 1.8773214245003288e+217 19
1725385484494 3.70305768094315e+228 20
1725385484572 2.311996672950396e+238 21
1725385484641 1.0961783618417555e+253 22
1725385484707 2.955247987150921e+260 23
1725385484767 1.5455232452559893e+270 24
1725385484842 6.665783999537883e+283 25
1725385484921 4.342564484661175e+294 26
1725385484992 inf 27
1725385485057 inf 28
