1725419493010 34.867432947861815 0
1725419493040 11.647076764226982 1
1725419493072 6.848114534485194 2
1725419493093 5.816377543946917 3
1725419493115 4.969387506089361 4
1725419493133 4.736177678798852 5
1725419493149 4.72969416404084 6
1725419493166 4.7412439455071205 7
1725419493196 4.841410762668441 8
1725419493213 5.12201777572956 9
1725419493232 5.077145838880766 10
1725419493247 4.772283279726262 11
1725419493276 4.79259637014387 12
1725419493312 4.726702427224053 13
1725419493420 4.670102860747334 14
1725419493455 4.967513689523429 15
1725419493475 4.710749768238026 16
1725419493496 5.039292432222829 17
1725419493520 4.842219235829157 18
1725419493545 5.095452292881496 19
1725419493573 4.5687814463703535 20
1725419493609 4.8153093923987385 21
1725419493626 4.996988787769728 22
1725419493644 4.739328328392767 23
1725419493660 4.583345475122988 24
1725419493683 4.762686398523686 25
1725419493704 4.777425011993316 26
1725419493725 4.896788310613244 27
1725419493751 4.5274744690854085 28
1725419493770 4.7668362691337895 29
1725419493790 4.644200836871748 30
1725419493816 4.511435482727679 31
1725419493836 4.746390654655712 32
1725419493862 4.9552641604102545 33
1725419493884 4.859246987063942 34
1725419493910 4.799187146926569 35
1725419493935 4.611827504787496 36
1725419493962 4.536067534439797 37
1725419493988 4.906250789317842 38
1725419494016 4.535826613172369 39
1725419494042 4.661371430878261 40
1725419494062 4.983752423096122 41
1725419494082 4.785028400485755 42
1725419494100 4.772532823382701 43
1725419494119 4.720510496078919 44
1725419494136 4.837578781185681 45
1725419494153 5.0125806418484435 46
1725419494180 4.775866672808964 47
1725419494216 5.0677969515812595 48
1725419494249 4.646581786287222 49
1725419494280 4.693861313188756 50
1725419494308 4.446610498993777 51
1725419494329 4.643900271487165 52
