1725358843213 81.90548245002199 0
1725358843319 31.600172338616147 1
1725358843393 20.123340213345216 2
1725358843459 14.465668901252577 3
1725358843525 7.0548944240956075 4
1725358843586 8.332303313707195 5
1725358843658 7.588081819386695 6
1725358843725 5.150250303274852 7
1725358843793 2.9724820237992446 8
1725358843854 4.36602532246098 9
1725358843915 7.997249468974129 10
1725358843980 5.639689901489562 11
1725358844034 3.994992485865723 12
1725358844099 3.856976153523255 13
1725358844215 5.366918818432764 14
1725358844322 5.496428446428218 15
1725358844380 4.455225011354557 16
1725358844446 5.129182724972201 17
1725358844525 4.021882824093396 18
1725358844594 4.41110722162808 19
1725358844656 8.015619756257815 20
1725358844727 4.939263162663434 21
1725358844802 5.970436350093416 22
1725358844885 2.303620395148141 23
1725358844962 6.620736224131594 24
1725358845104 5.8777309403481945 25
1725358845174 4.935123795754855 26
1725358845236 5.449470146446896 27
1725358845288 4.479954020840731 28
1725358845351 5.696357724163296 29
1725358845395 2.4857224060379304 30
1725358845444 6.347994673540031 31
1725358845506 4.2868267259515935 32
1725358845573 4.006872260734457 33
1725358845636 3.4880167553406154 34
1725358845692 5.37186061160395 35
1725358845749 4.040585061114786 36
1725358845806 3.922391650851284 37
1725358845855 7.821808285144261 38
1725358845942 4.364616450966954 39
1725358846010 4.37968708110494 40
1725358846065 3.7632427216601863 41
1725358846137 3.3466139304019165 42
1725358846188 4.205210037880381 43
1725358846230 2.7432722680541235 44
1725358846280 2.578068024846017 45
1725358846344 4.607035808108062 46
1725358846419 5.7168715989840955 47
1725358846482 3.471313256253719 48
1725358846543 6.5825561847317395 49
1725358846598 4.52489674492556 50
1725358846663 4.418496030684627 51
1725358846734 1.3474616084144964 52
1725358846814 5.658477616238483 53
1725358846872 5.701638069249168 54
1725358846946 5.877056630409782 55
