1725421999907 144.6503874243241 0
1725421999951 130.33333394661133 1
1725422000002 104.68892701370866 2
1725422000040 81.81152757660455 3
1725422000070 69.12720709528769 4
1725422000132 58.225578066323145 5
1725422000168 51.08256852293971 6
1725422000205 42.50231252859697 7
1725422000245 33.866427802877475 8
1725422000317 29.321920078315387 9
1725422000347 25.889881859412093 10
1725422000380 20.27959411483679 11
1725422000409 18.251639004024522 12
1725422000447 14.866033844120789 13
1725422000515 11.777183873858236 14
1725422000585 10.108352312604977 15
1725422000643 8.954184886014168 16
1725422000690 7.096914313201843 17
1725422000731 6.412759630421637 18
1725422000765 5.283098927817405 19
1725422000797 4.636961323596304 20
1725422000833 3.7873576364945505 21
1725422000865 3.2632038191870576 22
1725422000900 2.763482591049436 23
1725422000933 2.163579925845868 24
1725422000966 2.1464289483544006 25
1725422001011 1.5268605834850923 26
1725422001048 1.4312432294185025 27
1725422001088 1.311462922927184 28
1725422001124 1.127903685210462 29
1725422001147 1.0553738193605275 30
1725422001182 0.8358039188677354 31
1725422001223 0.4933257625359034 32
1725422001261 0.6398548882044777 33
1725422001296 0.5275068339033873 34
1725422001335 0.4872041783679772 35
1725422001381 0.43943965934823215 36
1725422001429 0.5349932311029847 37
1725422001463 0.23923942644836624 38
1725422001501 0.3628783807927215 39
1725422001534 0.3651010249600325 40
1725422001563 0.27561224732441686 41
1725422001594 0.20630117765129916 42
1725422001619 0.297049859919599 43
1725422001650 0.17601265960677592 44
1725422001682 0.23662396096556365 45
1725422001715 0.25082554415846786 46
1725422001744 0.23343771309706643 47
1725422001778 0.20758730551049578 48
1725422001812 0.1840137499559282 49
1725422001853 0.18671080355396172 50
1725422001880 0.21332513354829455 51
1725422001926 0.13904049345286132 52
1725422002018 0.1952760262226428 53
1725422002066 0.12433357571647209 54
1725422002103 0.1517917738986861 55
1725422002150 0.11277845333034048 56
1725422002179 0.17779653567603412 57
1725422002211 0.16363851982390087 58
1725422002262 0.15229695558577425 59
1725422002303 0.21414349153187184 60
1725422002334 0.08840002958504281 61
1725422002370 0.11972501686683652 62
1725422002400 0.10922222927524383 63
1725422002431 0.2317167828007214 64
1725422002459 0.1220404841037254 65
1725422002501 0.13823202809137755 66
1725422002530 0.1164251874096727 67
1725422002570 0.16648428743724195 68
1725422002604 0.11951612064272757 69
1725422002642 0.13698840919805796 70
1725422002680 0.13523434838072418 71
1725422002722 0.11042051280560858 72
1725422002749 0.1210244654766018 73
1725422002780 0.10828558616466552 74
1725422002816 0.12350027759240986 75
1725422002849 0.13175227812993873 76
1725422002898 0.13561300489554548 77
1725422002930 0.12420120708045004 78
1725422002971 0.09791705459601864 79
1725422002997 0.14564415322215912 80
1725422003029 0.12280639306825394 81
1725422003060 0.12763044786803215 82
1725422003089 0.1473194876666537 83
1725422003123 0.1363325493140269 84
