1725341760693 169.56585213176285 0
1725341760711 109564533351205.8 1
1725341760727 8.01279691155201e+28 2
1725341760743 7.852267710293724e+43 3
1725341760758 8.09785302144416e+58 4
1725341760772 8.419625023110836e+73 5
1725341760786 8.765392896722104e+88 6
1725341760801 9.127182178002083e+103 7
1725341760815 9.50419994176192e+118 8
1725341760830 9.896839224952602e+133 9
1725341760844 1.0305707084723195e+149 10
1725341760858 1.073146775578797e+164 11
1725341760876 1.1174818123685634e+179 12
1725341760893 1.1636484709875577e+194 13
1725341760917 1.2117224187885923e+209 14
1725341760938 1.261782451405479e+224 15
1725341760954 1.3139106201267988e+239 16
1725341760970 1.3681923660944386e+254 17
1725341760986 1.4247166602998757e+269 18
1725341761002 1.4835761494053007e+284 19
1725341761020 1.5448673075957462e+299 20
1725341761037 inf 21
