1725350133503 148.25517820658595 0
1725350133527 124.66618617590778 1
1725350133556 105.2377663593317 2
1725350133580 111.38034461450228 3
1725350133605 746.2811638758843 4
1725350133636 157569.18697685996 5
1725350133690 14354240.629127169 6
1725350133713 6385304247.79688 7
1725350133744 788306484475.3488 8
1725350133765 242735591427463.03 9
1725350133788 2.7506269440188598e+17 10
1725350133813 5.401704857168582e+18 11
1725350133833 2.908748341564387e+21 12
1725350133856 2.8776280230274685e+24 13
1725350133884 1.3877144082892504e+26 14
1725350133915 2.3236621063116175e+28 15
1725350133939 3.420362314236205e+30 16
1725350133965 1.6743759877377728e+33 17
1725350134006 1.3598880671876486e+36 18
1725350134029 4.302906254422955e+37 19
1725350134054 8.299374342496467e+39 20
1725350134079 2.4332649623508232e+42 21
1725350134103 5.907317851724973e+44 22
1725350134126 1.4328360230620452e+47 23
1725350134149 2.1340126186732786e+49 24
1725350134171 1.832990003223979e+52 25
1725350134196 7.74015571498089e+53 26
1725350134222 1.8735783368322089e+56 27
1725350134248 6.348995558037342e+58 28
1725350134277 4.345434564968227e+68 29
1725350134303 9.959260865989671e+63 30
1725350134328 4.0406844400013604e+66 31
1725350134354 2.2028670336454924e+68 32
1725350134382 5.92223722796655e+71 33
1725350134410 4.343186938492286e+73 34
1725350134432 2.330877440558496e+76 35
1725350134457 2.155605893542697e+78 36
1725350134482 2.1520177235198086e+80 37
1725350134508 2.577139551591893e+82 38
1725350134535 2.539908917157478e+85 39
1725350134573 3.8803046816770607e+87 40
1725350134600 1.163062202477857e+90 41
1725350134626 1.732839840009351e+92 42
1725350134727 1.8444181923607543e+94 43
1725350134753 5.321949231208893e+96 44
1725350134775 1.9385044205743196e+99 45
1725350134803 8.602127582334073e+101 46
1725350134825 1.033841945591711e+104 47
1725350134855 8.713649667610525e+106 48
1725350134876 3.662449463728604e+108 49
1725350134899 1.1421127097761243e+111 50
1725350134922 4.592639306314594e+112 51
1725350134945 2.8815122185969387e+115 52
1725350134971 1.1086220987665118e+118 53
1725350134996 8.493383243299207e+119 54
1725350135020 9.297691461083647e+122 55
1725350135041 2.9827235174160855e+125 56
1725350135065 9.593379419182872e+127 57
1725350135096 4.097306411165591e+129 58
1725350135130 1.2611912319865469e+132 59
1725350135152 2.0685092747109626e+135 60
1725350135173 5.283981423768492e+136 61
1725350135195 1.4676036867334876e+139 62
1725350135216 1.197465401975892e+142 63
1725350135237 1.3746261384667145e+144 64
1725350135256 1.0247051648165157e+146 65
1725350135281 1.2922023196309992e+148 66
1725350135304 3.316781571104947e+150 67
1725350135326 4.729773177275303e+153 68
1725350135348 2.672944335630742e+155 69
1725350135371 8.495381222308111e+157 70
1725350135393 1.1578759001838014e+160 71
1725350135420 1.4868645644659345e+163 72
1725350135444 2.3151965325718663e+165 73
1725350135474 1.87775479683516e+167 74
1725350135500 1.7842707389351398e+170 75
1725350135528 1.0698259028538998e+172 76
1725350135549 8.347828265744082e+173 77
1725350135579 1.1087300352984338e+177 78
1725350135601 3.1703590281082524e+179 79
1725350135632 2.6225771618065983e+181 80
1725350135654 3.5620602257326286e+183 81
1725350135683 6.750928591754903e+186 82
1725350135705 8.451359499409929e+188 83
1725350135726 3.732047994593137e+190 84
1725350135747 2.7003239462001487e+193 85
1725350135772 3.5589188779539496e+195 86
1725350135797 7.442478170010071e+197 87
1725350135816 1.5105912006755522e+200 88
1725350135838 1.5546295885084996e+202 89
1725350135870 2.2949974766358185e+205 90
1725350135890 1.5816650853743917e+207 91
1725350135911 1.7278729704616504e+209 92
1725350135933 3.960344287215957e+211 93
1725350135960 1.521422305118828e+214 94
1725350135983 1.5477461923446126e+217 95
1725350136006 3.780481940507269e+219 96
1725350136031 2.8270559555793682e+221 97
1725350136053 4.638351047084132e+223 98
1725350136080 2.0432259100118918e+225 99
1725350136117 2.176421429089253e+228 100
1725350136144 5.723160724833941e+230 101
1725350136166 2.699861950593651e+233 102
1725350136195 9.7160340047333e+235 103
1725350136222 2.7128918303462293e+237 104
1725350136247 4.946945677041452e+239 105
1725350136275 1.1646529741810851e+243 106
1725350136305 2.346398469883625e+244 107
1725350136326 5.9119008665012255e+246 108
1725350136348 5.037697244890099e+248 109
1725350136374 6.302779761756664e+251 110
1725350136397 3.4526681257301926e+254 111
1725350136421 9.710053182674713e+255 112
1725350136444 2.4411176821343966e+258 113
1725350136479 6.381147801322679e+261 114
1725350136504 1.1548451370080412e+264 115
1725350136528 1.5889625209535232e+266 116
1725350136550 1.9756772117910548e+268 117
1725350136573 7.050513775534566e+270 118
1725350136600 2.026200960771902e+272 119
1725350136625 8.83157131481923e+274 120
1725350136646 6.941428270379756e+276 121
1725350136671 1.1179225618749474e+280 122
1725350136708 3.4128700630419813e+282 123
1725350136728 2.4344843793186844e+284 124
1725350136755 2.3262695481987334e+287 125
1725350136779 2.1815103567051897e+289 126
1725350136805 3.698180678206493e+291 127
1725350136828 2.4119073673483698e+293 128
1725350136853 4.686549560013297e+296 129
1725350136879 6.622102494141631e+298 130
1725350136903 4.973047506672044e+301 131
1725350136928 2.0568226235304488e+303 132
1725350136954 5.661414222072257e+305 133
1725350136979 inf 134
