1725359190034 169.25480595599964 0
1725359190057 169.22075534847338 1
1725359190079 169.20373546649222 2
1725359190104 169.1867164456517 3
1725359190126 169.16969931826918 4
1725359190149 169.15268408406035 5
1725359190170 169.13567074280417 6
1725359190193 169.11865929427952 7
1725359190212 169.10164973826534 8
1725359190240 169.0846420745406 9
1725359190263 169.06763630288432 10
1725359190287 169.05063242307548 11
1725359190309 169.03363043489318 12
1725359190327 169.0166303381164 13
1725359190349 168.99963213252434 14
1725359190371 168.9826358178961 15
1725359190394 168.96564139401082 16
1725359190416 168.94864886064767 17
1725359190438 168.93165821758583 18
1725359190459 168.91466946460469 19
1725359190479 168.89768260148333 20
1725359190501 168.8806976280011 21
1725359190521 168.86371454393736 22
1725359190541 168.84673334907137 23
1725359190560 168.82975404318256 24
1725359190579 168.81277662605032 25
1725359190623 168.79580109745405 26
1725359190663 168.7788274571732 27
1725359190683 168.76185570498725 28
1725359190712 168.74488584067575 29
1725359190734 168.72791786401817 30
1725359190755 168.71095177479404 31
1725359190776 168.69398757278302 32
1725359190797 168.67702525776463 33
1725359190823 168.66006482951857 34
1725359190847 168.6431062878245 35
1725359190871 168.62614963246213 36
1725359190893 168.6091948632111 37
1725359190912 168.59224197985117 38
1725359190932 168.5752909821622 39
1725359190952 168.55834186992382 40
1725359190971 168.54139464291603 41
1725359190991 168.52444930091858 42
1725359191011 168.50750584371133 43
1725359191031 168.49056427107425 44
1725359191050 168.4736245827872 45
1725359191068 168.45668677863023 46
1725359191086 168.43975085838318 47
1725359191106 168.4228168218262 48
1725359191126 168.40588466873925 49
1725359191146 168.3889543989024 50
1725359191166 168.37202601209572 51
1725359191188 168.35509950809939 52
1725359191211 168.3381748866935 53
1725359191232 168.3212521476582 54
1725359191269 168.30433129077377 55
1725359191385 168.28741231582035 56
1725359191409 168.2704952225782 57
1725359191418 168.25358001082765 58
1725359191428 168.23666668034892 59
1725359191445 168.2197552309224 60
1725359191466 168.2028456623284 61
1725359191490 168.18593797434733 62
1725359191511 168.1690321667596 63
1725359191531 168.15212823934564 64
1725359191555 168.1352261918859 65
1725359191574 168.1183260241609 66
1725359191593 168.10142773595106 67
1725359191630 168.08453132703707 68
1725359191650 168.06763679719938 69
1725359191669 168.05074414621862 70
1725359191693 168.03385337387544 71
1725359191713 168.01696447995045 72
1725359191734 168.0000774642243 73
1725359191753 167.98319232647773 74
1725359191772 167.96630906649148 75
1725359191791 167.94942768404624 76
1725359191812 167.93254817892287 77
1725359191831 167.91567055090215 78
1725359191850 167.8987947997649 79
1725359191871 167.88192092529192 80
1725359191890 167.8650489272642 81
1725359191909 167.8481788054626 82
1725359191929 167.83131055966808 83
1725359191951 167.81444418966154 84
1725359191972 167.79757969522413 85
1725359191993 167.78071707613668 86
1725359192015 167.76385633218032 87
1725359192038 167.74699746313613 88
1725359192057 167.7301404687852 89
1725359192078 167.71328534890864 90
1725359192097 167.6964321032876 91
1725359192121 167.6795807317033 92
1725359192141 167.66273123393694 93
1725359192162 167.64588360976964 94
1725359192183 167.62903785898283 95
1725359192202 167.61219398135762 96
1725359192222 167.59535197667546 97
1725359192242 167.5785118447176 98
1725359192261 167.56167358526548 99
1725359192280 167.5448371981004 100
1725359192299 167.52800268300382 101
1725359192320 167.5111700397572 102
1725359192343 167.49433926814194 103
1725359192363 167.47751036793966 104
1725359192387 167.46068333893174 105
1725359192410 167.44385818089984 106
1725359192431 167.42703489362546 107
1725359192451 167.41021347689022 108
1725359192472 167.39339393047575 109
1725359192492 167.37657625416372 110
1725359192513 167.3597604477358 111
1725359192532 167.34294651097372 112
1725359192555 167.32613444365919 113
1725359192575 167.30932424557392 114
1725359192595 167.29251591649978 115
1725359192615 167.27570945621855 116
1725359192655 167.25890486451206 117
1725359192675 167.24210214116218 118
1725359192693 167.2253012859508 119
1725359192715 167.2085022986598 120
1725359192734 167.1917051790712 121
1725359192754 167.17490992696693 122
1725359192775 167.158116542129 123
1725359192795 167.14132502433944 124
1725359192815 167.12453537338024 125
1725359192835 167.10774758903355 126
1725359192856 167.09096167108146 127
1725359192878 167.07417761930603 128
1725359192897 167.05739543348955 129
1725359192916 167.04061511341405 130
1725359192936 167.02383665886182 131
1725359192956 167.0070600696151 132
1725359192975 166.9902853454561 133
1725359192994 166.97351248616718 134
1725359193014 166.95674149153058 135
1725359193033 166.9399723613287 136
1725359193053 166.92320509534386 137
1725359193074 166.90643969335846 138
1725359193093 166.88967615515497 139
1725359193111 166.87291448051576 140
1725359193130 166.85615466922337 141
1725359193148 166.8393967210602 142
1725359193173 166.8226406358089 143
1725359193193 166.80588641325193 144
1725359193212 166.78913405317195 145
1725359193233 166.77238355535147 146
1725359193253 166.75563491957317 147
1725359193272 166.73888814561968 148
1725359193292 166.7221432332737 149
1725359193318 166.70540018231793 150
1725359193346 166.68865899253512 151
1725359193371 166.67191966370802 152
1725359193396 166.65518219561943 153
1725359193416 166.63844658805212 154
1725359193436 166.621712840789 155
1725359193456 166.60498095361285 156
1725359193475 166.58825092630667 157
1725359193496 166.57152275865326 158
1725359193514 166.55479645043567 159
1725359193533 166.5380720014368 160
1725359193552 166.52134941143964 161
1725359193573 166.5046286802273 162
1725359193596 166.48790980758275 163
1725359193618 166.4711927932891 164
1725359193638 166.45447763712943 165
1725359193672 166.4377643388869 166
1725359193691 166.42105289834467 167
1725359193711 166.40434331528587 168
1725359193730 166.3876355894937 169
1725359193750 166.37092972075146 170
1725359193769 166.3542257088424 171
1725359193789 166.33752355354977 172
1725359193809 166.32082325465691 173
1725359193831 166.30412481194713 174
1725359193851 166.28742822520383 175
1725359193879 166.27073349421036 176
1725359193901 166.25404061875017 177
1725359193919 166.2373495986067 178
1725359193944 166.2206604335634 179
1725359193960 166.2039731234038 180
1725359193974 166.18728766791136 181
1725359193986 166.1706040668697 182
1725359193998 166.15392232006238 183
1725359194011 166.13724242727295 184
1725359194024 166.12056438828506 185
1725359194037 166.10388820288242 186
1725359194049 166.08721387084864 187
1725359194062 166.07054139196742 188
1725359194075 166.0538707660226 189
1725359194088 166.03720199279778 190
1725359194100 166.02053507207685 191
1725359194113 166.00387000364358 192
1725359194127 165.98720678728182 193
1725359194138 165.97054542277544 194
1725359194151 165.95388590990834 195
1725359194164 165.93722824846438 196
1725359194176 165.92057243822754 197
1725359194190 165.90391847898178 198
1725359194202 165.8872663705111 199
1725359194216 165.8706161125995 200
1725359194230 165.85396770503107 201
1725359194243 165.8373211475898 202
1725359194256 165.82067644005986 203
1725359194269 165.80403358222534 204
1725359194282 165.78739257387042 205
1725359194295 165.77075341477928 206
1725359194309 165.75411610473603 207
1725359194323 165.73748064352498 208
1725359194336 165.72084703093046 209
1725359194349 165.70421526673655 210
1725359194362 165.68758535072774 211
1725359194377 165.67095728268825 212
1725359194391 165.65433106240246 213
1725359194406 165.63770668965483 214
1725359194420 165.6210841642297 215
1725359194433 165.6044634859115 216
1725359194451 165.5878446544847 217
1725359194472 165.57122766973384 218
1725359194491 165.5546125314434 219
1725359194510 165.53799923939792 220
1725359194528 165.52138779338193 221
1725359194545 165.5047781931801 222
1725359194558 165.488170438577 223
1725359194574 165.4715645293573 224
1725359194590 165.45496046530562 225
1725359194608 165.43835824620672 226
1725359194624 165.42175787184527 227
1725359194643 165.4051593420061 228
1725359194679 165.38856265647388 229
1725359194697 165.3719678150335 230
1725359194722 165.35537481746974 231
1725359194742 165.33878366356748 232
1725359194754 165.32219435311154 233
1725359194775 165.3056068858869 234
1725359194789 165.28902126167847 235
1725359194811 165.2724374802712 236
1725359194824 165.2558555414501 237
1725359194837 165.23927544500015 238
1725359194850 165.22269719070638 239
1725359194864 165.20612077835384 240
1725359194878 165.1895462077277 241
1725359194890 165.17297347861296 242
1725359194900 165.15640259079484 243
1725359194909 165.13983354405846 244
1725359194918 165.1232663381891 245
1725359194927 165.10670097297182 246
1725359194936 165.09013744819202 247
1725359194955 165.0735757636349 248
1725359194975 165.05701591908576 249
1725359194993 165.0404579143299 250
1725359195013 165.02390174915269 251
1725359195032 165.0073474233395 252
1725359195052 164.99079493667577 253
1725359195070 164.97424428894686 254
1725359195087 164.95769547993828 255
1725359195101 164.94114850943546 256
1725359195121 164.92460337722395 257
1725359195137 164.9080600830892 258
1725359195152 164.89151862681686 259
1725359195167 164.87497900819247 260
1725359195183 164.85844122700163 261
1725359195198 164.84190528302994 262
1725359195216 164.82537117606321 263
1725359195235 164.80883890588692 264
1725359195253 164.79230847228686 265
1725359195273 164.77577987504887 266
1725359195287 164.75925311395852 267
1725359195300 164.7427281888018 268
1725359195313 164.72620509936436 269
1725359195332 164.70968384543215 270
1725359195350 164.69316442679096 271
1725359195373 164.67664684322676 272
1725359195391 164.6601310945254 273
1725359195408 164.6436171804729 274
1725359195425 164.62710510085512 275
1725359195441 164.61059485545815 276
1725359195455 164.59408644406795 277
1725359195469 164.5775798664706 278
1725359195483 164.5610751224522 279
1725359195496 164.5445722117988 280
1725359195510 164.52807113429654 281
1725359195523 164.5115718897316 282
1725359195536 164.49507447789009 283
1725359195549 164.4785788985583 284
1725359195563 164.46208515152242 285
1725359195587 164.4455932365687 286
1725359195609 164.42910315348337 287
1725359195630 164.41261490205284 288
1725359195650 164.39612848206338 289
1725359195671 164.37964389330133 290
1725359195701 164.36316113555313 291
1725359195723 164.34668020860516 292
1725359195738 164.33020111224383 293
1725359195755 164.31372384625567 294
1725359195772 164.2972484104271 295
1725359195793 164.28077480454465 296
1725359195813 164.2643030283949 297
1725359195828 164.24783308176436 298
1725359195840 164.23136496443965 299
1725359195853 164.21489867620735 300
1725359195865 164.19843421685417 301
1725359195880 164.18197158616672 302
1725359195896 164.16551078393175 303
1725359195907 164.1490518099359 304
1725359195916 164.13259466396596 305
1725359195927 164.11613934580873 306
1725359195936 164.09968585525095 307
1725359195953 164.0832341920795 308
1725359195968 164.06678435608114 309
1725359195988 164.05033634704284 310
1725359196015 164.03389016475148 311
1725359196030 164.01744580899393 312
1725359196052 164.00100327955718 313
1725359196070 163.98456257622823 314
1725359196083 163.96812369879407 315
1725359196101 163.9516866470417 316
1725359196122 163.93525142075816 317
1725359196139 163.91881801973065 318
1725359196156 163.90238644374614 319
1725359196175 163.88595669259178 320
1725359196193 163.8695287660548 321
1725359196206 163.85310266392233 322
1725359196218 163.8366783859816 323
1725359196231 163.82025593201985 324
1725359196244 163.8038353018243 325
1725359196257 163.78741649518227 326
1725359196271 163.7709995118811 327
1725359196285 163.75458435170802 328
1725359196299 163.73817101445053 329
1725359196313 163.72175949989594 330
1725359196324 163.70534980783168 331
1725359196338 163.6889419380452 332
1725359196357 163.67253589032396 333
1725359196368 163.65613166445544 334
1725359196386 163.6397292602271 335
1725359196403 163.62332867742666 336
1725359196417 163.60692991584153 337
1725359196434 163.59053297525938 338
1725359196446 163.5741378554678 339
1725359196459 163.55774455625442 340
1725359196471 163.54135307740697 341
1725359196484 163.5249634187131 342
1725359196498 163.50857557996048 343
1725359196510 163.492189560937 344
1725359196524 163.47580536143033 345
1725359196538 163.45942298122833 346
1725359196551 163.44304242011876 347
1725359196565 163.4266636778895 348
1725359196588 163.41028675432844 349
1725359196606 163.39391164922347 350
1725359196621 163.37753836236257 351
1725359196636 163.36116689353358 352
1725359196653 163.34479724252458 353
1725359196673 163.32842940912354 354
1725359196706 163.3120633931185 355
1725359196720 163.2956991942975 356
1725359196733 163.27933681244863 357
1725359196747 163.26297624736 358
1725359196761 163.24661749881975 359
1725359196775 163.23026056661607 360
1725359196789 163.21390545053706 361
1725359196803 163.19755215037102 362
1725359196815 163.1812006659061 363
1725359196834 163.16485099693062 364
1725359196849 163.14850314323286 365
1725359196865 163.13215710460116 366
1725359196881 163.11581288082374 367
1725359196900 163.09947047168913 368
1725359196920 163.08312987698557 369
1725359196933 163.06679109650162 370
1725359196953 163.05045413002557 371
1725359196972 163.034118977346 372
1725359196987 163.01778563825135 373
1725359197004 163.00145411253015 374
1725359197025 162.98512439997094 375
1725359197038 162.9687965003623 376
1725359197056 162.95247041349276 377
1725359197074 162.93614613915108 378
1725359197090 162.91982367712578 379
1725359197105 162.90350302720557 380
1725359197126 162.88718418917915 381
1725359197142 162.87086716283522 382
1725359197162 162.8545519479626 383
1725359197181 162.83823854435 384
1725359197204 162.82192695178614 385
1725359197223 162.80561717006003 386
1725359197244 162.78930919896038 387
1725359197263 162.77300303827613 388
1725359197283 162.75669868779613 389
1725359197303 162.74039614730933 390
1725359197323 162.72409541660468 391
1725359197345 162.7077964954712 392
1725359197373 162.69149938369785 393
1725359197395 162.67520408107364 394
1725359197417 162.65891058738765 395
1725359197437 162.64261890242895 396
1725359197458 162.62632902598668 397
1725359197478 162.61004095784995 398
1725359197497 162.59375469780784 399
1725359197519 162.57747024564964 400
1725359197538 162.56118760116453 401
1725359197559 162.5449067641417 402
1725359197580 162.52862773437045 403
1725359197601 162.51235051164005 404
1725359197621 162.49607509573983 405
1725359197642 162.47980148645902 406
1725359197666 162.46352968358713 407
1725359197686 162.44725968691347 408
1725359197705 162.43099149622745 409
1725359197735 162.4147251113185 410
1725359197756 162.39846053197607 411
1725359197778 162.3821977579897 412
1725359197796 162.3659367891489 413
1725359197812 162.34967762524312 414
1725359197831 162.333420266062 415
1725359197851 162.31716471139515 416
1725359197871 162.30091096103212 417
1725359197892 162.28465901476255 418
1725359197912 162.26840887237614 419
1725359197932 162.25216053366265 420
1725359197950 162.2359139984116 421
1725359197969 162.21966926641292 422
1725359197990 162.20342633745625 423
1725359198011 162.18718521133147 424
1725359198035 162.17094588782834 425
1725359198055 162.15470836673677 426
1725359198089 162.13847264784658 427
1725359198113 162.12223873094766 428
1725359198134 162.1060066158299 429
1725359198154 162.0897763022833 430
1725359198174 162.07354779009782 431
1725359198194 162.05732107906343 432
1725359198215 162.0410961689702 433
1725359198233 162.02487305960813 434
1725359198254 162.00865175076729 435
1725359198275 161.99243224223778 436
1725359198295 161.97621453380975 437
1725359198315 161.95999862527333 438
1725359198335 161.9437845164187 439
1725359198355 161.92757220703604 440
1725359198379 161.9113616969156 441
1725359198399 161.89515298584763 442
1725359198423 161.87894607362236 443
1725359198442 161.8627409600301 444
1725359198462 161.84653764486126 445
1725359198483 161.83033612790607 446
1725359198504 161.81413640895494 447
1725359198524 161.79793848779835 448
1725359198545 161.78174236422663 449
1725359198569 161.76554803803026 450
1725359198588 161.74935550899974 451
1725359198608 161.73316477692555 452
1725359198629 161.7169758415982 453
1725359198649 161.70078870280832 454
1725359198670 161.68460336034642 455
1725359198690 161.66841981400316 456
1725359198713 161.65223806356903 457
1725359198745 161.63605810883487 458
1725359198766 161.61987994959122 459
1725359198787 161.60370358562884 460
1725359198805 161.58752901673847 461
1725359198825 161.57135624271083 462
1725359198844 161.55518526333677 463
1725359198864 161.53901607840703 464
1725359198886 161.52284868771244 465
1725359198906 161.50668309104387 466
1725359198926 161.49051928819222 467
1725359198946 161.47435727894842 468
1725359198965 161.45819706310334 469
1725359198984 161.44203864044798 470
1725359199007 161.42588201077328 471
1725359199028 161.4097271738703 472
1725359199048 161.39357412953 473
1725359199065 161.37742287754355 474
1725359199083 161.36127341770197 475
1725359199103 161.34512574979635 476
1725359199123 161.32897987361784 477
1725359199143 161.3128357889576 478
1725359199163 161.29669349560683 479
1725359199183 161.28055299335674 480
1725359199203 161.26441428199854 481
1725359199222 161.24827736132355 482
1725359199242 161.23214223112294 483
1725359199263 161.21600889118815 484
1725359199283 161.19987734131044 485
1725359199302 161.18374758128118 486
1725359199323 161.16761961089176 487
1725359199343 161.1514934299336 488
1725359199362 161.13536903819818 489
1725359199381 161.11924643547687 490
1725359199400 161.10312562156122 491
1725359199419 161.08700659624276 492
1725359199438 161.07088935931296 493
1725359199458 161.05477391056343 494
1725359199479 161.03866024978575 495
1725359199504 161.0225483767715 496
1725359199526 161.0064382913124 497
1725359199546 160.99032999320002 498
1725359199566 160.9742234822261 499
