1725383798894 168.81788247382886 0
1725383798921 165.5357854257117 1
1725383798946 163.90431176081123 2
1725383798971 162.28097605957373 3
1725383798994 160.67546529225012 4
1725383799016 159.08751594832228 5
1725383799045 157.5169273113559 6
1725383799073 155.9635006700118 7
1725383799093 154.4270396611105 8
1725383799125 152.907350238886 9
1725383799153 151.40424064692147 10
1725383799178 149.91752139042165 11
1725383799201 148.4470052088312 12
1725383799223 146.99250704879537 13
1725383799249 145.5538440374579 14
1725383799274 144.13083545609223 15
1725383799297 142.72330271406113 16
1725383799324 141.33106932310093 17
1725383799350 139.95396087192603 18
1725383799375 138.5918050011492 19
1725383799398 137.244431378514 20
1725383799424 135.91167167443507 21
1725383799450 134.5933595378423 22
1725383799474 133.28933057232473 23
1725383799498 131.99942231257089 24
1725383799519 130.72347420110123 25
1725383799549 129.4613275652886 26
1725383799573 128.21282559466434 27
1725383799598 126.97781331850437 28
1725383799620 125.75613758369366 29
1725383799646 124.54764703286395 30
1725383799668 123.35219208280188 31
1725383799691 122.16962490312427 32
1725383799714 120.99979939521653 33
1725383799736 119.84257117143122 34
1725383799759 118.69779753454333 35
1725383799785 117.56533745745885 36
1725383799806 116.44505156317369 37
1725383799832 115.33680210497948 38
1725383799858 114.24045294691297 39
1725383799883 113.15586954444665 40
1725383799908 112.08291892541624 41
1725383799930 111.02146967118348 42
1725383799953 109.97139189803 43
1725383799975 108.93255723878012 44
1725383799997 107.90483882464916 45
1725383800017 106.88811126731483 46
1725383800042 105.88225064120839 47
1725383800079 104.88713446602333 48
1725383800140 103.90264168943813 49
1725383800165 102.92865267005116 50
1725383800191 101.96504916052442 51
1725383800224 101.01171429093367 52
1725383800254 100.06853255232248 53
1725383800279 99.13538978045734 54
1725383800302 98.21217313978165 55
1725383800322 97.29877110756567 56
1725383800343 96.3950734582503 57
1725383800367 95.50097124798195 58
1725383800395 94.61635679933644 59
1725383800418 93.7411236862291 60
1725383800441 92.87516671900927 61
1725383800464 92.01838192973624 62
1725383800487 91.17066655763502 63
1725383800510 90.33191903472908 64
1725383800533 89.50203897164823 65
1725383800560 88.68092714360937 66
1725383800582 87.86848547656767 67
1725383800608 87.06461703353652 68
1725383800637 86.26922600107368 69
1725383800660 85.48221767593188 70
1725383800683 84.70349845187144 71
1725383800706 83.93297580663344 72
1725383800728 83.17055828907087 73
1725383800751 82.41615550643601 74
1725383800775 81.66967811182228 75
1725383800804 80.93103779175831 76
1725383800828 80.20014725395251 77
1725383800852 79.47692021518617 78
1725383800876 78.76127138935337 79
1725383800900 78.0531164756459 80
1725383800923 77.35237214688092 81
1725383800945 76.65895603797033 82
1725383800966 75.97278673452946 83
1725383800985 75.29378376162373 84
1725383801012 74.6218675726514 85
1725383801035 73.95695953836058 86
1725383801058 73.29898193599924 87
1725383801080 72.64785793859618 88
1725383801101 72.0035116043716 89
1725383801122 71.36586786627524 90
1725383801145 70.73485252165139 91
1725383801169 70.11039222202807 92
1725383801187 69.49241446302958 93
1725383801211 68.88084757441096 94
1725383801233 68.27562071021218 95
1725383801256 67.67666383903143 96
1725383801282 67.0839077344153 97
1725383801304 66.49728396536484 98
1725383801326 65.916724886956 99
1725383801348 65.34216363107303 100
1725383801370 64.77353409725318 101
1725383801393 64.21077094364175 102
1725383801417 63.653809578055984 103
1725383801441 63.10258614915638 104
1725383801469 62.55703753772387 105
1725383801493 62.017101348042345 106
1725383801515 61.482715899384246 107
1725383801539 60.95382021759873 108
1725383801561 60.4303540268007 109
1725383801581 59.91225774115966 110
1725383801602 59.39947245678705 111
1725383801625 58.89193994372116 112
1725383801648 58.38960263800784 113
1725383801671 57.89240363387638 114
1725383801694 57.40028667600922 115
1725383801716 56.913196151904195 116
1725383801739 56.4310770843284 117
1725383801762 55.95387512386233 118
1725383801784 55.48153654153357 119
1725383801809 55.014008221538255 120
1725383801830 54.55123765405012 121
1725383801855 54.09317292811523 122
1725383801877 53.639762724632085 123
1725383801898 53.19095630941523 124
1725383801921 52.7467035263421 125
1725383801943 52.30695479058197 126
1725383801966 51.871661081905415 127
1725383801988 51.440773938073896 128
1725383802009 51.014245448308415 129
1725383802031 50.59202824683607 130
1725383802049 50.174075506513674 131
1725383802071 49.760340932527455 132
1725383802097 49.35077875616803 133
1725383802120 48.945343728679624 134
1725383802150 48.543991115182536 135
1725383802176 48.14667668866837 136
1725383802199 47.7533567240665 137
1725383802223 47.3639879923816 138
1725383802247 46.97852775490075 139
1725383802271 46.59693375746975 140
1725383802301 46.219164224837556 141
1725383802330 45.84517785506809 142
1725383802350 45.47493381401846 143
1725383802375 45.1083917298832 144
1725383802397 44.74551168780306 145
1725383802419 44.38625422453816 146
1725383802444 44.03058032320457 147
1725383802468 43.678451408073315 148
1725383802491 43.32982933943129 149
1725383802512 42.984676408503326 150
1725383802535 42.642955332434475 151
1725383802560 42.30462924933211 152
1725383802584 41.969661713366605 153
1725383802608 41.638016689930645 154
1725383802630 41.30965855085555 155
1725383802651 40.984552069684774 156
1725383802674 40.66266241700327 157
1725383802696 40.34395515582228 158
1725383802718 40.02839623701906 159
1725383802741 39.71595199483053 160
1725383802764 39.40658914240045 161
1725383802789 39.10027476737932 162
1725383802815 38.79697632757639 163
1725383802838 38.49666164666349 164
1725383802861 38.19929890992946 165
1725383802886 37.90485666008483 166
1725383802910 37.6133037931165 167
1725383802932 37.32460955419132 168
1725383802956 37.03874353360811 169
1725383802983 36.75567566279766 170
1725383803006 36.47537621037017 171
1725383803032 36.197815778209254 172
1725383803053 35.92296529761226 173
1725383803077 35.65079602547625 174
1725383803101 35.38127954052905 175
1725383803125 35.114387739604815 176
1725383803150 34.85009283396372 177
1725383803173 34.588367345654966 178
1725383803198 34.32918410392305 179
1725383803220 34.07251624165602 180
1725383803244 33.818337191876175 181
1725383803268 33.56662068427196 182
1725383803292 33.31734074177069 183
1725383803316 33.07047167715194 184
1725383803339 32.825988089700836 185
1725383803364 32.58386486190064 186
1725383803387 32.34407715616478 187
1725383803417 32.10660041160686 188
1725383803440 31.87141034084923 189
1725383803463 31.638482926868893 190
1725383803486 31.407794419880823 191
1725383803508 31.179321334257583 192
1725383803530 30.95304044548585 193
1725383803555 30.728928787158182 194
1725383803580 30.506963648000685 195
1725383803603 30.287122568935303 196
1725383803627 30.06938334017701 197
1725383803669 29.85372399836497 198
1725383803691 29.64012282372744 199
1725383803715 29.428558337280183 200
1725383803740 29.21900929805771 201
1725383803761 29.011454700377072 202
1725383803790 28.80587377113399 203
1725383803816 28.602245967130457 204
1725383803839 28.40055097243421 205
1725383803866 28.200768695768684 206
1725383803886 28.002879267934095 207
1725383803913 27.806863039258573 208
1725383803936 27.6127005770793 209
1725383803960 27.420372663253143 210
1725383803983 27.229860291696745 211
1725383804006 27.0411446659551 212
1725383804030 26.85420719679906 213
1725383804053 26.66902949985079 214
1725383804077 26.485593393237124 215
1725383804101 26.303880895270442 216
1725383804126 26.12387422215688 217
1725383804151 25.94555578573111 218
1725383804173 25.768908191217914 219
1725383804200 25.59391423502001 220
1725383804229 25.420556902531594 221
1725383804255 25.24881936597761 222
1725383804277 25.07868498227838 223
1725383804298 24.9101372909392 224
1725383804320 24.743160011964502 225
1725383804341 24.577737043796734 226
1725383804365 24.413852461279003 227
1725383804386 24.251490513641855 228
1725383804407 24.090635622513425 229
1725383804429 23.931272379952972 230
1725383804450 23.77338554650729 231
1725383804474 23.616960049289936 232
1725383804498 23.461980980082885 233
1725383804522 23.30843359346042 234
1725383804545 23.156303304934752 235
1725383804567 23.005575689123713 236
1725383804590 22.856236477939156 237
1725383804613 22.708271558797257 238
1725383804636 22.561666972849306 239
1725383804659 22.416408913233266 240
1725383804683 22.272483723345534 241
1725383804709 22.129877895133248 242
1725383804734 21.988578067406145 243
1725383804759 21.848571024168333 244
1725383804787 21.70984369296947 245
1725383804812 21.572383143275037 246
1725383804835 21.436176584855815 247
1725383804865 21.301211366195957 248
1725383804885 21.16747497291979 249
1725383804907 21.03495502623663 250
1725383804934 20.903639281404207 251
1725383804958 20.773515626209385 252
1725383804980 20.64457207946711 253
1725383805002 20.51679678953641 254
1725383805026 20.390178032854 255
1725383805050 20.264704212484723 256
1725383805069 20.140363856688897 257
1725383805090 20.017145617506433 258
1725383805114 19.895038269357272 259
1725383805139 19.774030707658202 260
1725383805160 19.65411194745569 261
1725383805182 19.535271122074626 262
1725383805202 19.41749748178272 263
1725383805224 19.300780392470504 264
1725383805250 19.185109334346546 265
1725383805273 19.07047390064802 266
1725383805292 18.956863796365973 267
1725383805317 18.84426883698552 268
1725383805340 18.732678947240732 269
1725383805364 18.62208415988377 270
1725383805389 18.512474614468616 271
1725383805414 18.403840556148566 272
1725383805438 18.296172334487714 273
1725383805465 18.189460402286578 274
1725383805487 18.083695314420765 275
1725383805514 17.978867726693675 276
1725383805547 17.874968394701952 277
1725383805570 17.771988172714515 278
1725383805593 17.669918012564338 279
1725383805615 17.568748962553034 280
1725383805639 17.46847216636829 281
1725383805662 17.369078862013644 282
1725383805682 17.270560380750876 283
1725383805705 17.17290814605421 284
1725383805727 17.0761136725772 285
1725383805749 16.980168565131013 286
1725383805771 16.885064517674888 287
1725383805793 16.79079331231803 288
1725383805822 16.69734681833319 289
1725383805847 16.604716991181547 290
1725383805871 16.512895871548913 291
1725383805892 16.42187558439298 292
1725383805913 16.331648338001703 293
1725383805938 16.242206423062328 294
1725383805965 16.15354221174159 295
1725383805997 16.065648156775794 296
1725383806025 15.978516790572204 297
1725383806052 15.892140724320216 298
1725383806073 15.806512647113122 299
1725383806096 15.721625325079682 300
1725383806116 15.637471600525938 301
1725383806137 15.554044391086933 302
1725383806159 15.47133668888795 303
1725383806179 15.389341559715739 304
1725383806200 15.308052142198981 305
1725383806223 15.227461646998272 306
1725383806242 15.14756335600577 307
1725383806266 15.068350621553353 308
1725383806288 14.989816865630575 309
1725383806312 14.911955579111149 310
1725383806335 14.834760320988586 311
1725383806362 14.758224717620518 312
1725383806386 14.682342461981573 313
1725383806409 14.607107312925196 314
1725383806431 14.532513094453504 315
1725383806456 14.458553694995846 316
1725383806479 14.385223066695545 317
1725383806504 14.312515224704754 318
1725383806532 14.24042424648749 319
1725383806557 14.168944271130579 320
1725383806584 14.098069498662731 321
1725383806609 14.02779418938105 322
1725383806632 13.95811266318547 323
1725383806664 13.889019298920907 324
1725383806691 13.820508533726876 325
1725383806717 13.752574862394349 326
1725383806743 13.68521283673032 327
1725383806765 13.61841706492939 328
1725383806795 13.552182210952616 329
1725383806828 13.486502993913588 330
1725383806853 13.42137418747125 331
1725383806910 13.356790619229992 332
1725383806934 13.292747170146335 333
1725383806961 13.229238773942528 334
1725383806982 13.166260416526852 335
1725383807005 13.103807135420508 336
1725383807029 13.041874019190942 337
1725383807058 12.980456206891956 338
1725383807081 12.9195488875098 339
1725383807104 12.859147299415918 340
1725383807127 12.799246729825713 341
1725383807152 12.739842514263731 342
1725383807174 12.680930036034542 343
1725383807198 12.622504725700113 344
1725383807221 12.564562060562883 345
1725383807243 12.507097564154662 346
1725383807267 12.450106805731544 347
1725383807290 12.393585399774471 348
1725383807316 12.33752900549544 349
1725383807339 12.281933326349487 350
1725383807361 12.226794109551971 351
1725383807384 12.172107145601558 352
1725383807406 12.117868267808607 353
1725383807427 12.064073351828819 354
1725383807450 12.010718315202276 355
1725383807472 11.957799116897554 356
1725383807496 11.905311756861291 357
1725383807519 11.853252275572682 358
1725383807545 11.80161675360299 359
1725383807568 11.750401311180148 360
1725383807588 11.699602107758388 361
1725383807616 11.649215341592441 362
1725383807642 11.599237249316886 363
1725383807667 11.549664105530232 364
1725383807689 11.500492222383444 365
1725383807712 11.451717949173377 366
1725383807735 11.403337671940749 367
1725383807758 11.355347813072726 368
1725383807781 11.307744830909835 369
1725383807803 11.26052521935754 370
1725383807833 11.213685507501886 371
1725383807856 11.16722225923003 372
1725383807878 11.121132072854374 373
1725383807900 11.075411580741617 374
1725383807923 11.030057448945474 375
1725383807946 10.98506637684378 376
1725383807972 10.94043509677977 377
1725383807997 10.896160373707177 378
1725383808021 10.852239004839548 379
1725383808049 10.808667819303285 380
1725383808072 10.765443677794908 381
1725383808097 10.722563472241866 382
1725383808125 10.680024125467394 383
1725383808151 10.63782259085897 384
1725383808183 10.595955852040706 385
1725383808211 10.55442092254928 386
1725383808235 10.513214845513401 387
1725383808259 10.472334693337249 388
1725383808282 10.431777567387178 389
1725383808307 10.391540597681905 390
1725383808329 10.35162094258646 391
1725383808352 10.312015788509228 392
1725383808377 10.272722349602747 393
1725383808401 10.233737867467573 394
1725383808424 10.195059610859557 395
1725383808447 10.156684875400542 396
1725383808473 10.118610983292148 397
1725383808496 10.080835283032755 398
1725383808517 10.043355149137708 399
1725383808541 10.006167981862786 400
1725383808565 9.969271206930522 401
1725383808588 9.932662275259718 402
1725383808611 9.896338662698087 403
1725383808638 9.860297869757584 404
1725383808663 9.824537421353037 405
1725383808686 9.789054866543543 406
1725383808709 9.753847778276652 407
1725383808733 9.718913753135643 408
1725383808755 9.684250411089383 409
1725383808778 9.649855395245265 410
1725383808801 9.615726371604453 411
1725383808825 9.581861028820416 412
1725383808858 9.548257077959661 413
1725383808882 9.5149122522655 414
1725383808906 9.481824306924214 415
1725383808931 9.448991018833858 416
1725383808955 9.416410186375803 417
1725383808979 9.384079629188568 418
1725383809003 9.351997187944402 419
1725383809031 9.320160724128177 420
1725383809057 9.288568119818846 421
1725383809082 9.257217277473314 422
1725383809106 9.226106119712611 423
1725383809130 9.195232589110649 424
1725383809159 9.164594647985043 425
1725383809183 9.134190278190491 426
1725383809217 9.104017480914377 427
1725383809242 9.074074276474514 428
1725383809265 9.044358704119368 429
1725383809288 9.014868821830278 430
1725383809312 8.985602706125936 431
1725383809336 8.956558451869148 432
1725383809360 8.927734172075443 433
1725383809383 8.899127997724252 434
1725383809405 8.870738077571643 435
1725383809431 8.842562577965545 436
1725383809456 8.814599682662855 437
1725383809475 8.786847592648451 438
1725383809497 8.759304525956543 439
1725383809519 8.731968717493471 440
1725383809544 8.704838418863053 441
1725383809568 8.677911898193376 442
1725383809590 8.651187439965733 443
1725383809618 8.624663344845443 444
1725383809641 8.598337929514397 445
1725383809665 8.572209526505606 446
1725383809689 8.546276484039504 447
1725383809713 8.520537165861963 448
1725383809738 8.494989951084303 449
1725383809763 8.469633234024746 450
1725383809792 8.444465424052002 451
1725383809820 8.419484945430193 452
1725383809845 8.394690237165724 453
1725383809877 8.370079752855768 454
1725383809902 8.345651960538378 455
1725383809928 8.32140534254425 456
1725383809952 8.297338395350163 457
1725383809974 8.273449629433937 458
1725383809994 8.249737569131074 459
1725383810016 8.226200752492904 460
1725383810038 8.202837731146278 461
1725383810060 8.179647070154838 462
1725383810083 8.15662734788176 463
1725383810106 8.133777155854041 464
1725383810128 8.111095098628224 465
1725383810151 8.08857979365754 466
1725383810173 8.06622987116074 467
1725383810195 8.04404397399191 468
1725383810217 8.02202075751227 469
1725383810241 8.000158889462819 470
1725383810264 7.978457049838775 471
1725383810286 7.956913930765139 472
1725383810311 7.935528236373796 473
1725383810336 7.914298682681694 474
1725383810358 7.893223997470658 475
1725383810380 7.872302920168296 476
1725383810403 7.851534201730245 477
1725383810427 7.830916604523694 478
1725383810451 7.810448902212253 479
1725383810473 7.790129879641899 480
1725383810500 7.769958332728362 481
1725383810531 7.74993306834553 482
1725383810554 7.730052904215201 483
1725383810576 7.710316668797992 484
1725383810598 7.690723201185418 485
1725383810620 7.671271350993052 486
1725383810641 7.651959978255077 487
1725383810664 7.632787953319697 488
1725383810688 7.613754156745853 489
1725383810709 7.59485747920095 490
1725383810732 7.57609682135982 491
1725383810754 7.557471093804636 492
1725383810778 7.538979216925972 493
1725383810800 7.520620120824889 494
1725383810823 7.502392745216128 495
1725383810845 7.484296039332311 496
1725383810873 7.466328961829138 497
1725383810897 7.448490480691699 498
1725383810917 7.4307795731416775 499
