1725355237560 2.2969097573658668e+297 0
1725355237624 3.1421686477697453e+296 1
1725355237728 2.4644657719918122e+296 2
1725355237792 1.6998485306868164e+296 3
1725355237852 3.3008548403826596e+296 4
1725355237911 1.5471973148924027e+294 5
1725355237976 4.520085117620017e+293 6
1725355238042 3.175233518198498e+297 7
1725355238105 4.775144032393231e+296 8
1725355238171 1.6545230717764364e+298 9
1725355238250 4.334968224998856e+293 10
1725355238310 3.63434261457624e+299 11
1725355238371 2.5622440791905667e+298 12
1725355238434 5.64369053426439e+300 13
1725355238516 5.528496886933859e+301 14
1725355238572 1.0342066400353347e+299 15
1725355238642 1.5694461969346888e+301 16
1725355238695 3.0127021432582354e+299 17
1725355238772 5.270302539380627e+302 18
1725355238835 5.567273780623752e+301 19
1725355238886 3.1017702729523027e+304 20
1725355238947 3.962484138835216e+304 21
1725355239015 2.073178398063397e+305 22
1725355239074 3.498217568331874e+303 23
1725355239135 1.1437357430377827e+305 24
1725355239189 4.533569315895366e+306 25
