1725391503788 173.8148546711425 0
1725391503815 170.42930312520247 1
1725391503845 168.72290192365196 2
1725391503877 167.0511576022774 3
1725391503906 165.38376515185303 4
1725391503930 163.7336856931333 5
1725391503957 162.10066682891332 6
1725391503984 160.4845276813469 7
1725391504009 158.8850889941649 8
1725391504033 157.30217347784728 9
1725391504059 155.7356057851172 10
1725391504083 154.18521248866588 11
1725391504114 152.6508220591417 12
1725391504146 151.13226484340942 13
1725391504178 149.6293730430775 14
1725391504209 148.14198069328788 15
1725391504236 146.6699236417667 16
1725391504258 145.21303952813025 17
1725391504287 143.77116776344496 18
1725391504317 142.34414951003606 19
1725391504344 140.9318276615429 20
1725391504370 139.53404682321704 21
1725391504398 138.15065329245976 22
1725391504426 136.7814950395962 23
1725391504456 135.42642168888258 24
1725391504487 134.08528449974386 25
1725391504517 132.757936348238 26
1725391504549 131.44423170874464 27
1725391504576 130.14402663587464 28
1725391504602 128.8571787465983 29
1725391504636 127.58483940456084 30
1725391504666 126.32489634527238 31
1725391504697 125.07788333376324 32
1725391504729 123.84365917140256 33
1725391504759 122.62208933435546 34
1725391504791 121.41304071162752 35
1725391504821 120.21638163105546 36
1725391504847 119.03198184280885 37
1725391504873 117.86100840624152 38
1725391504899 116.70134541114224 39
1725391504926 115.55354782346774 40
1725391504951 114.41748461327818 41
1725391504977 113.29303290289033 42
1725391505003 112.18007106407148 43
1725391505028 111.07847877459687 44
1725391505055 109.98813700302472 45
1725391505082 108.90892799439808 46
1725391505118 107.84073525610498 47
1725391505144 106.78344354390383 48
1725391505172 105.73693884811115 49
1725391505201 104.70110837995004 50
1725391505225 103.67584055805732 51
1725391505252 102.66102499514709 52
1725391505277 101.6565524848292 53
1725391505305 100.66231498858015 54
1725391505332 99.678205622865 55
1725391505358 98.70411864640815 56
1725391505384 97.7399494476112 57
1725391505410 96.78559453211601 58
1725391505435 95.84095151051132 59
1725391505460 94.90591908618087 60
1725391505487 93.98039704329165 61
1725391505516 93.06428623491996 62
1725391505539 92.15748857131453 63
1725391505565 91.25990700829384 64
1725391505591 90.37144553577684 65
1725391505618 89.49200916644537 66
1725391505648 88.62150392453592 67
1725391505675 87.75983683476022 68
1725391505705 86.90691591135224 69
1725391505732 86.06265014724042 70
1725391505767 85.22694950334356 71
1725391505798 84.39972489798878 72
1725391505825 83.58088819645023 73
1725391505855 82.77035220060681 74
1725391505909 81.96803063871768 75
1725391505933 81.1738381553141 76
1725391505958 80.38769030120612 77
1725391505985 79.60950352360263 78
1725391506010 78.83919515634375 79
1725391506035 78.07668341024386 80
1725391506079 77.32188736354385 81
1725391506103 76.57472695247188 82
1725391506129 75.83512296191056 83
1725391506155 75.10299701616998 84
1725391506180 74.37827156986455 85
1725391506207 73.66086989889322 86
1725391506234 72.95071609152139 87
1725391506264 72.24773503956303 88
1725391506294 71.55185242966262 89
1725391506322 70.86299473467496 90
1725391506349 70.18108920514193 91
1725391506376 69.50606386086511 92
1725391506401 68.83784748257331 93
1725391506427 68.17664253796823 94
1725391506457 67.52195898851642 95
1725391506491 66.87387274448841 96
1725391506520 66.23231386682117 97
1725391506547 65.59721493548851 98
1725391506575 64.96850922295859 99
1725391506597 64.34613070500383 100
1725391506628 63.73001405294672 101
1725391506659 63.12009462617254 102
1725391506688 62.5163084647235 103
1725391506710 61.91876859770386 104
1725391506738 61.327140902114444 105
1725391506768 60.741457152627056 106
1725391506792 60.16165490294053 107
1725391506826 59.587673569409105 108
1725391506854 59.019453191079094 109
1725391506885 58.45693443665006 110
1725391506915 57.900058597586636 111
1725391506947 57.3487675814548 112
1725391506976 56.80300390532985 113
1725391507005 56.26271068927692 114
1725391507033 55.727831649903074 115
1725391507059 55.19831109398018 116
1725391507088 54.6740939121378 117
1725391507118 54.15512557262535 118
1725391507143 53.64135211514257 119
1725391507170 53.132870039499224 120
1725391507199 52.62924716534081 121
1725391507231 52.131060376344834 122
1725391507254 51.63768470479057 123
1725391507276 51.14923976323397 124
1725391507300 50.665672994190636 125
1725391507325 50.18693439165936 126
1725391507356 49.71297445216041 127
1725391507385 49.24374418930216 128
1725391507411 48.779195128101094 129
1725391507432 48.319279299554516 130
1725391507458 47.8639492352703 131
1725391507481 47.413157962154756 132
1725391507510 46.966858997158376 133
1725391507539 46.52500634207811 134
1725391507561 46.08755447841645 135
1725391507593 45.654458362295635 136
1725391507621 45.22567341942736 137
1725391507655 44.80115554013656 138
1725391507687 44.380861074439274 139
1725391507719 43.96474682717364 140
1725391507749 43.552770053183494 141
1725391507781 43.14488845255387 142
1725391507809 42.74106016589847 143
1725391507840 42.341243769697286 144
1725391507870 41.945398271685136 145
1725391507903 41.55357639846833 146
1725391507932 41.165501266497884 147
1725391507966 40.781417289166015 148
1725391507995 40.401003499875905 149
1725391508018 40.02449964272599 150
1725391508049 39.65168054216696 151
1725391508077 39.28265068081734 152
1725391508105 38.91713219354874 153
1725391508126 38.555375292004676 154
1725391508150 38.197150064585564 155
1725391508175 37.842501543460216 156
1725391508199 37.49131065524429 157
1725391508227 37.14364066991073 158
1725391508247 36.79935917899275 159
1725391508276 36.45852588902773 160
1725391508309 36.12101389829651 161
1725391508341 35.786878903231994 162
1725391508367 35.45599939532764 163
1725391508393 35.12842714867163 164
1725391508418 34.80407134604832 165
1725391508448 34.48271780656152 166
1725391508476 34.164831631472104 167
1725391508502 33.84997550178495 168
1725391508527 33.53819946495377 169
1725391508553 33.22953127848551 170
1725391508578 32.92386681391697 171
1725391508609 32.62132414588257 172
1725391508639 32.32162742189557 173
1725391508670 32.0249752965647 174
1725391508702 31.731156571765478 175
1725391508734 31.44030938276997 176
1725391508765 31.152231772634227 177
1725391508795 30.86709420329497 178
1725391508825 30.584697326509286 179
1725391508855 30.3050196809923 180
1725391508880 30.02818317304362 181
1725391508907 29.753973919823117 182
1725391508929 29.482555351457343 183
1725391508954 29.21374454704064 184
1725391508981 28.94759350642069 185
1725391509013 28.684026426766852 186
1725391509038 28.42298745908417 187
1725391509065 28.16459857308429 188
1725391509093 27.908649804176985 189
1725391509118 27.65522720834059 190
1725391509145 27.404353256298666 191
1725391509170 27.155911984183145 192
1725391509214 26.90988134920637 193
1725391509245 26.666273103018074 194
1725391509275 26.42495365178792 195
1725391509304 26.186050686068906 196
1725391509328 25.949530570979206 197
1725391509354 25.715298483349393 198
1725391509379 25.483271320563514 199
1725391509407 25.25361282742982 200
1725391509438 25.02616760616532 201
1725391509464 24.800949025359824 202
1725391509492 24.57783107482258 203
1725391509520 24.357083185260016 204
1725391509547 24.13841193585975 205
1725391509572 23.921860096037435 206
1725391509600 23.70735105248883 207
1725391509625 23.494964089041734 208
1725391509663 23.28471034302314 209
1725391509696 23.076302944510775 210
1725391509727 22.870163406013848 211
1725391509758 22.665939503689405 212
1725391509798 22.463703506130653 213
1725391509826 22.263292139974123 214
1725391509850 22.065030581304256 215
1725391509876 21.868551585306484 216
1725391509898 21.674083019330677 217
1725391509925 21.481462374282966 218
1725391509950 21.2906461912211 219
1725391509977 21.10170379567957 220
1725391510008 20.914660590439436 221
1725391510039 20.72939359370527 222
1725391510069 20.54585065445885 223
1725391510092 20.36418537661835 224
1725391510118 20.184092285579005 225
1725391510143 20.005964211085463 226
1725391510167 19.829410692759886 227
1725391510193 19.654667614909517 228
1725391510220 19.481506380987554 229
1725391510248 19.310060422335226 230
1725391510277 19.140318471955815 231
1725391510303 18.972189198675203 232
1725391510324 18.805608476918565 233
1725391510351 18.640674275808315 234
1725391510380 18.477324155988537 235
1725391510408 18.315611510715772 236
1725391510435 18.155415607654938 237
1725391510461 17.99662343388283 238
1725391510491 17.839570089629923 239
1725391510521 17.68384078494314 240
1725391510545 17.529778936445787 241
1725391510567 17.377146230205256 242
1725391510593 17.22596739266478 243
1725391510619 17.076133313544197 244
1725391510648 16.927841040232543 245
1725391510682 16.781015698803664 246
1725391510711 16.63555284589331 247
1725391510737 16.49155773983217 248
1725391510764 16.34872162365567 249
1725391510791 16.207472185462287 250
1725391510818 16.067477975556866 251
1725391510843 15.92887332732396 252
1725391510872 15.791570204362973 253
1725391510897 15.65559030057041 254
1725391510923 15.520894942433612 255
1725391510948 15.387562374051893 256
1725391510979 15.255393918497079 257
1725391511009 15.124541978335337 258
1725391511040 14.994926187394483 259
1725391511068 14.866534241604999 260
1725391511095 14.739444142178742 261
1725391511121 14.613319116697982 262
1725391511147 14.48871022676025 263
1725391511175 14.365109916893038 264
1725391511200 14.24273706564069 265
1725391511227 14.121526678534996 266
1725391511249 14.00150152525379 267
1725391511269 13.882495195867433 268
1725391511298 13.764773877141334 269
1725391511320 13.648027201345952 270
1725391511347 13.532526193725177 271
1725391511373 13.418090028538053 272
1725391511398 13.304534114583612 273
1725391511424 13.192279252474675 274
1725391511448 13.081046093032537 275
1725391511472 12.970888251311143 276
1725391511500 12.861719830770218 277
1725391511531 12.753658445072201 278
1725391511555 12.64640372535504 279
1725391511584 12.540443286081775 280
1725391511616 12.435370525427068 281
1725391511648 12.331265924250918 282
1725391511682 12.22803501212736 283
1725391511711 12.12593820547344 284
1725391511744 12.024837867313945 285
1725391511770 11.92452906526425 286
1725391511795 11.8252947738827 287
1725391511820 11.727013373346733 288
1725391511847 11.629608842744654 289
1725391511875 11.532980162825691 290
1725391511904 11.43743547481863 291
1725391511928 11.342724902209913 292
1725391511959 11.248998824225412 293
1725391511986 11.155979930227993 294
1725391512012 11.064027889248221 295
1725391512038 10.972757340632148 296
1725391512067 10.882485286781776 297
1725391512096 10.792952242399366 298
1725391512120 10.704355587619212 299
1725391512150 10.616536444891203 300
1725391512176 10.5294695793248 301
1725391512201 10.443248587775951 302
1725391512230 10.357967854167992 303
1725391512260 10.273352916955433 304
1725391512289 10.18957923457631 305
1725391512315 10.106586964179268 306
1725391512337 10.024376674584621 307
1725391512368 9.942848120914757 308
1725391512394 9.862225278089543 309
1725391512421 9.78214976593086 310
1725391512449 9.703089983365802 311
1725391512479 9.624532484250066 312
1725391512507 9.546818480336114 313
1725391512535 9.469809419889101 314
1725391512556 9.39357242164999 315
1725391512583 9.317950621762282 316
1725391512610 9.243153783207877 317
1725391512636 9.168891261146033 318
1725391512663 9.095257580063656 319
1725391512697 9.022605958300547 320
1725391512722 8.95041775352648 321
1725391512749 8.87898363211877 322
1725391512776 8.808130699014553 323
1725391512804 8.737998886737449 324
1725391512832 8.668440808821233 325
1725391512854 8.599639179365793 326
1725391512883 8.531302383110315 327
1725391512916 8.463786699720046 328
1725391512946 8.396783983755876 329
1725391512977 8.330405572726168 330
1725391513002 8.264649346715089 331
1725391513031 8.199568599542419 332
1725391513063 8.134992489292438 333
1725391513092 8.071053860733802 334
1725391513119 8.007631089502153 335
1725391513146 7.9448367288908575 336
1725391513173 7.88267374275249 337
1725391513198 7.821049728816479 338
1725391513258 7.760008536006696 339
1725391513295 7.6994116316762895 340
1725391513327 7.639545249171938 341
1725391513376 7.5801430449836165 342
1725391513405 7.521220723219199 343
1725391513434 7.4629120957214585 344
1725391513462 7.405086303580118 345
1725391513490 7.347902151442985 346
1725391513517 7.291097026873733 347
1725391513543 7.234978901364698 348
1725391513570 7.179262784532515 349
1725391513596 7.123907042004618 350
1725391513625 7.069357489194665 351
1725391513654 7.0151081103794874 352
1725391513697 6.961383718306465 353
1725391513731 6.908166445500626 354
1725391513757 6.855464129496096 355
1725391513786 6.803129778000656 356
1725391513808 6.751445795261875 357
1725391513835 6.700164362782229 358
1725391513860 6.6492370039873725 359
1725391513885 6.59878477450587 360
1725391513914 6.548954353630115 361
1725391513942 6.499481395937717 362
1725391513971 6.450374615739031 363
1725391514002 6.4018332083727145 364
1725391514028 6.353691892467512 365
1725391514055 6.305984414653068 366
1725391514081 6.25874552861008 367
1725391514120 6.211697804951551 368
1725391514144 6.1654165222721335 369
1725391514174 6.119437308721023 370
1725391514205 6.073794087480715 371
1725391514232 6.028589164321137 372
1725391514260 5.983786388720462 373
1725391514287 5.939465395335413 374
1725391514318 5.8954950227802785 375
1725391514345 5.851843732925168 376
1725391514371 5.808636314826175 377
1725391514397 5.765800303717779 378
1725391514424 5.7235057778975245 379
1725391514450 5.681441506979064 380
1725391514481 5.639695177310475 381
1725391514508 5.59844097761235 382
1725391514534 5.557430857188199 383
1725391514567 5.516952831206431 384
1725391514592 5.476743528342082 385
1725391514619 5.436905745568352 386
1725391514650 5.397414100843787 387
1725391514681 5.358289120148728 388
1725391514719 5.3195226706714696 389
1725391514744 5.281146421365779 390
1725391514769 5.242892410339827 391
1725391514797 5.205209867657625 392
1725391514824 5.167767722125363 393
1725391514852 5.130669932821878 394
1725391514875 5.093998929201057 395
1725391514901 5.057539908567643 396
1725391514931 5.021350107183685 397
1725391514960 4.985577794598039 398
1725391514986 4.950111137261653 399
1725391515012 4.914976041438539 400
1725391515039 4.8800660352379355 401
1725391515065 4.845653496770282 402
1725391515094 4.811247459499995 403
1725391515125 4.777412369609971 404
1725391515157 4.74378257513994 405
1725391515189 4.71033865830646 406
1725391515221 4.677400405666282 407
1725391515245 4.6445994517152664 408
1725391515275 4.612092361307001 409
1725391515304 4.579961275624967 410
1725391515331 4.548087857065468 411
1725391515358 4.516433854174658 412
1725391515386 4.48511743201481 413
1725391515419 4.4540021420426745 414
1725391515449 4.423211866121697 415
1725391515484 4.392619515639698 416
1725391515514 4.36250068751162 417
1725391515542 4.332407639685136 418
1725391515574 4.302686293889518 419
1725391515603 4.273229516435044 420
1725391515634 4.2439031609755 421
1725391515658 4.215032975931973 422
1725391515683 4.186265075795299 423
1725391515720 4.157849232662086 424
1725391515745 4.129600717461133 425
1725391515776 4.101701287166111 426
1725391515805 4.0739587681523775 427
1725391515835 4.046446965592752 428
1725391515867 4.019229435552984 429
1725391515898 3.9921087165000197 430
1725391515929 3.965428905571614 431
1725391515959 3.9388523108383175 432
1725391515989 3.912490058002835 433
1725391516022 3.8864644924988947 434
1725391516050 3.8605709406635422 435
1725391516075 3.8349015495259597 436
1725391516096 3.809493265104153 437
1725391516122 3.7842733691474453 438
1725391516154 3.759355386766649 439
1725391516175 3.7345340234637177 440
1725391516204 3.710036675732495 441
1725391516244 3.685716897113652 442
1725391516269 3.661529871128316 443
1725391516295 3.6375741251781215 444
1725391516325 3.6138682570273954 445
1725391516354 3.5903240278487174 446
1725391516377 3.566953771862675 447
1725391516406 3.543963125909571 448
1725391516436 3.5209194093674965 449
1725391516466 3.4982934427612973 450
1725391516488 3.475714435544016 451
1725391516519 3.4533917942728385 452
1725391516545 3.4312244624546193 453
1725391516571 3.40935086588783 454
1725391516602 3.387527111572134 455
1725391516635 3.3658809479477854 456
1725391516666 3.3445853266861785 457
1725391516690 3.323189962817017 458
1725391516713 3.3022015563906626 459
1725391516742 3.2814132547820662 460
1725391516767 3.2606472046134933 461
1725391516791 3.2402093765789672 462
1725391516817 3.21992282362755 463
1725391516842 3.199636181038497 464
1725391516867 3.1797254100036185 465
1725391516892 3.1598870067560854 466
1725391516918 3.140083823645075 467
1725391516944 3.1207081336882565 468
1725391516973 3.1014166215425463 469
1725391517013 3.0821095072888776 470
1725391517053 3.0632008753639357 471
1725391517083 3.04437716302725 472
1725391517112 3.0256628340680822 473
1725391517137 3.007129075777151 474
1725391517163 2.9887162323077647 475
1725391517188 2.9705495620679923 476
1725391517214 2.952412356257165 477
1725391517240 2.934534622573057 478
1725391517266 2.9167964721172717 479
1725391517298 2.89918587337595 480
1725391517336 2.8816701451401716 481
1725391517361 2.864335060061546 482
1725391517387 2.847180048338377 483
1725391517413 2.8302053829435727 484
1725391517438 2.8132288323237744 485
1725391517464 2.796498648854084 486
1725391517489 2.779973077793042 487
1725391517516 2.7631841592636506 488
1725391517539 2.7469722372232805 489
1725391517568 2.7308478314681657 490
1725391517598 2.7147146210650206 491
1725391517632 2.698809454074832 492
1725391517662 2.6830114465585875 493
1725391517693 2.667304796517576 494
1725391517716 2.651833268244589 495
1725391517775 2.6363058666343426 496
1725391517807 2.6210418619824907 497
1725391517829 2.6058724567807 498
1725391517860 2.5908554456267816 499
