1725421980400 29.768475162223194 0
1725421980436 4.972712074868431 1
1725421980472 1.0793917620968105 2
1725421980531 0.4559780930231027 3
1725421980566 0.20577450417459198 4
1725421980597 0.15039689633284595 5
1725421980628 0.15195271316924713 6
1725421980662 0.15826945733329048 7
1725421980705 0.12596789152134635 8
1725421980743 0.1375067188314295 9
1725421980782 0.1742352565120818 10
1725421980821 0.13255425000554857 11
1725421980859 0.16965518178027092 12
1725421980911 0.09709185132994892 13
1725421980944 0.20051581709745941 14
1725421980980 0.17337419200999252 15
1725421981020 0.16334559608198024 16
1725421981067 0.11798180738861547 17
1725421981109 0.14458058999963183 18
1725421981145 0.1379604576708371 19
1725421981182 0.14441491867027337 20
1725421981222 0.15626220588580472 21
1725421981266 0.11962311562471642 22
1725421981299 0.15805459861944932 23
1725421981333 0.17585456586192982 24
1725421981366 0.13553824543952753 25
1725421981401 0.1663121519840185 26
1725421981431 0.18242136895883168 27
1725421981464 0.18113065852591428 28
1725421981503 0.1027591744253538 29
1725421981540 0.15706411038088006 30
1725421981578 0.14992828082616053 31
1725421981615 0.13990147303017783 32
1725421981658 0.16592958554063478 33
1725421981691 0.15425312422803444 34
1725421981733 0.17368058648022358 35
1725421981765 0.16283101371237615 36
1725421981804 0.2011587119193849 37
1725421981846 0.13081181840413522 38
1725421981871 0.2440827300215979 39
1725421981899 0.13197107149899698 40
1725421981927 0.15869576418879827 41
1725421981964 0.1376134918608944 42
1725421982032 0.11264601921112863 43
1725421982059 0.16013452429778022 44
1725421982093 0.11613787972093025 45
1725421982132 0.13030697722483398 46
1725421982157 0.14856594624181832 47
1725421982190 0.0777665435731132 48
1725421982223 0.16183152947813678 49
1725421982254 0.11037427894656102 50
1725421982289 0.1253045141947519 51
1725421982323 0.14354161565728144 52
1725421982361 0.1503844786384345 53
1725421982389 0.13454332301555488 54
1725421982432 0.16455602512547782 55
1725421982471 0.15320546263879956 56
1725421982497 0.14493359992053464 57
1725421982530 0.1536380979744326 58
1725421982563 0.17558796473649166 59
1725421982602 0.13459373903364275 60
1725421982641 0.16470926494946433 61
1725421982673 0.15040909538242875 62
1725421982710 0.1062862019880726 63
1725421982741 0.18739169098273026 64
1725421982773 0.1637659337756563 65
1725421982804 0.167299562290877 66
1725421982843 0.0920155325195148 67
1725421982874 0.06788520099090213 68
1725421982910 0.16279541116236396 69
1725421982951 0.11814850895002467 70
1725421982985 0.1322667815983242 71
1725421983013 0.13848402828888187 72
1725421983052 0.14196496621943608 73
1725421983088 0.13550146599881668 74
1725421983123 0.20554403741928712 75
1725421983153 0.12394882301574024 76
1725421983190 0.18600879433979167 77
1725421983221 0.14890642436866733 78
1725421983256 0.08350265713923419 79
1725421983299 0.13480964916777272 80
1725421983336 0.19851607424037435 81
1725421983365 0.10529736520967321 82
1725421983401 0.17239064640137988 83
1725421983430 0.10882211404469258 84
1725421983461 0.1331598609970379 85
1725421983502 0.14658106180382027 86
1725421983543 0.12966604444844693 87
1725421983588 0.09757697807496987 88
1725421983644 0.1756903674297324 89
1725421983673 0.1514335813334965 90
1725421983713 0.12772535455657105 91
1725421983754 0.1366467893141322 92
1725421983795 0.14975048834721263 93
1725421983833 0.11219278260489628 94
1725421983867 0.11996703041520747 95
1725421983898 0.10961901641269885 96
1725421983931 0.11588708474716687 97
1725421983966 0.08098786705938611 98
1725421983997 0.1087715688075503 99
1725421984031 0.14215436864894662 100
1725421984059 0.1064142950071525 101
1725421984095 0.08653101264417802 102
1725421984131 0.07631867521107594 103
1725421984162 0.10332142300798328 104
1725421984206 0.1524284342809875 105
1725421984241 0.16141509640472243 106
1725421984275 0.17476970562092445 107
1725421984310 0.17465258524631574 108
1725421984346 0.11226140753567407 109
1725421984389 0.13362268744063693 110
1725421984422 0.15129793026085492 111
1725421984453 0.18801916755092693 112
1725421984491 0.1680726292683336 113
1725421984531 0.12283649083571863 114
1725421984565 0.10713318931977103 115
1725421984599 0.15621059333607248 116
1725421984639 0.09363864026061954 117
1725421984673 0.13320497490453412 118
1725421984710 0.1256285623375823 119
1725421984744 0.12921609897688463 120
1725421984779 0.1616227799126373 121
1725421984815 0.1298742678801829 122
1725421984855 0.08876960807766111 123
1725421984896 0.18842923375000145 124
1725421984932 0.14095080382263903 125
1725421984958 0.12705768171946588 126
1725421984994 0.16511100173721388 127
1725421985027 0.1330568370161369 128
1725421985056 0.12964072946811211 129
1725421985084 0.15156871408562603 130
1725421985119 0.09726988830726052 131
1725421985153 0.147390663047905 132
1725421985205 0.16948713927077175 133
1725421985240 0.15791544890865197 134
1725421985275 0.13420348468342264 135
1725421985315 0.1292909729821472 136
1725421985359 0.17329021360370717 137
1725421985388 0.0731316448917266 138
1725421985432 0.17042082223865127 139
1725421985472 0.1350243195143909 140
1725421985508 0.18255677791265335 141
1725421985542 0.13490559989048023 142
1725421985572 0.1115560811720285 143
1725421985613 0.10306015584984893 144
1725421985648 0.1886183584893782 145
1725421985686 0.15403264446214138 146
1725421985722 0.1962285773682439 147
1725421985755 0.12933942129429937 148
1725421985791 0.12125754777153629 149
1725421985829 0.17952954761284778 150
1725421985858 0.19762058046619765 151
1725421985892 0.20377199507886395 152
1725421985922 0.11437516454401755 153
1725421985956 0.1257363555363218 154
1725421985989 0.11212104290704379 155
1725421986021 0.1087254444317735 156
1725421986061 0.12881703666167735 157
1725421986107 0.16117075014086954 158
1725421986142 0.16033084317981733 159
1725421986173 0.13704491627850363 160
1725421986207 0.10189297301309459 161
1725421986237 0.11828694421375804 162
1725421986268 0.16693568694357266 163
1725421986302 0.17153180242854751 164
1725421986329 0.11716226572342711 165
1725421986363 0.1680088294068703 166
1725421986402 0.18005206329077444 167
1725421986435 0.17003394028239635 168
1725421986473 0.15444451597464545 169
1725421986504 0.13156414713989897 170
1725421986542 0.10240077326476887 171
1725421986583 0.12791040218452307 172
1725421986616 0.17801857878055963 173
1725421986661 0.12107191622433472 174
1725421986695 0.16810055934877502 175
1725421986724 0.17403846431842346 176
1725421986763 0.17464639944113133 177
1725421986791 0.14942782757908074 178
1725421986832 0.14681164888097395 179
1725421986860 0.16291483943114843 180
1725421986890 0.11006578670459681 181
1725421986937 0.13152542674630663 182
1725421986970 0.18056138203529476 183
1725421987004 0.10233625778125517 184
1725421987041 0.13930329381335688 185
1725421987080 0.14495497828360265 186
1725421987109 0.10916796371526719 187
1725421987143 0.20126652055734162 188
1725421987181 0.08353458333612951 189
1725421987221 0.16922652224005968 190
1725421987263 0.10788457214125549 191
1725421987302 0.12727774771529649 192
1725421987331 0.16086444876346595 193
1725421987361 0.18750939529664132 194
1725421987400 0.13329254779119853 195
1725421987430 0.0750311687569712 196
1725421987465 0.15610295420021678 197
1725421987497 0.09289586152354501 198
1725421987530 0.1624520249816119 199
1725421987578 0.09383211258391624 200
1725421987612 0.1437188680274616 201
1725421987640 0.10954921883064364 202
1725421987669 0.26124077529447204 203
1725421987699 0.13716761205388509 204
1725421987738 0.11619775387073586 205
1725421987771 0.07833750193774254 206
1725421987800 0.15025439341111546 207
1725421987840 0.11121365999574541 208
1725421987916 0.1686655209504897 209
1725421987955 0.14372960555014683 210
1725421987998 0.13027540495485262 211
1725421988034 0.13141113108134475 212
1725421988070 0.15921234034795703 213
1725421988095 0.14815684998525716 214
1725421988125 0.12770328787504634 215
1725421988156 0.08850047582399799 216
1725421988189 0.13964444406636065 217
1725421988235 0.13224636317200958 218
1725421988269 0.11916516560576382 219
1725421988303 0.13120956223831937 220
1725421988333 0.1212426969530291 221
1725421988372 0.13431603394851546 222
1725421988410 0.10183014671716926 223
1725421988444 0.13244439813071088 224
1725421988473 0.11869752527863274 225
1725421988510 0.12693748898515728 226
1725421988541 0.13685640743170835 227
1725421988571 0.09284587873698656 228
1725421988607 0.11576143691032294 229
1725421988637 0.07727583277693637 230
1725421988676 0.13293823207126068 231
1725421988726 0.09659977022576428 232
1725421988761 0.16418733517167466 233
1725421988803 0.15494481782853953 234
1725421988848 0.10023310558708579 235
1725421988888 0.16913222242083764 236
1725421988927 0.19094025014946372 237
1725421988958 0.18489750934168697 238
1725421988992 0.12504206001366366 239
1725421989031 0.14707768594295456 240
1725421989059 0.0929563081743342 241
1725421989088 0.07515649234553679 242
1725421989124 0.1284154135932827 243
1725421989152 0.17871007506247227 244
1725421989197 0.2193293782232802 245
1725421989237 0.13949828972861547 246
1725421989271 0.10907252596217243 247
1725421989308 0.09040938699607345 248
1725421989345 0.1576490101592811 249
1725421989376 0.11990529294701126 250
1725421989415 0.09548398921537406 251
1725421989447 0.12162720887246406 252
1725421989481 0.12629260454446758 253
1725421989519 0.15419024354668062 254
1725421989547 0.09474104549427687 255
1725421989584 0.09861412955779851 256
1725421989621 0.13033076457251347 257
1725421989654 0.17788209273611919 258
1725421989689 0.1254728598153492 259
1725421989727 0.14934589648649454 260
1725421989751 0.1290936528879131 261
1725421989779 0.06475092528194305 262
1725421989810 0.1558514502134983 263
1725421989847 0.12926861101904674 264
1725421989880 0.09284108188988814 265
1725421989918 0.11889600431639705 266
1725421989961 0.13604594797867992 267
1725421989998 0.09234551477091794 268
1725421990035 0.09347416060595265 269
1725421990070 0.1342160245155029 270
1725421990106 0.11722904767809977 271
1725421990139 0.17706415833629735 272
1725421990178 0.10528123376220648 273
1725421990217 0.19436991464573355 274
1725421990249 0.12383500040351705 275
1725421990280 0.17892124695806896 276
1725421990307 0.18837368295151738 277
1725421990346 0.13922582733308853 278
1725421990375 0.14329739836761315 279
1725421990410 0.17595893631995224 280
1725421990445 0.15806598298632663 281
1725421990480 0.12411838690859056 282
1725421990518 0.08856805568466843 283
1725421990555 0.1984831359393807 284
1725421990594 0.10120347408658822 285
1725421990619 0.19934235846333176 286
1725421990652 0.16104270228684328 287
1725421990694 0.16495499040390094 288
1725421990730 0.1455790786545535 289
1725421990758 0.15168925042621204 290
1725421990792 0.1418255833648173 291
1725421990823 0.11295814276430917 292
1725421990858 0.12195102442776794 293
1725421990895 0.13387912018518366 294
1725421990938 0.1461917796434493 295
1725421990973 0.1410456936095934 296
1725421991005 0.16937106940876867 297
1725421991042 0.1338326096103407 298
1725421991075 0.11103878256206637 299
1725421991112 0.11616859608752397 300
1725421991141 0.1280689715022484 301
1725421991172 0.11454532942730304 302
1725421991206 0.1533666737609046 303
1725421991247 0.10556954994286333 304
1725421991288 0.17562394711298482 305
1725421991330 0.15156270879618977 306
1725421991361 0.1084375743095682 307
1725421991408 0.08990062512095996 308
1725421991448 0.15520112988865 309
1725421991482 0.17379633577690048 310
1725421991518 0.06744847470828608 311
1725421991551 0.1682042774605472 312
1725421991588 0.1431407476072962 313
1725421991635 0.14052584772644613 314
1725421991678 0.18786910409985838 315
1725421991720 0.10031382037824034 316
1725421991751 0.12937029765398259 317
1725421991788 0.1038567504341605 318
1725421991822 0.12229425115525702 319
1725421991869 0.12695753914540134 320
1725421991908 0.11147129718729548 321
1725421991942 0.13217875159431358 322
1725421991973 0.10575285022791493 323
1725421992010 0.11088495634405741 324
1725421992052 0.18946879602789177 325
1725421992093 0.10389557074804104 326
1725421992120 0.176294873091005 327
1725421992160 0.176787974113701 328
1725421992199 0.13607494946802007 329
1725421992232 0.16597398964021473 330
1725421992266 0.18209173580724833 331
1725421992294 0.15899511030889762 332
1725421992322 0.14330286152297145 333
1725421992371 0.1091589592881696 334
1725421992408 0.10318935231252614 335
1725421992445 0.122400604134237 336
1725421992481 0.10015143168317164 337
1725421992514 0.16901580153363607 338
1725421992549 0.10809795223454065 339
1725421992583 0.22296981629447632 340
1725421992631 0.1320714239653202 341
1725421992666 0.09449880409458658 342
1725421992714 0.11309369997400504 343
1725421992760 0.1546598991376454 344
1725421992795 0.07663625540905261 345
1725421992827 0.15437116409871307 346
1725421992854 0.21412076212752623 347
1725421992892 0.16865976193347226 348
1725421992925 0.1367344969641759 349
1725421992949 0.12838142922733778 350
1725421992995 0.14273787186284062 351
1725421993029 0.13625074164987488 352
1725421993061 0.13440649164436777 353
1725421993105 0.13606140672274974 354
1725421993149 0.13649080116300738 355
1725421993191 0.179656185221798 356
1725421993218 0.14747409242973555 357
1725421993256 0.11491864637835988 358
1725421993303 0.13029126897288046 359
1725421993354 0.12907667882769272 360
1725421993392 0.17602486340545614 361
1725421993426 0.12948682883267418 362
1725421993460 0.20618636298779866 363
1725421993486 0.1753828107642543 364
1725421993539 0.12317148817948129 365
1725421993581 0.1167343718902479 366
1725421993608 0.111559616923283 367
1725421993639 0.14520772352127598 368
1725421993672 0.10170412213507571 369
1725421993700 0.10121371040210657 370
1725421993737 0.11302492771054773 371
1725421993771 0.1104782278526317 372
1725421993809 0.08824645768334884 373
1725421993846 0.18558407583863334 374
1725421993885 0.1243340360492046 375
1725421993933 0.16271341158074235 376
1725421993972 0.13186510926666342 377
1725421994003 0.10236394625073164 378
1725421994037 0.0973344007743186 379
1725421994070 0.1582060660176351 380
1725421994101 0.12126297817737072 381
1725421994133 0.15575119289384942 382
1725421994166 0.177670535111743 383
1725421994196 0.17617203530702982 384
1725421994231 0.15140423653847004 385
1725421994260 0.10249624427857333 386
1725421994291 0.132263081589363 387
1725421994317 0.12486734967483587 388
1725421994361 0.17308045796992982 389
1725421994394 0.1348672927749546 390
1725421994434 0.11192166709769191 391
1725421994463 0.11481073329476314 392
1725421994498 0.09931912666964784 393
1725421994544 0.12131597398846372 394
1725421994578 0.14425758104592798 395
1725421994612 0.14973068800535763 396
1725421994646 0.16370742502956506 397
1725421994681 0.1573159665254624 398
1725421994731 0.11040021342001069 399
1725421994772 0.1533347235914689 400
1725421994805 0.13592042933666879 401
1725421994848 0.09532488214978665 402
1725421994878 0.1427934261263002 403
1725421994911 0.19146261281349974 404
1725421994940 0.1663967867019212 405
1725421994980 0.15683909989915587 406
1725421995016 0.16271901192976576 407
1725421995060 0.14543121524949515 408
1725421995091 0.10786196400675167 409
1725421995118 0.12850622898574182 410
1725421995151 0.07667390172135406 411
1725421995189 0.1689633082808523 412
1725421995238 0.12844197308839583 413
1725421995271 0.14861671798105436 414
1725421995310 0.09482801949082519 415
1725421995346 0.1417671669037544 416
1725421995378 0.1576142908916074 417
1725421995431 0.15078387680226452 418
1725421995460 0.17642513024103912 419
1725421995490 0.0982938834255916 420
1725421995527 0.14619353510442293 421
1725421995559 0.09415220810326187 422
1725421995588 0.12088179696295598 423
1725421995625 0.16824646325203413 424
1725421995660 0.119642382167763 425
1725421995690 0.10350794155290628 426
1725421995724 0.1523463347569148 427
1725421995756 0.09533771254267352 428
1725421995794 0.10862365260456273 429
1725421995828 0.12482701362103485 430
1725421995867 0.14169427993724834 431
1725421995902 0.16849421479483484 432
1725421995938 0.10392238908572615 433
1725421995973 0.2229755352324295 434
1725421996012 0.19972126048872796 435
1725421996054 0.12971283983730023 436
1725421996094 0.12429489900120978 437
1725421996119 0.1530370466059431 438
1725421996160 0.11232965156351814 439
1725421996204 0.10892548658206022 440
1725421996232 0.19928306501834947 441
1725421996265 0.16522493854263848 442
1725421996304 0.11948431540677448 443
1725421996349 0.13205647192798 444
1725421996380 0.1688218947248098 445
1725421996414 0.16074564887501744 446
1725421996440 0.07966719917318045 447
1725421996482 0.1257768713231881 448
1725421996514 0.1312340894889223 449
1725421996545 0.12992265306403583 450
1725421996580 0.10599775786291599 451
1725421996611 0.1947454909455327 452
1725421996644 0.11527198065318849 453
1725421996678 0.09121645816849425 454
1725421996718 0.14954702236107506 455
1725421996760 0.19700097922821722 456
1725421996791 0.08964610129478681 457
1725421996820 0.10429136836784311 458
1725421996864 0.11937503536538212 459
1725421996891 0.13906744148124037 460
1725421996922 0.15792291914780118 461
1725421996952 0.14301777267050483 462
1725421996981 0.14714525160521894 463
1725421997014 0.1161404627199756 464
1725421997051 0.17634118558623554 465
1725421997091 0.0779551348344466 466
1725421997116 0.1287325887017514 467
1725421997148 0.13424905469980505 468
1725421997183 0.1009243449518397 469
1725421997226 0.18295141125944733 470
1725421997271 0.09734450762978872 471
1725421997319 0.13670367540100173 472
1725421997348 0.1371568270412576 473
1725421997381 0.16715337552542242 474
1725421997421 0.13912368119721424 475
1725421997460 0.10886168934702281 476
1725421997492 0.13128583438495067 477
1725421997533 0.09677250076214644 478
1725421997572 0.1637009696571808 479
1725421997601 0.11565710731215152 480
1725421997631 0.12767824302567882 481
1725421997668 0.11374076856560089 482
1725421997699 0.12685063826089452 483
1725421997735 0.18327867331330666 484
1725421997769 0.12430506040183817 485
1725421997800 0.14243541833077025 486
1725421997832 0.0955704341740592 487
1725421997867 0.11107229438441502 488
1725421997892 0.1878848575739487 489
1725421997922 0.1703818372554109 490
1725421997959 0.21113250973345307 491
1725421997991 0.11477424976002429 492
1725421998024 0.14767929499085827 493
1725421998060 0.12381553821572903 494
1725421998099 0.1682917075605829 495
1725421998139 0.1644320543511018 496
1725421998177 0.13281682772755346 497
1725421998216 0.19957155869164178 498
1725421998250 0.11667223806806205 499
