1725352814953 72.65500154343941 0
1725352814980 35.7659738713541 1
1725352815006 19.02152596487158 2
1725352815041 12.435283818913629 3
1725352815060 8.257048377902223 4
1725352815080 7.003697244869392 5
1725352815098 6.217465058532843 6
1725352815121 5.578515600747837 7
1725352815145 4.983318430227175 8
1725352815165 4.764285064927052 9
1725352815201 4.869024328299867 10
1725352815221 4.852633246490117 11
1725352815243 4.976954841016718 12
1725352815264 5.252859262241497 13
1725352815285 4.79159230642369 14
