1725393023153 59.25418745601601 0
1725393023224 31.602567674688363 1
1725393023286 20.618280185394934 2
1725393023354 13.32514774852871 3
1725393023415 9.589115306635135 4
1725393023484 4.9249624496736 5
1725393023566 3.071954563386809 6
1725393023634 4.089445677678808 7
1725393023696 6.001011602957735 8
1725393023761 7.580599940280876 9
1725393023828 5.150957748136177 10
1725393023897 0.9752139554444447 11
1725393023964 5.19072432941204 12
1725393024027 4.8861677325077215 13
1725393024093 5.399982060733078 14
1725393024154 5.01352426569976 15
1725393024230 4.473544649041304 16
1725393024287 4.135847327049288 17
1725393024345 4.816568907944283 18
1725393024406 2.7057218710467463 19
1725393024472 3.3538085705013105 20
1725393024539 3.680384018279851 21
1725393024609 4.523856144584587 22
1725393024664 1.0551997886229076 23
1725393024731 4.878775328795515 24
1725393024801 5.535954572197919 25
1725393024864 7.716714732451641 26
1725393024957 8.270084124829353 27
1725393025025 6.77840562894784 28
1725393025086 4.006304768306037 29
1725393025147 6.7812883374055595 30
1725393025208 5.897349394211107 31
1725393025279 6.311937485533186 32
1725393025360 5.813809107474669 33
1725393025433 5.700361371256857 34
1725393025508 5.30013746402058 35
1725393025582 4.704358552214151 36
1725393025655 3.78307249919616 37
1725393025732 3.4418516009266535 38
1725393025805 3.7101791173890573 39
1725393025867 4.1114961855393295 40
1725393025927 5.010401849175095 41
1725393025998 3.3056253187532616 42
1725393026073 3.9453771219385567 43
1725393026136 6.639633589629555 44
1725393026201 4.163458350821511 45
1725393026271 4.583589517609395 46
1725393026337 4.469941695907011 47
1725393026405 3.494024073356247 48
1725393026473 4.103693086811697 49
1725393026548 3.447151085189415 50
1725393026610 3.4213034031875553 51
1725393026678 5.69320636554628 52
1725393026738 5.688931905011075 53
1725393026803 2.925965157495418 54
1725393026867 4.581991384768335 55
1725393026928 4.868414915354487 56
1725393026995 6.143572766297155 57
1725393027061 5.797873836073866 58
1725393027112 6.595678323474001 59
1725393027174 4.060980461909796 60
1725393027251 4.090614212477141 61
1725393027312 5.198093450043612 62
1725393027395 4.2055649582768835 63
1725393027469 5.349598854746123 64
1725393027542 5.028404222295485 65
1725393027611 3.2081690169628496 66
1725393027678 2.9744810161022412 67
1725393027738 5.653313293176035 68
1725393027799 4.34556236264074 69
1725393027873 5.143625740132706 70
1725393027937 4.8061117590108315 71
1725393027993 5.193138558094094 72
1725393028053 4.048044605230964 73
1725393028123 3.5685258561881548 74
1725393028190 5.979333986000788 75
1725393028252 6.727543742545134 76
1725393028312 3.060951043038725 77
1725393028374 2.9336078903203426 78
1725393028435 5.2159274237530555 79
1725393028503 5.390180467238919 80
1725393028569 3.4149631478159908 81
1725393028632 4.72994666632121 82
1725393028695 5.676878281442067 83
1725393028776 5.975448245852322 84
1725393028847 5.446763343698811 85
1725393028909 3.630765499648423 86
1725393028982 4.668361324357784 87
1725393029052 4.235195395309721 88
1725393029110 7.142889932914166 89
