1725353868425 232594438.56308955 0
1725353868498 5.5611646430433344e+17 1
1725353868576 2.1534360476729671e+30 2
1725353868658 3.7788540786655374e+38 3
1725353868725 4.881079038408635e+50 4
1725353868790 2.1789729878564195e+62 5
1725353868859 6.448500016580152e+72 6
1725353868937 1.1170820932148678e+84 7
1725353869001 1.7198045396412595e+95 8
1725353869067 7.289519176760397e+107 9
1725353869129 1.040959953520103e+119 10
1725353869195 2.6863729473278204e+127 11
1725353869268 1.5858185631151225e+144 12
1725353869336 6.149988459923166e+153 13
1725353869416 1.5239818898744573e+164 14
1725353869477 9.352708026131982e+177 15
1725353869550 2.3164447164660223e+189 16
1725353869633 2.434586266845335e+203 17
1725353869760 7.509089377081376e+213 18
1725353869830 6.92744332624899e+225 19
1725353869900 1.0058994671198444e+237 20
1725353869976 9.645662948014467e+244 21
1725353870048 7.050808820317795e+258 22
1725353870110 2.07799350525411e+270 23
1725353870204 3.3209796077925186e+280 24
1725353870265 4.1503425244575505e+291 25
1725353870337 3.6664083470720033e+303 26
1725353870421 inf 27
