1725408827084 175.91179122235155 0
1725408827118 175.55424644238258 1
1725408827147 175.19745379821495 2
1725408827176 174.8414116574482 3
1725408827203 174.48611839137638 4
1725408827244 174.13157237497978 5
1725408827276 173.7777719869155 6
1725408827306 173.42471560950887 7
1725408827343 173.0724016287444 8
1725408827373 172.72082843425713 9
1725408827406 172.36999441932375 10
1725408827439 172.01989798085376 11
1725408827474 171.67053751938087 12
1725408827525 171.32191143905408 13
1725408827559 170.97401814762912 14
1725408827585 170.62685605645964 15
1725408827616 170.28042358048867 16
1725408827648 169.93731101768145 17
1725408827681 169.5949169894378 18
1725408827712 169.2532399407348 19
1725408827747 168.91227832006112 20
1725408827775 168.5720305794079 21
1725408827806 168.2324951742607 22
1725408827837 167.89367056359094 23
1725408827868 167.55555520984763 24
1725408827897 167.21814757894887 25
1725408827926 166.8814461402736 26
1725408827958 166.54544936665323 27
1725408827987 166.21015573436333 28
1725408828018 165.87556372311553 29
1725408828048 165.5416718160489 30
1725408828074 165.20847849972208 31
1725408828104 164.87598226410486 32
1725408828139 164.5441816025701 33
1725408828169 164.21307501188554 34
1725408828199 163.88266099220542 35
1725408828237 163.55293804706284 36
1725408828267 163.2239046833612 37
1725408828295 162.89555941136632 38
1725408828332 162.56790074469842 39
1725408828364 162.2409272003239 40
1725408828394 161.91463729854755 41
1725408828421 161.58902956300435 42
1725408828452 161.2641025206516 43
1725408828482 160.93985470176094 44
1725408828513 160.61628463991042 45
1725408828541 160.29339087197658 46
1725408828574 159.97117193812656 47
1725408828599 159.6496263818102 48
1725408828630 159.32875274975225 49
1725408828670 159.00854959194447 50
1725408828701 158.68901546163784 51
1725408828728 158.37014891533482 52
1725408828756 158.0519485127815 53
1725408828787 157.73441281695992 54
1725408828822 157.41754039408028 55
1725408828855 157.1013298135732 56
1725408828886 156.78577964808227 57
1725408828913 156.470888473456 58
1725408828939 156.15665486874047 59
1725408828968 155.84307741617164 60
1725408828993 155.5301547011676 61
1725408829021 155.21788531232113 62
1725408829051 154.90626784139212 63
1725408829080 154.59530088329993 64
1725408829119 154.28498303611593 65
1725408829179 153.975312901056 66
1725408829197 153.66628908247296 67
1725408829217 153.35791018784917 68
1725408829232 153.05017482778914 69
1725408829247 152.7430816160119 70
1725408829265 152.43662916934377 71
1725408829285 152.13081610771087 72
1725408829316 151.8256410541318 73
1725408829355 151.52110263471025 74
1725408829386 151.21719947862763 75
1725408829416 150.9139302181359 76
1725408829447 150.61129348855007 77
1725408829480 150.30928792824105 78
1725408829507 150.00791217862846 79
1725408829539 149.70716488417307 80
1725408829573 149.40704469237002 81
1725408829629 149.1075502537412 82
1725408829672 148.80868022182847 83
1725408829701 148.51043325318605 84
1725408829732 148.21280800737375 85
1725408829763 147.91580314694968 86
1725408829788 147.61941733746312 87
1725408829816 147.3236492474474 88
1725408829842 147.02849754841301 89
1725408829871 146.73396091484037 90
1725408829899 146.44003802417282 91
1725408829925 146.1467275568096 92
1725408829960 145.85402819609888 93
1725408829994 145.5619386283309 94
1725408830028 145.27045754273064 95
1725408830060 144.97958363145128 96
1725408830089 144.6893155895671 97
1725408830117 144.39965211506635 98
1725408830147 144.1105919088449 99
1725408830176 143.82213367469876 100
1725408830208 143.53427611931767 101
1725408830240 143.24701795227793 102
1725408830270 142.9603578860359 103
1725408830296 142.67429463592092 104
1725408830327 142.38882692012868 105
1725408830359 142.10395345971438 106
1725408830387 141.81967297858597 107
1725408830420 141.53598420349755 108
1725408830453 141.2528858640424 109
1725408830483 140.97037669264657 110
1725408830518 140.68845542456197 111
1725408830550 140.40712079785976 112
1725408830582 140.12637155342378 113
1725408830614 139.8462064349439 114
1725408830646 139.56662418890926 115
1725408830680 139.28762356460186 116
1725408830715 139.00920331408986 117
1725408830755 138.73136219222113 118
1725408830786 138.45409895661658 119
1725408830819 138.1774123676636 120
1725408830850 137.9013011885098 121
1725408830875 137.62576418505608 122
1725408830903 137.35080012595077 123
1725408830931 137.07640778258246 124
1725408830963 136.8025859290741 125
1725408830995 136.52933334227623 126
1725408831023 136.25664880176083 127
1725408831052 135.98453108981468 128
1725408831081 135.71297899143318 129
1725408831106 135.44199129431385 130
1725408831134 135.17156678885 131
1725408831168 134.9017042681245 132
1725408831199 134.63240252790328 133
1725408831230 134.36366036662926 134
1725408831260 134.09547658541584 135
1725408831289 133.82784998804084 136
1725408831321 133.56077938093995 137
1725408831361 133.29426357320088 138
1725408831392 133.02830137655687 139
1725408831422 132.76289160538056 140
1725408831456 132.49803307667779 141
1725408831484 132.23372461008142 142
1725408831518 131.96996502784526 143
1725408831548 131.70675315483774 144
1725408831580 131.44408781853602 145
1725408831613 131.1819678490197 146
1725408831643 130.92039207896482 147
1725408831676 130.65935934363768 148
1725408831708 130.39886848088886 149
1725408831740 130.1389183311472 150
1725408831774 129.87950773741375 151
1725408831810 129.62063554525557 152
1725408831841 129.36230060280002 153
1725408831873 129.10450176072857 154
1725408831904 128.84723787227094 155
1725408831940 128.59050779319895 156
1725408831970 128.33431038182096 157
1725408832002 128.07864449897545 158
1725408832035 127.8235090080255 159
1725408832065 127.56890277485277 160
1725408832095 127.3148246678515 161
1725408832125 127.06127355792283 162
1725408832155 126.80824831846881 163
1725408832185 126.55574782538663 164
1725408832212 126.30377095706278 165
1725408832245 126.05231659436728 166
1725408832272 125.80138362064777 167
1725408832303 125.55097092172392 168
1725408832331 125.30107738588143 169
1725408832369 125.05170190386646 170
1725408832401 124.80284336887986 171
1725408832431 124.55450067657141 172
1725408832459 124.3066727250342 173
1725408832488 124.05935841479877 174
1725408832520 123.81255664882758 175
1725408832551 123.56626633250924 176
1725408832580 123.32048637365308 177
1725408832608 123.07521568248326 178
1725408832637 122.83045317163317 179
1725408832662 122.58619775614002 180
1725408832691 122.3424483534391 181
1725408832720 122.09920388335819 182
1725408832748 121.8564632681121 183
1725408832774 121.614225432297 184
1725408832804 121.372489302885 185
1725408832836 121.13125380921846 186
1725408832861 120.89051788300473 187
1725408832893 120.65028045831043 188
1725408832923 120.41054047155609 189
1725408832949 120.17129686151054 190
1725408832981 119.93254856928579 191
1725408833008 119.69429453833109 192
1725408833032 119.45653371442805 193
1725408833064 119.21926504568471 194
1725408833093 118.98248748253059 195
1725408833120 118.74619997771099 196
1725408833149 118.51040148628172 197
1725408833177 118.27509096560381 198
1725408833204 118.04026737533812 199
1725408833232 117.80592967743992 200
1725408833263 117.57207683615368 201
1725408833294 117.3387078180078 202
1725408833326 117.10582159180916 203
1725408833357 116.87341712863797 204
1725408833394 116.64149340184251 205
1725408833420 116.41004938703371 206
1725408833449 116.17908406208021 207
1725408833478 115.94859640710281 208
1725408833505 115.7185854044695 209
1725408833529 115.48905003879017 210
1725408833557 115.25998929691134 211
1725408833585 115.03140216791115 212
1725408833610 114.80343940062559 213
1725408833639 114.57594730024302 214
1725408833666 114.34892486705058 215
1725408833697 114.12237110352574 216
1725408833728 113.8962850143313 217
1725408833756 113.67066560631034 218
1725408833785 113.44551188848128 219
1725408833819 113.22082287203291 220
1725408833845 112.99659757031935 221
1725408833869 112.77283499885513 222
1725408833900 112.54953417531028 223
1725408833925 112.32669411950535 224
1725408833956 112.10431385340651 225
1725408833987 111.88239240112058 226
1725408834014 111.66092878889027 227
1725408834045 111.43992204508922 228
1725408834075 111.21937120021701 229
1725408834106 110.99927528689456 230
1725408834138 110.77963333985902 231
1725408834175 110.56044439595905 232
1725408834203 110.34170749415014 233
1725408834234 110.12342167548942 234
1725408834263 109.90558598313123 235
1725408834296 109.68819946232216 236
1725408834327 109.4712611603963 237
1725408834358 109.25477012677042 238
1725408834397 109.03872541293939 239
1725408834429 108.82312607247114 240
1725408834456 108.60810151541499 241
1725408834485 108.39351985811466 242
1725408834512 108.17938016254226 243
1725408834541 107.9656814927163 244
1725408834566 107.75242291469698 245
1725408834602 107.53960349658163 246
1725408834636 107.3272223085 247
1725408834669 107.11527842260963 248
1725408834702 106.90377091309128 249
1725408834738 106.69269885614437 250
1725408834765 106.48206132998229 251
1725408834795 106.27185741482792 252
1725408834820 106.06208619290898 253
1725408834855 105.85274674845347 254
1725408834884 105.64383816768529 255
1725408834918 105.43535953881941 256
1725408834947 105.22730995205771 257
1725408834973 105.0196884995841 258
1725408834998 104.8124942755603 259
1725408835029 104.6057263761212 260
1725408835061 104.39938389937046 261
1725408835091 104.193465945376 262
1725408835138 103.98797161616552 263
1725408835166 103.78290001572209 264
1725408835197 103.57825024997975 265
1725408835228 103.374021426819 266
1725408835258 103.17021265606243 267
1725408835285 102.96682304947036 268
1725408835313 102.76385172073634 269
1725408835341 102.56129778548282 270
1725408835370 102.35916036125687 271
1725408835398 102.15743856752565 272
1725408835430 101.95613152567219 273
1725408835457 101.75523835899098 274
1725408835484 101.55475819268366 275
1725408835514 101.35469015385475 276
1725408835545 101.15503337150722 277
1725408835571 100.95578697653836 278
1725408835608 100.7569501017353 279
1725408835641 100.55852188177083 280
1725408835674 100.36050145319928 281
1725408835703 100.16288795445195 282
1725408835733 99.96568052583306 283
1725408835762 99.76887830951559 284
1725408835787 99.57248044953678 285
1725408835818 99.3764860917942 286
1725408835854 99.18089438404137 287
1725408835884 98.98570447588361 288
1725408835915 98.79091551877393 289
1725408835945 98.59652666600866 290
1725408835977 98.40253707272352 291
1725408836007 98.20894589588927 292
1725408836036 98.01575229430772 293
1725408836065 97.82295542860743 294
1725408836093 97.63055446123978 295
1725408836122 97.43854855647464 296
1725408836156 97.24693688039643 297
1725408836181 97.05571860089995 298
1725408836212 96.86489288768631 299
1725408836243 96.67445891225887 300
1725408836275 96.48441584791911 301
1725408836301 96.29476286976266 302
1725408836329 96.10549915467516 303
1725408836356 95.91662388132829 304
1725408836389 95.72819859158759 305
1725408836417 95.54015963161437 306
1725408836448 95.3525061877672 307
1725408836478 95.16523744816449 308
1725408836508 94.97835260268047 309
1725408836537 94.79185084294126 310
1725408836566 94.60573136232085 311
1725408836598 94.41999335593745 312
1725408836623 94.23463602064928 313
1725408836655 94.0496585550508 314
1725408836683 93.86506015946881 315
1725408836712 93.68084003595861 316
1725408836741 93.49699738830006 317
1725408836773 93.31353142199374 318
1725408836803 93.13044134425706 319
1725408836834 92.94772636402055 320
1725408836863 92.76538569192383 321
1725408836894 92.58341854031191 322
1725408836924 92.40182412323132 323
1725408836950 92.2206016564264 324
1725408836983 92.0397503573353 325
1725408837009 91.85926944508638 326
1725408837038 91.67915814049434 327
1725408837069 91.49941566605649 328
1725408837099 91.32004124594891 329
1725408837125 91.1410341060228 330
1725408837154 90.96239347380065 331
1725408837186 90.78411857847247 332
1725408837219 90.60620865089223 333
1725408837250 90.42866292357391 334
1725408837282 90.25148063068805 335
1725408837314 90.07466100805777 336
1725408837339 89.89820329315532 337
1725408837367 89.72210672509821 338
1725408837397 89.54637054464567 339
1725408837428 89.37099399419483 340
1725408837451 89.19597631777731 341
1725408837472 89.02131676105525 342
1725408837503 88.84701457131794 343
1725408837530 88.67306899747805 344
1725408837562 88.49947929006804 345
1725408837586 88.32624470123652 346
1725408837612 88.15336448474466 347
1725408837640 87.98083789596261 348
1725408837665 87.8086641918659 349
1725408837692 87.63684263103183 350
1725408837720 87.46537247363595 351
1725408837743 87.29425298144838 352
1725408837767 87.1234834178304 353
1725408837795 86.9530630477309 354
1725408837823 86.78299113768259 355
1725408837854 86.61326695579885 356
1725408837882 86.44388977176985 357
1725408837911 86.27485885685934 358
1725408837937 86.10617348390089 359
1725408837968 85.93783292729452 360
1725408838001 85.76983646300324 361
1725408838027 85.60218336854948 362
1725408838057 85.43487292301164 363
1725408838085 85.26790440702067 364
1725408838117 85.10127710275654 365
1725408838146 84.93499029394486 366
1725408838178 84.76904326585341 367
1725408838199 84.60343530528867 368
1725408838232 84.43816570059252 369
1725408838259 84.2732337416386 370
1725408838290 84.1086387198291 371
1725408838317 83.94437992809131 372
1725408838348 83.78045666087418 373
1725408838375 83.61686821414497 374
1725408838403 83.45361388538585 375
1725408838434 83.29069297359057 376
1725408838472 83.12810477926107 377
1725408838510 82.9658486044041 378
1725408838536 82.80392375252794 379
1725408838568 82.64232952863902 380
1725408838598 82.48106523923855 381
1725408838627 82.32013019231931 382
1725408838656 82.1595236973622 383
1725408838685 81.99924506533308 384
1725408838716 81.83929360867933 385
1725408838747 81.67966864132661 386
1725408838776 81.52036947867568 387
1725408838806 81.36139543759889 388
1725408838834 81.20274583643716 389
1725408838857 81.0444199949966 390
1725408838885 80.88641723454518 391
1725408838908 80.72873687780974 392
1725408838940 80.57137824897235 393
1725408838969 80.41434067366754 394
1725408839001 80.2576234789787 395
1725408839027 80.1012259934351 396
1725408839055 79.94514754700857 397
1725408839083 79.78938747111027 398
1725408839113 79.63394509858767 399
1725408839144 79.47881976372113 400
1725408839173 79.32401080222091 401
1725408839205 79.1695175512239 402
1725408839236 79.01533934929054 403
1725408839260 78.86147553640147 404
1725408839285 78.70792545395473 405
1725408839310 78.55468844476219 406
1725408839337 78.40176385304683 407
1725408839362 78.24915102443929 408
1725408839391 78.09684930597493 409
1725408839421 77.94485804609066 410
1725408839451 77.79317659462178 411
1725408839479 77.6418043027991 412
1725408839506 77.49074052324559 413
1725408839535 77.33998460997336 414
1725408839564 77.18953591838074 415
1725408839592 77.039393805249 416
1725408839625 76.88955762873938 417
1725408839654 76.74002674839018 418
1725408839681 76.5908005251134 419
1725408839708 76.44187832119195 420
1725408839741 76.29325950027656 421
1725408839766 76.1449434273827 422
1725408839795 75.9969294688876 423
1725408839820 75.84921699252718 424
1725408839844 75.7018053673932 425
1725408839871 75.55469396393008 426
1725408839899 75.40788215393206 427
1725408839925 75.26136931054 428
1725408839951 75.11515480823873 429
1725408839983 74.9692380228537 430
1725408840016 74.82361833154839 431
1725408840041 74.67829511282096 432
1725408840068 74.53326774650179 433
1725408840097 74.38853561375002 434
1725408840123 74.24409809705094 435
1725408840152 74.09995458021302 436
1725408840178 73.95610444836483 437
1725408840206 73.81254708795237 438
1725408840236 73.66928188673592 439
1725408840269 73.52630823378722 440
1725408840295 73.38362551948671 441
1725408840324 73.2412331355205 442
1725408840349 73.09913047487744 443
1725408840378 72.95731693184634 444
1725408840411 72.81579190201315 445
1725408840451 72.67455478225793 446
1725408840491 72.5336049707522 447
1725408840523 72.3929418669559 448
1725408840555 72.2525648716147 449
1725408840591 72.11247338675697 450
1725408840632 71.97266681569121 451
1725408840778 71.83314456300305 452
1725408840801 71.69390603455238 453
1725408840833 71.55495063747082 454
1725408840863 71.41627778015857 455
1725408840894 71.27788687228183 456
1725408840926 71.13977732476997 457
1725408840962 71.0019485498127 458
1725408840993 70.86439996085738 459
1725408841034 70.72713097260613 460
1725408841062 70.59014100101312 461
1725408841087 70.45342946328188 462
1725408841117 70.31699577786243 463
1725408841147 70.18083936444857 464
1725408841178 70.04495964397526 465
1725408841211 69.90935603861574 466
1725408841242 69.77402797177876 467
1725408841273 69.63897486810602 468
1725408841303 69.50419615346948 469
1725408841336 69.36969125496836 470
1725408841365 69.2354596009268 471
1725408841395 69.10150062089096 472
1725408841430 68.96781374562633 473
1725408841465 68.83439840711506 474
1725408841494 68.70125403855342 475
1725408841525 68.56838007434892 476
1725408841557 68.43577595011777 477
1725408841587 68.30344110268227 478
1725408841618 68.17137497006794 479
1725408841691 68.03957699150115 480
1725408841722 67.90804660740625 481
1725408841755 67.77678325940312 482
1725408841789 67.64578639030435 483
1725408841820 67.51505544411283 484
1725408841850 67.38458986601896 485
1725408841880 67.25438910239808 486
1725408841910 67.124452600808 487
1725408841942 66.99477980998618 488
1725408841975 66.86537017984726 489
1725408842008 66.73622316148057 490
1725408842039 66.60733820714736 491
1725408842070 66.47871477027832 492
1725408842131 66.35035230547093 493
1725408842161 66.22225026848716 494
1725408842192 66.09440811625055 495
1725408842224 65.96682530684386 496
1725408842256 65.83950129950661 497
1725408842299 65.71243555463221 498
1725408842327 65.58562753376589 499
