1725358154839 169.25480595599964 0
1725358154866 168.91445505278625 1
1725358154888 168.57486106421922 2
1725358154910 168.23602222318843 3
1725358154930 167.8979367668611 4
1725358154952 167.56060293667127 5
1725358154974 167.224018978309 6
1725358154998 166.88818314170953 7
1725358155017 166.55309368104304 8
1725358155040 166.21874885470362 9
1725358155060 165.88514692529895 10
1725358155082 165.55228615963952 11
1725358155103 165.22016482872846 12
1725358155125 164.8887812077506 13
1725358155144 164.5581335760623 14
1725358155166 164.22822021718082 15
1725358155186 163.89903941877407 16
1725358155206 163.57058947265006 17
1725358155229 163.24286867474666 18
1725358155260 162.91587532512105 19
1725358155279 162.58960772793972 20
1725358155302 162.26406419146795 21
1725358155325 161.9392430280596 22
1725358155348 161.61514255414684 23
1725358155369 161.29176109023015 24
1725358155390 160.96909696086792 25
1725358155412 160.64714849466625 26
1725358155437 160.32591402426914 27
1725358155473 160.00539188634804 28
1725358155493 159.68558042159202 29
1725358155512 159.36647797469757 30
1725358155531 159.04808289435869 31
1725358155549 158.73039353325686 32
1725358155568 158.41340824805098 33
1725358155586 158.09712539936766 34
1725358155606 157.78154335179093 35
1725358155624 157.4666604738528 36
1725358155645 157.1524751380231 37
1725358155664 156.83898572069955 38
1725358155683 156.52619060219837 39
1725358155704 156.2140881667441 40
1725358155723 155.9026768024599 41
1725358155743 155.591954901358 42
1725358155762 155.2819208593299 43
1725358155783 154.97257307613648 44
1725358155802 154.66390995539874 45
1725358155832 154.3559299045877 46
1725358155853 154.04863133501527 47
1725358155874 153.7420126618243 48
1725358155895 153.43607230397916 49
1725358155921 153.1308086842562 50
1725358155939 152.8262202292343 51
1725358155969 152.5223053692852 52
1725358155990 152.21906253856423 53
1725358156011 151.9164901750008 54
1725358156034 151.6145867202889 55
1725358156069 151.31335061987798 56
1725358156128 151.0127803229633 57
1725358156147 150.71287428247663 58
1725358156167 150.4136309550772 59
1725358156189 150.11504880114202 60
1725358156209 149.817126284757 61
1725358156231 149.51986187370733 62
1725358156248 149.22325403946857 63
1725358156269 148.9273012571974 64
1725358156287 148.63200200572223 65
1725358156307 148.33735476753435 66
1725358156332 148.0433580287786 67
1725358156353 147.75001027924438 68
1725358156374 147.45731001235657 69
1725358156397 147.16525572516636 70
1725358156421 146.8738459183424 71
1725358156442 146.58307909616167 72
1725358156463 146.29295376650052 73
1725358156496 146.0034684408258 74
1725358156537 145.7146216341858 75
1725358156558 145.42641186520137 76
1725358156579 145.13883765605712 77
1725358156606 144.8518975324925 78
1725358156628 144.5655900237929 79
1725358156652 144.2799136627809 80
1725358156674 143.99486698580742 81
1725358156694 143.71044853274307 82
1725358156719 143.42665684696928 83
1725358156740 143.1434904753695 84
1725358156760 142.8609479683208 85
1725358156781 142.57902787968482 86
1725358156801 142.29772876679928 87
1725358156821 142.01704919046946 88
1725358156853 141.73698771495938 89
1725358156877 141.4575429079833 90
1725358156898 141.17871334069713 91
1725358156919 140.9004975876899 92
1725358156942 140.6228942269752 93
1725358156962 140.34590183998276 94
1725358156981 140.0695190115499 95
1725358157001 139.79374432991295 96
1725358157021 139.5185763866991 97
1725358157040 139.24401377691774 98
1725358157059 138.97005509895217 99
1725358157078 138.6966989545512 100
1725358157099 138.42394394882078 101
1725358157119 138.15178869021568 102
1725358157141 137.88023179053124 103
1725358157162 137.60927186489496 104
1725358157182 137.3389075317584 105
1725358157204 137.0691374128888 106
1725358157225 136.79996013336083 107
1725358157244 136.53137432154858 108
1725358157265 136.26337860911724 109
1725358157287 135.9959716310148 110
1725358157309 135.7291520254643 111
1725358157328 135.46291843395534 112
1725358157349 135.19726950123612 113
1725358157370 134.93220387530542 114
1725358157391 134.6677202074045 115
1725358157411 134.403817152009 116
1725358157431 134.140493366821 117
1725358157456 133.8777475127611 118
1725358157476 133.61557825396025 119
1725358157495 133.35398425775196 120
1725358157514 133.0929641946643 121
1725358157535 132.83251673841204 122
1725358157554 132.57264056588866 123
1725358157573 132.31333435715862 124
1725358157591 132.0545967954494 125
1725358157613 131.79642656714375 126
1725358157633 131.53882236177174 127
1725358157654 131.2817828720031 128
1725358157675 131.0253067936395 129
1725358157695 130.76939282560664 130
1725358157714 130.51403966994664 131
1725358157733 130.25924603181022 132
1725358157752 130.0050106194492 133
1725358157771 129.75133214420856 134
1725358157790 129.4982093205191 135
1725358157809 129.2456408658895 136
1725358157828 128.993625500899 137
1725358157856 128.74216194918944 138
1725358157880 128.4912489374582 139
1725358157925 128.2408851954502 140
1725358157947 127.99106945595057 141
1725358157969 127.74180045477705 142
1725358158005 127.49307693077259 143
1725358158035 127.2448976257978 144
1725358158058 126.99726128472355 145
1725358158079 126.75016665542348 146
1725358158100 126.50361248876656 147
1725358158120 126.25759753860983 148
1725358158139 126.01212056179087 149
1725358158158 125.76718031812047 150
1725358158178 125.52277557037539 151
1725358158197 125.27890508429091 152
1725358158218 125.03556762855358 153
1725358158237 124.79276197479392 154
1725358158257 124.55048689757923 155
1725358158276 124.30874117440617 156
1725358158296 124.06752358569372 157
1725358158317 123.82683291477584 158
1725358158337 123.58666794789436 159
1725358158357 123.34702747419173 160
1725358158380 123.10791028570391 161
1725358158398 122.86931517735327 162
1725358158419 122.63124094694132 163
1725358158439 122.39368639514181 164
1725358158462 122.15665032549353 165
1725358158479 121.92013154439326 166
1725358158499 121.68412886108872 167
1725358158517 121.44864108767153 168
1725358158537 121.21366703907029 169
1725358158560 120.9792055330434 170
1725358158580 120.74525539017235 171
1725358158599 120.51181543385452 172
1725358158619 120.27888449029635 173
1725358158641 120.0464613885064 174
1725358158661 119.81454496028843 175
1725358158681 119.58313404023464 176
1725358158700 119.35222746571857 177
1725358158722 119.12182407688843 178
1725358158742 118.89192271666028 179
1725358158761 118.66252223071093 180
1725358158779 118.43362146747162 181
1725358158798 118.20521927812081 182
1725358158818 117.97731451657766 183
1725358158836 117.7499060394951 184
1725358158865 117.52299270625335 185
1725358158887 117.29657337895296 186
1725358158906 117.07064692240827 187
1725358158925 116.84521220414058 188
1725358158949 116.62026809437181 189
1725358158970 116.39581346601739 190
1725358158991 116.17184719467997 191
1725358159011 115.9483681586428 192
1725358159036 115.72537523886292 193
1725358159060 115.50286731896479 194
1725358159081 115.28084328523369 195
1725358159101 115.05930202660907 196
1725358159120 114.83824243467814 197
1725358159139 114.6176634036693 198
1725358159158 114.3975638304457 199
1725358159177 114.17794261449868 200
1725358159196 113.9587986579414 201
1725358159214 113.74013086550232 202
1725358159233 113.5219381445189 203
1725358159251 113.30421940493092 204
1725358159268 113.0869735592745 205
1725358159286 112.87019952267522 206
1725358159303 112.65389621284224 207
1725358159323 112.43806255006169 208
1725358159344 112.22269745719028 209
1725358159364 112.00779985964915 210
1725358159385 111.79336868541762 211
1725358159405 111.57940286502665 212
1725358159426 111.36590133155285 213
1725358159448 111.152863020612 214
1725358159467 110.940286870353 215
1725358159486 110.72817182145161 216
1725358159506 110.51651681710412 217
1725358159525 110.3053208030213 218
1725358159543 110.09458272742225 219
1725358159565 109.8843015410281 220
1725358159585 109.67447619705598 221
1725358159604 109.46510565121287 222
1725358159629 109.25618886168958 223
1725358159649 109.04772478915442 224
1725358159672 108.83971239674733 225
1725358159693 108.63215065007385 226
1725358159715 108.42503851719889 227
1725358159735 108.21837496864086 228
1725358159753 108.01215897736549 229
1725358159773 107.80638951878004 230
1725358159792 107.60106557072716 231
1725358159811 107.3961861134789 232
1725358159829 107.19175012973098 233
1725358159847 106.98775660459653 234
1725358159876 106.78420452560042 235
1725358159896 106.58109288267319 236
1725358159917 106.3784206681453 237
1725358159939 106.17618687674108 238
1725358159960 105.97439050557306 239
1725358159980 105.77303055413593 240
1725358160002 105.57210602430085 241
1725358160024 105.37161592030952 242
1725358160050 105.17155924876847 243
1725358160070 104.9719350186432 244
1725358160087 104.77274224125249 245
1725358160106 104.57397993026244 246
1725358160126 104.37564710168103 247
1725358160146 104.17774277385207 248
1725358160165 103.98026596744978 249
1725358160184 103.78321570547281 250
1725358160202 103.58659101323872 251
1725358160221 103.39039091837832 252
1725358160248 103.19461445082983 253
1725358160268 102.9992606428335 254
1725358160289 102.80432852892575 255
1725358160310 102.60981714593365 256
1725358160330 102.41572553296935 257
1725358160350 102.22205273142438 258
1725358160371 102.0287977849642 259
1725358160393 101.83595973952255 260
1725358160413 101.64353764329597 261
1725358160434 101.4515305467382 262
1725358160455 101.25993750255468 263
1725358160479 101.06875756569711 264
1725358160501 100.87798979335786 265
1725358160520 100.68763324496462 266
1725358160542 100.49768698217476 267
1725358160566 100.30815006886998 268
1725358160588 100.11902157115104 269
1725358160609 99.93030055733196 270
1725358160628 99.74198609793494 271
1725358160648 99.55407726568484 272
1725358160668 99.36657313550377 273
1725358160690 99.17947278450582 274
1725358160712 98.9927752919916 275
1725358160733 98.80647973944298 276
1725358160752 98.6205852105177 277
1725358160772 98.43509079104415 278
1725358160791 98.24999556901592 279
1725358160810 98.06529863458665 280
1725358160829 97.88099908006475 281
1725358160849 97.69709599990802 282
1725358160868 97.51358849071852 283
1725358160896 97.33047565123734 284
1725358160916 97.1477565823393 285
1725358160935 96.96543038702771 286
1725358160955 96.78349617042939 287
1725358160975 96.60195303978928 288
1725358160994 96.42080010446531 289
1725358161013 96.24003647592335 290
1725358161032 96.05966126773193 291
1725358161054 95.87967359555716 292
1725358161072 95.70007257715775 293
1725358161098 95.52085733237963 294
1725358161117 95.34202698315113 295
1725358161136 95.16358065347774 296
1725358161156 94.9855174694371 297
1725358161175 94.80783655917396 298
1725358161194 94.6305370528951 299
1725358161213 94.45361808286437 300
1725358161232 94.27707878339758 301
1725358161252 94.10091829085756 302
1725358161271 93.92513574364925 303
1725358161290 93.74973028221453 304
1725358161309 93.57470104902738 305
1725358161330 93.40004718858904 306
1725358161349 93.22576784742274 307
1725358161366 93.05186217406916 308
1725358161386 92.87832931908126 309
1725358161407 92.70516843501942 310
1725358161428 92.53237867644668 311
1725358161447 92.35995919992371 312
1725358161467 92.18790916400398 313
1725358161487 92.016227729229 314
1725358161506 91.84491405812342 315
1725358161525 91.67396731519005 316
1725358161545 91.5033866669054 317
1725358161564 91.33317128171448 318
1725358161583 91.16332033002635 319
1725358161602 90.99383298420906 320
1725358161623 90.82470841858506 321
1725358161642 90.65594580942644 322
1725358161662 90.48754433495004 323
1725358161681 90.31950317531287 324
1725358161700 90.15182151260734 325
1725358161720 89.98449853085651 326
1725358161737 89.81753341600954 327
1725358161762 89.65092535593676 328
1725358161782 89.48467354042518 329
1725358161802 89.31877716117387 330
1725358161822 89.15323541178913 331
1725358161844 88.98804748777991 332
1725358161865 88.82321258655337 333
1725358161884 88.65872990740999 334
1725358161914 88.49459865153915 335
1725358161934 88.3308180220145 336
1725358161954 88.1673872237893 337
1725358161976 88.00430546369195 338
1725358161996 87.84157195042145 339
1725358162016 87.6791858945427 340
1725358162037 87.51714650848214 341
1725358162059 87.35545300652318 342
1725358162080 87.19410460480161 343
1725358162101 87.03310052130111 344
1725358162123 86.87243997584898 345
1725358162143 86.7121221901113 346
1725358162165 86.55214638758875 347
1725358162185 86.39251179361206 348
1725358162203 86.23321763533755 349
1725358162224 86.07426314174268 350
1725358162249 85.91564754362174 351
1725358162268 85.75737007358124 352
1725358162287 85.59942996603576 353
1725358162306 85.44182645720333 354
1725358162325 85.28455878510124 355
1725358162345 85.12762618954149 356
1725358162363 84.97102791212659 357
1725358162382 84.81476319624517 358
1725358162399 84.65883128706757 359
1725358162422 84.50323143154168 360
1725358162443 84.34796287838846 361
1725358162464 84.19302487809766 362
1725358162486 84.03841668292365 363
1725358162505 83.88413754688106 364
1725358162525 83.73018672574051 365
1725358162543 83.57656347702432 366
1725358162563 83.4232670600023 367
1725358162581 83.2702967356876 368
1725358162601 83.11765176683228 369
1725358162619 82.96533141792325 370
1725358162641 82.81333495517806 371
1725358162661 82.66166164654067 372
1725358162678 82.51031076167713 373
1725358162696 82.3592815719717 374
1725358162715 82.20857335052251 375
1725358162733 82.05818537213729 376
1725358162752 81.90811691332948 377
1725358162772 81.75836725231393 378
1725358162792 81.60893566900283 379
1725358162812 81.4598214450016 380
1725358162831 81.31102386360473 381
1725358162851 81.16254220979184 382
1725358162871 81.01437577022337 383
1725358162892 80.86652383323673 384
1725358162920 80.71898568884207 385
1725358162940 80.57176062871838 386
1725358162960 80.42484794620931 387
1725358162983 80.27824693631923 388
1725358163004 80.13195689570912 389
1725358163024 79.98597712269272 390
1725358163046 79.84030691723241 391
1725358163070 79.69494558093511 392
1725358163089 79.54989241704858 393
1725358163106 79.40514673045722 394
1725358163127 79.2607078276782 395
1725358163146 79.11657501685751 396
1725358163168 78.97274760776597 397
1725358163188 78.82922491179535 398
1725358163209 78.68600624195442 399
1725358163230 78.54309091286504 400
1725358163251 78.40047824075832 401
1725358163271 78.25816754347058 402
1725358163293 78.11615814043962 403
1725358163312 77.9744493527008 404
1725358163331 77.83304050288311 405
1725358163351 77.69193091520545 406
1725358163370 77.55111991547258 407
1725358163391 77.41060683107155 408
1725358163414 77.27039099096761 409
1725358163433 77.13047172570063 410
1725358163455 76.99084836738108 411
1725358163474 76.85152024968644 412
1725358163496 76.71248670785724 413
1725358163514 76.5737470786934 414
1725358163535 76.43530070055033 415
1725358163554 76.29714691333534 416
1725358163574 76.15928505850381 417
1725358163594 76.02171447905535 418
1725358163618 75.88443451953023 419
1725358163641 75.74744452600564 420
1725358163662 75.61074384609181 421
1725358163687 75.4743318289285 422
1725358163702 75.33820782518126 423
1725358163723 75.20237118703768 424
1725358163744 75.06682126820375 425
1725358163764 74.93155742390014 426
1725358163784 74.79657901085875 427
1725358163808 74.66188538731873 428
1725358163831 74.52747591302317 429
1725358163851 74.39334994921516 430
1725358163869 74.25950685863451 431
1725358163888 74.12594600551387 432
1725358163907 73.99266675557513 433
1725358163937 73.85966847602606 434
1725358163956 73.72695053555648 435
1725358163976 73.5945123043348 436
1725358163994 73.46235315400438 437
1725358164015 73.3304724576801 438
1725358164036 73.1988695899447 439
1725358164060 73.06754392684529 440
1725358164081 72.93649484588971 441
1725358164102 72.80572172604316 442
1725358164122 72.67522394772463 443
1725358164142 72.54500089280343 444
1725358164160 72.41505194459542 445
1725358164179 72.28537648786002 446
1725358164198 72.15597390879628 447
1725358164217 72.02684359503965 448
1725358164236 71.8979849356585 449
1725358164255 71.76939732115045 450
1725358164274 71.64108014343927 451
1725358164292 71.51303279587113 452
1725358164312 71.38525467321142 453
1725358164332 71.25774517164116 454
1725358164351 71.1305036887536 455
1725358164369 71.00352962355093 456
1725358164388 70.87682237644083 457
1725358164406 70.75038134923292 458
1725358164426 70.6242059451357 459
1725358164445 70.49829556875292 460
1725358164468 70.37264962608037 461
1725358164487 70.24726752450239 462
1725358164506 70.12214867278868 463
1725358164525 69.99729248109085 464
1725358164544 69.87269836093907 465
1725358164562 69.74836572523894 466
1725358164582 69.6242939882679 467
1725358164605 69.50048256567219 468
1725358164626 69.37693087446334 469
1725358164644 69.25363833301505 470
1725358164667 69.1306043610598 471
1725358164688 69.00782837968566 472
1725358164709 68.88530981133299 473
1725358164733 68.7630480797911 474
1725358164750 68.64104261019511 475
1725358164769 68.51929282902287 476
1725358164787 68.39779816409123 477
1725358164806 68.27655804455337 478
1725358164825 68.15557190089527 479
1725358164848 68.03483916493256 480
1725358164868 67.91435926980746 481
1725358164891 67.79413164998527 482
1725358164911 67.6741557412516 483
1725358164943 67.55443098070879 484
1725358164960 67.4349568067731 485
1725358164981 67.31573265917129 486
1725358165001 67.19675797893765 487
1725358165021 67.07803220841062 488
1725358165040 66.95955479123002 489
1725358165060 66.84132517233353 490
1725358165078 66.7233427979538 491
1725358165097 66.60560711561531 492
1725358165116 66.48811757413125 493
1725358165136 66.3708736236003 494
1725358165153 66.25387471540385 495
1725358165175 66.1371203022025 496
1725358165196 66.02060983793336 497
1725358165216 65.90434277780679 498
1725358165235 65.78831857830332 499
