1725405306553 70.89129477462589 0
1725405306591 29.330767632743097 1
1725405306625 12.327409470164477 2
1725405306660 4.5470452985302785 3
1725405306694 2.011686190634996 4
1725405306727 1.2930758970332792 5
1725405306763 0.43983550243177777 6
1725405306799 0.17066290473137277 7
1725405306835 0.11497347588405983 8
1725405306860 0.10734914189137466 9
1725405306892 0.08487665989371375 10
1725405306925 0.07422961032887612 11
1725405306962 0.0639622040861537 12
1725405306992 0.06232426355208847 13
1725405307024 0.07161473906070877 14
1725405307057 0.08771493341693251 15
1725405307091 0.08348096365265928 16
1725405307122 0.08853570747556151 17
1725405307154 0.07323642992258683 18
1725405307186 0.08327410280095787 19
1725405307218 0.08808234173570298 20
1725405307244 0.05404549246881926 21
1725405307271 0.0786530870627831 22
1725405307309 0.08885674023772827 23
1725405307343 0.09639985453631685 24
1725405307370 0.059205747815125984 25
1725405307400 0.059785696858291534 26
1725405307425 0.16257292078487653 27
1725405307461 0.08736928789434247 28
1725405307484 0.08515908382978571 29
1725405307511 0.11145771383946369 30
1725405307550 0.08748353316199194 31
1725405307576 0.09648544215847707 32
1725405307604 0.07713651987079476 33
1725405307638 0.16594255914921202 34
1725405307667 0.0815439303508245 35
1725405307708 0.085380140391646 36
1725405307784 0.05989425884649909 37
1725405307827 0.06801128580059183 38
1725405307844 0.0736286366653985 39
1725405307866 0.07327943127894 40
1725405307893 0.09275507419803779 41
1725405307925 0.0827984653285077 42
1725405307956 0.09718763629494478 43
1725405307986 0.0952204142874369 44
1725405308014 0.06332461843276047 45
1725405308043 0.05812894530247064 46
1725405308069 0.10251962413240291 47
1725405308100 0.08050828505596472 48
1725405308124 0.09210629482754079 49
1725405308156 0.06489521804060722 50
1725405308187 0.16738329838950516 51
1725405308217 0.13047769540384804 52
1725405308244 0.07570055762837605 53
1725405308276 0.06248911090593922 54
1725405308311 0.10363806339854048 55
1725405308334 0.06109481450628627 56
1725405308358 0.17778425304483317 57
1725405308388 0.07724696860376225 58
1725405308417 0.05269171919911669 59
1725405308442 0.0566519026719057 60
1725405308474 0.06058940328171 61
1725405308507 0.09349206946929074 62
1725405308545 0.06068097342221998 63
1725405308578 0.07232980138719451 64
1725405308608 0.09121682162977755 65
1725405308640 0.05407350249595049 66
1725405308679 0.07707509112748508 67
1725405308701 0.08660513966970336 68
1725405308735 0.051481149451048314 69
1725405308765 0.053307552370392725 70
1725405308794 0.07788229094707373 71
