1725361995905 7.32603226934101e+238 0
1725361995972 8.670569642815113e+238 1
1725361996047 5.981407654067392e+236 2
1725361996103 8.37382775661084e+235 3
1725361996159 1.0636505339625086e+237 4
1725361996216 1.8170954759719616e+237 5
1725361996278 9.20952506295544e+236 6
1725361996335 1.0987611373333334e+240 7
1725361996397 9.537345131655355e+238 8
1725361996459 4.127113117318616e+237 9
1725361996523 1.9573363574517574e+239 10
1725361996586 5.989703760125506e+239 11
1725361996650 6.26091769914034e+241 12
1725361996711 1.582313460847574e+241 13
1725361996777 3.984950021586251e+238 14
1725361996852 7.731957599498866e+239 15
1725361996909 1.941716216853227e+243 16
1725361996963 6.753826137409503e+238 17
1725361997023 3.544460858973798e+242 18
1725361997086 1.551039608606026e+241 19
1725361997150 9.305076544915934e+245 20
1725361997214 3.92771427041062e+243 21
1725361997274 3.70239329327222e+245 22
1725361997328 1.566055390116347e+244 23
1725361997383 2.4929282450642713e+245 24
1725361997444 2.1316434345449876e+247 25
1725361997512 8.625971663008195e+245 26
1725361997564 5.595253341866008e+248 27
1725361997630 2.229952446565882e+249 28
1725361997699 1.0949739793986971e+249 29
1725361997769 1.667199254097024e+248 30
1725361997830 1.2713880580961375e+250 31
1725361997908 3.3662031497740927e+252 32
1725361998040 1.9121836739975725e+251 33
1725361998106 8.771434919838327e+251 34
1725361998167 4.883813361461636e+253 35
1725361998231 1.1460039370700706e+253 36
1725361998301 3.0150582162442616e+250 37
1725361998364 6.988555672202875e+253 38
1725361998435 5.697883403752517e+254 39
1725361998490 3.62008560416312e+254 40
1725361998552 1.4049303415117594e+256 41
1725361998617 1.9961297080846313e+256 42
1725361998684 7.612842952450046e+254 43
1725361998746 3.1741803845429095e+256 44
1725361998807 2.731069788491784e+257 45
1725361998871 1.3156712687292791e+259 46
1725361998943 3.191716633744796e+257 47
1725361999002 2.313898220015169e+256 48
1725361999066 7.512456564388259e+259 49
1725361999127 2.8588167227730757e+260 50
1725361999186 2.899699510146386e+260 51
1725361999240 1.1799361341497245e+261 52
1725361999307 1.5351291864457731e+261 53
1725361999364 6.732015928684873e+261 54
1725361999422 9.549882623679362e+263 55
1725361999483 4.8686474295585937e+263 56
1725361999549 1.7221367160604355e+262 57
1725361999610 8.391170072313455e+264 58
1725361999669 4.856276379704286e+262 59
1725361999725 1.3797924346762062e+263 60
1725361999782 8.464076100104938e+264 61
1725361999837 1.1926519252173902e+266 62
1725361999891 6.0230915080867515e+264 63
1725361999948 2.31918640486333e+268 64
1725362000010 3.0136891185842124e+268 65
1725362000082 4.847544103480087e+267 66
1725362000139 4.496279056499635e+267 67
1725362000202 2.871570970567973e+264 68
1725362000268 4.592858249014773e+270 69
1725362000328 7.182052843282956e+269 70
1725362000381 7.246746144596188e+272 71
1725362000443 1.1721925144836961e+272 72
1725362000498 4.027820559747049e+270 73
1725362000557 1.0799962794475243e+273 74
1725362000619 9.999701718707746e+270 75
1725362000683 1.4006352147506075e+272 76
1725362000748 5.806945414285006e+275 77
1725362000799 2.6403049466794962e+273 78
1725362000864 3.607221490698112e+276 79
1725362000934 3.766549316567288e+274 80
1725362000998 1.8051954792064715e+276 81
1725362001062 1.9982217565870982e+278 82
1725362001126 3.065576078350281e+277 83
1725362001176 2.1555646598726716e+277 84
1725362001233 2.4543531963296066e+277 85
1725362001297 2.9819993271826823e+279 86
1725362001359 1.6343561307905208e+280 87
1725362001419 6.908869529505073e+278 88
1725362001474 1.5495024709370455e+281 89
1725362001528 7.89985585069169e+281 90
1725362001578 1.9737441186994697e+281 91
1725362001645 2.123757764262258e+282 92
1725362001700 2.218003279549256e+282 93
1725362001754 4.132989146348349e+282 94
1725362001816 1.639228965821039e+283 95
1725362001881 1.224691854695464e+283 96
1725362001942 3.567105076661319e+283 97
1725362002006 7.0473888143824836e+283 98
1725362002069 2.0064116213235032e+284 99
1725362002130 2.19569341001717e+287 100
1725362002194 9.729189920807215e+285 101
1725362002256 2.5223078834782364e+287 102
1725362002319 4.0806673895380673e+288 103
1725362002382 5.587122890788629e+288 104
1725362002438 7.053761529990955e+287 105
1725362002501 3.267514288849435e+289 106
1725362002565 1.2377960282528256e+291 107
1725362002629 1.2710934996139967e+288 108
1725362002686 1.32244481531571e+291 109
1725362002742 1.0957365269156475e+292 110
1725362002803 3.6097303362134753e+291 111
1725362002866 6.388390311459641e+292 112
1725362002928 1.576993269038838e+291 113
1725362002990 2.2657951536919344e+292 114
1725362003051 4.448097120632832e+294 115
1725362003113 2.9963170503617424e+293 116
1725362003176 2.9182375301439394e+292 117
1725362003243 9.467808606702346e+295 118
1725362003302 1.791654846264355e+295 119
1725362003366 4.53315788387419e+295 120
1725362003430 1.0425919896285301e+297 121
1725362003514 8.104584934396361e+297 122
1725362003578 3.4452995175320267e+298 123
1725362003636 3.2274099037754302e+296 124
1725362003700 3.6530865963517104e+298 125
1725362003764 1.6261974925410305e+300 126
1725362003829 4.454721385979451e+300 127
1725362003883 5.212815485943316e+301 128
1725362003949 1.0230799215158801e+301 129
1725362004010 1.900176100907228e+301 130
1725362004079 4.670132563817995e+301 131
1725362004144 9.748067334976567e+302 132
1725362004201 3.639263121479746e+302 133
1725362004256 2.0035963434411288e+303 134
1725362004319 3.130818583695584e+304 135
1725362004375 2.9944026427117484e+301 136
1725362004437 7.868623598149307e+305 137
1725362004501 2.01008378981357e+306 138
