1725359406222 72.98815282957582 0
1725359406239 34.61974095814991 1
1725359406266 19.488802080275015 2
1725359406289 12.000871619922895 3
1725359406315 8.689200867064544 4
1725359406335 6.9527600405002 5
1725359406361 5.895938418028266 6
1725359406384 5.354105766810077 7
1725359406410 5.053855724731194 8
1725359406437 5.145672416574067 9
1725359406455 4.702425847696737 10
1725359406474 4.745963351783698 11
1725359406493 4.8445105500009955 12
1725359406517 4.689315861695146 13
1725359406540 4.710363409950448 14
1725359406567 4.944859967398629 15
1725359406588 4.453129914082197 16
1725359406610 5.072006546598107 17
1725359406632 5.075173242345292 18
1725359406654 4.503155444602276 19
1725359406695 4.970291086919388 20
1725359406716 4.622098594388761 21
1725359406735 4.897634799947439 22
1725359406759 5.063251052268958 23
1725359406784 4.445387804730765 24
1725359406809 4.777621410138767 25
1725359406836 4.842450545191687 26
1725359406861 4.644072666418703 27
1725359406885 4.570606014227067 28
1725359406906 4.693705578226042 29
1725359406928 4.462291682180182 30
1725359406954 5.106934346901199 31
1725359406978 4.415582815843535 32
1725359407002 4.682472605217967 33
1725359407033 4.7253289557795 34
1725359407057 4.876428369395399 35
1725359407080 4.734709452976661 36
1725359407101 4.805083331400127 37
1725359407122 5.10648813645358 38
1725359407144 4.597462775812899 39
1725359407165 5.04339545373471 40
1725359407186 5.053633779797878 41
1725359407207 4.7078478527713985 42
1725359407229 4.803510468726688 43
1725359407254 4.725169206647303 44
1725359407279 4.86936138678897 45
1725359407304 4.908234835575109 46
1725359407324 4.757488704895457 47
1725359407346 4.478136211288438 48
1725359407368 4.814458029687078 49
1725359407388 4.715676257173493 50
1725359407408 5.224579369382155 51
1725359407438 4.64497220111001 52
1725359407497 4.304739327183094 53
1725359407519 4.65047713291162 54
1725359407541 4.806780274114061 55
1725359407563 4.894802126072376 56
1725359407585 4.463642125717901 57
1725359407607 4.614016697467021 58
1725359407627 5.1080412254576935 59
1725359407650 4.6529190211453715 60
1725359407671 4.770705287220386 61
1725359407708 4.845649344402049 62
1725359407732 4.765271671032627 63
1725359407758 4.430011316242024 64
1725359407776 4.593982484758675 65
