1725416152707 172.7043775420554 0
1725416152736 172.48977863843868 1
1725416152764 172.31604651291764 2
1725416152797 172.14247238850538 3
1725416152829 171.96907778114948 4
1725416152860 171.79586249059676 5
1725416152890 171.62282632844386 6
1725416152920 171.44996910648166 7
1725416152953 171.27729063670154 8
1725416152982 171.10479073129514 9
1725416153012 170.93246920265412 10
1725416153045 170.76032586336987 11
1725416153079 170.58836052623343 12
1725416153112 170.41657300423526 13
1725416153143 170.2449631105648 14
1725416153174 170.0735306586107 15
1725416153203 169.90227546196013 16
1725416153236 169.73119733439876 17
1725416153272 169.5602960899107 18
1725416153303 169.39216013192265 19
1725416153333 169.22290173736542 20
1725416153368 169.0538183836088 21
1725416153397 168.88490920691424 22
1725416153429 168.71617402499137 23
1725416153464 168.54761265538667 24
1725416153493 168.37922491584087 25
1725416153526 168.21101062428866 26
1725416153549 168.04296959885855 27
1725416153576 167.87510165787242 28
1725416153609 167.70740661984553 29
1725416153638 167.53988430348625 30
1725416153670 167.37253452769576 31
1725416153708 167.20535711156796 32
1725416153741 167.0383518743892 33
1725416153766 166.87151863563815 34
1725416153795 166.70485721498545 35
1725416153824 166.53836743229363 36
1725416153847 166.37204910761676 37
1725416153877 166.20590206120053 38
1725416153907 166.03992611348167 39
1725416153937 165.874121085088 40
1725416153967 165.70848679683817 41
1725416153998 165.54302306974134 42
1725416154029 165.3777297249972 43
1725416154055 165.21260658399552 44
1725416154085 165.0476534683161 45
1725416154116 164.88287019972847 46
1725416154143 164.7182566001918 47
1725416154175 164.55381249185461 48
1725416154203 164.38953769705458 49
1725416154231 164.22543203831827 50
1725416154265 164.06149533836117 51
1725416154295 163.89772742008714 52
1725416154325 163.7341281065885 53
1725416154355 163.57069722114568 54
1725416154378 163.407434587227 55
1725416154403 163.2443400284886 56
1725416154436 163.08141336877412 57
1725416154468 162.91865443211455 58
1725416154503 162.75606304272787 59
1725416154534 162.59363902501926 60
1725416154565 162.43138220358037 61
1725416154596 162.26929240318947 62
1725416154627 162.10736944881117 63
1725416154658 161.94561316559617 64
1725416154694 161.7840233788811 65
1725416154732 161.62259991418833 66
1725416154810 161.46134259722567 67
1725416154840 161.30025125388633 68
1725416154873 161.13932571024856 69
1725416154902 160.97856579257567 70
1725416154934 160.81797132731546 71
1725416154973 160.6575421411005 72
1725416155013 160.4972780607474 73
1725416155047 160.33717891325713 74
1725416155078 160.17724452581447 75
1725416155109 160.01747472578788 76
1725416155137 159.8578693407295 77
1725416155172 159.69842819837461 78
1725416155203 159.53915112664174 79
1725416155235 159.38003795363227 80
1725416155270 159.22108850763033 81
1725416155290 159.06230261710263 82
1725416155322 158.9036801106982 83
1725416155353 158.7452208172481 84
1725416155388 158.58692456576554 85
1725416155419 158.42879118544528 86
1725416155450 158.2708205056637 87
1725416155480 158.11301235597855 88
1725416155512 157.95536656612876 89
1725416155543 157.7978829660341 90
1725416155575 157.6405613857953 91
1725416155607 157.48340165569348 92
1725416155638 157.32640360619024 93
1725416155669 157.1695670679273 94
1725416155700 157.01289187172642 95
1725416155731 156.8563778485891 96
1725416155761 156.70002482969645 97
1725416155792 156.54383264640904 98
1725416155831 156.3878011302666 99
1725416155863 156.23193011298792 100
1725416155894 156.0762194264705 101
1725416155925 155.92066890279054 102
1725416155956 155.76527837420275 103
1725416155987 155.61004767314 104
1725416156027 155.45497663221323 105
1725416156060 155.3000650842112 106
1725416156090 155.1453128621004 107
1725416156121 154.99071979902484 108
1725416156153 154.83628572830565 109
1725416156181 154.68201048344122 110
1725416156211 154.52789389810675 111
1725416156242 154.37393580615412 112
1725416156288 154.22013604161194 113
1725416156317 154.06649443868483 114
1725416156349 153.9130108317538 115
1725416156381 153.75968505537566 116
1725416156412 153.60651694428316 117
1725416156443 153.45350633338435 118
1725416156473 153.30065305776296 119
1725416156504 153.14795695267765 120
1725416156534 152.99541785356223 121
1725416156565 152.84303559602535 122
1725416156595 152.6908100158501 123
1725416156627 152.53874094899427 124
1725416156658 152.38682823158962 125
1725416156689 152.23507169994218 126
1725416156719 152.0834711905318 127
1725416156751 151.93202654001192 128
1725416156781 151.78073758520958 129
1725416156813 151.62960416312515 130
1725416156844 151.47862611093197 131
1725416156875 151.32780326597646 132
1725416156908 151.17713546577775 133
1725416156937 151.02662254802758 134
1725416156969 150.87626435058988 135
1725416157001 150.72606071150102 136
1725416157031 150.57601146896926 137
1725416157061 150.4261164613746 138
1725416157092 150.27637552726878 139
1725416157124 150.126788505375 140
1725416157151 149.97735523458766 141
1725416157178 149.82807555397227 142
1725416157210 149.6789493027652 143
1725416157249 149.52997632037358 144
1725416157283 149.3811564463751 145
1725416157315 149.23248952051762 146
1725416157346 149.0839753827194 147
1725416157377 148.93561387306843 148
1725416157408 148.7874048318227 149
1725416157438 148.6393480994097 150
1725416157468 148.49144351642636 151
1725416157502 148.3436909236388 152
1725416157533 148.1960901619824 153
1725416157569 148.04864107256117 154
1725416157604 147.9013434966479 155
1725416157634 147.75419727568402 156
1725416157664 147.60720225127912 157
1725416157695 147.46035826521106 158
1725416157725 147.31366515942554 159
1725416157757 147.16712277603617 160
1725416157793 147.0207309573242 161
1725416157822 146.87448954573807 162
1725416157852 146.72839838389382 163
1725416157881 146.58245731457419 164
1725416157912 146.43666618072908 165
1725416157943 146.291024825475 166
1725416157973 146.14553309209492 167
1725416158004 146.0001908240383 168
1725416158038 145.85499786492065 169
1725416158070 145.70995405852344 170
1725416158101 145.56505924879414 171
1725416158129 145.42031327984566 172
1725416158161 145.27571599595638 173
1725416158191 145.13126724157007 174
1725416158223 144.98696686129554 175
1725416158255 144.84281469990643 176
1725416158286 144.69881060234127 177
1725416158319 144.55495441370303 178
1725416158348 144.41124597925912 179
1725416158377 144.26768514444115 180
1725416158405 144.12427175484476 181
1725416158436 143.98100565622946 182
1725416158465 143.8378866945184 183
1725416158497 143.6949147157983 184
1725416158527 143.5520895663191 185
1725416158561 143.4094110924939 186
1725416158593 143.266879140899 187
1725416158622 143.12449355827312 188
1725416158655 142.9822541915179 189
1725416158678 142.84016088769735 190
1725416158710 142.69821349403773 191
1725416158739 142.5564118579273 192
1725416158763 142.4147558269164 193
1725416158789 142.27324524871705 194
1725416158817 142.13187997120286 195
1725416158847 141.99065984240883 196
1725416158878 141.8495847105312 197
1725416158905 141.7086544239272 198
1725416158932 141.56786883111502 199
1725416158957 141.4272277807735 200
1725416158990 141.28673112174206 201
1725416159021 141.14637870302045 202
1725416159052 141.00617037376858 203
1725416159083 140.86610598330643 204
1725416159114 140.7261853811138 205
1725416159145 140.58640841683015 206
1725416159177 140.44677494025441 207
1725416159209 140.30728480134493 208
1725416159241 140.16793785021912 209
1725416159269 140.02873393715336 210
1725416159304 139.889672912583 211
1725416159331 139.75075462710177 212
1725416159362 139.6119789314621 213
1725416159393 139.4733456765747 214
1725416159425 139.3348547135082 215
1725416159457 139.19650589348947 216
1725416159480 139.0582990679029 217
1725416159507 138.92023408829075 218
1725416159540 138.78231080635254 219
1725416159571 138.64452907394517 220
1725416159602 138.50688874308258 221
1725416159634 138.3693896659357 222
1725416159666 138.23203169483222 223
1725416159697 138.0948146822564 224
1725416159731 137.95773848084912 225
1725416159761 137.82080294340713 226
1725416159792 137.68400792288372 227
1725416159824 137.5473532723878 228
1725416159855 137.4108388451842 229
1725416159887 137.2744644946933 230
1725416159916 137.13823007449082 231
1725416159948 137.00213543830787 232
1725416159979 136.86618044003066 233
1725416160016 136.73036493370023 234
1725416160049 136.59468877351236 235
1725416160088 136.45915181381753 236
1725416160119 136.3237539091206 237
1725416160150 136.18849491408065 238
1725416160181 136.0533746835109 239
1725416160214 135.9183930723785 240
1725416160243 135.78354993580433 241
1725416160275 135.6488451290629 242
1725416160318 135.51427850758208 243
1725416160349 135.37984992694305 244
1725416160381 135.24555924288023 245
1725416160411 135.1114063112807 246
1725416160439 134.9773909881845 247
1725416160470 134.84351312978424 248
1725416160502 134.709772592425 249
1725416160528 134.57616923260406 250
1725416160551 134.44270290697088 251
1725416160579 134.30937347232683 252
1725416160608 134.17618078562515 253
1725416160638 134.04312470397056 254
1725416160670 133.91020508461938 255
1725416160700 133.77742178497917 256
1725416160732 133.64477466260863 257
1725416160762 133.5122635752174 258
1725416160791 133.379888380666 259
1725416160821 133.24764893696553 260
1725416160852 133.11554510227768 261
1725416160880 132.98357673491427 262
1725416160908 132.8517436933376 263
1725416160940 132.72004583615958 264
1725416160973 132.58848302214224 265
1725416161004 132.45705511019725 266
1725416161034 132.3257619593857 267
1725416161063 132.19460342891807 268
1725416161094 132.06357937815415 269
1725416161128 131.93268966660256 270
1725416161158 131.80193415392097 271
1725416161190 131.67131269991577 272
1725416161222 131.5408251645417 273
1725416161252 131.41047140790218 274
1725416161284 131.28025129024863 275
1725416161321 131.15016467198066 276
1725416161349 131.0202114136458 277
1725416161379 130.8903913759393 278
1725416161418 130.76070441970404 279
1725416161449 130.63115040593027 280
1725416161480 130.50172919575567 281
1725416161508 130.37244065046494 282
1725416161539 130.24328463148967 283
1725416161571 130.11426100040845 284
1725416161602 129.98536961894632 285
1725416161637 129.85661034897504 286
1725416161668 129.72798305251249 287
1725416161701 129.59948759172278 288
1725416161730 129.47112382891618 289
1725416161759 129.3428916265486 290
1725416161792 129.21479084722188 291
1725416161821 129.08682135368323 292
1725416161854 128.95898300882536 293
1725416161879 128.83127567568613 294
1725416161907 128.70369921744862 295
1725416161938 128.57625349744072 296
1725416161970 128.4489383791351 297
1725416162004 128.32175372614904 298
1725416162032 128.19469940224434 299
1725416162064 128.0677752713271 300
1725416162093 127.94098119744741 301
1725416162184 127.81431704479962 302
1725416162218 127.68778267772169 303
1725416162249 127.5613779606954 304
1725416162281 127.43510275834596 305
1725416162313 127.308956935442 306
1725416162348 127.18294035689543 307
1725416162387 127.05705288776107 308
1725416162418 126.93129439323688 309
1725416162448 126.80566473866337 310
1725416162479 126.68016378952375 311
1725416162507 126.55479141144367 312
1725416162541 126.4295474701911 313
1725416162575 126.30443183167618 314
1725416162605 126.17944436195093 315
1725416162636 126.05458492720929 316
1725416162669 125.92985339378694 317
1725416162699 125.805249628161 318
1725416162732 125.68077349695004 319
1725416162762 125.55642486691384 320
1725416162792 125.43220360495329 321
1725416162823 125.30810957811009 322
1725416162853 125.18414265356691 323
1725416162883 125.0603026986469 324
1725416162915 124.93658958081373 325
1725416162947 124.81300316767144 326
1725416162977 124.68954332696416 327
1725416163009 124.56620992657615 328
1725416163049 124.44300283453141 329
1725416163081 124.31992191899377 330
1725416163110 124.19696704826661 331
1725416163142 124.07413809079269 332
1725416163179 123.95143491515415 333
1725416163213 123.8290076023379 334
1725416163244 123.70663031719103 335
1725416163275 123.58437831052511 336
1725416163306 123.46225139664867 337
1725416163338 123.3402494451641 338
1725416163370 123.21837232577121 339
1725416163401 123.09661990830782 340
1725416163438 122.97499206274912 341
1725416163471 122.85348865920803 342
1725416163501 122.73210956793464 343
1725416163531 122.6108546593162 344
1725416163559 122.48972380387708 345
1725416163591 122.3687168722785 346
1725416163622 122.24783373531845 347
1725416163669 122.12707426393139 348
1725416163687 122.00643832918836 349
1725417088443 121.88592580229661 350
1725417088605 121.76553655459965 351
1725417088777 121.64527045757684 352
1725417088823 121.52512738284351 353
1725417088861 121.4051072021507 354
1725417088896 121.285209787385 355
1725417088916 121.16543501056837 356
1725417088941 121.04578274385817 357
1725417088963 120.92625285954675 358
1725417089002 120.80684523006157 359
1725417089118 120.68755972796488 360
1725417089151 120.56839622595363 361
1725417089185 120.44935459685931 362
1725417089220 120.33043471364793 363
1725417089255 120.2116364494195 364
1725417089272 120.09295967740853 365
1725417089289 119.97440427098319 366
1725417089310 119.85597010364565 367
1725417089327 119.73765704903171 368
1725417089343 119.61946498091075 369
1725417089366 119.50139377318551 370
1725417089387 119.38344329989212 371
1725417089444 119.26561343519965 372
1725417089478 119.14790405341024 373
1725417089509 119.0303150289589 374
1725417089549 118.91284623641326 375
1725417089581 118.79549755047358 376
1725417089612 118.67826884597244 377
1725417089646 118.56115999787474 378
1725417089678 118.4441708812775 379
1725417089711 118.3273013714097 380
1725417089744 118.21055134363218 381
1725417089773 118.09392067343755 382
1725417089808 117.97740923644984 383
1725417089838 117.86101690842459 384
1725417089874 117.7447435652486 385
1725417089900 117.62858908293983 386
1725417089933 117.51255333764718 387
1725417089964 117.39663620565042 388
1725417089999 117.28083756336014 389
1725417090030 117.16515728731736 390
1725417090070 117.0495952541936 391
1725417090114 116.93415134079069 392
1725417090144 116.81882542404067 393
1725417090178 116.70361738100543 394
1725417090213 116.58852708887689 395
1725417090242 116.47355442497665 396
1725417090273 116.35869926675595 397
1725417090301 116.24396149179542 398
1725417090344 116.12934097780511 399
1725417090401 116.01483760262417 400
1725417090437 115.90045124422086 401
1725417090464 115.78618178069227 402
1725417090490 115.67202909026436 403
1725417090521 115.55799305129162 404
1725417090553 115.44407354225716 405
1725417090586 115.33027044177227 406
1725417090616 115.21658362857664 407
1725417090651 115.10301298153796 408
1725417090683 114.9895583796519 409
1725417090714 114.87621970204181 410
1725417090746 114.76299682795889 411
1725417090787 114.64988963678175 412
1725417090825 114.53689800801651 413
1725417090855 114.42402182129642 414
1725417090886 114.31126095638197 415
1725417090917 114.19861529316054 416
1725417090946 114.08608471164645 417
1725417090978 113.9736690919807 418
1725417091009 113.86136831443083 419
1725417091040 113.74918225939093 420
1725417091073 113.63711080738136 421
1725417091103 113.52515383904856 422
1725417091136 113.41331123516517 423
1725417091163 113.3015828766296 424
1725417091194 113.18996864446608 425
1725417091223 113.07846841982452 426
1725417091254 112.96708208398027 427
1725417091285 112.85580951833411 428
1725417091316 112.744650604412 429
1725417091346 112.633605223865 430
1725417091379 112.52267325846915 431
1725417091415 112.41185459012539 432
1725417091446 112.3011491008592 433
1725417091471 112.19055667282079 434
1725417091501 112.08007718828472 435
1725417091533 111.96971052964982 436
1725417091571 111.85945657943917 437
1725417091598 111.7493152202998 438
1725417091629 111.63928633500271 439
1725417091661 111.52936980644263 440
1725417091689 111.41956551763788 441
1725417091716 111.30987335173042 442
1725417091748 111.20029319198544 443
1725417091780 111.09082492179141 444
1725417091815 110.98146842465997 445
1725417091847 110.87222358422562 446
1725417091879 110.76309028424582 447
1725417091910 110.65406840860065 448
1725417091938 110.54515784129283 449
1725417091969 110.43635846644753 450
1725417091999 110.32767016831221 451
1725417092033 110.2190928312565 452
1725417092112 110.11062633977212 453
1725417092140 110.00227057847269 454
1725417092171 109.8940254320937 455
1725417092205 109.78589078549224 456
1725417092236 109.67786652364688 457
1725417092264 109.56995253165773 458
1725417092294 109.46214869474608 459
1725417092327 109.3544548982544 460
1725417092358 109.24687102764616 461
1725417092388 109.13939696850574 462
1725417092421 109.03203260653822 463
1725417092453 108.92477782756946 464
1725417092483 108.81763251754559 465
1725417092515 108.71059656253331 466
1725417092546 108.60366984871946 467
1725417092577 108.49685226241102 468
1725417092608 108.39014369003493 469
1725417092643 108.28354401813806 470
1725417092669 108.17705313338689 471
1725417092707 108.07067092256763 472
1725417092738 107.96439727258587 473
1725417092766 107.85823207046657 474
1725417092800 107.75217520335391 475
1725417092838 107.64622655851119 476
1725417092877 107.54038602332061 477
1725417092910 107.43465348528322 478
1725417092942 107.32902883201886 479
1725417092981 107.22351195126586 480
1725417093010 107.118102730881 481
1725417093043 107.01280105883946 482
1725417093081 106.90760682323456 483
1725417093113 106.80251991227772 484
1725417093190 106.69754021429829 485
1725417093230 106.59266761774344 486
1725417093267 106.48790201117811 487
1725417093298 106.3832432832847 488
1725417093332 106.27869132286314 489
1725417093369 106.17424601883059 490
1725417093400 106.06990726022151 491
1725417093432 105.96567493618737 492
1725417093459 105.86154893599658 493
1725417093487 105.7575291490344 494
1725417093517 105.65361546480271 495
1725417093562 105.54980777292009 496
1725417093597 105.44610596312141 497
1725417093626 105.34250992525797 498
1725417093657 105.23901954929723 499
