1725382910687 173.90037456748254 0
1725382910718 170.39173943622325 1
1725382910741 166.9616025916168 2
1725382910767 163.6081068614959 3
1725382910800 160.3294412285819 4
1725382910821 157.12383961730433 5
1725382910849 153.98957971493726 6
1725382910873 150.92498182598595 7
1725382910897 147.92840775879534 8
1725382910926 144.9982597433863 9
1725382910948 142.13297937955988 10
1725382910973 139.3310466143428 11
1725382910999 136.5909787478781 12
1725382911021 133.91132946689658 13
1725382911043 131.29068790493224 14
1725382911068 128.72767772847425 15
1725382911095 126.22095624827412 16
1725382911145 123.76921355505388 17
1725382911170 121.37117167888489 18
1725382911197 119.0255837715319 19
1725382911223 116.73123331108012 20
1725382911244 114.48693332818523 21
1725382911267 112.29152565330836 22
1725382911298 110.14388018431794 23
1725382911316 108.04289417386174 24
1725382911340 105.98749153593053 25
1725382911365 103.97662217105412 26
1725382911387 102.00926130958851 27
1725382911416 100.08440887256972 28
1725382911438 98.20108884962741 29
1725382911462 96.35834869346651 30
1725382911486 94.55525873044179 31
1725382911511 92.79091158676421 32
1725382911534 91.0644216298934 33
1725382911571 89.37492442468367 34
1725382911606 87.72157620386514 35
1725382911659 86.10355335245436 36
1725382911708 84.52005190570118 37
1725382911737 82.97028706019138 38
1725382911765 81.45349269773526 39
1725382911804 79.96892092168507 40
1725382911840 78.5158416053339 41
1725382911874 77.09354195205975 42
1725382911906 75.70132606688915 43
1725382911929 74.3385145391634 44
1725382911956 73.00444403600136 45
1725382911985 71.69846690626107 46
1725382912009 70.4199507947116 47
1725382912034 69.16827826613547 48
1725382912063 67.94284643908983 49
1725382912097 66.74306662906295 50
1725382912123 65.56836400077047 51
1725382912151 64.41817722934297 52
1725382912176 63.29195817016416 53
1725382912210 62.18917153712578 54
1725382912237 61.10929458907252 55
1725382912258 60.051816824216004 56
1725382912281 59.016239682304466 57
1725382912303 58.00207625434021 58
1725382912330 57.00885099964261 59
1725382912378 56.036099470061394 60
1725382912407 55.08336804114937 61
1725382912432 54.150213650109954 62
1725382912455 53.23620354033967 63
1725382912476 52.34091501239144 64
1725382912497 51.46393518118861 65
1725382912524 50.604860739325524 66
1725382912547 49.763297726294155 67
1725382912570 48.93886130348126 68
1725382912595 48.13117553478488 69
1725382912618 47.339873172703165 70
1725382912642 46.564595449752666 71
1725382912665 45.80499187507711 72
1725382912694 45.06072003611139 73
1725382912715 44.33144540517012 74
1725382912735 43.61684115083202 75
1725382912758 42.91658795399719 76
1725382912781 42.23037382849515 77
1725382912812 41.55789394612763 78
1725382912833 40.89885046603061 79
1725382912856 40.25295236824532 80
1725382912879 39.61991529138966 81
1725382912900 38.999461374325314 82
1725382912923 38.39131910171768 83
1725382912946 37.79522315338957 84
1725382912968 37.21091425737168 85
1725382912990 36.638139046555565 86
1725382913015 36.07664991885725 87
1725382913037 35.52620490080264 88
1725382913066 34.98656751444743 89
1725382913093 34.45750664754725 90
1725382913113 33.93879642689562 91
1725382913134 33.43021609474982 92
1725382913160 32.93154988826617 93
1725382913181 32.442586921869804 94
1725382913203 31.96312107248367 95
1725382913229 31.49295086754625 96
1725382913256 31.03187937574686 97
1725382913282 30.579714100410715 98
1725382913306 30.136266875467513 99
1725382913328 29.701353763938595 100
1725382913349 29.274794958879653 101
1725382913376 28.856414686717976 102
1725382913396 28.446041112924007 103
1725382913432 28.043506249959517 104
1725382913456 27.648645867445392 105
1725382913480 27.261299404493727 106
1725382913513 26.881309884150966 107
1725382913540 26.50852382989901 108
1725382913566 26.142791184163848 109
1725382913590 25.783965228781586 110
1725382913612 25.43190250737369 111
1725382913632 25.086462749583955 112
1725382913661 24.74750879713166 113
1725382913683 24.41490653163554 114
1725382913707 24.08852480416542 115
1725382913726 23.76823536647868 116
1725382913747 23.453912803900035 117
1725382913768 23.145434469804417 118
1725382913788 22.842680421663754 119
1725382913817 22.545533358618453 120
1725382913842 22.253878560537267 121
1725382913864 21.96760382852843 122
1725382913890 21.686599426866312 123
1725382913911 21.410758026300115 124
1725382913931 21.139974648709128 125
1725382913955 20.874146613073112 126
1725382913977 20.613173482725138 127
1725382913999 20.356957013855567 128
1725382914023 20.10540110523656 129
1725382914045 19.858411749138064 130
1725382914067 19.615896983405424 131
1725382914087 19.377766844670997 132
1725382914109 19.143933322672048 133
1725382914133 18.914310315647803 134
1725382914155 18.688813586789962 135
1725382914173 18.4673607217209 136
1725382914193 18.249871086974373 137
1725382914221 18.036265789455204 138
1725382914245 17.826467636853177 139
1725382914267 17.62040109898953 140
1725382914288 17.417992270071892 141
1725382914317 17.21916883183707 142
1725382914354 17.023860017559482 143
1725382914397 16.831996576904714 144
1725382914429 16.643510741607738 145
1725382914461 16.458336191955837 146
1725382914495 16.27640802405715 147
1725382914522 16.0976627178757 148
1725382914546 15.92203810601437 149
1725382914570 15.749473343228344 150
1725382914594 15.579908876651084 151
1725382914619 15.413286416715668 152
1725382914645 15.249548908755305 153
1725382914671 15.088640505266051 154
1725382914731 14.9305065388168 155
1725382914764 14.775093495589966 156
1725382914790 14.62234898953875 157
1725382914827 14.472221737145528 158
1725382914855 14.32466153276758 159
1725382914880 14.179619224555662 160
1725382914934 14.037046690931945 161
1725382914979 13.896896817614143 162
1725382914998 13.759123475172515 163
1725382915015 13.623681497107201 164
1725382915029 13.490526658433586 165
1725382915048 13.35961565476327 166
1725382915073 13.230906081869414 167
1725382915154 13.104356415724274 168
1725382915190 12.97992599299836 169
1725382915227 12.857574992009727 170
1725382915246 12.737264414113017 171
1725382915271 12.618956065517775 172
1725382915293 12.502612539525872 173
1725382915306 12.388197199177833 174
1725382915328 12.275674160298946 175
1725382915349 12.165008274934966 176
1725382915374 12.056165115169154 177
1725382915399 11.949110957310351 178
1725382915426 11.843812766444684 179
1725382915449 11.740238181341267 180
1725382915470 11.638355499704163 181
1725382915497 11.538133663762073 182
1725382915521 11.439542246188035 183
1725382915559 11.342551436341198 184
1725382915590 11.247132026823127 185
1725382915616 11.153255400341257 186
1725382915643 11.060893516872353 187
1725382915665 10.970018901118637 188
1725382915701 10.880604630249941 189
1725382915759 10.792624321925317 190
1725382915782 10.706052122586971 191
1725382915804 10.620862696020836 192
1725382915826 10.537031212176878 193
1725382915854 10.454533336243719 194
1725382915876 10.373345217970773 195
1725382915896 10.293443481233066 196
1725382915918 10.214805213832168 197
1725382915939 10.13740795752843 198
1725382915961 10.061229698298503 199
1725382915982 9.986248856813413 200
1725382916005 9.912444279131613 201
1725382916026 9.839795227602295 202
1725382916048 9.768281371973893 203
1725382916070 9.697882780702992 204
1725382916091 9.628579912459037 205
1725382916113 9.560353607820387 206
1725382916135 9.493185081156765 207
1725382916158 9.427055912694586 208
1725382916186 9.361948040760067 209
1725382916210 9.297843754196592 210
1725382916231 9.23472568495195 211
1725382916256 9.17257680083167 212
1725382916279 9.111380398414488 213
1725382916299 9.051120096126246 214
1725382916322 8.991779827468585 215
1725382916345 8.933343834398668 216
1725382916371 8.875796660856787 217
1725382916395 8.819123146437876 218
1725382916426 8.763308420204353 219
1725382916453 8.708337894636102 220
1725382916477 8.654197259715513 221
1725382916538 8.60087247714326 222
1725382916561 8.548349774683 223
1725382916584 8.496615640630814 224
1725382916608 8.445656818407816 225
1725382916632 8.395460301271829 226
1725382916654 8.346013327146213 227
1725382916672 8.29730337356304 228
1725382916694 8.24931815271748 229
1725382916714 8.202045606631613 230
1725382916738 8.155473902424434 231
1725382916761 8.109591427686114 232
1725382916785 8.064386785953902 233
1725382916808 8.019848792287236 234
1725382916831 7.975966468940236 235
1725382916859 7.932729041128692 236
1725382916883 7.8901259328899895 237
1725382916904 7.8481467630334505 238
1725382916927 7.806781341179205 239
1725382916951 7.766019663883641 240
1725382916979 7.72585191084907 241
1725382917002 7.68626844121626 242
1725382917025 7.6472597899374755 243
1725382917047 7.608816664228422 244
1725382917069 7.570929940097167 245
1725382917099 7.53359065894851 246
1725382917123 7.496790024261806 247
1725382917146 7.460519398340681 248
1725382917168 7.424770299133124 249
1725382917188 7.389534397120274 250
1725382917212 7.354803512272186 251
1725382917244 7.320569611069346 252
1725382917268 7.286824803588238 253
1725382917291 7.253561340649614 254
1725382917316 7.220771611028017 255
1725382917343 7.18844813872113 256
1725382917369 7.15658358027761 257
1725382917395 7.125170722182274 258
1725382917424 7.094202478297018 259
1725382917449 7.0636718873564925 260
1725382917478 7.033572110517135 261
1725382917512 7.0038964289584005 262
1725382917543 6.974638241535177 263
1725382917569 6.945791062479805 264
1725382917591 6.91734851915326 265
1725382917617 6.889304349843618 266
1725382917643 6.86165240161147 267
1725382917672 6.8343866281806385 268
1725382917705 6.807501087873642 269
1725382917730 6.7809899415905885 270
1725382917753 6.754847450830641 271
1725382917774 6.7290679757552665 272
1725382917799 6.703645973292042 273
1725382917824 6.678575995278189 274
1725382917852 6.65385268664326 275
1725382917875 6.629470783629605 276
1725382917899 6.605425112050258 277
1725382917922 6.581710585582948 278
1725382917945 6.558322204100031 279
1725382917968 6.535255052032672 280
1725382917993 6.51250429676964 281
1725382918017 6.490065187088882 282
1725382918040 6.467933051621775 283
1725382918064 6.446103297349262 284
1725382918088 6.424571408129007 285
1725382918113 6.4033329432528765 286
1725382918136 6.3823835360342995 287
1725382918161 6.361718892424677 288
1725382918190 6.3413347896581715 289
1725382918214 6.321227074924413 290
1725382918239 6.301391664068336 291
1725382918267 6.281824540316629 292
1725382918293 6.262521753030351 293
1725382918320 6.2434794164828125 294
1725382918345 6.224693708662485 295
1725382918367 6.206160870100267 296
1725382918392 6.1878772027204345 297
1725382918416 6.169839068715273 298
1725382918439 6.152042889441906 299
1725382918464 6.134485144342123 300
1725382918487 6.117162369883393 301
1725382918509 6.100071158521736 302
1725382918533 6.083208157685144 303
1725382918556 6.066570068777585 304
1725382918579 6.050153646202902 305
1725382918601 6.033955696408475 306
1725382918624 6.0179730769476745 307
1725382918653 6.002202695561337 308
1725382918676 5.986641509277494 309
1725382918706 5.971286523528875 310
1725382918729 5.9561347912881875 311
1725382918751 5.941183412220262 312
1725382918774 5.926429531851365 313
1725382918796 5.911870340754577 314
1725382918817 5.897503073751444 315
1725382918841 5.883325009129427 316
1725382918873 5.869333467874582 317
1725382918895 5.85552581291941 318
1725382918915 5.841899448405481 319
1725382918936 5.8284518189604215 320
1725382918974 5.815180408989114 321
1725382918996 5.802082741978655 322
1725382919018 5.789156379816878 323
1725382919039 5.776398922124208 324
1725382919061 5.763808005598315 325
1725382919084 5.751381303371611 326
1725382919133 5.739116524381159 327
1725382919162 5.727011412750659 328
1725382919210 5.715063747184437 329
1725382919238 5.703271340373099 330
1725382919267 5.691632038410449 331
1725382919288 5.680143720221878 332
1725382919316 5.668804297003346 333
1725382919342 5.657611711671312 334
1725382919371 5.646563938323174 335
1725382919394 5.635658981707762 336
1725382919417 5.624894876706108 337
1725382919442 5.614269687821981 338
1725382919462 5.60378150868201 339
1725382919484 5.5934284615453365 340
1725382919508 5.583208696822536 341
1725382919533 5.5731203926034345 342
1725382919551 5.56316175419399 343
1725382919578 5.553331013661791 344
1725382919600 5.543626429389871 345
1725382919627 5.5340462856393335 346
1725382919653 5.52458889211954 347
1725382919677 5.5152525835667445 348
1725382919697 5.50603571933039 349
1725382919722 5.496936682967041 350
1725382919763 5.487953881841843 351
1725382919791 5.479085746737526 352
1725382919822 5.470330731470281 353
1725382919850 5.461687312513015 354
1725382919884 5.453153988625302 355
1725382919911 5.444729280490299 356
1725382919934 5.436411730358128 357
1725382919958 5.42819990169593 358
1725382919985 5.420092378844121 359
1725382920021 5.412087766679101 360
1725382920044 5.404184690281905 361
1725382920075 5.396381794612929 362
1725382920100 5.388677744192594 363
1725382920124 5.3810712227876785 364
1725382920147 5.373560933103245 365
1725382920176 5.36614559648033 366
1725382920201 5.3588239525988595 367
1725382920224 5.351594759185869 368
1725382920251 5.344456791729066 369
1725382920277 5.337408843195465 370
1725382920300 5.330449723754873 371
1725382920333 5.3235782605085635 372
1725382920356 5.316793297222442 373
1725382920375 5.310093694065237 374
1725382920399 5.303478327351012 375
1725382920422 5.296946089286507 376
1725382920446 5.290495887722666 377
1725382920470 5.284126645910662 378
1725382920494 5.27783730226223 379
1725382920519 5.271626810113948 380
1725382920543 5.26549413749602 381
1725382920571 5.259438266904666 382
1725382920596 5.253458195078774 383
1725382920623 5.247552932780235 384
1725382920645 5.241721504578219 385
1725382920666 5.235962948636973 386
1725382920689 5.230276316507538 387
1725382920713 5.22466067292283 388
1725382920737 5.219115095596291 389
1725382920760 5.213638675024102 390
1725382920783 5.208230514290531 391
1725382920809 5.202889728876919 392
1725382920833 5.1976154464735735 393
1725382920861 5.192406806795137 394
1725382920896 5.187262961398924 395
1725382920922 5.182183073506389 396
1725382920947 5.177166317827556 397
1725382920969 5.1722118803884705 398
1725382920991 5.167318958361559 399
1725382921017 5.162486759898687 400
1725382921042 5.157714503967197 401
1725382921064 5.153001420188533 402
1725382921090 5.1483467486797885 403
1725382921116 5.1437497398974905 404
1725382921145 5.139209654484354 405
1725382921177 5.13472576311845 406
1725382921243 5.130297346364777 407
1725382921271 5.125923694529311 408
1725382921305 5.1216041075156635 409
1725382921340 5.117337894683742 410
1725382921368 5.113124374711094 411
1725382921395 5.10896287545616 412
1725382921421 5.104852733824042 413
1725382921446 5.100793295634395 414
1725382921473 5.096783915491288 415
1725382921498 5.0928239566554385 416
1725382921522 5.088912790918399 417
1725382921547 5.0850497984786625 418
1725382921572 5.081234367819981 419
1725382921607 5.077465895591525 420
1725382921631 5.073743786489869 421
1725382921655 5.070067453143202 422
1725382921676 5.066436315996961 423
1725382921700 5.0628498032015825 424
1725382921725 5.059307350501989 425
1725382921748 5.055808401128762 426
1725382921777 5.052352405691147 427
1725382921806 5.048938822071576 428
1725382921832 5.045567115322113 429
1725382921854 5.04223675756231 430
1725382921894 5.03894722787877 431
1725382921920 5.035698012226328 432
1725382921950 5.032488603330643 433
1725382921982 5.029318500592457 434
1725382922008 5.026187209993363 435
1725382922031 5.023094244002794 436
1725382922054 5.020039121486848 437
1725382922081 5.017021367618176 438
1725382922106 5.01404051378749 439
1725382922128 5.011096097516373 440
1725382922150 5.008187662371338 441
1725382922180 5.00531475787942 442
1725382922208 5.0024769394449065 443
1725382922235 4.999673768267342 444
1725382922261 4.996904811260909 445
1725382922290 4.994169640974942 446
1725382922315 4.991467835515668 447
1725382922338 4.988798978469253 448
1725382922364 4.986162658825762 449
1725382922388 4.983558470904561 450
1725382922413 4.9809860142807265 451
1725382922438 4.978444893712497 452
1725382922464 4.975934719069923 453
1725382922490 4.973455105264583 454
1725382922514 4.9710056721803575 455
1725382922546 4.968586044605121 456
1725382922576 4.966195852163671 457
1725382922609 4.963834729251487 458
1725382922637 4.961502314969547 459
1725382922665 4.959198253060151 460
1725382922693 4.956922191843594 461
1725382922715 4.954673784155915 462
1725382922739 4.952452687287439 463
1725382922761 4.950258562922332 464
1725382922784 4.9480910770790345 465
1725382922805 4.945949900051437 466
1725382922827 4.943834706351193 467
1725382922849 4.9417451746505625 468
1725382922873 4.939680987726404 469
1725382922902 4.937641832404686 470
1725382922928 4.93562739950613 471
1725382922956 4.93363738379232 472
1725382922982 4.931671483912834 473
1725382923004 4.929729402353094 474
1725382923027 4.927810845382922 475
1725382923049 4.925915523005858 476
1725382923112 4.924043148909201 477
1725382923136 4.922193440414896 478
1725382923160 4.9203661184308976 479
1725382923184 4.918560907403482 480
1725382923210 4.916777535270076 481
1725382923232 4.915015733412795 482
1725382923259 4.9132752366127805 483
1725382923282 4.911555783004919 484
1725382923304 4.909857114033526 485
1725382923326 4.908178974408442 486
1725382923349 4.906521112061765 487
1725382923371 4.90488327810541 488
1725382923394 4.903265226788974 489
1725382923422 4.901666715458436 490
1725382923446 4.900087504515294 491
1725382923476 4.8985273573763175 492
1725382923499 4.896986040434013 493
1725382923523 4.895463323017375 494
1725382923547 4.893958977353389 495
1725382923571 4.892472778529092 496
1725382923596 4.891004504453989 497
1725382923625 4.889553935823192 498
1725382923649 4.888120856080922 499
