1725396942736 68.88490491210037 0
1725396942755 29.182279615833377 1
1725396942771 12.510828376476464 2
1725396942788 5.2555081973817055 3
1725396942811 2.1841574102275225 4
1725396942829 1.2028247341667246 5
1725396942846 0.4371126427961629 6
1725396942868 0.3022270755067178 7
1725396942897 0.29196753860229435 8
1725396942928 0.1762602050737965 9
1725396942954 0.2135018986200998 10
1725396942978 0.1852098075777214 11
1725396943000 0.16438351871267196 12
1725396943019 0.15374739877937832 13
1725396943048 0.08903235092461692 14
1725396943075 0.08756784735764574 15
1725396943105 0.09625612258689234 16
1725396943120 0.17209984928375777 17
1725396943133 0.11368189710689361 18
1725396943147 0.11666393588086311 19
1725396943160 0.10589441939306989 20
1725396943173 0.13628542306081393 21
1725396943186 0.14028925448579355 22
1725396943199 0.13965005718576398 23
1725396943213 0.14979487166257144 24
1725396943226 0.16983697924654367 25
1725396943246 0.13713318572051228 26
1725396943269 0.14499619695761412 27
1725396943296 0.15715510150345835 28
1725396943325 0.09796347808497882 29
1725396943343 0.1551738166247565 30
1725396943358 0.11619743581295469 31
1725396943379 0.14370628441457936 32
1725396943405 0.14874562571823405 33
1725396943430 0.1828200902147519 34
1725396943452 0.1902991464636185 35
1725396943476 0.11006362909749925 36
1725396943501 0.16840584354582372 37
1725396943519 0.14832632706798746 38
1725396943538 0.11176755599107417 39
1725396943556 0.12378472471605867 40
1725396943575 0.10149856037283411 41
1725396943593 0.12678214839625312 42
1725396943613 0.2074518905839272 43
1725396943641 0.17466841865787638 44
1725396943664 0.14033623876560922 45
1725396943682 0.08817088024450535 46
1725396943707 0.17872599968404507 47
1725396943733 0.08081137321461034 48
1725396943752 0.12493578131898761 49
1725396943770 0.1296535741760807 50
1725396943789 0.17468487270529254 51
1725396943808 0.19773754941882019 52
1725396943826 0.17111545637527364 53
1725396943843 0.1505075318495975 54
1725396943861 0.08492056347125326 55
1725396943890 0.14556142334150424 56
1725396943920 0.11072058036630836 57
1725396943943 0.1308484644481314 58
1725396943963 0.10667109638984318 59
1725396943984 0.1645735161320627 60
1725396944006 0.174471187826941 61
1725396944025 0.14665835399884578 62
1725396944077 0.12673181463765687 63
1725396944191 0.1765659648748804 64
1725396944207 0.16032445206965573 65
1725396944220 0.10390507933083953 66
1725396944234 0.12370802651524387 67
1725396944258 0.12535822712679892 68
1725396944281 0.10999577915502326 69
1725396944307 0.11556938775539319 70
1725396944337 0.1338223307973587 71
1725396944363 0.15114075158665655 72
1725396944380 0.1486266523367448 73
1725396944397 0.09826698810376507 74
1725396944416 0.09498481686579711 75
1725396944433 0.16696248328661292 76
1725396944450 0.1444597983976908 77
1725396944469 0.1441426055716866 78
1725396944488 0.12481609223084779 79
1725396944505 0.16951652228591832 80
1725396944524 0.10840617127435287 81
1725396944541 0.1285343102905703 82
1725396944558 0.14874354038745016 83
1725396944576 0.11949614961116439 84
1725396944594 0.1438122675087585 85
1725396944612 0.19526991954384276 86
1725396944637 0.10856143904326489 87
1725396944658 0.08825460128051747 88
1725396944673 0.10879838826664558 89
1725396944696 0.08641155422124291 90
1725396944717 0.15889596323410993 91
1725396944739 0.17247791528820813 92
1725396944767 0.16453788262159685 93
1725396944791 0.13001178478683978 94
1725396944812 0.11617182062113932 95
1725396944835 0.1625725515693149 96
1725396944860 0.17568154428959556 97
1725396944878 0.12055478709980305 98
1725396944896 0.10291958705614432 99
1725396944910 0.08323661382849117 100
1725396944923 0.1475922347137565 101
1725396944936 0.08081554947665845 102
1725396944949 0.1336703102089228 103
1725396944962 0.14971288935494076 104
1725396944975 0.16979313561856713 105
1725396944990 0.15428888507724953 106
1725396945014 0.11483073853297515 107
1725396945039 0.1165219629751863 108
1725396945068 0.09793558675896744 109
1725396945096 0.13811070150209268 110
1725396945125 0.159278564572445 111
1725396945149 0.05577538276748189 112
1725396945174 0.1276132011319149 113
1725396945199 0.08857090843332467 114
1725396945220 0.13257728190113643 115
1725396945248 0.15678026876171816 116
1725396945266 0.1273880320054522 117
1725396945285 0.12395906242717655 118
1725396945304 0.0778075254925319 119
1725396945323 0.14691200160892026 120
1725396945351 0.11254117646246983 121
1725396945368 0.1392790565962008 122
1725396945385 0.07781903628843516 123
1725396945402 0.11478439406414961 124
1725396945421 0.15285164849328442 125
1725396945440 0.1676489016361397 126
1725396945458 0.17113975055681746 127
1725396945479 0.10459070507250738 128
1725396945504 0.12215966954495919 129
1725396945529 0.14583200411455097 130
1725396945553 0.11107011050735388 131
1725396945575 0.10770836936899832 132
1725396945605 0.09346143856331521 133
1725396945627 0.11430778859919657 134
1725396945654 0.22176563775523886 135
1725396945675 0.1435217330828665 136
1725396945700 0.14247039660104657 137
1725396945720 0.11681691512243463 138
1725396945742 0.1454731472231219 139
1725396945761 0.11525335748686104 140
1725396945778 0.15353561331460477 141
1725396945796 0.21839881081432522 142
1725396945815 0.13122866180929663 143
1725396945834 0.130921589033299 144
1725396945852 0.08267271878921485 145
1725396945867 0.10150964490262467 146
1725396945880 0.12452490922107119 147
1725396945894 0.08464208121596052 148
1725396945906 0.16497829905268593 149
1725396945920 0.20818417894929214 150
1725396945933 0.17295688854846214 151
1725396945946 0.12894374600011935 152
1725396945959 0.1323267342538813 153
1725396945972 0.12416826301775019 154
1725396945985 0.1038903528032399 155
1725396946005 0.1079821000876618 156
1725396946030 0.10062878433663472 157
1725396946049 0.10915273552193455 158
1725396946069 0.11072919403917118 159
1725396946088 0.16804997791834253 160
1725396946116 0.09638144112599697 161
1725396946141 0.10675813022914511 162
1725396946166 0.1096433361359703 163
1725396946189 0.07741904393252502 164
1725396946221 0.17130868733804086 165
1725396946249 0.09402421870025147 166
1725396946272 0.16513919541279734 167
1725396946303 0.13071081241626725 168
1725396946334 0.20093514612068553 169
1725396946369 0.08750914367967652 170
1725396946392 0.12964401522712818 171
1725396946419 0.1501587176189499 172
1725396946446 0.14735675810828802 173
1725396946471 0.11401036810657349 174
1725396946492 0.14207976506523368 175
1725396946516 0.10551400749006126 176
1725396946547 0.1060732552425451 177
1725396946577 0.11780356693291964 178
1725396946607 0.15711001643100175 179
1725396946637 0.13691358089483077 180
1725396946667 0.15884123816059062 181
1725396946696 0.12301978389754022 182
1725396946726 0.1280811758202184 183
1725396946759 0.11613088803781402 184
1725396946789 0.05927342606915538 185
1725396946818 0.11239023454318862 186
1725396946851 0.08856427543074956 187
1725396946883 0.10303265979827836 188
1725396946913 0.17745984773722365 189
1725396946941 0.10714986821498715 190
1725396946970 0.1397592332251324 191
1725396946998 0.14782851593015045 192
1725396947027 0.1448788536048575 193
1725396947057 0.10579838416658624 194
1725396947088 0.1330828230493678 195
1725396947119 0.14036889044442322 196
1725396947143 0.12558011340504213 197
1725396947173 0.10551362525300875 198
1725396947204 0.13619709822740148 199
1725396947234 0.1291962976658407 200
1725396947266 0.14110547197638387 201
1725396947297 0.10223288005743864 202
1725396947327 0.11510301744263328 203
1725396947358 0.19194536800313994 204
1725396947392 0.17178061158954835 205
1725396947424 0.15297032329405877 206
1725396947454 0.14344554253503242 207
1725396947485 0.19232030757167512 208
1725396947514 0.1501747644690796 209
1725396947547 0.10312567560344152 210
1725396947571 0.12433337513631759 211
1725396947599 0.08052854835931686 212
1725396947630 0.10694666941751865 213
1725396947660 0.16008619601071478 214
1725396947690 0.12063138019748847 215
1725396947721 0.15063740498735917 216
1725396947751 0.1259431495506591 217
1725396947780 0.13813896366638737 218
1725396947810 0.1391389430889718 219
1725396947839 0.10718632143838212 220
1725396947872 0.13772155118686225 221
1725396947903 0.14432944037310796 222
1725396947937 0.1745980209623406 223
1725396947965 0.12344165024325228 224
1725396947996 0.13242280406791473 225
1725396948027 0.1445428458162325 226
1725396948057 0.14318594808225182 227
1725396948085 0.16303569019540579 228
1725396948114 0.157828324773842 229
1725396948145 0.15968122234329138 230
1725396948176 0.12268692538551626 231
1725396948205 0.0913207949954211 232
1725396948235 0.08346422488102237 233
1725396948265 0.16658114644484623 234
1725396948300 0.217502443211297 235
1725396948330 0.1529558653759443 236
1725396948361 0.12863710857164293 237
1725396948394 0.1185764590036713 238
1725396948423 0.14666474932221102 239
1725396948455 0.11513688046553736 240
1725396948486 0.13125010143731677 241
1725396948518 0.15351960905551923 242
1725396948548 0.1037182453783639 243
1725396948578 0.14548044984796377 244
1725396948610 0.10047311570458121 245
1725396948640 0.14611522563848445 246
1725396948672 0.1839414009094714 247
1725396948703 0.09294803947766636 248
1725396948734 0.12675237860872035 249
1725396948764 0.10449112365860767 250
1725396948794 0.1162750515526047 251
1725396948823 0.10822494002749847 252
1725396948853 0.13053610444591435 253
1725396948883 0.1427589994877787 254
1725396948915 0.08145204458174593 255
1725396948945 0.18415283961680914 256
1725396948977 0.13739744155444986 257
1725396949008 0.09420893642702563 258
1725396949034 0.12627244298653142 259
1725396949069 0.12542560082603244 260
1725396949099 0.1294035116225514 261
1725396949131 0.11469801519064635 262
1725396949160 0.12673895999319987 263
1725396949190 0.16539315260282547 264
1725396949220 0.13254252550714776 265
1725396949253 0.14254468023712102 266
1725396949284 0.09478322895391932 267
1725396949314 0.1335704831607921 268
1725396949345 0.12909734603374215 269
1725396949375 0.16708628948107235 270
1725396949406 0.15807665033703108 271
1725396949437 0.0970443298220352 272
1725396949469 0.14527512790794045 273
1725396949499 0.18665699981636585 274
1725396949529 0.12482731641876772 275
1725396949559 0.15331018371604918 276
1725396949591 0.1327018739802858 277
1725396949621 0.13654165242148955 278
1725396949655 0.10932647496386878 279
1725396949685 0.1186029072383008 280
1725396949716 0.1540970050373005 281
1725396949746 0.1478148376310777 282
1725396949776 0.14429695471387685 283
1725396949807 0.1488431107136633 284
1725396949838 0.13075749374317724 285
1725396949869 0.14843813222595925 286
1725396949900 0.1514379024519497 287
1725396949930 0.083667806360371 288
1725396949959 0.14053547216400497 289
1725396949993 0.11364575365446825 290
1725396950018 0.12658053188249976 291
1725396950049 0.09287780888413677 292
1725396950077 0.10600785045980532 293
1725396950114 0.14621039723598583 294
1725396950148 0.10694681067053417 295
1725396950178 0.1426530004367063 296
1725396950209 0.13275019909562963 297
1725396950235 0.14394018568916692 298
1725396950265 0.10958807169050255 299
1725396950297 0.18061369580772207 300
1725396950327 0.11704475989317721 301
1725396950359 0.13102795142786236 302
1725396950397 0.11609029847180603 303
1725396950428 0.10833919894386419 304
1725396950458 0.11244617585154724 305
1725396950487 0.09958418193401936 306
1725396950516 0.14128302885182895 307
1725396950547 0.1299047581814188 308
1725396950581 0.14056432400341512 309
1725396950615 0.09712492582440856 310
1725396950644 0.14524437059557146 311
1725396950674 0.10125199000828505 312
1725396950701 0.11541342015754037 313
1725396950726 0.1267859475034053 314
1725396950756 0.10854841271016288 315
1725396950786 0.1419185103561558 316
1725396950816 0.15469506720386642 317
1725396950846 0.12122610887337638 318
1725396950876 0.14974541235077493 319
1725396950907 0.17749920588652682 320
1725396950937 0.1954723546751131 321
1725396950968 0.09211698441350834 322
1725396951002 0.1660596488255718 323
1725396951032 0.10146698294284416 324
1725396951061 0.11303065480165318 325
1725396951090 0.09457446439955497 326
1725396951120 0.12275729061156206 327
1725396951152 0.12052208523390574 328
1725396951182 0.11640081502328337 329
1725396951213 0.12842237505437537 330
1725396951242 0.13183547112397395 331
1725396951273 0.14337772248418482 332
1725396951305 0.1909608763834643 333
1725396951335 0.08868640440746035 334
1725396951368 0.1289967227258489 335
1725396951398 0.16002165411961214 336
1725396951428 0.15158322652851275 337
1725396951455 0.14664303322182928 338
1725396951482 0.1128076256695433 339
1725396951512 0.19978563907910302 340
1725396951543 0.15272415226475347 341
1725396951575 0.15443297455732133 342
1725396951605 0.09619522531391733 343
1725396951637 0.16416625701058582 344
1725396951666 0.10095155951135243 345
1725396951696 0.13079314303448045 346
1725396951726 0.16163824350309366 347
1725396951754 0.1409245925712755 348
1725396951785 0.09549089071661836 349
1725396951814 0.10055032453674059 350
1725396951846 0.13777234127089413 351
1725396951879 0.16538803758746537 352
1725396951910 0.11709037955108609 353
1725396951940 0.20496117694992372 354
1725396951973 0.13236093556958575 355
1725396952003 0.12591958088726532 356
1725396952034 0.1568616018130773 357
1725396952064 0.11015199549608086 358
1725396952093 0.17554341415757538 359
1725396952122 0.20342671015927244 360
1725396952154 0.1332474694534527 361
1725396952187 0.12513814827187414 362
1725396952220 0.09314383079784275 363
1725396952249 0.14969976470592525 364
1725396952279 0.16232623626954795 365
1725396952309 0.09367312312062369 366
1725396952340 0.11095588144311168 367
1725396952371 0.10548651197620586 368
1725396952403 0.17053882605629428 369
1725396952432 0.15311204007223228 370
1725396952464 0.09220833335358761 371
1725396952495 0.10928399299094667 372
1725396952527 0.12868835850347174 373
1725396952557 0.12074298177734129 374
1725396952599 0.15046935684923188 375
1725396952626 0.09708637429328729 376
1725396952651 0.12492736050291435 377
1725396952682 0.12508283860259056 378
1725396952713 0.10200449863865481 379
1725396952743 0.17716764691238204 380
1725396952774 0.17339037453774628 381
1725396952804 0.14134487423166597 382
1725396952834 0.11272625259506394 383
1725396952864 0.11537776006060022 384
1725396952895 0.10832353981347334 385
1725396952925 0.16662755235230176 386
1725396952957 0.10627073093019986 387
1725396952988 0.15777065814465654 388
1725396953018 0.14414840384421312 389
1725396953050 0.1476940660923315 390
1725396953079 0.16800420711389952 391
1725396953108 0.14423316773990982 392
1725396953136 0.07987485823175543 393
1725396953161 0.20703999465334275 394
1725396953190 0.07794753795021193 395
1725396953221 0.11204371011836313 396
1725396953252 0.13995258113615489 397
1725396953280 0.12612980893277995 398
1725396953314 0.1575889984910175 399
1725396953344 0.1520419738012573 400
1725396953376 0.12842026279197777 401
1725396953415 0.18599449981229965 402
1725396953441 0.1483327010398367 403
1725396953468 0.12229383420200796 404
1725396953499 0.1169287468027642 405
1725396953530 0.11392807343237359 406
1725396953560 0.10599897350206944 407
1725396953594 0.15170711391921957 408
1725396953623 0.10852904195908229 409
1725396953651 0.11807675481345414 410
1725396953684 0.1161875687471563 411
1725396953714 0.13465657876886472 412
1725396953742 0.11107326171134164 413
1725396953774 0.17014226410446168 414
1725396953795 0.1432322621965181 415
1725396953822 0.14876717614147777 416
1725396953844 0.10333924833171124 417
1725396953863 0.17626865232189823 418
1725396953887 0.11734124056829298 419
1725396953905 0.1613745936211058 420
1725396953923 0.170500991562614 421
1725396953940 0.15931060928367732 422
1725396953957 0.1474630569790607 423
1725396953975 0.103262051420981 424
1725396953993 0.14252283640051633 425
1725396954010 0.12462494384542964 426
1725396954032 0.1294577276692534 427
1725396954050 0.11216367045133886 428
1725396954074 0.14144384696996543 429
1725396954097 0.13087691947331112 430
1725396954123 0.10536367492260929 431
1725396954148 0.13167460822342963 432
1725396954166 0.119289704378796 433
1725396954185 0.12995560958160407 434
1725396954203 0.11653510355129716 435
1725396954221 0.10749200913300881 436
1725396954238 0.11277261730011602 437
1725396954251 0.12327881209668468 438
1725396954266 0.08704927420985606 439
1725396954286 0.10882427624241997 440
1725396954302 0.1289436256893979 441
1725396954319 0.09737555093327224 442
1725396954389 0.16619306850845092 443
1725396954432 0.18410841085804344 444
1725396954458 0.12804750975895718 445
1725396954471 0.1318718653360738 446
1725396954484 0.11730163960059811 447
1725396954499 0.11185319198063405 448
1725396954512 0.08782271957992431 449
1725396954538 0.1687030072782406 450
1725396954565 0.11977865447779258 451
1725396954586 0.18193895979192812 452
1725396954604 0.14094277242015568 453
1725396954630 0.18717396739859696 454
1725396954667 0.15072296214515585 455
1725396954695 0.18481928895846447 456
1725396954713 0.10784104561575146 457
1725396954742 0.1419953938580389 458
1725396954770 0.11526151923350086 459
1725396954795 0.18495326912875168 460
1725396954822 0.16518112752454234 461
1725396954850 0.19777021752109275 462
1725396954876 0.1105462310564875 463
1725396954899 0.129584315083932 464
1725396954918 0.0966653649055998 465
1725396954934 0.08773210165201274 466
1725396954953 0.12014973806599441 467
1725396954969 0.0831621864023152 468
1725396954985 0.14082003862703427 469
1725396955003 0.10863463081318109 470
1725396955018 0.18106408444873992 471
1725396955036 0.1600379071404521 472
1725396955053 0.08126374928891127 473
1725396955071 0.11715631674041488 474
1725396955089 0.17945564755338025 475
1725396955108 0.15616366080606187 476
1725396955125 0.1543100521340741 477
1725396955143 0.14599031435068469 478
1725396955170 0.1515808298589696 479
1725396955193 0.08907076511072796 480
1725396955214 0.11549478209047273 481
1725396955227 0.1073372336353245 482
1725396955240 0.14147303839388353 483
1725396955253 0.15657832387102624 484
1725396955279 0.10852568362582497 485
1725396955300 0.12239561237836188 486
1725396955322 0.17878640076891034 487
1725396955339 0.09510756084691466 488
1725396955356 0.10116321196313496 489
1725396955381 0.16420086390455715 490
1725396955405 0.11128436548655393 491
1725396955424 0.09612677159379558 492
1725396955446 0.11189626854157506 493
1725396955459 0.1289847412547033 494
1725396955471 0.18369063392644397 495
1725396955485 0.12697064831246355 496
1725396955498 0.16175041363968654 497
1725396955510 0.1531401630925033 498
1725396955531 0.11727173835771487 499
