1725353814522 170.66350841571432 0
1725353814551 164.64982401558206 1
1725353814578 158.12473647904994 2
1725353814609 164.34661905947115 3
1725353814644 157.52902429621741 4
1725353814672 150.1079969498714 5
1725353814708 152.89362025638835 6
1725353814729 151.32476307189123 7
1725353814754 149.10688262109895 8
1725353814777 152.93148908712027 9
1725353814806 136.15757661868327 10
1725353814825 131.80054637918846 11
1725353814846 132.88338724586262 12
1725353814867 142.77910479917665 13
1725353814897 139.7888351997983 14
1725353814929 131.86698830296675 15
1725353814953 126.57879135671335 16
1725353814982 133.90531536318784 17
1725353815012 124.6219025172736 18
1725353815040 120.06450778681206 19
1725353815070 119.06511825223339 20
1725353815106 121.36160238415893 21
1725353815131 120.78882860211664 22
1725353815160 111.86823411726911 23
1725353815194 110.25578999263097 24
1725353815216 112.57098050083549 25
1725353815239 112.05153869187403 26
1725353815266 104.60082979355178 27
1725353815287 103.97535173687815 28
1725353815307 101.39061954406583 29
1725353815330 97.71311110656556 30
1725353815350 101.49447606931894 31
1725353815371 100.5431030505957 32
1725353815392 95.33261444077125 33
1725353815412 92.34475292443175 34
1725353815434 91.42613412502271 35
1725353815456 86.57014281990894 36
1725353815478 87.41215702519061 37
1725353815502 86.00760864523065 38
1725353815524 85.35637817250525 39
1725353815545 81.13719357150048 40
1725353815564 84.05942850710231 41
1725353815587 79.78676015888013 42
1725353815609 78.18440854090646 43
1725353815632 78.23995443620139 44
1725353815654 73.43936002298912 45
1725353815684 75.69587681799072 46
1725353815711 73.66142401345117 47
1725353815741 69.86755709988356 48
1725353815771 70.48726985781782 49
1725353815795 69.44992541581702 50
1725353815815 65.81383541813551 51
1725353815840 67.22739062416511 52
1725353815859 66.24858291705863 53
1725353815881 64.62617445518379 54
1725353815902 67.8493563943204 55
1725353815928 63.75234649814021 56
1725353815947 62.81082986467156 57
1725353815968 58.932691571181635 58
1725353815987 59.78730741144217 59
1725353816006 56.23761810799246 60
1725353816035 55.89502777988587 61
1725353816055 57.828497418361856 62
1725353816074 55.4898371744381 63
1725353816095 54.48648902061304 64
1725353816115 55.957471698095276 65
1725353816141 52.87478345981004 66
1725353816161 53.417884767025335 67
1725353816181 51.28865011457236 68
1725353816201 48.89315636966464 69
1725353816224 49.51181773935217 70
1725353816247 47.07254129037963 71
1725353816272 46.44280073383719 72
1725353816302 46.37703173787203 73
1725353816360 47.20818766650167 74
1725353816452 45.49833912435626 75
1725353816465 43.4097181698314 76
1725353816486 43.058183918575075 77
1725353816507 43.215570486333355 78
1725353816526 39.82073349341073 79
1725353816546 40.53080954779556 80
1725353816566 39.748787317937385 81
1725353816587 39.113589058039544 82
1725353816608 39.66876578195363 83
1725353816628 38.00385676605434 84
1725353816647 36.987058594669726 85
1725353816669 36.48038020312998 86
1725353816701 37.00068172527093 87
1725353816723 34.283821643901334 88
1725353816745 35.07320206045488 89
1725353816766 34.985774105554384 90
1725353816787 33.158303578118876 91
1725353816807 33.667842278367985 92
1725353816829 32.83489086952485 93
1725353816848 32.963122337540774 94
1725353816867 30.985635813405334 95
1725353816887 29.62517560048262 96
1725353816907 30.96307814837093 97
1725353816930 28.06395346898857 98
1725353816952 29.36215289634409 99
1725353816982 27.57418261078721 100
1725353817010 28.839207761217587 101
1725353817044 27.032581477306643 102
1725353817074 27.655167985278073 103
1725353817100 26.972584228855172 104
1725353817127 26.98708279253273 105
1725353817158 25.394400292205034 106
1725353817192 25.2968767293975 107
1725353817217 25.677218466526018 108
1725353817258 24.17640216055282 109
1725353817280 24.17106195295109 110
1725353817301 23.93321612676062 111
1725353817326 24.09966112324178 112
1725353817348 23.236349182243163 113
1725353817379 22.019066714242427 114
1725353817400 21.876323570450193 115
1725353817424 21.450794068233066 116
1725353817445 21.874575749086755 117
1725353817466 20.314957994197915 118
1725353817486 21.245323603633075 119
1725353817506 20.40788976266162 120
1725353817524 19.72797384638409 121
1725353817543 19.970822196258858 122
1725353817563 19.118763410292694 123
1725353817584 18.378121944768168 124
1725353817603 17.670137212381572 125
1725353817623 17.54137618985756 126
1725353817643 18.308060106343444 127
1725353817663 17.81134241287411 128
1725353817684 17.670327272947514 129
1725353817705 16.94629710484447 130
1725353817724 16.251192882236147 131
1725353817747 16.10407822625912 132
1725353817771 15.432052799570519 133
1725353817787 16.57770715703863 134
1725353817810 15.308767333631547 135
1725353817842 14.992271703347347 136
1725353817875 14.623269070520099 137
1725353817900 15.330396854464961 138
1725353817926 14.52491698945597 139
1725353817950 14.536305811148223 140
1725353817981 13.578296240518666 141
1725353818016 14.195247578438853 142
1725353818049 13.347059538006755 143
1725353818069 13.409977766194658 144
1725353818087 13.042396712998443 145
1725353818107 13.020479568647511 146
1725353818129 12.907173000938965 147
1725353818149 12.240185940114745 148
1725353818171 12.78121472468779 149
1725353818193 12.282081089096204 150
1725353818215 12.138654802537081 151
1725353818238 11.327794961508982 152
1725353818259 12.35465636431621 153
1725353818282 10.508263525730534 154
1725353818300 10.293954901844844 155
1725353818323 10.151457993749311 156
1725353818345 10.523909527208566 157
1725353818365 10.45795031607681 158
1725353818384 10.030517345709235 159
1725353818407 10.277837216159208 160
1725353818429 10.098582205249603 161
1725353818456 9.561000346939233 162
1725353818475 9.472726379102975 163
1725353818497 9.651135991322393 164
1725353818520 9.538350363061134 165
1725353818541 9.210315881476184 166
1725353818562 8.930284360817195 167
1725353818582 9.143576743553652 168
1725353818607 8.736843883085115 169
1725353818628 8.127939152266705 170
1725353818648 8.466744444553152 171
1725353818674 8.050716909745896 172
1725353818698 7.401723011491746 173
1725353818720 8.68621022910641 174
1725353818744 7.7558389794833555 175
1725353818769 7.563894174154757 176
1725353818790 7.819321863562907 177
1725353818810 7.375071578352754 178
1725353818831 6.92925941316904 179
1725353818851 6.8141124889944775 180
1725353818870 7.233531239452861 181
1725353818890 6.7944545318849885 182
1725353818913 7.13065044479866 183
1725353818935 6.49319105893023 184
1725353818958 6.6936127348055345 185
1725353818977 6.385146270942992 186
1725353818998 6.673873289095128 187
1725353819030 6.316692437493023 188
1725353819063 5.815770680592861 189
1725353819085 6.155535650134269 190
1725353819108 6.183635710888759 191
1725353819131 5.727353373573791 192
1725353819152 6.2435600589810445 193
1725353819177 6.20425807809002 194
1725353819208 5.760298640563346 195
1725353819232 5.412480220008817 196
1725353819252 5.177011384366703 197
1725353819273 4.992215253989516 198
1725353819293 4.879005863211003 199
1725353819313 5.029340666412978 200
1725353819332 4.663487274437158 201
1725353819352 5.289585570677245 202
1725353819372 5.070885728035722 203
1725353819391 4.749737775759382 204
1725353819414 4.386712006210244 205
1725353819438 4.677203802487009 206
1725353819459 4.7728665127088306 207
1725353819481 4.3829792711388595 208
1725353819501 4.334901926601862 209
1725353819524 4.54425683931619 210
1725353819544 4.2791926270093885 211
1725353819564 4.361864728495289 212
1725353819584 4.311758648876431 213
1725353819607 4.013212920598137 214
1725353819627 3.729076762910354 215
1725353819647 3.9983863450836337 216
1725353819667 4.262520605436178 217
1725353819686 3.6236611848517417 218
1725353819705 3.638416118309493 219
1725353819725 3.5768930188720693 220
1725353819746 3.5818063863990908 221
1725353819768 3.4096493999668365 222
1725353819788 3.391374654758989 223
1725353819809 3.26668419515537 224
1725353819831 3.538038719710625 225
1725353819851 3.3348363904208367 226
1725353819874 3.4143173819461747 227
1725353819895 3.085611228550867 228
1725353819918 3.294327639282866 229
1725353819937 3.0070401589625306 230
1725353819957 2.948225825293946 231
1725353819976 2.951990493626907 232
1725353819995 3.152708734483673 233
1725353820031 2.9333643807667706 234
1725353820068 2.6725590033812003 235
1725353820090 2.716397326857726 236
1725353820113 2.618975190766552 237
1725353820134 2.6433868786933417 238
1725353820158 2.7100009491572745 239
1725353820181 2.80214319472577 240
1725353820203 2.5341290460888946 241
1725353820224 2.6195166725122165 242
1725353820241 2.4214742096093103 243
1725353820261 2.533468831980456 244
1725353820283 2.517233686499608 245
1725353820306 2.584728014790316 246
1725353820326 2.273928627751826 247
1725353820350 2.4856221809392225 248
1725353820372 2.3269239092216036 249
1725353820393 2.2314799183871563 250
1725353820416 2.5695602876943244 251
1725353820438 2.16069973808875 252
1725353820460 2.3515268649964383 253
1725353820482 2.009378844796743 254
1725353820504 2.0909948412140715 255
1725353820529 2.2203966816505414 256
1725353820548 2.002967656915937 257
1725353820568 1.9395915790971745 258
1725353820588 1.9913702070016182 259
1725353820608 1.778761825731515 260
1725353820629 2.050790095536549 261
1725353820649 1.7261336249417292 262
1725353820672 1.8754986815481276 263
1725353820694 1.7959435684324974 264
1725353820714 1.5986905683114647 265
1725353820736 2.007486516808309 266
1725353820756 2.002307668420488 267
1725353820773 1.7931185950084065 268
1725353820795 1.609918151169845 269
1725353820818 1.5915492660116648 270
1725353820841 1.7254024017549103 271
1725353820860 1.6002901889049954 272
1725353820881 1.7208311694556355 273
1725353820903 1.716640123612991 274
1725353820923 1.5372631097701412 275
1725353820943 1.3596501331273176 276
1725353820963 1.59541752910841 277
1725353820983 1.2347360615858949 278
1725353821002 1.4202760340970253 279
1725353821022 1.5997526045873776 280
1725353821042 1.4456941612078522 281
1725353821065 1.2875754745809236 282
1725353821091 1.4149912964309754 283
1725353821117 1.1795632086700885 284
1725353821142 1.244645092822418 285
1725353821163 1.2402745055640512 286
1725353821193 1.3670672490904037 287
1725353821218 1.0860251726278618 288
1725353821238 1.1876244991845142 289
1725353821258 1.2419571381622136 290
1725353821282 1.0882341916070295 291
1725353821306 1.30783494333366 292
1725353821333 1.207696555759047 293
1725353821357 1.1296336789114645 294
1725353821390 1.1519395290250025 295
1725353821436 1.157284564563501 296
1725353821458 1.19817106483671 297
1725353821484 1.0636244421791943 298
1725353821505 0.9014587217650106 299
1725353821526 1.1035810170091434 300
1725353821546 1.0948351594053325 301
1725353821567 1.273725830858025 302
1725353821589 0.9699617065582654 303
1725353821612 0.9566195479606218 304
1725353821634 0.9204519054689195 305
1725353821658 0.944450234170568 306
1725353821679 0.9582646721384579 307
1725353821704 1.0327015037143243 308
1725353821728 0.9516332766472296 309
1725353821755 0.7659194015704882 310
1725353821780 1.0020949452782162 311
1725353821803 0.9674568070249285 312
1725353821824 0.9131964145373974 313
1725353821846 0.809959715610066 314
1725353821868 0.7834734276380467 315
1725353821890 0.7767032588204675 316
1725353821911 0.9215212602755241 317
1725353821934 0.9038935617135346 318
1725353821981 0.80448916880788 319
1725353821994 0.913027950002721 320
1725353822006 0.7800884093506727 321
1725353822027 0.805043567025826 322
1725353822050 0.7739617331408895 323
1725353822095 1.020539608768795 324
1725353822127 0.8127680047415257 325
1725353822160 0.841084962013728 326
1725353822189 0.7165426641453597 327
1725353822213 0.7565891364540018 328
1725353822237 0.7132829961563993 329
1725353822256 0.6498181659056859 330
1725353822274 0.5426035316327843 331
1725353822295 0.5406382931601759 332
1725353822315 0.6973932100782513 333
1725353822335 0.5909816141637696 334
1725353822362 0.7096286165462758 335
1725353822384 0.6058270786105477 336
1725353822407 0.5713805057342434 337
1725353822431 0.5606012178739619 338
1725353822454 0.5358083166775077 339
1725353822478 0.673055102054607 340
1725353822500 0.7105946823201553 341
1725353822521 0.8016017529778672 342
1725353822542 0.6031240181351815 343
1725353822571 0.6055119558907426 344
1725353822597 0.5280269444858685 345
1725353822619 0.5415886553881162 346
1725353822639 0.677366405468118 347
1725353822666 0.6281186766802554 348
1725353822692 0.5922370774350517 349
1725353822723 0.622198895869099 350
1725353822770 0.46910671472084114 351
1725353822810 0.5847273586746876 352
1725353822830 0.5989755416695353 353
1725353822851 0.5212489243488388 354
1725353822870 0.5303251104441654 355
1725353822890 0.5513809455023784 356
1725353822910 0.42209134153607236 357
1725353822939 0.4591511038619371 358
1725353822960 0.6269875659269242 359
1725353822986 0.5718243214585493 360
1725353823011 0.48448354744126193 361
1725353823034 0.45849583142313516 362
1725353823055 0.4827745945660593 363
1725353823075 0.4100644014777482 364
1725353823107 0.39673675475320036 365
1725353823128 0.41171036554341056 366
1725353823146 0.5148852350849361 367
1725353823167 0.46565524522343665 368
1725353823188 0.4562989156529349 369
1725353823208 0.4490497767922165 370
1725353823230 0.43242792957484366 371
1725353823250 0.37227657684377075 372
1725353823272 0.4096338228772209 373
1725353823293 0.46003227741639174 374
1725353823313 0.5653571849760014 375
1725353823333 0.4932257535626261 376
1725353823353 0.4065229464089381 377
1725353823373 0.3695766114490632 378
1725353823393 0.3427580277763924 379
1725353823413 0.3255373452459768 380
1725353823432 0.4735527989677538 381
1725353823457 0.38583245697140134 382
1725353823481 0.40377745959406075 383
1725353823504 0.42484276918513386 384
1725353823525 0.47039794106847166 385
1725353823547 0.45338013136764493 386
1725353823568 0.4745045522799948 387
1725353823589 0.35825892060806697 388
1725353823610 0.3705123295235505 389
1725353823631 0.2790700381705479 390
1725353823654 0.3739657527924438 391
1725353823672 0.30639573980495755 392
1725353823695 0.47701773860929836 393
1725353823716 0.3963120225614389 394
1725353823736 0.3898886007790787 395
1725353823755 0.3132525351914137 396
1725353823775 0.29599818937319405 397
1725353823795 0.3401595539135524 398
1725353823814 0.3662644488008995 399
1725353823835 0.3768545514817824 400
1725353823855 0.2724521877530769 401
1725353823875 0.38210101035833915 402
1725353823895 0.3687450847072528 403
1725353823914 0.31046563820323214 404
1725353823936 0.3286623704424978 405
1725353823958 0.3363284856301664 406
1725353823979 0.29428491466792767 407
1725353823999 0.30363390365218457 408
1725353824021 0.3158999893872376 409
1725353824042 0.34734938881684435 410
1725353824062 0.28612323381069316 411
1725353824081 0.30707945029751016 412
1725353824101 0.21964122069658124 413
1725353824128 0.3379781007469015 414
1725353824149 0.28706119243855294 415
1725353824170 0.29118130845101425 416
1725353824205 0.24260932466800994 417
1725353824229 0.2135434115338869 418
1725353824259 0.34697065135932165 419
1725353824287 0.3091063264528599 420
1725353824306 0.2912255888635667 421
1725353824326 0.2481819719537422 422
1725353824346 0.3198327531799053 423
1725353824366 0.268816797573808 424
1725353824386 0.2190312347677604 425
1725353824407 0.33238480797126546 426
1725353824428 0.23935344596434963 427
1725353824453 0.342299505472037 428
1725353824479 0.27316350467840594 429
1725353824497 0.2702089750554305 430
1725353824520 0.2434566652238661 431
1725353824539 0.27637962802031213 432
1725353824563 0.25563434196061785 433
1725353824582 0.19818679825592622 434
1725353824602 0.21746597570414217 435
1725353824622 0.2977947191609786 436
1725353824642 0.2813326993844078 437
1725353824662 0.19748873317481655 438
1725353824685 0.2256128168957808 439
1725353824713 0.19116264221584178 440
1725353824730 0.26904202504072966 441
1725353824757 0.2648054795093698 442
1725353824784 0.3288213254359169 443
1725353824804 0.27423894997108095 444
1725353824824 0.2618461726210265 445
1725353824841 0.2828252611205056 446
1725353824861 0.2232483966206287 447
1725353824879 0.17670986561274138 448
1725353824899 0.14002953234035997 449
1725353824920 0.20466045945766137 450
1725353824941 0.1973457419800361 451
1725353824967 0.20301357830317904 452
1725353824987 0.2798500148062881 453
1725353825008 0.24023790724680316 454
1725353825027 0.2455735677471607 455
1725353825047 0.23500249451215088 456
1725353825069 0.17535739280828594 457
1725353825092 0.22787706797117657 458
1725353825122 0.2452052396637419 459
1725353825145 0.23384997720210715 460
1725353825171 0.19483842719165745 461
1725353825196 0.2601437088187823 462
1725353825219 0.17619039436623252 463
1725353825241 0.20188331970703763 464
1725353825262 0.22307743719267673 465
1725353825281 0.1976472343966734 466
1725353825306 0.2758566307127266 467
1725353825332 0.15343633538940923 468
1725353825355 0.16352762118402012 469
1725353825384 0.22011582223587522 470
1725353825410 0.2524147059005642 471
1725353825436 0.26540099016845337 472
1725353825459 0.1394192870764872 473
1725353825482 0.17892295329332003 474
1725353825502 0.20980344046438068 475
1725353825524 0.182902938106159 476
1725353825548 0.1719058748917212 477
1725353825570 0.21429527552009106 478
1725353825589 0.1704279227153652 479
1725353825610 0.21090221606360535 480
1725353825630 0.139015666422287 481
1725353825651 0.1951523132535498 482
1725353825673 0.10277752510680678 483
1725353825697 0.1741162169826404 484
1725353825722 0.2350839256314268 485
1725353825746 0.24712180515890977 486
1725353825766 0.21310330528809193 487
1725353825787 0.21540095900244502 488
1725353825807 0.23853509356328917 489
1725353825825 0.1547216554462234 490
1725353825850 0.16427168849473095 491
1725353825877 0.1226350237014764 492
1725353825902 0.2762095496292482 493
1725353825928 0.19169585953595045 494
1725353825948 0.17357389773413204 495
1725353825967 0.18192375733366595 496
1725353825989 0.15265938301820045 497
1725353826010 0.18161236012170875 498
1725353826032 0.10988792617130937 499
