1725394759408 29.513775684853503 0
1725394759440 5.187443809447557 1
1725394759466 1.0473112665082605 2
1725394759496 0.332721557546841 3
1725394759529 0.23021632893745142 4
1725394759581 0.13117264139574764 5
1725394759629 0.16662749523693596 6
1725394759665 0.18819471052971481 7
1725394759698 0.1596827315113652 8
1725394759730 0.15765700838752686 9
1725394759763 0.14286068664523993 10
1725394759796 0.11528487103569929 11
1725394759830 0.15510401363709286 12
1725394759868 0.10496073671924619 13
1725394759903 0.09816585062542911 14
1725394759933 0.1787794770207217 15
1725394759967 0.1430001007438566 16
1725394759996 0.2050555581449218 17
1725394760024 0.08180671731292818 18
1725394760075 0.11428328103088284 19
1725394760107 0.17536733713760247 20
1725394760138 0.19508939394167632 21
1725394760161 0.13154839240600089 22
1725394760192 0.2242608756715552 23
1725394760221 0.16326999740797943 24
1725394760246 0.09423888136130713 25
1725394760280 0.12352829510875893 26
1725394760328 0.10810322861992148 27
1725394760368 0.18276383177804148 28
1725394760409 0.13235757777886098 29
1725394760441 0.12725443688558583 30
1725394760473 0.14567496707162678 31
1725394760501 0.11692879821030232 32
1725394760532 0.09396478604586417 33
1725394760568 0.12887710654527618 34
1725394760614 0.1945990508879852 35
1725394760682 0.14437730848400177 36
1725394760713 0.13642017925226907 37
1725394760743 0.09588102254663002 38
1725394760770 0.13549887585198545 39
1725394760799 0.1986331022913273 40
1725394760830 0.1229797215537606 41
1725394760863 0.07522095591405577 42
1725394760892 0.11624029004795289 43
1725394760918 0.16917410151026005 44
1725394760950 0.13686835793461355 45
1725394760977 0.14108408846391174 46
1725394761009 0.07967949168855971 47
1725394761037 0.15647366334601168 48
1725394761062 0.0952615192282001 49
1725394761094 0.11519543549976544 50
1725394761128 0.0906349962531179 51
1725394761164 0.13015299861690455 52
1725394761212 0.14732426584981334 53
1725394761259 0.11920147588663157 54
1725394761295 0.1471111486272653 55
1725394761330 0.1237114716749822 56
1725394761364 0.08995601837296867 57
1725394761397 0.12769067785216823 58
1725394761428 0.12967496976896345 59
1725394761459 0.09626755393176478 60
1725394761488 0.11871624977074603 61
1725394761521 0.1306997453311416 62
1725394761549 0.08213698065628622 63
1725394761579 0.13129750880511978 64
1725394761611 0.1091236453269259 65
1725394761641 0.11752467940750423 66
1725394761670 0.10971514659847945 67
1725394761700 0.07792652023743425 68
1725394761729 0.14572139748282337 69
1725394761761 0.1463304525639724 70
1725394761793 0.12302434494662096 71
1725394761831 0.18245549982953613 72
1725394761871 0.12556614509543257 73
1725394761901 0.12655666639556307 74
1725394761931 0.1498862690518691 75
1725394761962 0.16686707189110198 76
1725394761989 0.11867295833435201 77
1725394762019 0.15352489769825176 78
1725394762051 0.14953481384731557 79
1725394762081 0.1424209155334255 80
1725394762113 0.13272671258931235 81
1725394762144 0.0803762649434105 82
1725394762174 0.1386073457229653 83
1725394762206 0.09613142266940206 84
1725394762231 0.15839350718473175 85
1725394762259 0.13655059116757784 86
1725394762286 0.10452081062090793 87
1725394762312 0.14196652193037257 88
1725394762342 0.10507208971668099 89
1725394762371 0.14387306937796693 90
1725394762399 0.12188814640274843 91
1725394762431 0.1134617308503495 92
1725394762460 0.1143863097702256 93
1725394762490 0.11204849439824643 94
1725394762518 0.2069964183628315 95
1725394762544 0.13266032615442433 96
1725394762574 0.14334412766079827 97
1725394762602 0.10241482613177397 98
1725394762644 0.09671399988005057 99
1725394762676 0.23026148193480667 100
1725394762721 0.08633285874417675 101
1725394762761 0.14253597070672538 102
1725394762797 0.16368888884427235 103
1725394762827 0.10420323725046504 104
1725394762858 0.13425097890295423 105
1725394762896 0.12790569345545832 106
1725394762940 0.08425791671590535 107
1725394762974 0.13677929167878825 108
1725394763016 0.15632175101723572 109
1725394763049 0.11329314980596256 110
1725394763081 0.15826513183361143 111
1725394763112 0.1430168004894413 112
1725394763143 0.1546108613112186 113
1725394763171 0.18427471678650034 114
1725394763198 0.12222299008265611 115
1725394763228 0.10602966417576482 116
1725394763256 0.0849884956821328 117
1725394763291 0.10656635188941872 118
1725394763321 0.1151658959669966 119
1725394763351 0.158961046100843 120
1725394763381 0.10875915439535513 121
1725394763411 0.12290043383029761 122
1725394763438 0.1153616458722487 123
1725394763463 0.1581805454275756 124
1725394763489 0.14307280669392405 125
1725394763516 0.1278253592176399 126
1725394763547 0.1474977179851079 127
1725394763576 0.15847350561202436 128
1725394763605 0.14899761244165682 129
1725394763636 0.13292440217210266 130
1725394763665 0.1413198340101256 131
1725394763703 0.10713767777151813 132
1725394763737 0.19391175013513853 133
1725394763770 0.11040310547229555 134
1725394763804 0.13370818592111047 135
1725394763843 0.16156286319520127 136
1725394763872 0.15772802529569713 137
1725394763907 0.12402980323688526 138
1725394763937 0.16784731259899735 139
1725394763965 0.09719784400510553 140
1725394763996 0.18522538363750551 141
1725394764028 0.09349182928054514 142
1725394764058 0.09352866397830968 143
1725394764086 0.16926129363661427 144
1725394764117 0.11907575507896448 145
1725394764146 0.12352258952789968 146
1725394764176 0.12893239512463212 147
1725394764208 0.1518948006399257 148
1725394764234 0.11560525994434546 149
1725394764272 0.12404521588745915 150
1725394764307 0.1532612280294081 151
1725394764342 0.16553409091685425 152
1725394764377 0.12827739761789528 153
1725394764423 0.08660186950611201 154
1725394764457 0.10267771237146171 155
1725394764483 0.12039891331697099 156
1725394764513 0.1450765247388828 157
1725394764543 0.09261446036136602 158
1725394764573 0.10731878167221959 159
1725394764606 0.10809985350247088 160
1725394764634 0.10959842616760448 161
1725394764659 0.13052281902508495 162
1725394764688 0.09351354216014623 163
1725394764718 0.15811084333444222 164
1725394764743 0.1198262699082681 165
1725394764775 0.13541408503978725 166
1725394764805 0.18086524080517805 167
1725394764834 0.10310606500877562 168
1725394764865 0.11215615350223881 169
1725394764901 0.08843097793193992 170
1725394764932 0.1129068743273248 171
1725394764957 0.16100217992887547 172
1725394764983 0.15072695714486065 173
1725394765013 0.16408029148412834 174
1725394765037 0.1405472230272156 175
1725394765067 0.11914548319149619 176
1725394765099 0.12321538626925792 177
1725394765129 0.171058641805802 178
1725394765159 0.20472944276216595 179
1725394765187 0.1922586136601933 180
1725394765219 0.10334385411829564 181
1725394765251 0.11197429781765336 182
1725394765285 0.19303236893387293 183
1725394765315 0.09563782549278231 184
1725394765341 0.17716367450489723 185
1725394765370 0.13155673552204925 186
1725394765398 0.19775749331316506 187
1725394765423 0.14093794661630996 188
1725394765454 0.14642999003718576 189
1725394765486 0.12786290714590656 190
1725394765510 0.10445688353699754 191
1725394765542 0.10820981808569195 192
1725394765583 0.06670841306971033 193
1725394765625 0.06617652109552252 194
1725394765652 0.1625565347587816 195
1725394765680 0.12618540829933603 196
1725394765709 0.11071484953184552 197
1725394765739 0.16385575076489137 198
1725394765768 0.1508698607605092 199
1725394765797 0.11568725255390302 200
1725394765826 0.12701170566193232 201
1725394765857 0.10275091431874715 202
1725394765901 0.15292116759838828 203
1725394765939 0.13191087184172098 204
1725394765973 0.0788693976361103 205
1725394766012 0.09119197578514046 206
1725394766043 0.10771484860424248 207
1725394766067 0.15534852804450544 208
1725394766097 0.20949318173162557 209
1725394766129 0.1392530796152207 210
1725394766158 0.15735294050844317 211
1725394766189 0.09502545052199443 212
1725394766219 0.09299290230506939 213
1725394766248 0.17839394237888867 214
1725394766279 0.21840418127115777 215
1725394766414 0.12236237534728177 216
1725394766451 0.16461368613672261 217
1725394766479 0.22582316682168713 218
1725394766510 0.14119259631389572 219
1725394766541 0.14909403636893895 220
1725394766579 0.12836132660295171 221
1725394766618 0.08517107592754088 222
1725394766650 0.0951707383906751 223
1725394766686 0.1312474210999799 224
1725394766714 0.10668928486241293 225
1725394766741 0.14202762088441998 226
1725394766774 0.1257364191113311 227
1725394766810 0.12208446312918207 228
1725394766841 0.1432047898987967 229
1725394766864 0.14675949675391983 230
1725394766909 0.16719196428768557 231
1725394766939 0.1410011411178919 232
1725394766970 0.15513351027938452 233
1725394767001 0.19302148986597778 234
1725394767057 0.1415781586218934 235
1725394767108 0.17735247665983073 236
1725394767142 0.10197055903011686 237
1725394767172 0.174096264029849 238
1725394767201 0.12912632635941287 239
1725394767238 0.1348987010440232 240
1725394767269 0.09660822527022071 241
1725394767301 0.1536017437008118 242
1725394767326 0.08934313189078871 243
1725394767348 0.15487466110945494 244
1725394767375 0.15376955025427796 245
1725394767409 0.12933694166935594 246
1725394767443 0.08627296005224182 247
1725394767479 0.100041436433405 248
1725394767512 0.10754295940495834 249
1725394767546 0.12675535924471035 250
1725394767574 0.13096881316598996 251
1725394767599 0.18273958933956505 252
1725394767627 0.17567082373044082 253
1725394767654 0.156794186425948 254
1725394767680 0.1290579689010005 255
1725394767712 0.13103600933169968 256
1725394767744 0.08678370749005895 257
1725394767772 0.159041880329572 258
1725394767797 0.11402286705633065 259
1725394767831 0.09523094812288062 260
1725394767862 0.1226770650772136 261
1725394767897 0.10495352103115575 262
1725394767934 0.12321370228739481 263
1725394767965 0.16671639829800544 264
1725394767999 0.11794252027668828 265
1725394768034 0.15434119963367562 266
1725394768066 0.17086110533659954 267
1725394768100 0.16773904143356924 268
1725394768125 0.10611416913540565 269
1725394768159 0.14180819132278172 270
1725394768196 0.1753333866516201 271
1725394768228 0.11693642894766833 272
1725394768269 0.16829227576845854 273
1725394768301 0.13036238434050865 274
1725394768330 0.16281670502078346 275
1725394768359 0.10161113526061756 276
1725394768388 0.19367222420016617 277
1725394768412 0.15352150385203245 278
1725394768453 0.1594824996790941 279
1725394768488 0.13131098558425428 280
1725394768516 0.21271911878749122 281
1725394768549 0.0920615662335664 282
1725394768581 0.09892818622913616 283
1725394768611 0.0742122048192182 284
1725394768641 0.1674606601712665 285
1725394768675 0.1555097090355749 286
1725394768705 0.122936212573983 287
1725394768743 0.17524848085650963 288
1725394768768 0.10504290545172382 289
1725394768794 0.1189551619255094 290
1725394768822 0.1832729426748579 291
1725394768852 0.11926840726196646 292
1725394768883 0.15969825861651857 293
1725394768912 0.1470098096205226 294
1725394768985 0.17803905878991297 295
1725394769011 0.14176379706336026 296
1725394769043 0.11828567301297162 297
1725394769075 0.10612540992215802 298
1725394769106 0.1435893035790403 299
1725394769153 0.09597867718779178 300
1725394769203 0.13834698007196108 301
1725394769240 0.1552101994456777 302
1725394769275 0.15235548809721527 303
1725394769312 0.12672134101977273 304
1725394769340 0.15203400440749754 305
1725394769373 0.14742712192817284 306
1725394769399 0.1505294157266021 307
1725394769428 0.12413301165977744 308
1725394769458 0.1248715585789187 309
1725394769486 0.09675490187058917 310
1725394769516 0.100973033067727 311
1725394769547 0.1107076974742497 312
1725394769573 0.1293367739404855 313
1725394769606 0.09943069248480199 314
1725394769634 0.13172516835206804 315
1725394769662 0.20104965889255072 316
1725394769692 0.09901102919153827 317
1725394769716 0.1519153759094555 318
1725394769742 0.16212170707213905 319
1725394769767 0.07554415388709691 320
1725394769797 0.1716046943741801 321
1725394769824 0.13349412606071986 322
1725394769860 0.13638614265046636 323
1725394769900 0.13241970049757454 324
1725394769947 0.10109163403163916 325
1725394769978 0.11893297257801881 326
1725394770009 0.11071293077198138 327
1725394770038 0.1001424051372232 328
1725394770071 0.15999895706992512 329
1725394770115 0.13657975698898944 330
1725394770151 0.18468996849083194 331
1725394770186 0.09309196740937767 332
1725394770214 0.1393719429679839 333
1725394770240 0.12842760901789624 334
1725394770268 0.09991092231351568 335
1725394770300 0.100450657067654 336
1725394770333 0.10981971121648135 337
1725394770366 0.09743880101170803 338
1725394770394 0.12768577287496433 339
1725394770426 0.10947220852123178 340
1725394770458 0.18723736581687145 341
1725394770489 0.1701948425339321 342
1725394770518 0.07240037297888036 343
1725394770549 0.15276056729958423 344
1725394770591 0.1338618401023307 345
1725394770628 0.10148234729393582 346
1725394770670 0.20930625853726648 347
1725394770714 0.10454741372081248 348
1725394770790 0.16900434837671133 349
1725394770820 0.10184969903884963 350
1725394770852 0.11208496010109695 351
1725394770883 0.09844859936781339 352
1725394770917 0.11558115295058898 353
1725394770946 0.18348502443590892 354
1725394770972 0.1577350829829935 355
1725394771002 0.10036939521129988 356
1725394771029 0.09511534836391969 357
1725394771063 0.10966994183083976 358
1725394771089 0.16424746995709152 359
1725394771167 0.1356529930261039 360
1725394771194 0.11694795733049482 361
1725394771221 0.12041367873427675 362
1725394771251 0.12103343787347674 363
1725394771283 0.12959988854744522 364
1725394771318 0.1334732465785447 365
1725394771350 0.10266689691743175 366
1725394771391 0.13710088003111193 367
1725394771429 0.1199321120541328 368
1725394771475 0.08145608078750041 369
1725394771515 0.12400724953133548 370
1725394771548 0.10420600772091629 371
1725394771589 0.10076465747156838 372
1725394771624 0.1522302389444278 373
1725394771664 0.1465190425421431 374
1725394771692 0.19032061005146383 375
1725394771724 0.18409507132081288 376
1725394771755 0.14486895756636214 377
1725394771787 0.08064921589338099 378
1725394771828 0.11233383884913746 379
1725394771867 0.12839430979771957 380
1725394771897 0.12829924363845902 381
1725394771924 0.13656957990380028 382
1725394771957 0.12956080171027218 383
1725394771983 0.10380862138885331 384
1725394772017 0.15399853499353083 385
1725394772043 0.17889936058090175 386
1725394772089 0.1534604759753053 387
1725394772117 0.16759437901243585 388
1725394772142 0.1071905487874541 389
1725394772174 0.09161996619827231 390
1725394772205 0.11809947386319042 391
1725394772235 0.09726959431041998 392
1725394772265 0.1536130203315841 393
1725394772293 0.10834147190597171 394
1725394772324 0.13569992611646847 395
1725394772351 0.1168717573541398 396
1725394772384 0.16227134812399718 397
1725394772414 0.12778666660354285 398
1725394772444 0.17142220714422085 399
1725394772473 0.15121896989954023 400
1725394772508 0.1530885523553794 401
1725394772540 0.10628182726348553 402
1725394772566 0.18974316548377096 403
1725394772595 0.09562576969108204 404
1725394772630 0.13935226066852952 405
1725394772661 0.09225102710774073 406
1725394772691 0.15316371055020225 407
1725394772718 0.14136039591783145 408
1725394772748 0.12275692332594688 409
1725394772774 0.11281341494476806 410
1725394772795 0.16391900197227718 411
1725394772824 0.1572550979128742 412
1725394772851 0.2284487612815506 413
1725394772883 0.08550545874511876 414
1725394772919 0.12138404759872135 415
1725394772947 0.17261838796848974 416
1725394772972 0.11394155988085779 417
1725394773004 0.10188912850815311 418
1725394773035 0.1436667739598576 419
1725394773060 0.11374102766114808 420
1725394773088 0.19453725416090606 421
1725394773115 0.1374127223775109 422
1725394773144 0.1455136225263862 423
1725394773169 0.11321510638745852 424
1725394773199 0.16243611242673398 425
1725394773237 0.11331951706427817 426
1725394773278 0.13846319123195946 427
1725394773313 0.12472694718756695 428
1725394773340 0.14367641666164416 429
1725394773372 0.09445078970452948 430
1725394773412 0.13916677257728474 431
1725394773442 0.08894166363526845 432
1725394773474 0.16312044583892146 433
1725394773504 0.11571401873750163 434
1725394773535 0.12078288982860994 435
1725394773572 0.07709444003535909 436
1725394773717 0.1675238535460239 437
1725394773756 0.11677266217784726 438
1725394773785 0.14254163570662015 439
1725394773816 0.18190709472011615 440
1725394773849 0.12395713163769724 441
1725394773879 0.09168911247336527 442
1725394773904 0.15192063490037166 443
1725394773936 0.1457472956627558 444
1725394773974 0.09800722185897484 445
1725394774008 0.15168099124394452 446
1725394774055 0.1714449651536029 447
1725394774087 0.12441990895513566 448
1725394774130 0.14747274903893626 449
1725394774156 0.17059678346953966 450
1725394774189 0.1285884798386219 451
1725394774219 0.1466182830772287 452
1725394774248 0.12633142195508953 453
1725394774278 0.11736034292300014 454
1725394774312 0.1815632487742238 455
1725394774342 0.1584621734590015 456
1725394774375 0.15276289906555693 457
1725394774405 0.13747479249763667 458
1725394774438 0.1337772489834988 459
1725394774463 0.12664733751994314 460
1725394774492 0.17963007771684358 461
1725394774521 0.10619554992954804 462
1725394774550 0.14468181444004508 463
1725394774574 0.11485902441351828 464
1725394774598 0.11712922430916903 465
1725394774624 0.20360466125658394 466
1725394774653 0.1667488532493086 467
1725394774683 0.14622050774929532 468
1725394774720 0.13645743735240462 469
1725394774743 0.14306275863437234 470
1725394774776 0.13975243129310597 471
1725394774801 0.14569867840233797 472
1725394774835 0.08664220730500818 473
1725394774869 0.12102616970014443 474
1725394774911 0.1410157356794541 475
1725394774944 0.1217603433871702 476
1725394774984 0.13471335338516724 477
1725394775016 0.15302023573170476 478
1725394775043 0.12120406352091113 479
1725394775083 0.11950574256451528 480
1725394775113 0.17692466052604258 481
1725394775143 0.13871785225472358 482
1725394775175 0.17040737604661396 483
1725394775216 0.125765920596465 484
1725394775246 0.09152211100442295 485
1725394775279 0.14780760687401767 486
1725394775309 0.17463947833085597 487
1725394775336 0.19419743537391917 488
1725394775366 0.11581804404441053 489
1725394775396 0.15344048844253289 490
1725394775426 0.10354008453924533 491
1725394775494 0.16823988234001477 492
1725394775561 0.06518212667196442 493
1725394775604 0.13327324405792693 494
1725394775657 0.16284101395885212 495
1725394775698 0.09641368910930355 496
1725394775733 0.14708581039601765 497
1725394775762 0.15874312107242075 498
1725394775793 0.12073209249496583 499
