1725393213044 4.692580466432925 0
1725393213115 4.626054439641794 1
1725393213171 5.2702725161770205 2
1725393213243 3.550144896571796 3
1725393213314 2.1086018615777284 4
1725393213391 5.892935676742098 5
1725393213453 5.167855293424923 6
1725393213514 4.611847020301234 7
1725393213578 52.46611691578269 8
1725393213652 33.88428027448908 9
1725393213721 1.9850230626057097 10
1725393213787 5.007430566377144 11
1725393213849 17.298484662542876 12
1725393213918 124.1966579581069 13
1725393213988 4.397636238246605 14
1725393214049 10.343749883493505 15
1725393214116 18312.537381473845 16
1725393214175 989.8867504951431 17
1725393214235 2411.9513191805077 18
1725393214311 242708.26794517043 19
1725393214380 765410.9760832158 20
1725393214439 450793.9865308747 21
1725393214500 340154.9274719135 22
1725393214578 13905431953.989841 23
1725393214651 559992059.6568137 24
1725393214720 1203153718.2310169 25
1725393214793 4757143.609844509 26
1725393214854 116052621.38128647 27
1725393215007 118096387516.09868 28
1725393215077 11249274789.820017 29
1725393215154 245628063177.79337 30
1725393215230 13313370043.229124 31
1725393215301 24914818408934.605 32
1725393215385 51832072324773.06 33
1725393215449 110340680229.81642 34
1725393215516 4088890484798.7046 35
1725393215586 171481913490721.62 36
1725393215666 4739957994945926.0 37
1725393215727 1.2748120244743994e+16 38
1725393215800 3756525147280408.0 39
1725393215873 2.1602832915283597e+17 40
1725393215940 8.374784468889624e+17 41
1725393216002 2.529692747132447e+17 42
1725393216078 2.213666734145605e+18 43
1725393216141 4.4973213968393896e+20 44
1725393216206 9.159323926704964e+20 45
1725393216267 1.908268935591894e+21 46
1725393216326 9.134116295078356e+21 47
1725393216385 4.060392337386036e+18 48
1725393216449 4.736061408168816e+21 49
1725393216520 9.066591260004669e+21 50
1725393216591 8.68795779424925e+22 51
1725393216657 1.39943181018929e+22 52
1725393216727 2.1022282059128537e+25 53
1725393216801 3.3859576312056602e+25 54
1725393216887 7.310714406983962e+24 55
1725393216952 6.407649525081399e+24 56
1725393217013 1.3858481447104243e+28 57
1725393217085 3.968635740838666e+28 58
1725393217153 8.761150084098516e+25 59
1725393217214 1.0566687381687723e+28 60
1725393217275 4.932765747974481e+26 61
1725393217334 2.1245330085577549e+27 62
1725393217402 5.420710250794843e+28 63
1725393217459 1.129996709676345e+29 64
1725393217518 3.220588097016986e+31 65
1725393217585 5.7185843373453716e+29 66
1725393217652 2.2911995784388763e+32 67
1725393217717 1.9811159120929061e+31 68
1725393217775 8.082849746028759e+31 69
1725393217845 1.9685076754575053e+33 70
1725393217916 3.934282314772446e+35 71
1725393217988 3.941970219314827e+35 72
1725393218053 2.279342086078486e+37 73
1725393218113 1.4547258578671487e+34 74
1725393218180 7.884315278128768e+37 75
1725393218242 1.5732972349716064e+35 76
1725393218307 3.610045856541017e+35 77
1725393218380 2.823938455446699e+37 78
1725393218452 6.199955740791451e+38 79
1725393218524 2.6970650648754106e+39 80
1725393218596 1.0272798737717446e+42 81
1725393218673 1.805736497515545e+41 82
1725393218739 1.3880511741423669e+41 83
1725393218804 2.342242385573947e+42 84
1725393218876 3.0751824335245336e+40 85
1725393218938 7.570214228827756e+41 86
1725393219004 9.1368282522255e+39 87
1725393219082 4.456032666372264e+41 88
1725393219150 1.92182197055001e+45 89
1725393219217 1.0265652637010582e+44 90
1725393219284 2.839723580631275e+43 91
1725393219351 3.0321443287456274e+43 92
1725393219427 3.6413761384663484e+46 93
1725393219487 2.1315032697774108e+46 94
1725393219564 1.3087620221756201e+47 95
1725393219628 9.400209159965748e+47 96
1725393219694 1.460131645105645e+50 97
1725393219756 6.437456823096288e+48 98
1725393219825 4.1787084972822144e+49 99
1725393219886 1.4133223895385885e+51 100
1725393219958 5.505788930342376e+50 101
1725393220027 2.7747895992334475e+51 102
1725393220089 4.307598837612968e+50 103
1725393220150 3.08199523632469e+51 104
1725393220220 5.650810642886096e+54 105
1725393220297 2.76141816320291e+53 106
1725393220365 2.723655488500266e+53 107
1725393220436 2.0850502119599636e+54 108
1725393220517 2.093265671241863e+52 109
1725393220576 1.6187577750905118e+55 110
1725393220637 2.7835805820644324e+56 111
1725393220705 1.062000344843283e+56 112
1725393220775 8.930512850511161e+58 113
1725393220834 2.2322826834120924e+55 114
1725393220891 9.35177081447717e+59 115
1725393220959 2.81865626120418e+59 116
1725393221022 6.029181861245006e+59 117
1725393221089 2.380535723909149e+58 118
1725393221147 9.232612951568453e+61 119
1725393221219 2.218156480469071e+59 120
1725393221276 5.853972615958322e+59 121
1725393221344 7.430342875968884e+60 122
1725393221412 2.454299068760906e+62 123
1725393221479 1.0610413363443543e+62 124
1725393221540 3.034633070701522e+64 125
1725393221598 5.122670485377569e+63 126
1725393221666 7.848307894815525e+63 127
1725393221725 1.728888468057449e+65 128
1725393221785 2.946696899912128e+65 129
1725393221858 2.6125159432532486e+67 130
1725393221924 2.14768382889497e+66 131
1725393221985 5.1740583712843355e+65 132
1725393222046 2.0133605307109468e+67 133
1725393222118 8.321492188975365e+69 134
1725393222192 1.180863975964767e+70 135
1725393222264 2.260041693736988e+69 136
1725393222338 1.855003362420712e+70 137
1725393222401 1.5851518220898037e+65 138
1725393222466 1.2004126246005407e+70 139
1725393222525 4.2158671613198835e+70 140
1725393222602 4.596727230887937e+72 141
1725393222675 2.61217027169786e+73 142
1725393222738 1.1971692872858795e+72 143
1725393222806 4.263304795119213e+75 144
1725393222871 8.527392550273155e+75 145
1725393222942 2.1709792474424472e+74 146
1725393223013 1.3533679665362538e+73 147
1725393223078 2.3538594422124686e+77 148
1725393223140 1.3323086753962194e+76 149
1725393223203 4.412676458170451e+73 150
1725393223262 1.6768801628203827e+78 151
1725393223331 1.249123512992754e+78 152
1725393223394 2.3791896977975e+79 153
1725393223470 3.643202168822402e+79 154
1725393223528 3.086741069550247e+78 155
1725393223601 1.7235040491357712e+80 156
1725393223681 1.0191489521740478e+81 157
1725393223770 2.67285697742547e+80 158
1725393223840 1.7575528209002567e+83 159
1725393223905 7.328235207304789e+82 160
1725393223973 6.227721754746474e+84 161
1725393224045 6.5766314062693e+83 162
1725393224121 1.2687505688352636e+85 163
1725393224187 2.1986867819020522e+86 164
1725393224252 1.0764753659855871e+84 165
1725393224322 2.7364183084790524e+87 166
1725393224390 4.505704337625947e+85 167
1725393224450 1.4482242078091809e+84 168
1725393224522 2.7490165714719894e+88 169
1725393224592 1.775631118514497e+88 170
1725393224653 1.6838827660510376e+90 171
1725393224721 7.051083402928711e+88 172
1725393224790 1.7487606376697066e+89 173
1725393224857 1.180772522889778e+89 174
1725393224917 1.0601379908427344e+92 175
1725393224984 3.6450375357883314e+90 176
1725393225056 9.425451914968402e+90 177
1725393225128 7.841953998378561e+93 178
1725393225196 1.5414659773258686e+92 179
1725393225263 9.481726356534366e+91 180
1725393225328 1.6834085589145528e+92 181
1725393225395 1.6291580089866824e+96 182
1725393225466 6.447497414045856e+95 183
1725393225534 3.9394919974372905e+96 184
1725393225606 3.3437083000184785e+94 185
1725393225668 2.694579749291454e+96 186
1725393225741 6.614532359367003e+95 187
1725393225810 4.223060022598073e+97 188
1725393225903 2.1592050769826044e+99 189
1725393225975 1.0081588219198703e+101 190
1725393226062 3.3233636674255777e+99 191
1725393226138 3.5198493796390106e+99 192
1725393226213 4.81974884094967e+99 193
1725393226285 1.5582120903048448e+103 194
1725393226353 2.3848894927616784e+97 195
1725393226404 2.61983674485037e+102 196
1725393226449 5.394461266022845e+104 197
1725393226518 1.2381863264928425e+102 198
1725393226595 2.4294874622278862e+107 199
1725393226679 3.279433997446186e+102 200
1725393226747 3.16526156866676e+104 201
1725393226798 7.313045405219846e+107 202
1725393226866 7.662811607527925e+105 203
1725393226947 3.7597001273649783e+105 204
1725393227036 6.359472928474361e+107 205
1725393227114 5.553429305769087e+107 206
1725393227196 1.3899410106788456e+109 207
1725393227286 1.5650281418824675e+111 208
1725393227365 2.831503307134733e+111 209
1725393227454 6.710918718841374e+111 210
1725393227538 3.016918419227868e+111 211
1725393227631 2.2304580794393467e+111 212
1725393227700 1.2301931593418172e+113 213
1725393227778 1.0317459283161792e+115 214
1725393227846 7.077743877388153e+114 215
1725393227936 1.1456303165797885e+115 216
1725393228014 1.2128895454834432e+116 217
1725393228098 6.44486280528828e+113 218
1725393228180 3.519733847409403e+113 219
1725393228246 1.1786430508427372e+116 220
1725393228305 1.543601421128617e+117 221
1725393228365 3.0964365346662054e+114 222
1725393228436 8.081404913458533e+116 223
1725393228518 1.5684945022541407e+118 224
1725393228598 3.144305823506035e+120 225
1725393228682 1.8536525400972562e+120 226
1725393228765 4.785063950129518e+118 227
1725393228839 9.087043260930211e+120 228
1725393228902 1.5467798524820667e+122 229
1725393228949 4.4292832923580593e+117 230
1725393229007 1.1544950563408416e+122 231
1725393229061 6.374197285759591e+121 232
1725393229145 9.268425391913231e+120 233
1725393229210 7.569698582193166e+121 234
1725393229259 4.1771613387774626e+123 235
1725393229310 1.6450606562064365e+124 236
1725393229366 8.899062898152004e+124 237
1725393229412 1.4264755037660155e+127 238
1725393229468 1.2301260308922205e+125 239
1725393229552 8.168249897159913e+126 240
1725393229633 2.1450010488495323e+129 241
1725393229716 4.761605456937956e+128 242
1725393229787 8.276920440062757e+128 243
1725393229869 8.721116876147069e+126 244
1725393229930 1.1744651488592737e+130 245
1725393230011 3.0639481910571153e+130 246
1725393230089 2.2490639765921677e+129 247
1725393230171 6.360505145290434e+127 248
1725393230236 1.7123176206925143e+133 249
1725393230308 2.4100480459546994e+131 250
1725393230372 3.374803384488917e+132 251
1725393230451 1.9596364637909878e+130 252
1725393230528 2.4638209381347294e+134 253
1725393230587 1.971924037108899e+136 254
1725393230665 1.898114483864399e+134 255
1725393230730 2.4657730972657652e+132 256
1725393230783 7.16122121944902e+136 257
1725393230835 3.63789093139725e+135 258
1725393230884 2.1561905689428155e+138 259
1725393230935 1.2429257426568463e+138 260
1725393231031 7.932646029492234e+138 261
1725393231105 1.526335233915531e+141 262
1725393231181 1.6449559063170807e+139 263
1725393231245 2.952208547980287e+140 264
1725393231298 3.8772805455500236e+139 265
1725393231343 2.2060347388988137e+139 266
1725393231401 2.1074057722624317e+143 267
1725393231452 1.9749827477259474e+144 268
1725393231515 1.414068351556427e+143 269
1725393231595 1.24284381336777e+145 270
1725393231647 4.696919067200275e+143 271
1725393231705 7.117569640915822e+144 272
1725393231778 9.323739348958282e+144 273
1725393231858 7.588084334871347e+146 274
1725393231937 1.0943753453169785e+145 275
1725393232004 2.3301316727058e+146 276
1725393232066 1.2114755334431669e+148 277
1725393232150 1.0076017015119702e+150 278
1725393232237 1.573782451916685e+149 279
1725393232313 3.785090103619494e+149 280
1725393232394 8.092890909553483e+146 281
1725393232478 4.661309989100092e+148 282
1725393232554 1.0057216746191223e+147 283
1725393232630 4.170981167980375e+150 284
1725393232689 8.212654167564135e+152 285
1725393232739 5.777179818928385e+151 286
1725393232785 1.111982350636629e+153 287
1725393232860 4.95530170367801e+153 288
1725393232925 1.2448223708930712e+154 289
1725393232990 2.339480701313923e+155 290
1725393233051 2.7204840156529083e+153 291
1725393233123 9.012261242968558e+152 292
1725393233204 1.4384406085149454e+154 293
1725393233271 2.4364693286348812e+157 294
1725393233339 5.892425076614066e+158 295
1725393233410 1.139606977049895e+158 296
1725393233479 2.0959869463653154e+160 297
1725393233545 1.1141275753189844e+156 298
1725393233613 1.4357659850489051e+159 299
1725393233674 1.3850951407468325e+160 300
1725393233746 5.379010942656451e+161 301
1725393233818 7.096643324881985e+160 302
1725393233878 6.700691672974762e+161 303
1725393233939 8.1857867307965e+160 304
1725393234012 4.908135139334792e+160 305
1725393234083 4.603333674524172e+160 306
1725393234152 4.689479884129966e+162 307
1725393234214 1.6745457469789015e+162 308
1725393234273 2.379882601361713e+166 309
1725393234338 4.354459870037364e+165 310
1725393234413 9.00387632752701e+164 311
1725393234481 7.368519710941427e+167 312
1725393234552 2.7619089970420497e+164 313
1725393234628 5.02866854817953e+168 314
1725393234689 5.31915375666448e+165 315
1725393234758 1.1719308368331304e+170 316
1725393234818 3.5596486012892007e+168 317
1725393234880 2.016155675262539e+170 318
1725393234953 3.242691200264595e+167 319
1725393235023 8.722416754698195e+169 320
1725393235095 1.9734397606679933e+172 321
1725393235157 1.6834109791595087e+172 322
1725393235226 2.3886430124033276e+171 323
1725393235288 3.0298974322208204e+171 324
1725393235354 8.827970461635507e+174 325
1725393235423 1.290148159958887e+173 326
1725393235478 1.305472085417939e+174 327
1725393235539 7.347467906172906e+174 328
1725393235600 7.993325262923106e+175 329
1725393235669 4.4788716681360754e+175 330
1725393235743 1.0671019550350491e+176 331
1725393235815 1.7622880869300827e+175 332
1725393235884 3.7124614414434126e+177 333
1725393235953 1.0508512165707939e+179 334
1725393236018 7.79395196497085e+178 335
1725393236090 9.200300418061341e+178 336
1725393236155 2.0273766094510258e+181 337
1725393236223 3.6498152046363306e+181 338
1725393236296 8.25819743060309e+180 339
1725393236365 1.3820395141316457e+183 340
1725393236435 1.9165482113328961e+179 341
1725393236515 6.5780408850892555e+181 342
1725393236576 2.192305469216975e+183 343
1725393236633 3.817858614921032e+182 344
1725393236700 2.3963038828099163e+183 345
1725393236768 1.8128548886234263e+181 346
1725393236827 1.4621847079794596e+186 347
1725393236899 2.800776670650478e+184 348
1725393236959 2.404429995613033e+185 349
1725393237022 1.150434445903113e+184 350
1725393237091 3.947380944957774e+187 351
1725393237165 1.5630901125120295e+185 352
1725393237237 6.681269691303679e+190 353
1725393237311 1.4144935963939037e+188 354
1725393237378 8.291231323000761e+188 355
1725393237450 8.166418138363351e+189 356
1725393237520 1.2954345413103903e+189 357
1725393237592 7.087442439807377e+189 358
1725393237664 5.388400135601345e+193 359
1725393237740 3.678757811800784e+193 360
1725393237801 1.8101753452229366e+191 361
1725393237879 7.510610332693444e+192 362
1725393237940 1.5220703498951003e+193 363
1725393238014 7.154692718687699e+194 364
1725393238084 6.083143670364607e+194 365
1725393238155 1.4134993931806162e+197 366
1725393238221 6.180887952674485e+194 367
1725393238294 1.641571671713994e+198 368
1725393238344 2.2453318345158405e+197 369
1725393238411 2.044994077484814e+197 370
1725393238479 6.569827889395543e+200 371
1725393238543 2.1346855720095847e+199 372
1725393238614 2.846296399674177e+198 373
1725393238678 7.064723832278819e+199 374
1725393238747 3.312716667459912e+203 375
1725393238817 7.409500947693171e+198 376
1725393238896 3.37830181776198e+200 377
1725393238967 1.1024954889441843e+203 378
1725393239035 5.540955060115932e+203 379
1725393239095 3.3341679077837953e+205 380
1725393239157 4.9495997812910526e+203 381
1725393239218 3.0114121782529602e+206 382
1725393239288 4.980506787644703e+204 383
1725393239351 6.312920450403293e+205 384
1725393239415 1.9881872170153823e+204 385
1725393239487 3.6309759723262516e+206 386
1725393239549 4.244220558619487e+208 387
1725393239621 1.5768706110324934e+203 388
1725393239687 3.708926339954666e+207 389
1725393239743 1.401041179431039e+209 390
1725393239804 2.5643957848189083e+211 391
1725393239870 3.6401910165398945e+208 392
1725393239936 7.994263776562588e+210 393
1725393240009 1.8958875133903654e+209 394
1725393240086 5.751951511676295e+209 395
1725393240154 1.0234765429690537e+210 396
1725393240220 1.3641949004309602e+212 397
1725393240292 8.687322477026405e+211 398
1725393240357 2.32172503390377e+215 399
1725393240423 3.2998019008677817e+213 400
1725393240490 1.1693761871819138e+215 401
1725393240556 1.5182094841387798e+215 402
1725393240625 8.84287701346395e+217 403
1725393240692 8.221761078143753e+215 404
1725393240764 2.4544076050452796e+217 405
1725393240838 1.8847967356528405e+219 406
1725393240911 1.262534733652826e+217 407
1725393240977 9.510982790142955e+218 408
1725393241045 1.5995310651691686e+221 409
1725393241116 1.7532286617470828e+218 410
1725393241188 6.807052805627231e+221 411
1725393241259 5.64123142626258e+219 412
1725393241325 7.340253375319008e+221 413
1725393241416 1.0027805736471984e+221 414
1725393241504 7.692921755648069e+221 415
1725393241573 1.905808365151577e+222 416
1725393241648 4.826071789989336e+224 417
1725393241734 8.204498357842385e+222 418
1725393241793 2.1723886697259902e+224 419
1725393241860 4.516776669828883e+222 420
1725393241920 8.496107538601298e+226 421
1725393241985 7.501993413558983e+228 422
1725393242047 2.4587367308773964e+229 423
1725393242108 7.949131041323413e+228 424
1725393242179 2.092016240685038e+227 425
1725393242252 2.2199322260907406e+228 426
1725393242319 2.969909209314784e+230 427
1725393242388 7.2269947360517e+231 428
1725393242451 1.7267487391752285e+231 429
1725393242535 6.394191533222493e+230 430
1725393242598 2.0675775734642103e+229 431
1725393242658 3.2822978795855764e+231 432
1725393242729 6.443270635011684e+232 433
1725393242793 4.7842732702853734e+231 434
1725393242862 3.4674946519268144e+233 435
1725393242930 9.197543469337502e+234 436
1725393242999 1.903683079916545e+235 437
1725393243060 4.142023889624314e+236 438
1725393243123 2.1954548512365385e+238 439
1725393243192 5.421023234718792e+236 440
1725393243260 1.4713382783367434e+238 441
1725393243323 9.594949959438487e+236 442
1725393243387 3.1365040418621255e+236 443
1725393243448 1.5689566371624855e+240 444
1725393243515 4.1905894177443915e+236 445
1725393243583 1.1955048592881852e+238 446
1725393243641 1.3173762199630583e+240 447
1725393243702 1.0898727417353546e+242 448
1725393243770 1.0298885627982347e+242 449
1725393243845 6.33520837399723e+241 450
1725393243918 2.0603373556708847e+241 451
1725393243989 4.0544906239123457e+242 452
1725393244057 4.884632505121808e+244 453
1725393244127 4.401439285661544e+243 454
1725393244193 4.676269769563231e+245 455
1725393244250 1.0438334765137947e+244 456
1725393244314 2.496946415110844e+246 457
1725393244393 5.866149652644971e+246 458
1725393244460 9.558667861872401e+248 459
1725393244525 1.494415859759696e+248 460
1725393244586 6.560405972989451e+247 461
1725393244649 5.06401673400058e+249 462
1725393244718 1.2207471130425763e+248 463
1725393244792 6.190366517119274e+249 464
1725393244857 9.975915427370442e+248 465
1725393244918 4.699436509476744e+248 466
1725393244978 9.249935509336023e+251 467
1725393245038 7.225884034875549e+251 468
1725393245100 3.3542680901788015e+252 469
1725393245172 3.2606451788009295e+250 470
1725393245237 8.888640812231722e+252 471
1725393245313 3.104634090817118e+253 472
1725393245379 5.800526248248452e+254 473
1725393245449 9.515316481169653e+255 474
1725393245516 8.072914258016977e+256 475
1725393245577 1.051731410063259e+255 476
1725393245646 8.352664481758983e+253 477
1725393245714 9.99459136084121e+256 478
1725393245790 6.487039863423396e+256 479
1725393245854 4.515219634942483e+257 480
1725393245920 1.7061297705657332e+260 481
1725393245984 5.954689918271133e+260 482
1725393246056 2.3127548417737297e+262 483
1725393246128 2.387161553008833e+261 484
1725393246200 2.0518063176962293e+259 485
1725393246269 2.6457778946165725e+260 486
1725393246340 1.2753145599523357e+264 487
1725393246411 5.426989659548842e+263 488
1725393246496 2.246797923250999e+263 489
1725393246570 4.906550628124994e+260 490
1725393246632 1.7067960697643293e+266 491
1725393246703 2.7630542302059863e+263 492
1725393246764 9.293162103850146e+265 493
1725393246832 3.620984383475852e+264 494
1725393246902 1.0573616952521227e+266 495
1725393246972 3.4134554293702335e+268 496
1725393247051 3.0214278080433854e+266 497
1725393247113 6.854713603866881e+267 498
1725393247190 9.211740503301686e+267 499
