1725358097873 169.25480595599964 0
1725358097951 165.8668141287966 1
1725358097997 162.55375690902707 2
1725358098020 159.31389525290345 3
1725358098046 156.14553194407998 4
1725358098069 153.047010552074 5
1725358098089 150.01671441780073 6
1725358098111 147.05306566546963 7
1725358098130 144.15452424011337 8
1725358098150 141.31958697004177 9
1725358098179 138.5467866535355 10
1725358098212 135.8346911691135 11
1725358098232 133.18190260872873 12
1725358098254 130.58705643326613 13
1725358098285 128.04882064973447 14
1725358098329 125.56589500956301 15
1725358098355 123.13701022742968 16
1725358098400 120.76092722006572 17
1725358098424 118.43643636449686 18
1725358098451 116.16235677519795 19
1725358098480 113.93753559965197 20
1725358098501 111.76084733182027 21
1725358098522 109.63119314304403 22
1725358098543 107.54750022991186 23
1725358098559 105.5087211786409 24
1725358098582 103.51383334553218 25
1725358098603 101.56183825307369 26
1725358098622 99.65176100127651 27
1725358098644 97.78264969384064 28
1725358098664 95.95357487876016 29
1725358098688 94.16362900298621 30
1725358098709 92.41192588077907 31
1725358098727 90.69760017538925 32
1725358098751 89.01980689371923 33
1725358098770 87.37772089362565 34
1725358098791 85.77053640353212 35
1725358098820 84.19746655403236 36
1725358098841 82.65774292117095 37
1725358098864 81.15061508109876 38
1725358098883 79.67535017580813 39
1725358098903 78.23123248966107 40
1725358098922 76.8175630364309 41
1725358098942 75.43365915658683 42
1725358098964 74.07885412455713 43
1725358098984 72.75249676571377 44
1725358099006 71.4539510828299 45
1725358099025 70.18259589176586 46
1725358099043 68.93782446614821 47
1725358099062 67.71904419081172 48
1725358099103 66.5256762237797 49
1725358099176 65.3571551665661 50
1725358099197 64.21292874258626 51
1725358099217 63.0924574834709 52
1725358099238 61.99521442308175 53
1725358099260 60.92068479903433 54
1725358099280 59.86836576153693 55
1725358099300 58.83776608936078 56
1725358099319 57.828405912761426 57
1725358099337 56.839816443175515 58
1725358099355 55.871539709522274 59
1725358099378 54.923128300943155 60
1725358099398 53.99414511581809 61
1725358099418 53.084163116899965 62
1725358099436 52.192765092414454 63
1725358099455 51.319543422975045 64
1725358099473 50.464099854167806 65
1725358099492 49.62604527466436 66
1725358099511 48.80499949972417 67
1725358099530 48.0005910599522 68
1725358099549 47.21245699518071 69
1725358099567 46.44024265334719 70
1725358099587 45.683601494244385 71
1725358099609 44.9421948980212 72
1725358099627 44.215691978316194 73
1725358099647 43.50376939990901 74
1725358099663 42.80611120077731 75
1725358099678 42.12240861845043 76
1725358099698 41.45235992055291 77
1725358099718 40.795670239434884 78
1725358099747 40.152051410787635 79
1725358099768 39.521221816146436 80
1725358099787 38.90290622918454 81
1725358099809 38.29683566570471 82
1725358099831 37.70274723723766 83
1725358099849 37.12038400815796 84
1725358099871 36.54949485623177 85
1725358099891 35.98983433651097 86
1725358099912 35.44116254849263 87
1725358099932 34.90324500646284 88
1725358099951 34.37585251294721 89
1725358099970 33.858761035192 90
1725358099988 33.35175158460121 91
1725358100009 32.85461009905795 92
1725358100029 32.36712732805902 93
1725358100048 31.88909872059417 94
1725358100067 31.420324315703198 95
1725358100086 30.96060863564511 96
1725358100105 30.5097605816161 97
1725358100123 30.06759333195397 98
1725358100146 29.633924242768458 99
1725358100165 29.208574750938492 100
1725358100187 28.791370279418835 101
1725358100208 28.38214014479988 102
1725358100226 27.980717467065855 103
1725358100246 27.58693908149816 104
1725358100268 27.200645452671736 105
1725358100291 26.82168059049368 106
1725358100314 26.449891968234617 107
1725358100335 26.085130442504624 108
1725358100355 25.72725017512643 109
1725358100375 25.376108556860405 110
1725358100395 25.031566132935954 111
1725358100414 24.693486530346213 112
1725358100434 24.361736386863164 113
1725358100454 24.036185281731544 114
1725358100472 23.716705668001488 115
1725358100494 23.403172806459715 116
1725358100514 23.095464701121315 117
1725358100535 22.793462036244264 118
1725358100555 22.497048114829944 119
1725358100577 22.20610879857407 120
1725358100598 21.920532449233036 121
1725358100618 21.64020987137151 122
1725358100638 21.365034256458582 123
1725358100657 21.094901128279222 124
1725358100678 20.829708289630442 125
1725358100698 20.569355770270448 126
1725358100717 20.31374577609132 127
1725358100736 20.062782639485622 128
1725358100754 19.816372770878466 129
1725358100775 19.574424611396932 130
1725358100797 19.336848586649538 131
1725358100815 19.103557061589814 132
1725358100835 18.874464296437218 133
1725358100853 18.649486403630423 134
1725358100870 18.42854130578878 135
1725358100889 18.21154869465698 136
1725358100912 17.998429991010095 137
1725358100931 17.78910830549599 138
1725358100950 17.583508400392333 139
1725358100970 17.381556652257085 140
1725358100989 17.183181015450202 141
1725358101015 16.988310986507 142
1725358101034 16.796877569341653 143
1725358101052 16.608813241262165 144
1725358101073 16.424051919776492 145
1725358101097 16.242528930171883 146
1725358101119 16.064180973848494 147
1725358101137 15.888946097389406 148
1725358101156 15.716763662349903 149
1725358101176 15.547574315748538 150
1725358101202 15.381319961243161 151
1725358101221 15.217943730976623 152
1725358101246 15.057389958075035 153
1725358101269 14.899604149783825 154
1725358101289 14.744532961226405 155
1725358101308 14.59212416977062 156
1725358101329 14.442326649988406 157
1725358101348 14.295090349194918 158
1725358101369 14.150366263553384 159
1725358101392 14.008106414731861 160
1725358101416 13.868263827099645 161
1725358101437 13.730792505449681 162
1725358101459 13.595647413235211 163
1725358101478 13.462784451308302 164
1725358101498 13.332160437148298 165
1725358101517 13.203733084568745 166
1725358101535 13.077460983891523 167
1725358101557 12.953303582577004 168
1725358101576 12.831221166299926 169
1725358101595 12.711174840459694 170
1725358101614 12.593126512115747 171
1725358101632 12.477038872337502 172
1725358101653 12.362875378958988 173
1725358101670 12.250600239729177 174
1725358101692 12.140178395848285 175
1725358101716 12.031575505880827 176
1725358101737 11.924757930037314 177
1725358101762 11.81969271481519 178
1725358101783 11.716347577990676 179
1725358101803 11.614690893953835 180
1725358101824 11.514691679378148 181
1725358101844 11.416319579217152 182
1725358101866 11.319544853020286 183
1725358101885 11.224338361560655 184
1725358101906 11.130671553767165 185
1725358101922 11.038516453954182 186
1725358101945 10.947845649341424 187
1725358101969 10.858632277857659 188
1725358101988 10.770850016221353 189
1725358102005 10.684473068291739 190
1725358102025 10.59947615368427 191
1725358102042 10.515834496643917 192
1725358102065 10.433523815170712 193
1725358102085 10.35252031039124 194
1725358102102 10.272800656170524 195
1725358102121 10.19434198895898 196
1725358102142 10.117121897868412 197
1725358102164 10.041118414972056 198
1725358102182 9.966310005823512 199
1725358102201 9.89267556018929 200
1725358102225 9.82019438299012 201
1725358102243 9.748846185446082 202
1725358102262 9.678611076420818 203
1725358102281 9.609469553960531 204
1725358102301 9.54140249702251 205
1725358102321 9.474391157389737 206
1725358102341 9.408417151766498 207
1725358102360 9.343462454051133 208
1725358102384 9.279509387781669 209
1725358102404 9.216540618750802 210
1725358102424 9.154539147785412 211
1725358102447 9.093488303687801 212
1725358102469 9.033371736334153 213
1725358102487 8.97417340992697 214
1725358102505 8.915877596397936 215
1725358102528 8.858468868957416 216
1725358102547 8.801932095787752 217
1725358102567 8.746252433876293 218
1725358102586 8.691415322985817 219
1725358102606 8.637406479758264 220
1725358102626 8.584211891949648 221
1725358102651 8.531817812792239 222
1725358102671 8.480210755481735 223
1725358102687 8.429377487786281 224
1725358102706 8.379305026774459 225
1725358102726 8.329980633659847 226
1725358102746 8.281391808759002 227
1725358102770 8.233526286560725 228
1725358102790 8.186372030903678 229
1725358102809 8.139917230260206 230
1725358102829 8.094150293123658 231
1725358102849 8.049059843496961 232
1725358102868 8.004634716480183 233
1725358102888 7.960863953954641 234
1725358102907 7.917736800361632 235
1725358102925 7.8752426985732775 236
1725358102947 7.8333712858536595 237
1725358102966 7.792112389908075 238
1725358102985 7.751456025018486 239
1725358103007 7.711392388263025 240
1725358103026 7.671911855817674 241
1725358103049 7.633004979338586 242
1725358103080 7.594662482422795 243
1725358103113 7.556875257145631 244
1725358103141 7.519634360673199 245
1725358103166 7.482931011948322 246
1725358103191 7.446756588447909 247
1725358103215 7.411102623010554 248
1725358103235 7.375960800732408 249
1725358103256 7.341322955930117 250
1725358103275 7.307181069169046 251
1725358103294 7.273527264355338 252
1725358103313 7.240353805890656 253
1725358103332 7.207653095887768 254
1725358103351 7.175417671445851 255
1725358103374 7.143640201984264 256
1725358103397 7.1123134866331625 257
1725358103420 7.081430451679901 258
1725358103439 7.05098414806996 259
1725358103461 7.020967748961149 260
1725358103483 6.991374547329688 261
1725358103501 6.9621979536274035 262
1725358103522 6.9334314934885795 263
1725358103541 6.905068805485445 264
1725358103560 6.877103638931092 265
1725358103579 6.849529851729134 266
1725358103597 6.8223414082686125 267
1725358103616 6.795532377363322 268
1725358103636 6.769096930234675 269
1725358103656 6.743029338536967 270
1725358103680 6.717323972424176 271
1725358103700 6.691975298657387 272
1725358103719 6.66697787875178 273
1725358103740 6.642326367162649 274
1725358103758 6.6180155095091315 275
1725358103776 6.59404014083523 276
1725358103796 6.570395183907006 277
1725358103817 6.547075647545246 278
1725358103840 6.52407662499291 279
1725358103871 6.501393292316441 280
1725358103891 6.47902090684015 281
1725358103910 6.456954805613326 282
1725358103929 6.435190403908747 283
1725358103949 6.413723193752391 284
1725358103968 6.392548742483495 285
1725358103988 6.371662691344221 286
1725358104008 6.351060754098402 287
1725358104028 6.330738715678594 288
1725358104046 6.310692430860982 289
1725358104064 6.290917822967404 290
1725358104088 6.271410882593896 291
1725358104109 6.252167666365255 292
1725358104129 6.233184295715002 293
1725358104151 6.214456955690186 294
1725358104174 6.195981893780524 295
1725358104194 6.177755418771287 296
1725358104218 6.159773899619515 297
1725358104242 6.142033764352826 298
1725358104270 6.124531498990795 299
1725358104294 6.10726364648771 300
1725358104316 6.090226805696991 301
1725358104346 6.073417630356262 302
1725358104370 6.056832828092835 303
1725358104390 6.040469159449236 304
1725358104409 6.02432343692811 305
1725358104429 6.008392524056372 306
1725358104448 5.992673334467953 307
1725358104470 5.977162831004857 308
1725358104490 5.9618580248360855 309
1725358104507 5.946755974594206 310
1725358104527 5.931853785528767 311
1725358104555 5.9171486086767935 312
1725358104576 5.902637640049524 313
1725358104597 5.888318119835182 314
1725358104620 5.874187331617524 315
1725358104641 5.860242601609762 316
1725358104659 5.846481297903514 317
1725358104680 5.832900829732434 318
1725358104702 5.81949864675044 319
1725358104721 5.806272238323731 320
1725358104743 5.793219132836998 321
1725358104762 5.78033689701276 322
1725358104781 5.767623135244331 323
1725358104801 5.755075488941347 324
1725358104820 5.742691635888264 325
1725358104840 5.730469289615152 326
1725358104858 5.718406198780607 327
1725358104878 5.706500146566615 328
1725358104893 5.694748950085033 329
1725358104915 5.6831504597954865 330
1725358104937 5.671702558934365 331
1725358104959 5.660403162954855 332
1725358104979 5.649250218977604 333
1725358104997 5.638241705251787 334
1725358105017 5.627375630626581 335
1725358105039 5.616650034032626 336
1725358105059 5.606062983973191 337
1725358105080 5.595612578025186 338
1725358105104 5.585296942349471 339
1725358105131 5.575114231210366 340
1725358105154 5.565062626504407 341
1725358105175 5.555140337297595 342
1725358105197 5.5453455993717755 343
1725358105217 5.5356766747791015 344
1725358105243 5.526131851405099 345
1725358105263 5.516709442539729 346
1725358105282 5.507407786456506 347
1725358105304 5.498225245999399 348
1725358105323 5.489160208177396 349
1725358105344 5.480211083766592 350
1725358105363 5.471376306919647 351
1725358105388 5.462654334782303 352
1725358105408 5.454043647117226 353
1725358105431 5.445542745934427 354
1725358105453 5.437150155128742 355
1725358105481 5.428864420123835 356
1725358105503 5.420684107522592 357
1725358105531 5.412607804764055 358
1725358105552 5.40463411978652 359
1725358105574 5.396761680696767 360
1725358105592 5.388989135445252 361
1725358105612 5.3813151515071205 362
1725358105633 5.373738415569202 363
1725358105652 5.366257633222394 364
1725358105672 5.358871528659582 365
1725358105693 5.351578844379243 366
1725358105714 5.344378340894025 367
1725358105735 5.337268796444728 368
1725358105754 5.330249006719363 369
1725358105775 5.323317784577115 370
1725358105800 5.316473959777338 371
1725358105819 5.309716378713266 372
1725358105841 5.303043904150449 373
1725358105862 5.296455414969792 374
1725358105882 5.289949805915183 375
1725358105902 5.2835259873455405 376
1725358105922 5.277182884991065 377
1725358105941 5.2709194397140005 378
1725358105960 5.2647346072734145 379
1725358105980 5.258627358094081 380
1725358106002 5.252596677039459 381
1725358106023 5.246641563188635 382
1725358106042 5.240761029616907 383
1725358106063 5.234954103180493 384
1725358106084 5.2292198243047405 385
1725358106102 5.223557246775962 386
1725358106123 5.217965437537039 387
1725358106143 5.212443476486348 388
1725358106161 5.206990456280185 389
1725358106181 5.201605482138602 390
1725358106200 5.196287671654528 391
1725358106220 5.191036154606103 392
1725358106238 5.185850072772305 393
1725358106260 5.180728579751517 394
1725358106280 5.175670840783394 395
1725358106302 5.170676032573527 396
1725358106320 5.165743343121149 397
1725358106338 5.1608719715498195 398
1725358106359 5.15606112794077 399
1725358106381 5.1513100331691435 400
1725358106401 5.14661791874306 401
1725358106421 5.1419840266451065 402
1725358106440 5.137407609176747 403
1725358106460 5.132887928805141 404
1725358106479 5.128424258012519 405
1725358106497 5.124015879148161 406
1725358106519 5.119662084282589 407
1725358106539 5.115362175064489 408
1725358106558 5.111115462579655 409
1725358106580 5.106921267212446 410
1725358106602 5.102778918509444 411
1725358106624 5.09868775504536 412
1725358106643 5.0946471242911295 413
1725358106665 5.090656382484064 414
1725358106685 5.086714894500336 415
1725358106703 5.082822033729149 416
1725358106720 5.078977181949454 417
1725358106739 5.075179729208132 418
1725358106757 5.0714290737005046 419
1725358106777 5.0677246216526175 420
1725358106797 5.064065787205446 421
1725358106818 5.060451992300893 422
1725358106838 5.056882666569705 423
1725358106858 5.053357247221143 424
1725358106880 5.049875178934316 425
1725358106902 5.046435913751436 426
1725358106924 5.043038910972514 427
1725358106945 5.039683637051958 428
1725358106968 5.036369565496668 429
1725358106987 5.033096176765743 430
1725358107007 5.029862958171861 431
1725358107029 5.026669403784 432
1725358107049 5.023515014332002 433
1725358107069 5.020399297112329 434
1725358107088 5.017321765895359 435
1725358107109 5.014281940834351 436
1725358107130 5.011279348375471 437
1725358107150 5.008313521169471 438
1725358107171 5.005383997984684 439
1725358107192 5.002490323621239 440
1725358107210 4.999632048826802 441
1725358107230 4.9968087302134085 442
1725358107253 4.994019930175754 443
1725358107272 4.99126521681058 444
1725358107291 4.988544163837431 445
1725358107311 4.985856350520573 446
1725358107331 4.983201361591995 447
1725358107350 4.980578787175792 448
1725358107369 4.977988222713481 449
1725358107389 4.975429268890641 450
1725358107409 4.9729015315645455 451
1725358107430 4.9704046216928655 452
1725358107451 4.967938155263569 453
1725358107470 4.965501753225799 454
1725358107491 4.963095041421728 455
1725358107510 4.960717650519607 456
1725358107529 4.958369215947618 457
1725358107550 4.956049377828925 458
1725358107570 4.953757780917427 459
1725358107589 4.9514940745348115 460
1725358107608 4.9492579125081795 461
1725358107629 4.947048953108868 462
1725358107650 4.944866858992041 463
1725358107669 4.942711297137285 464
1725358107690 4.940581938789924 465
1725358107709 4.9384784594033375 466
1725358107735 4.9364005385820535 467
1725358107755 4.934347860025718 468
1725358107776 4.9323201114738495 469
1725358107796 4.930316984651511 470
1725358107818 4.9283381752154956 471
1725358107840 4.926383382701714 472
1725358107862 4.924452310472915 473
1725358107886 4.922544665667578 474
1725358107909 4.920660159149127 475
1725358107931 4.9187985054562935 476
1725358107953 4.916959422753914 477
1725358107976 4.915142632784476 478
1725358108000 4.913347860820514 479
1725358108020 4.911574835617511 480
1725358108040 4.909823289367609 481
1725358108058 4.908092957653913 482
1725358108077 4.906383579405376 483
1725358108096 4.904694896852666 484
1725358108114 4.903026655484151 485
1725358108137 4.901378604002852 486
1725358108156 4.8997504942841 487
1725358108178 4.898142081333389 488
1725358108197 4.89655312324524 489
1725358108222 4.894983381162436 490
1725358108243 4.893432619235823 491
1725358108264 4.891900604584777 492
1725358108284 4.890387107258222 493
1725358108304 4.888891900196075 494
1725358108326 4.887414759191398 495
1725358108348 4.885955462852932 496
1725358108368 4.88451379256828 497
1725358108388 4.883089532467535 498
1725358108409 4.881682469387411 499
