1725361294062 168.81788247382886 0
1725361294074 168.80041679890766 1
1725361294094 168.7838394909227 2
1725361294116 168.76708278486464 3
1725361294136 168.75034809969267 4
1725361294155 168.7336020480453 5
1725361294172 168.716868934107 6
1725361294193 168.70012422789745 7
1725361294209 168.68339228440007 8
1725361294221 168.66665872756573 9
1725361294237 168.64992712664915 10
1725361294255 168.63319578805587 11
1725361294276 168.61646853779303 12
1725361294291 168.5997353320195 13
1725361294303 168.58301735528931 14
1725361294318 168.56629002017692 15
1725361294333 168.54956575601443 16
1725361294346 168.5328471886987 17
1725361294359 168.51612939656619 18
1725361294372 168.4994111309007 19
1725361294386 168.48269347409177 20
1725361294403 168.46598223012182 21
1725361294415 168.4492693050978 22
1725361294433 168.43255864649362 23
1725361294445 168.4158545847238 24
1725361294474 168.39914043086426 25
1725361294493 168.38243368101575 26
1725361294505 168.36573241201046 27
1725361294515 168.34903164255212 28
1725361294525 168.33233354934563 29
1725361294535 168.31562789010079 30
1725361294545 168.29893479269407 31
1725361294556 168.28224010324195 32
1725361294566 168.26554829693467 33
1725361294582 168.24885005632606 34
1725361294600 168.23216125587547 35
1725361294623 168.21547140582499 36
1725361294651 168.1987848780843 37
1725361294671 168.1821001150428 38
1725361294690 168.1654188007567 39
1725361294707 168.1487352119632 40
1725361294725 168.13205226965655 41
1725361294738 168.11537333212675 42
1725361294753 168.09869523939608 43
1725361294771 168.0820235412795 44
1725361294788 168.0653456014538 45
1725361294804 168.0486750552737 46
1725361294819 168.03200531246554 47
1725361294832 168.01533586730352 48
1725361294843 167.99866942936524 49
1725361294853 167.98200189550545 50
1725361294862 167.96533987983238 51
1725361294872 167.94867242587745 52
1725361294881 167.9320172824577 53
1725361294891 167.9153598369388 54
1725361294904 167.8986990779148 55
1725361294914 167.88204367799867 56
1725361294927 167.86539072010297 57
1725361294937 167.84873988326183 58
1725361294948 167.8320882388987 59
1725361294968 167.81543727948664 60
1725361295014 167.7987921072159 61
1725361295045 167.78214637644663 62
1725361295076 167.7655001923874 63
1725361295106 167.7488587944913 64
1725361295124 167.7322170493952 65
1725361295142 167.71558294181264 66
1725361295157 167.6989414037516 67
1725361295168 167.6823098324624 68
1725361295180 167.66566884394226 69
1725361295191 167.6490418521776 70
1725361295203 167.6324053316142 71
1725361295223 167.61578032647813 72
1725361295235 167.59915642571693 73
1725361295251 167.58252368299773 74
1725361295405 167.56590331694804 75
1725361295417 167.54928346746289 76
1725361295428 167.53266203423595 77
1725361295439 167.51603963085103 78
1725361295452 167.49942084568613 79
1725361295474 167.48280699839873 80
1725361295495 167.466196283252 81
1725361295511 167.44958062628075 82
1725361295527 167.43297212759776 83
1725361295544 167.41636275108868 84
1725361295561 167.399749564744 85
1725361295579 167.38315074988378 86
1725361295610 167.36654216575522 87
1725361295640 167.34994267736533 88
1725361295677 167.3333397226941 89
1725361295706 167.31674224722775 90
1725361295723 167.3001465209883 91
1725361295740 167.28354837129004 92
1725361295755 167.26695080410445 93
1725361295769 167.25036427507925 94
1725361295783 167.23377002824975 95
1725361295792 167.217180358834 96
1725361295802 167.2005927027128 97
1725361295812 167.18400763301884 98
1725361295825 167.1674268594956 99
1725361295853 167.15083763725409 100
1725361295904 167.13426240886238 101
1725361295925 167.11768047019999 102
1725361295940 167.10110458808654 103
1725361295961 167.08452378531692 104
1725361296044 167.06795284372654 105
1725361296082 167.0513844412323 106
1725361296107 167.0348065374549 107
1725361296145 167.01823678394305 108
1725361296176 167.00167363910876 109
1725361296210 166.9851067418492 110
1725361296228 166.96854477060882 111
1725361296243 166.95197665562281 112
1725361296253 166.9354155611152 113
1725361296265 166.91885790613162 114
1725361296276 166.90229882472389 115
1725361296286 166.8857453859554 116
1725361296299 166.86919008869395 117
1725361296309 166.85263660178506 118
1725361296321 166.83608667551903 119
1725361296350 166.81953696725665 120
1725361296375 166.80298920657546 121
1725361296401 166.7864388548283 122
1725361296424 166.76989792349517 123
1725361296444 166.75335282654189 124
1725361296464 166.7368150725731 125
1725361296492 166.72027422127388 126
1725361296517 166.70373719080393 127
1725361296544 166.68720280539262 128
1725361296584 166.67066244132178 129
1725361296609 166.65412936542234 130
1725361296642 166.63760255391068 131
1725361296668 166.62107037570723 132
1725361296700 166.60454134902736 133
1725361296725 166.58801910345852 134
1725361296750 166.5714929954959 135
1725361296777 166.55496916548645 136
1725361296807 166.53844410322216 137
1725361296826 166.5219256851732 138
1725361296837 166.50541128128984 139
1725361296848 166.4888934225557 140
1725361296860 166.47237330920672 141
1725361296870 166.45586730459198 142
1725361296879 166.43935122774914 143
1725361296890 166.42284473593463 144
1725361296899 166.40633604852545 145
1725361296910 166.38982241713987 146
1725361296925 166.37332455900196 147
1725361296935 166.35681943568792 148
1725361296945 166.34031924907842 149
1725361296965 166.3238186245482 150
1725361296987 166.3073165689224 151
1725361297013 166.2908226099743 152
1725361297035 166.27432991260096 153
1725361297052 166.25783557881257 154
1725361297070 166.24134218012267 155
1725361297091 166.22485306914757 156
1725361297109 166.208361742556 157
1725361297131 166.19187797869472 158
1725361297146 166.17539141672927 159
1725361297165 166.15891081792103 160
1725361297183 166.14242510879848 161
1725361297204 166.12594564817198 162
1725361297229 166.1094674543855 163
1725361297258 166.09299183726495 164
1725361297300 166.07651150921714 165
1725361297324 166.0600394802851 166
1725361297333 166.04356898749296 167
1725361297345 166.02710187913667 168
1725361297358 166.01063002424067 169
1725361297369 165.99416361878957 170
1725361297381 165.9776962770669 171
1725361297392 165.9612333060014 172
1725361297402 165.94477057430646 173
1725361297416 165.92830939273733 174
1725361297426 165.91185305442824 175
1725361297436 165.89539656625055 176
1725361297447 165.87894051387295 177
1725361297462 165.86248545326626 178
1725361297477 165.84603184942716 179
1725361297492 165.82958013657483 180
1725361297507 165.81313398935006 181
1725361297522 165.7966851283792 182
1725361297535 165.78024292379718 183
1725361297552 165.76379319897856 184
1725361297578 165.7473544927291 185
1725361297604 165.73091189719136 186
1725361297623 165.71447495864834 187
1725361297641 165.69803394423724 188
1725361297660 165.68159908383362 189
1725361297680 165.66516313745154 190
1725361297701 165.64873612454198 191
1725361297718 165.6323014802148 192
1725361297734 165.61587349596644 193
1725361297753 165.5994450323011 194
1725361297772 165.58301687335947 195
1725361297795 165.5665941636686 196
1725361297817 165.5501715959538 197
1725361297842 165.53375288151267 198
1725361297865 165.51732983478536 199
1725361297888 165.50091060294665 200
1725361297921 165.48449852951833 201
1725361297949 165.4680816167769 202
1725361297975 165.4516713475361 203
1725361298009 165.43525615860116 204
1725361298047 165.41885054045903 205
1725361298070 165.40243734987266 206
1725361298082 165.38603441589646 207
1725361298094 165.36962799297777 208
1725361298104 165.35322876230728 209
1725361298114 165.33682314877913 210
1725361298123 165.32042491961343 211
1725361298133 165.30402552089524 212
1725361298142 165.2876280086124 213
1725361298153 165.2712359597562 214
1725361298162 165.25484052148656 215
1725361298172 165.2384495358277 216
1725361298181 165.2220610700911 217
1725361298191 165.20566818702102 218
1725361298206 165.18928835810758 219
1725361298221 165.17290222556443 220
1725361298238 165.1565157473144 221
1725361298259 165.1401320131753 222
1725361298279 165.12375178513977 223
1725361298298 165.10737627816923 224
1725361298314 165.09099936285554 225
1725361298334 165.07462462836875 226
1725361298347 165.05824880797957 227
1725361298361 165.041877720642 228
1725361298379 165.02550545164289 229
1725361298401 165.00913720928673 230
1725361298424 164.99277382901414 231
1725361298445 164.97640383942613 232
1725361298464 164.9600415085788 233
1725361298483 164.94368168726172 234
1725361298505 164.92731928251803 235
1725361298526 164.91096155647404 236
1725361298556 164.8946006798034 237
1725361298588 164.87824583913192 238
1725361298616 164.86189196919184 239
1725361298644 164.84554169786352 240
1725361298672 164.8291927257032 241
1725361298696 164.81284123860922 242
1725361298719 164.79649069200647 243
1725361298748 164.7801474443437 244
1725361298771 164.76380353834426 245
1725361298794 164.74745727694182 246
1725361298818 164.73111992486432 247
1725361298839 164.71478126540794 248
1725361298864 164.69844328025886 249
1725361298886 164.68210544537231 250
1725361298911 164.66576818070712 251
1725361298935 164.64944109510017 252
1725361298959 164.63310578084895 253
1725361298984 164.61677690886484 254
1725361299004 164.6004504428291 255
1725361299029 164.58412366814144 256
1725361299049 164.56779710550796 257
1725361299078 164.55147699062854 258
1725361299099 164.53515642487278 259
1725361299122 164.51883299780832 260
1725361299146 164.50251329810084 261
1725361299175 164.48620230160836 262
1725361299199 164.46988413590887 263
1725361299228 164.45357138656104 264
1725361299260 164.43725628293294 265
1725361299286 164.42095070085614 266
1725361299324 164.40464218081414 267
1725361299352 164.38833470066976 268
1725361299382 164.37203037333725 269
1725361299411 164.35572644630074 270
1725361299439 164.33942173572643 271
1725361299464 164.32312199980092 272
1725361299494 164.3068278829269 273
1725361299515 164.29052962516622 274
1725361299535 164.27423102627867 275
1725361299558 164.2579388225896 276
1725361299579 164.24164582997614 277
1725361299599 164.22535781840247 278
1725361299619 164.20906462424543 279
1725361299639 164.19277971602025 280
1725361299660 164.17649427968166 281
1725361299688 164.16021003488066 282
1725361299709 164.14392936328065 283
1725361299732 164.1276447263303 284
1725361299754 164.11136933985364 285
1725361299777 164.0950897136942 286
1725361299799 164.07881273771414 287
1725361299824 164.0625419063488 288
1725361299848 164.04626616192684 289
1725361299869 164.02999789041138 290
1725361299890 164.0137293442284 291
1725361299915 163.9974574589802 292
1725361299936 163.981191046207 293
1725361299961 163.96492879027952 294
1725361299986 163.94866545236408 295
1725361300004 163.93240462335623 296
1725361300035 163.9161473109954 297
1725361300075 163.89988729268845 298
1725361300102 163.88363089910723 299
1725361300126 163.8673711507711 300
1725361300158 163.851123930569 301
1725361300183 163.8348728657683 302
1725361300209 163.81861816166202 303
1725361300238 163.80237266335786 304
1725361300264 163.78612800074882 305
1725361300292 163.7698853829564 306
1725361300313 163.75363475323738 307
1725361300336 163.73739128929031 308
1725361300360 163.72115737136048 309
1725361300380 163.7049168346859 310
1725361300402 163.6886810338231 311
1725361300424 163.67244773153183 312
1725361300444 163.65621198121198 313
1725361300466 163.6399765335242 314
1725361300487 163.62374726317276 315
1725361300508 163.6075207508339 316
1725361300530 163.5912928419827 317
1725361300552 163.57506689362236 318
1725361300574 163.55884188801562 319
1725361300596 163.5426219865307 320
1725361300638 163.52639881105694 321
1725361300659 163.51018059850955 322
1725361300681 163.49396145033128 323
1725361300703 163.47774929508904 324
1725361300726 163.46153091851932 325
1725361300749 163.44532411876833 326
1725361300774 163.42910703618517 327
1725361300801 163.4129003123076 328
1725361300832 163.3966938811254 329
1725361300864 163.38048557198897 330
1725361300887 163.36428160286164 331
1725361300911 163.34807475229826 332
1725361300932 163.33187945388704 333
1725361300955 163.31568139884752 334
1725361300974 163.29947547231168 335
1725361300994 163.2832817081022 336
1725361301024 163.26708913259094 337
1725361301050 163.25089749843377 338
1725361301076 163.23470177074793 339
1725361301098 163.21851426976605 340
1725361301119 163.202323584195 341
1725361301141 163.18613705945683 342
1725361301163 163.16995157722056 343
1725361301186 163.15377164895304 344
1725361301215 163.13759136968008 345
1725361301239 163.12140184976377 346
1725361301261 163.10522717143212 347
1725361301287 163.08905304989815 348
1725361301309 163.07287594590983 349
1725361301334 163.05670157407434 350
1725361301355 163.04052832079088 351
1725361301376 163.0243593369175 352
1725361301398 163.00819129791395 353
1725361301421 162.99202285095012 354
1725361301442 162.97585537057566 355
1725361301466 162.95969334125195 356
1725361301487 162.9435280948043 357
1725361301510 162.92737169695482 358
1725361301533 162.91121122916914 359
1725361301552 162.89505250261934 360
1725361301575 162.8788986763325 361
1725361301598 162.8627402936314 362
1725361301619 162.8465871702324 363
1725361301641 162.83043747696934 364
1725361301662 162.81428732152253 365
1725361301683 162.79814275842992 366
1725361301705 162.78199290776132 367
1725361301727 162.7658495060531 368
1725361301755 162.74970409424887 369
1725361301777 162.73356321877276 370
1725361301807 162.7174220082019 371
1725361301831 162.7012869939052 372
1725361301854 162.68515047826276 373
1725361301875 162.6690131515541 374
1725361301896 162.65287986656614 375
1725361301917 162.63675313032442 376
1725361301942 162.62061521726073 377
1725361301965 162.60448835370582 378
1725361301989 162.5883587856666 379
1725361302016 162.5722380175644 380
1725361302037 162.5561161803014 381
1725361302061 162.5399917082604 382
1725361302093 162.52386787628367 383
1725361302112 162.50774797389693 384
1725361302130 162.49163227645087 385
1725361302149 162.47551986930122 386
1725361302174 162.45940405334454 387
1725361302195 162.44329100726284 388
1725361302216 162.42717894275938 389
1725361302238 162.41107281907873 390
1725361302265 162.39496290641054 391
1725361302287 162.37885373253317 392
1725361302310 162.36275150082764 393
1725361302333 162.3466483355117 394
1725361302356 162.33054849284446 395
1725361302379 162.31444892182353 396
1725361302397 162.29835012909854 397
1725361302424 162.28225461834265 398
1725361302445 162.26615637439915 399
1725361302467 162.25006323411557 400
1725361302490 162.23397583033713 401
1725361302513 162.21788272119912 402
1725361302536 162.2017941456297 403
1725361302558 162.1857103726999 404
1725361302581 162.16962158952776 405
1725361302603 162.15354208429352 406
1725361302625 162.1374505767128 407
1725361302647 162.12137772617862 408
1725361302670 162.10530093037374 409
1725361302693 162.08921863390844 410
1725361302711 162.0731440706502 411
1725361302733 162.05706946199606 412
1725361302755 162.04100040056113 413
1725361302776 162.02492628225295 414
1725361302796 162.00885783466893 415
1725361302824 161.99278956887377 416
1725361302849 161.97672337440832 417
1725361302873 161.96066304486857 418
1725361302893 161.94459606276592 419
1725361302914 161.92853868838273 420
1725361302937 161.91247372823503 421
1725361302961 161.8964178910243 422
1725361302982 161.8803630910685 423
1725361303003 161.86430622564941 424
1725361303028 161.84825772064121 425
1725361303050 161.8321998235316 426
1725361303072 161.81615164820968 427
1725361303102 161.80010566042458 428
1725361303125 161.78405560688364 429
1725361303149 161.76801261551392 430
1725361303177 161.75196572131958 431
1725361303197 161.73592670550119 432
1725361303219 161.7198867074909 433
1725361303245 161.7038486163897 434
1725361303268 161.68780830873175 435
1725361303294 161.67177452793132 436
1725361303317 161.65574049199844 437
1725361303337 161.63970861313916 438
1725361303356 161.62367740175708 439
1725361303377 161.6076460619212 440
1725361303398 161.5916233042955 441
1725361303420 161.57559434282194 442
1725361303443 161.5595696494535 443
1725361303465 161.54354519853732 444
1725361303486 161.5275274119254 445
1725361303508 161.51150844834714 446
1725361303531 161.4954852372989 447
1725361303554 161.47947413163607 448
1725361303575 161.46345548590003 449
1725361303596 161.4474468231579 450
1725361303618 161.43143252034452 451
1725361303645 161.41542222613555 452
1725361303666 161.39941584171765 453
1725361303687 161.38340381103143 454
1725361303715 161.36740322622254 455
1725361303735 161.35140031459434 456
1725361303756 161.33539798189352 457
1725361303784 161.3193939712055 458
1725361303812 161.3033946208356 459
1725361303833 161.28740208160104 460
1725361303856 161.27140530599598 461
1725361303877 161.25541284152743 462
1725361303900 161.23941413907133 463
1725361303920 161.2234270763051 464
1725361303942 161.2074417027554 465
1725361303963 161.19144954538993 466
1725361303990 161.17546573944261 467
1725361304016 161.15947963372562 468
1725361304039 161.14349508437584 469
1725361304064 161.12751837733416 470
1725361304085 161.11153577815406 471
1725361304120 161.0955595295003 472
1725361304143 161.07958193031502 473
1725361304164 161.06360300448418 474
1725361304185 161.0476343095468 475
1725361304207 161.0316635534755 476
1725361304229 161.01569049465678 477
1725361304249 160.9997267350961 478
1725361304269 160.98375476927552 479
1725361304292 160.96778993701196 480
1725361304314 160.95182686264303 481
1725361304335 160.93586491147474 482
1725361304356 160.91990568273516 483
1725361304375 160.90394716033927 484
1725361304400 160.88798859076493 485
1725361304423 160.87203410931753 486
1725361304443 160.85607560971744 487
1725361304467 160.84012533069154 488
1725361304491 160.82417727792176 489
1725361304515 160.80822501805267 490
1725361304535 160.79227581168365 491
1725361304560 160.7763321404193 492
1725361304581 160.76039120543658 493
1725361304607 160.74444670884043 494
1725361304631 160.72849767371966 495
1725361304668 160.7125628223216 496
1725361304701 160.69662452385867 497
1725361304733 160.68069139456895 498
1725361304760 160.66475201332545 499
