1725361602934 174.43057947462432 0
1725361602954 163.83582807944882 1
1725361602981 163.40582438588666 2
1725361603012 160.6092837954973 3
1725361603038 164.73559738707237 4
1725361603061 162.3802072009736 5
1725361603086 155.83914010735074 6
1725361603114 156.94057568640807 7
1725361603151 152.9007684496708 8
1725361603184 151.0457694080666 9
1725361603209 149.9183997628925 10
1725361603260 151.93420076449027 11
1725361603287 146.2134405751722 12
1725361603314 148.22644100486835 13
1725361603341 148.89588220299905 14
1725361603366 144.70037310836767 15
1725361603426 150.9788260705629 16
1725361603482 140.15575004085147 17
1725361603526 144.97915928017213 18
1725361603553 139.20667571283036 19
1725361603573 142.29153805300848 20
1725361603598 142.12012544455544 21
1725361603620 135.1855134236303 22
1725361603645 135.60056881641114 23
1725361603669 131.66797674627168 24
1725361603694 137.16980514449708 25
1725361603717 130.41810456637882 26
1725361603742 134.2604840832549 27
1725361603772 131.83087430932775 28
1725361603795 128.9605362881034 29
1725361603822 128.70209179985946 30
1725361603845 125.19189148836999 31
1725361603869 127.79888598473698 32
1725361603893 124.47823219963496 33
1725361603921 124.788892531355 34
1725361603943 123.30885699303298 35
1725361603967 123.3507537369998 36
1725361603989 119.18471733491131 37
1725361604011 122.18581352734537 38
1725361604033 117.73800391126348 39
1725361604057 119.34209622911845 40
1725361604150 115.56758743189891 41
1725361604186 116.67291971212059 42
1725361604210 111.09113285956359 43
1725361604232 109.60713310891177 44
1725361604255 112.06967415175573 45
1725361604279 110.94297388098518 46
1725361604309 113.61013915942505 47
1725361604339 109.19431476020108 48
1725361604370 107.65080167561753 49
1725361604393 105.51006932798201 50
1725361604415 107.05172075287147 51
1725361604435 108.4337427619606 52
1725361604461 106.15596963303524 53
1725361604483 103.27802789079837 54
1725361604507 101.37063002448424 55
1725361604530 101.30196636738339 56
1725361604553 98.00488304965735 57
1725361604576 97.18545834280539 58
1725361604598 98.97718998984654 59
1725361604621 98.96891592048647 60
1725361604644 96.47889159324654 61
1725361604669 97.57081966735817 62
1725361604694 94.68496173078992 63
1725361604723 94.40072561180295 64
1725361604755 94.55745384175954 65
1725361604782 91.6733418244275 66
1725361604807 91.89580275197984 67
1725361604830 91.9157902146878 68
1725361604854 90.46330573385364 69
1725361604876 91.52851842380193 70
1725361604899 86.98723019634265 71
1725361604921 93.66050009134679 72
1725361604948 86.77042516147894 73
1725361605027 84.22365228502481 74
1725361605060 84.51008167559962 75
1725361605091 84.58587367339905 76
1725361605101 85.0153064127697 77
1725361605123 83.27593509927516 78
1725361605145 80.42175152565667 79
1725361605174 81.67139649600134 80
1725361605197 82.82929223960528 81
1725361605220 81.52503978566878 82
1725361605241 81.05360883494413 83
1725361605262 78.94178513411083 84
1725361605287 79.31841927459398 85
1725361605310 77.93926508220655 86
1725361605335 80.06564940040441 87
1725361605359 75.93769446844263 88
1725361605383 76.95895868479596 89
1725361605408 76.60117518639707 90
1725361605433 74.90557550163615 91
1725361605454 73.88356063462172 92
1725361605480 74.00141014985068 93
1725361605514 70.48837193986459 94
1725361605537 72.74201956113332 95
1725361605568 71.42091885911138 96
1725361605596 70.40167259943927 97
1725361605623 71.60393003864844 98
1725361605659 68.87446755175567 99
1725361605681 67.71673202064444 100
1725361605714 66.28320745495219 101
1725361605755 69.05560020664511 102
1725361605776 68.67178919317146 103
1725361605798 65.30434892872918 104
1725361605821 66.54449244792787 105
1725361605844 64.41519889999593 106
1725361605870 66.69196297755003 107
1725361605892 64.2453192936497 108
1725361605913 64.15437639884479 109
1725361605941 61.30618154939327 110
1725361605959 63.51324711287737 111
1725361605974 61.38449628490927 112
1725361605999 59.867774640886104 113
1725361606018 61.091393068247804 114
1725361606046 61.15189545418465 115
1725361606068 61.27976210892312 116
1725361606096 57.80158108780951 117
1725361606117 60.847910562832 118
1725361606140 59.29423501494969 119
1725361606173 57.27282312204178 120
1725361606202 56.67976838448405 121
1725361606245 56.545059792020126 122
1725361606273 56.68937945076581 123
1725361606298 53.1934604504798 124
1725361606322 55.327958605189636 125
1725361606349 56.898393697349 126
1725361606373 53.99806252805767 127
1725361606401 53.81100738037441 128
1725361606430 54.59033818216611 129
1725361606466 52.417934111872256 130
1725361606492 51.71186837421378 131
1725361606516 53.009028436455274 132
1725361606542 50.507597108191405 133
1725361606560 50.979655104192574 134
1725361606584 50.56409594523558 135
1725361606608 49.85524620846383 136
1725361606636 50.11396251602962 137
1725361606658 48.17385502117733 138
1725361606682 48.40469491026668 139
1725361606707 47.64670597560868 140
1725361606729 45.98787713564894 141
1725361606751 48.10451460792164 142
1725361606773 46.86259077296723 143
1725361606797 48.37391859511717 144
1725361606819 45.0978269455671 145
1725361606841 46.02871517957962 146
1725361606864 45.79968408483003 147
1725361606886 42.957167324653945 148
1725361606908 43.78624959109256 149
1725361606930 44.57364436482823 150
1725361606950 44.41821376612294 151
1725361606976 43.756837825194076 152
1725361606997 44.11081142546935 153
1725361607022 43.20179391441136 154
1725361607046 42.77945799372093 155
1725361607069 41.92567383454989 156
1725361607091 42.91363170895241 157
1725361607114 42.07735189269803 158
1725361607137 39.71012838483308 159
1725361607163 41.343892991390405 160
1725361607193 40.01492306664079 161
1725361607225 39.66405438764367 162
1725361607248 39.067759222719076 163
1725361607275 38.493399281657965 164
1725361607299 37.70966781730685 165
1725361607321 37.683167689348046 166
1725361607343 36.93893934801959 167
1725361607366 38.78510397160881 168
1725361607388 38.20993919242407 169
1725361607412 36.811407854437036 170
1725361607439 37.20227737090913 171
1725361607460 37.66249414312091 172
1725361607483 36.782746032311074 173
1725361607507 37.458294940844425 174
1725361607525 35.068513135529365 175
1725361607551 34.91305006651453 176
1725361607575 33.79999772657788 177
1725361607598 35.67041000773819 178
1725361607624 32.703411348348105 179
1725361607645 33.01409204767673 180
1725361607668 34.25091636287845 181
1725361607693 32.382909390858764 182
1725361607713 32.93334944727466 183
1725361607735 33.895378385193524 184
1725361607757 32.53669048367847 185
1725361607781 33.06487470551182 186
1725361607806 33.48365298480519 187
1725361607828 32.18049046228089 188
1725361607851 30.535474278345045 189
1725361607877 30.944080382271554 190
1725361607902 32.033454675437774 191
1725361607928 30.60168328244135 192
1725361607951 29.430047593625165 193
1725361607975 30.572134905810238 194
1725361607998 28.86599814284548 195
1725361608022 29.46358517484612 196
1725361608048 30.07423378042872 197
1725361608074 29.032180823607995 198
1725361608098 28.060821768559702 199
1725361608121 29.47847586932579 200
1725361608143 27.741246716039022 201
1725361608164 29.196787042369348 202
1725361608192 27.5166766096471 203
1725361608213 27.050457025454392 204
1725361608235 27.269119346939615 205
1725361608261 26.27895237579943 206
1725361608285 26.330428275881488 207
1725361608310 25.662117446898506 208
1725361608331 27.74962583498081 209
1725361608359 26.229830947939853 210
1725361608379 26.177969754004454 211
1725361608401 26.128551842255106 212
1725361608426 25.797704051414787 213
1725361608449 25.49417777269047 214
1725361608472 24.960084266784932 215
1725361608497 24.71459115690901 216
1725361608523 24.992527806106132 217
1725361608544 25.215246186058902 218
1725361608567 23.66821898047082 219
1725361608593 23.49188917174615 220
1725361608618 23.88302312009263 221
1725361608637 23.309588502459366 222
1725361608658 24.260880090974666 223
1725361608683 22.410898600693322 224
1725361608708 23.261489735894884 225
1725361608733 22.499746044267532 226
1725361608757 22.12202181996321 227
1725361608782 22.22310798708147 228
1725361608805 21.645556741883745 229
1725361608828 21.14148557033185 230
1725361608851 21.73608389142741 231
1725361608875 21.672422413913957 232
1725361608899 21.143583684308172 233
1725361608924 21.368697259028067 234
1725361608949 20.40318201095471 235
1725361608971 20.834986550148674 236
1725361608999 20.36737552143596 237
1725361609023 20.214998861161234 238
1725361609046 19.414438526356946 239
1725361609070 19.91378355097053 240
1725361609093 19.342940135376296 241
1725361609120 19.381069333412558 242
1725361609143 19.659537513311893 243
1725361609179 19.97766712106613 244
1725361609216 20.549160078843883 245
1725361609240 19.671089915041374 246
1725361609267 19.04176763038619 247
1725361609303 18.736996225223002 248
1725361609337 18.44306752917632 249
1725361609361 18.490129304334815 250
1725361609388 19.039276389954154 251
1725361609410 17.930434368926043 252
1725361609433 17.373082572833177 253
1725361609456 18.212793717771998 254
1725361609480 17.963241403268665 255
1725361609507 16.73318586648913 256
1725361609528 17.558219324121133 257
1725361609550 16.9865075605033 258
1725361609573 17.29909481369657 259
1725361609595 16.807066320986944 260
1725361609621 15.729973837981442 261
1725361609638 16.665016559883988 262
1725361609662 16.427657462755946 263
1725361609685 16.136716184251625 264
1725361609708 16.503050628128932 265
1725361609732 15.318164917963252 266
1725361609755 15.269745989850781 267
1725361609779 15.80353747132902 268
1725361609809 15.999219460411286 269
1725361609837 15.202348231991534 270
1725361609868 14.800897127115961 271
1725361609891 16.08665129067657 272
1725361609917 14.447369516633275 273
1725361609951 13.93039862902621 274
1725361609976 14.937636298325247 275
1725361610005 14.539300291899558 276
1725361610030 14.468342139885019 277
1725361610049 14.499998325011529 278
1725361610070 14.642292879410038 279
1725361610094 13.953987952066695 280
1725361610118 13.279000861715799 281
1725361610144 13.963693329606825 282
1725361610171 13.649295510934873 283
1725361610196 14.04759096548445 284
1725361610226 13.8397231067958 285
1725361610248 13.227034309501212 286
1725361610270 13.534757844114443 287
1725361610296 13.412245400242485 288
1725361610319 12.142035245295132 289
1725361610347 13.690107514073022 290
1725361610370 12.479792906019675 291
1725361610394 12.556237536852308 292
1725361610419 12.433772693988077 293
1725361610443 12.27864527286038 294
1725361610467 12.268757224433397 295
1725361610489 12.342619944000967 296
1725361610513 12.574666610653622 297
1725361610539 11.51895172288513 298
1725361610567 12.126227880586272 299
1725361610595 12.450986520307566 300
1725361610618 12.03335516548016 301
1725361610649 11.152170728023037 302
1725361610674 11.413994436246476 303
1725361610704 11.856497744615078 304
1725361610727 11.046051909136368 305
1725361610749 11.289966655010767 306
1725361610771 11.352157846662879 307
1725361610800 11.590590043198082 308
1725361610823 11.346532497717119 309
1725361610847 10.86288326460204 310
1725361610871 10.89464698225121 311
1725361610897 10.65262634172294 312
1725361610926 10.731098820420176 313
1725361610944 11.62731924370734 314
1725361610968 10.781769804104288 315
1725361610992 10.582821798948823 316
1725361611017 10.052999353218203 317
1725361611040 10.174375102385458 318
1725361611063 10.128140730787969 319
1725361611087 10.40716735973481 320
1725361611114 9.850209917273911 321
1725361611137 8.79609551421344 322
1725361611159 9.81139371514249 323
1725361611184 9.132676283302844 324
1725361611212 9.721019572632358 325
1725361611235 10.276201505653573 326
1725361611259 9.387003855871217 327
1725361611283 9.446351591583575 328
1725361611307 8.992219850679291 329
1725361611333 9.129647477120466 330
1725361611358 9.236745365875253 331
1725361611382 9.291338266411648 332
1725361611406 8.534066102796414 333
1725361611427 8.004414742706867 334
1725361611451 8.548597488213383 335
1725361611474 8.765147702463443 336
1725361611498 8.198948494359646 337
1725361611521 8.695931368574458 338
1725361611546 8.411220399890928 339
1725361611569 8.322484257330226 340
1725361611595 7.826256699275591 341
1725361611620 8.941156565794119 342
1725361611644 7.833502377744205 343
1725361611670 8.302176822495305 344
1725361611691 7.732964377227825 345
1725361611716 7.349368976695662 346
1725361611743 8.436910094263819 347
1725361611768 7.887339971055523 348
1725361611791 7.349974560832743 349
1725361611817 8.179865809325658 350
1725361611844 7.447617647517237 351
1725361611872 7.73063297517343 352
1725361611896 7.199028874039154 353
1725361611920 7.907135278670186 354
1725361611945 7.125973832585649 355
1725361611968 7.065368913914871 356
1725361611992 7.411661315638447 357
1725361612013 7.110843853686175 358
1725361612035 6.699652321004372 359
1725361612059 6.761840894210363 360
1725361612079 6.664441028006946 361
1725361612100 6.880236021518452 362
1725361612122 7.406688263244283 363
1725361612143 6.858332271817215 364
1725361612172 6.77897699433056 365
1725361612195 6.807807428306438 366
1725361612224 6.639600692617837 367
1725361612247 6.191035642375162 368
1725361612271 6.7849960104586176 369
1725361612297 6.520678509894164 370
1725361612320 6.262988151462695 371
1725361612343 6.284021097976031 372
1725361612369 6.42920777405329 373
1725361612391 7.054715597092875 374
1725361612413 6.628467797084195 375
1725361612436 5.953743479525132 376
1725361612459 6.606808667549271 377
1725361612480 6.11897167156855 378
1725361612503 5.9380385742781145 379
1725361612525 5.603411943935219 380
1725361612548 5.891292676918571 381
1725361612573 5.599997019542189 382
1725361612595 5.6307947791617945 383
1725361612617 6.372831256137706 384
1725361612638 5.75657078996724 385
1725361612660 5.43000696743201 386
1725361612681 5.879460254517375 387
1725361612702 5.2907426901474786 388
1725361612722 5.458599266235992 389
1725361612749 5.657422848886345 390
1725361612774 5.175848176947886 391
1725361612800 5.584438202635927 392
1725361612825 5.335372079928225 393
1725361612844 5.1990984973925665 394
1725361612869 5.428812529469918 395
1725361612901 5.26506137886472 396
1725361612938 5.263794716306246 397
1725361612967 5.028407247286122 398
1725361613010 4.629633563339927 399
1725361613041 5.08985411028271 400
1725361613072 4.864411734581383 401
1725361613098 4.892315044608819 402
1725361613123 4.86640205798069 403
1725361613150 5.065193238925521 404
1725361613174 4.74734475047199 405
1725361613198 5.253024081711168 406
1725361613230 4.6312250307869025 407
1725361613253 5.204056397036913 408
1725361613276 4.728613519718618 409
1725361613298 4.382147509018669 410
1725361613321 4.4629945487391876 411
1725361613343 4.36915532434918 412
1725361613365 4.459263176982039 413
1725361613387 4.781519369216483 414
1725361613408 4.3268349234920525 415
1725361613428 4.280624938526692 416
1725361613454 4.539788747095841 417
1725361613478 4.108183836169981 418
1725361613504 3.7547731935353075 419
1725361613529 4.171909237498337 420
1725361613558 4.047643636663128 421
1725361613584 4.242505260418273 422
1725361613616 4.110683522634019 423
1725361613639 4.243749766342463 424
1725361613667 4.200969796821191 425
1725361613690 3.878062349406932 426
1725361613717 4.030506635660045 427
1725361613749 4.014749986329109 428
1725361613772 4.399152227267573 429
1725361613800 3.8382615486679788 430
1725361613824 3.4857479150806663 431
1725361613844 3.5661962507202416 432
1725361613865 3.679191069362597 433
1725361613893 3.836776216020946 434
1725361613917 4.137724650467863 435
1725361613942 3.723560235807811 436
1725361613965 3.729520909902753 437
1725361613989 3.611961720839744 438
1725361614011 3.4703560913269156 439
1725361614029 3.8304891646205443 440
1725361614052 3.5744517058429386 441
1725361614076 3.320084076219949 442
1725361614101 3.402341636701146 443
1725361614123 3.3918882462723854 444
1725361614144 3.516052506297819 445
1725361614165 3.244296184143115 446
1725361614191 3.1189551535813496 447
1725361614217 3.4078997826562327 448
1725361614246 3.423035627001342 449
1725361614268 3.6225429920062164 450
1725361614320 3.4389010841330903 451
1725361614346 3.5869635580116386 452
1725361614370 3.3612019688690244 453
1725361614396 3.2455148011610477 454
1725361614421 3.3685757520292885 455
1725361614443 3.1277868574217664 456
1725361614466 3.1558653421647715 457
1725361614490 3.3361753043335063 458
1725361614514 3.3529257184333794 459
1725361614537 3.2869631010440306 460
1725361614559 3.1564766198108716 461
1725361614589 3.2995837151489407 462
1725361614614 3.1272148359289984 463
1725361614642 3.162512470887553 464
1725361614675 2.8162105291850428 465
1725361614704 2.6451129008762964 466
1725361614733 2.8898542483908525 467
1725361614759 2.925944856446563 468
1725361614794 2.7963077014816813 469
1725361614825 2.936132053265551 470
1725361614851 2.5103383797966146 471
1725361614875 2.90678340251534 472
1725361614903 2.7653960130243336 473
1725361614930 2.692317767864359 474
1725361614963 3.066080550099451 475
1725361614985 2.916359903022829 476
1725361615009 2.542772195358893 477
1725361615035 2.395995776690963 478
1725361615063 2.4804570960745 479
1725361615083 2.5248672314953766 480
1725361615107 2.760433065404326 481
1725361615133 2.638676293811374 482
1725361615152 2.4687644399139312 483
1725361615173 2.502628778769475 484
1725361615194 2.7325969274111435 485
1725361615216 2.7049149224208935 486
1725361615251 2.5559658144422124 487
1725361615274 2.77565386222643 488
1725361615297 2.2588269237272582 489
1725361615319 2.5800499787293987 490
1725361615344 2.412155555896756 491
1725361615374 2.5649300677896965 492
1725361615397 2.139808184556662 493
1725361615423 2.2043702347199563 494
1725361615447 2.123650378838686 495
1725361615474 2.06629736625717 496
1725361615507 2.360593601644233 497
1725361615533 1.970657677740557 498
1725361615554 2.312107379797875 499
