1725388367451 67.04738474700919 0
1725388367514 28.456900093482947 1
1725388367589 11.115667859058755 2
1725388367662 4.98170449655678 3
1725388367720 1.656505247934552 4
1725388367785 0.8597423153979311 5
1725388367852 0.20901511701833342 6
1725388367930 0.46549335725988833 7
1725388367990 0.1820949951256964 8
1725388368050 0.1747052178745299 9
1725388368125 0.0028133793645071675 10
1725388368203 0.006093889273163936 11
1725388368261 0.005608306348471548 12
1725388368318 0.0002963204534022167 13
1725388368385 0.02736373823015136 14
1725388368461 0.028428927010713805 15
1725388368553 0.06602750651044982 16
1725388368627 0.1182378602222162 17
1725388368687 0.025932746324893795 18
1725388368778 0.016371302490697928 19
1725388368869 1.6765845042971663e-05 20
1725388368934 0.030257063607459094 21
1725388368996 0.07844982225911906 22
1725388369057 0.06483987294832337 23
1725388369140 0.000539847149909562 24
1725388369218 0.00843658557184445 25
1725388369284 0.04676035260578132 26
1725388369352 0.05593867786035062 27
1725388369414 0.08028712343602258 28
1725388369479 0.038677297561676975 29
1725388369543 0.18421153943076624 30
1725388369613 0.02927035240311837 31
1725388369672 0.014805119882479413 32
1725388369729 0.11780889552825746 33
1725388369802 0.0025728701314474646 34
1725388369876 0.0388752435968194 35
1725388369950 0.20733207582889748 36
1725388370016 0.025191531435272318 37
1725388370074 0.22455212651269799 38
1725388370165 0.07552353830994282 39
1725388370229 0.01126237513307213 40
1725388370305 0.002954460956673248 41
1725388370363 0.025788127312623355 42
1725388370421 0.013303457387577131 43
1725388370489 0.0014439426742981715 44
1725388370569 0.046614846191436764 45
1725388370643 0.20462895739560472 46
1725388370708 0.05118002054302933 47
1725388370773 4.445267186944887e-07 48
1725388370843 0.0006142843869066036 49
1725388370918 0.07844968969686476 50
1725388371005 0.47613255622214395 51
1725388371072 0.001124569225434446 52
1725388371150 0.02503930811425422 53
1725388371220 0.022833530126350973 54
1725388371284 0.00160599543639315 55
1725388371342 0.021410603536668002 56
1725388371404 0.009103962237394885 57
1725388371484 0.01177041847991118 58
1725388371552 0.06850834141197072 59
1725388371614 0.0030836774358860416 60
1725388371673 0.08426750635740812 61
1725388371743 0.002594729323517939 62
1725388371799 0.08466382624641206 63
1725388371853 0.03751657834149497 64
1725388371918 0.02708495428405512 65
1725388371990 0.025695132920875864 66
1725388372059 0.13883350350973692 67
1725388372117 0.024943362550066506 68
1725388372195 0.054875054399681635 69
1725388372257 0.027750490675310963 70
1725388372327 0.5320032868954822 71
1725388372394 0.00046460888822527245 72
1725388372474 0.35321303648450575 73
1725388372538 1.120785583090549 74
1725388372618 0.0007983267318501865 75
1725388372677 0.0031180973905663213 76
1725388372736 0.1283441178441039 77
1725388372798 0.0040613800990650754 78
1725388372868 0.0012581874508823519 79
1725388372948 0.10325617267401874 80
1725388373027 0.06486782705258753 81
1725388373087 0.06600761062686773 82
1725388373145 0.038371637331463246 83
1725388373225 0.11869158951392117 84
1725388373301 0.012597774612493505 85
1725388373374 0.34965024293078467 86
1725388373440 0.28554542272050504 87
1725388373526 0.0004205197295424477 88
1725388373595 0.10955517635974185 89
1725388373655 0.008110733145050654 90
1725388373725 0.07005915098414106 91
1725388373793 0.13007652860331304 92
1725388373851 0.0012150843256323728 93
1725388373925 0.1330757712848507 94
1725388373989 0.01451889375054069 95
1725388374049 0.07001091251761117 96
1725388374115 0.00016442910724010423 97
1725388374202 0.00783155517243225 98
1725388374266 0.0029674370070904297 99
1725388374336 0.041180217106694804 100
1725388374400 0.18548313894838703 101
1725388374459 0.007298320905120182 102
1725388374524 0.014102653946262974 103
1725388374592 9.204677565959837e-05 104
1725388374661 0.0720669145965745 105
1725388374723 0.3989499813933731 106
1725388374789 0.04049648914483806 107
1725388374858 0.013205408777384683 108
1725388374911 0.019608031504835564 109
1725388374982 0.07215785964588976 110
1725388375058 0.020284082396029707 111
1725388375119 0.001788542735404868 112
1725388375179 0.015739475745529048 113
1725388375244 0.016703709035725593 114
1725388375324 0.000706817959456534 115
1725388375394 0.014327999494600754 116
1725388375460 0.13513546136133767 117
1725388375532 0.07376722739613575 118
1725388375603 0.7100385196887763 119
1725388375664 0.07921403260248407 120
1725388375746 0.06043021648591944 121
1725388375814 0.014702530662185197 122
1725388375890 0.004606479768456159 123
1725388375953 0.008632413786817434 124
1725388376013 0.011104594590041577 125
1725388376090 0.06372886835366824 126
1725388376158 0.004652843771258451 127
1725388376218 0.01608025776341869 128
1725388376277 0.03863654993233488 129
1725388376342 0.309351982851852 130
1725388376414 0.13937436162656236 131
1725388376481 0.016445219538882238 132
1725388376545 0.007953462156458153 133
1725388376610 0.013864392594591811 134
1725388376671 0.040931787266964004 135
1725388376768 0.0010138400948228273 136
1725388376846 0.002712336515023868 137
1725388376920 0.009012392254330063 138
1725388376996 0.07175296559167968 139
1725388377065 0.010282318296860831 140
1725388377138 0.009155754527500061 141
1725388377197 0.08553230084656017 142
1725388377269 0.3383070281060495 143
1725388377340 0.12443668099851125 144
