1725349492961 169.43276869550897 0
1725349492977 165.9501374594946 1
1725349492998 162.55047131902572 2
1725349493019 159.23148367265938 3
1725349493037 155.99096532121993 4
1725349493061 152.82678112563815 5
1725349493076 149.7368668414962 6
1725349493093 146.71922611974293 7
1725349493111 143.7719276637099 8
1725349493128 140.89310253318067 9
1725349493144 138.08094158684625 10
1725349493162 135.33369305502586 11
1725349493177 132.64966023503897 12
1725349493193 130.02719930209344 13
1725349493209 127.46471722899729 14
1725349493225 124.96066980842113 15
1725349493240 122.51355977182585 16
1725349493258 120.12193499953764 17
1725349493276 117.78438681679181 18
1725349493293 115.49954837088777 19
1725349493313 113.2660930848961 20
1725349493327 111.0827331836392 21
1725349493349 108.94821828792821 22
1725349493370 106.86133407328542 23
1725349493390 104.82090098960975 24
1725349493409 102.82577303845953 25
1725349493429 100.87483660482651 26
1725349493447 98.96700934046508 27
1725349493470 97.10123909601639 28
1725349493489 95.27650289933308 29
1725349493505 93.49180597756471 30
1725349493524 91.74618082070988 31
1725349493541 90.03868628447641 32
1725349493562 88.36840673041907 33
1725349493580 86.73445120144304 34
1725349493596 85.13595263087417 35
1725349493614 83.57206708340097 36
1725349493635 82.04197302629326 37
1725349493651 80.54487062939266 38
1725349493666 79.07998109245831 39
1725349493682 77.64654599853178 40
1725349493698 76.24382669206099 41
1725349493713 74.87110368059479 42
1725349493732 73.52767605892672 43
1725349493746 72.21286095462938 44
1725349493777 70.92599299397986 45
1725349493793 69.66642378733255 46
1725349493810 68.4335214330466 47
1725349493826 67.22667003912552 48
1725349493845 66.04526926177184 49
1725349493861 64.88873386010196 50
1725349493876 63.756493266308965 51
1725349493891 62.64799117059692 52
1725349493907 61.56268512024801 53
1725349493922 60.50004613221588 54
1725349493937 59.45955831867217 55
1725349493954 58.440718524961035 56
1725349493970 57.443035979445575 57
1725349493985 56.46603195475715 58
1725349494009 55.50923943998167 59
1725349494027 54.572202823341975 60
1725349494053 53.65447758495699 61
1725349494083 52.755629999278554 62
1725349494102 51.875236846827256 63
1725349494130 51.012885134866934 64
1725349494268 50.16817182667416 65
1725349494309 49.34070357907679 66
1725349494331 48.53009648794965 67
1725349494346 47.73597584137202 68
1725349494366 46.95797588016272 69
1725349494396 46.195739565524946 70
1725349494414 45.448918353542346 71
1725349494434 44.71717197628122 72
1725349494455 44.000168229264894 73
1725349494476 43.29758276509518 74
1725349494496 42.609098893007754 75
1725349494511 41.934407384156 76
1725349494537 41.27320628242759 77
1725349494552 40.62520072060648 78
1725349494567 39.990102741700376 79
1725349494582 39.36763112526183 80
1725349494601 38.757511218538085 81
1725349494619 38.159474772291595 82
1725349494638 37.57325978113942 83
1725349494657 36.99861032826627 84
1725349494679 36.435276434371204 85
1725349494697 35.883013910714105 86
1725349494716 35.34158421613277 87
1725349494732 34.810754317906884 88
1725349494752 34.29029655634963 89
1725349494768 33.77998851301252 90
1725349494802 33.27961288239283 91
1725349494819 32.78895734703787 92
1725349494838 32.307814455943486 93
1725349494856 31.835981506148546 94
1725349494872 31.373260427430345 95
1725349494887 30.91945767000943 96
1725349494903 30.4743840951756 97
1725349494919 30.037854868750046 98
1725349494935 29.609689357301093 99
1725349494951 29.189711027034708 100
1725349494967 28.777747345282776 101
1725349494982 28.373629684515315 102
1725349494999 27.97719322880513 103
1725349495021 27.588276882675597 104
1725349495037 27.206723182265108 105
1725349495052 26.832378208743133 106
1725349495067 26.465091503915733 107
1725349495085 26.10471598795982 108
1725349495105 25.751107879227533 109
1725349495122 25.40412661606434 110
1725349495139 25.06363478058562 111
1725349495155 24.72949802435881 112
1725349495170 24.40158499593935 113
1725349495186 24.079767270210674 114
1725349495202 23.763919279479822 115
1725349495218 23.45391824628164 116
1725349495233 23.14964411784608 117
1725349495249 22.85097950218453 118
1725349495267 22.55780960575253 119
1725349495285 22.270022172646744 120
1725349495304 21.98750742529647 121
1725349495321 21.710158006610317 122
1725349495341 21.437868923540044 123
1725349495356 21.17053749202445 124
1725349495372 20.908063283278054 125
1725349495389 20.650348071389047 126
1725349495405 20.397295782193478 127
1725349495421 20.148812443391794 128
1725349495437 19.90480613587702 129
1725349495453 19.665186946242496 130
1725349495468 19.429866920439743 131
1725349495484 19.198760018556705 132
1725349495502 18.971782070687834 133
1725349495521 18.74885073386886 134
1725349495539 18.52988545004847 135
1725349495558 18.31480740507132 136
1725349495575 18.103539488646522 137
1725349495591 17.896006255276934 138
1725349495607 17.69213388612503 139
1725349495621 17.49185015179194 140
1725349495636 17.29508437598668 141
1725349495651 17.101767400063487 142
1725349495665 16.911831548405264 143
1725349495681 16.725210594632667 144
1725349495698 16.541839728617514 145
1725349495713 16.36165552428114 146
1725349495728 16.184595908158066 147
1725349495744 16.01060012870589 148
1725349495759 15.839608726343204 149
1725349495774 15.671563504197275 150
1725349495789 15.506407499544258 151
1725349495820 15.344084955924705 152
1725349495836 15.184541295917965 153
1725349495852 15.027723094558965 154
1725349495867 14.873578053381996 155
1725349495887 14.722054975075917 156
1725349495905 14.573103738735885 157
1725349495921 14.426675275697049 158
1725349495941 14.282721545935777 159
1725349495959 14.141195515025236 160
1725349495978 14.00205113163083 161
1725349495997 13.865243305533328 162
1725349496018 13.730727886166212 163
1725349496037 13.59846164165518 164
1725349496054 13.468402238347013 165
1725349496074 13.34050822081706 166
1725349496090 13.214738992342378 167
1725349496109 13.09105479583037 168
1725349496124 12.969416695191475 169
1725349496140 12.849786557145054 170
1725349496156 12.73212703344833 171
1725349496172 12.616401543538084 172
1725349496188 12.502574257575045 173
1725349496204 12.390610079881553 174
1725349496222 12.28047463276271 175
1725349496237 12.172134240702206 176
1725349496252 12.065555914923372 177
1725349496269 11.960707338307298 178
1725349496289 11.857556850658748 179
1725349496305 11.756073434312254 180
1725349496325 11.656226700069785 181
1725349496340 11.557986873462283 182
1725349496357 11.461324781327162 183
1725349496377 11.366211838694529 184
1725349496397 11.272620035974542 185
1725349496412 11.180521926438585 186
1725349496432 11.089890613987896 187
1725349496451 11.000699741201908 188
1725349496469 10.9129234776605 189
1725349496485 10.82653650853317 190
1725349496502 10.74151402342881 191
1725349496522 10.657831705500284 192
1725349496542 10.575465720797368 193
1725349496560 10.494392707862099 194
1725349496579 10.414589767561544 195
1725349496597 10.33603445315131 196
1725349496613 10.258704760565259 197
1725349496630 10.18257911892554 198
1725349496646 10.107636381267982 199
1725349496662 10.033855815477708 200
1725349496677 9.961217095429982 201
1725349496693 9.889700292331636 202
1725349496709 9.819285866258049 203
1725349496725 9.749954657881354 204
1725349496740 9.681687880385343 205
1725349496760 9.614467111562503 206
1725349496778 9.548274286089137 207
1725349496799 9.483091687974396 208
1725349496832 9.41890194317875 209
1725349496852 9.355688012398574 210
1725349496871 9.293433184012592 211
1725349496886 9.232121067186082 212
1725349496902 9.171735585130047 213
1725349496918 9.11226096851083 214
1725349496932 9.053681749007081 215
1725349496948 8.995982753010882 216
1725349496964 8.939149095468903 217
1725349496979 8.883166173861383 218
1725349496994 8.828019662314611 219
1725349497012 8.773695505844879 220
1725349497029 8.7201799147299 221
1725349497044 8.667459359005527 222
1725349497062 8.61552056308426 223
1725349497079 8.564350500493056 224
1725349497096 8.513936388727704 225
1725349497112 8.464265684220765 226
1725349497134 8.415326077420811 227
1725349497153 8.367105487980153 228
1725349497170 8.319592060048631 229
1725349497190 8.272774157670993 230
1725349497207 8.226640360285664 231
1725349497227 8.181179458322152 232
1725349497247 8.136380448895194 233
1725349497267 8.09223253159345 234
1725349497286 8.048725104360118 235
1725349497303 8.005847759463915 236
1725349497318 7.963590279557953 237
1725349497334 7.921942633824681 238
1725349497352 7.880894974204941 239
1725349497370 7.840437631708972 240
1725349497396 7.800561112807971 241
1725349497412 7.761256095903623 242
1725349497431 7.7225134278747305 243
1725349497447 7.6843241206984025 244
1725349497468 7.64667934814448 245
1725349497486 7.609570442541497 246
1725349497502 7.572988891612484 247
1725349497522 7.53692633537909 248
1725349497543 7.501374563132423 249
1725349497559 7.466325510468984 250
1725349497576 7.4317712563905625 251
1725349497592 7.3977040204661355 252
1725349497611 7.364116160055007 253
1725349497629 7.3310001675890435 254
1725349497647 7.298348667913355 255
1725349497664 7.266154415683665 256
1725349497682 7.234410292819298 257
1725349497702 7.203109306010472 258
1725349497720 7.172244584278541 259
1725349497739 7.141809376588383 260
1725349497755 7.1117970495111615 261
1725349497771 7.082201084936988 262
1725349497792 7.053015077835733 263
1725349497807 7.024232734065488 264
1725349497840 6.995847868227154 265
1725349497859 6.967854401564286 266
1725349497877 6.940246359907376 267
1725349497893 6.91301787166122 268
1725349497910 6.886163165834662 269
1725349497926 6.859676570111648 270
1725349497942 6.833552508962784 271
1725349497959 6.807785501796365 272
1725349497975 6.7823701611480525 273
1725349497993 6.757301190908374 274
1725349498011 6.732573384587203 275
1725349498030 6.708181623614228 276
1725349498047 6.684120875674948 277
1725349498071 6.660386193081058 278
1725349498089 6.636972711174665 279
1725349498108 6.613875646765566 280
1725349498128 6.591090296600778 281
1725349498143 6.568612035865741 282
1725349498159 6.5464363167162665 283
1725349498176 6.524558666840828 284
1725349498194 6.502974688052439 285
1725349498211 6.4816800549091935 286
1725349498230 6.46067051336338 287
1725349498246 6.439941879437958 288
1725349498263 6.419490037930281 289
1725349498281 6.3993109411421365 290
1725349498303 6.379400607635739 291
1725349498325 6.359755121014861 292
1725349498351 6.34037062873101 293
1725349498370 6.321243340913452 294
1725349498385 6.30236952922329 295
1725349498400 6.283745525730302 296
1725349498416 6.265367721812815 297
1725349498431 6.247232567079521 298
1725349498447 6.229336568313089 299
1725349498468 6.211676288434915 300
1725349498484 6.194248345490689 301
1725349498502 6.177049411656296 302
1725349498519 6.160076212263475 303
1725349498535 6.1433255248450775 304
1725349498551 6.126794178199239 305
1725349498570 6.110479051472161 306
1725349498593 6.094377073259255 307
1725349498609 6.078485220723874 308
1725349498627 6.062800518733668 309
1725349498649 6.047320039014034 310
1725349498673 6.032040899318049 311
1725349498697 6.016960262612964 312
1725349498714 6.002075336282651 313
1725349498733 5.987383371345596 314
1725349498754 5.9728816616883424 315
1725349498772 5.9585675433139516 316
1725349498789 5.9444383936048935 317
1725349498810 5.93049163060074 318
1725349498831 5.916724712289344 319
1725349498869 5.903135135912422 320
1725349498888 5.8897204372841205 321
1725349498911 5.876478190122989 322
1725349498932 5.863406005396789 323
1725349498949 5.850501530680067 324
1725349498966 5.837762449523898 325
1725349498981 5.825186480837911 326
1725349498998 5.812771378284161 327
1725349499024 5.8005149296825085 328
1725349499045 5.788414956427435 329
1725349499069 5.776469312916018 330
1725349499092 5.764675885986768 331
1725349499116 5.753032594369098 332
1725349499136 5.741537388143388 333
1725349499154 5.730188248211049 334
1725349499171 5.718983185774891 335
1725349499186 5.707920241829004 336
1725349499202 5.696997486658522 337
1725349499220 5.686213019348598 338
1725349499238 5.6755649673027015 339
1725349499257 5.665051485769957 340
1725349499276 5.654670757381214 341
1725349499301 5.64442099169388 342
1725349499324 5.634300424745219 343
1725349499345 5.624307318613907 344
1725349499367 5.6144399609897855 345
1725349499385 5.6046966647515735 346
1725349499406 5.595075767552327 347
1725349499422 5.585575631412722 348
1725349499439 5.576194642321518 349
1725349499455 5.56693120984377 350
1725349499473 5.55778376673588 351
1725349499492 5.5487507685679 352
1725349499509 5.539830693352646 353
1725349499527 5.531022041181684 354
1725349499543 5.522323333867762 355
1725349499563 5.513733114593997 356
1725349499584 5.505249947569172 357
1725349499605 5.496872417689442 358
1725349499620 5.488599130206045 359
1725349499639 5.480428710399137 360
1725349499655 5.472359803257348 361
1725349499672 5.464391073163172 362
1725349499701 5.45652120358406 363
1725349499716 5.44874889676883 364
1725349499735 5.441072873449827 365
1725349499757 5.433491872549993 366
1725349499773 5.426004650895519 367
1725349499794 5.418609982933348 368
1725349499813 5.411306660453795 369
1725349499830 5.4040934923180615 370
1725349499848 5.396969304190472 371
1725349499881 5.389932938275609 372
1725349499897 5.382983253059835 373
1725349499913 5.376119123057557 374
1725349499933 5.369339438561766 375
1725349499956 5.362643105399076 376
1725349499976 5.356029044688884 377
1725349499993 5.349496192606964 378
1725349500028 5.343043500152791 379
1725349500048 5.33666993292128 380
1725349500068 5.3303744708781835 381
1725349500088 5.324156108139596 382
1725349500106 5.318013852755121 383
1725349500123 5.311946726494665 384
1725349500149 5.305953764639177 385
1725349500171 5.300034015774715 386
1725349500189 5.294186541590159 387
1725349500206 5.288410416678337 388
1725349500223 5.28270472834049 389
1725349500244 5.277068576394149 390
1725349500263 5.271501072984225 391
1725349500282 5.266001342397249 392
1725349500301 5.260568520878789 393
1725349500318 5.255201756454024 394
1725349500335 5.249900208751127 395
1725349500351 5.244663048827815 396
1725349500370 5.239489459000737 397
1725349500391 5.234378632677641 398
1725349500408 5.2293297741924425 399
1725349500426 5.22434209864296 400
1725349500442 5.21941483173137 401
1725349500460 5.214547209607381 402
1725349500477 5.20973847871386 403
1725349500495 5.2049878956351465 404
1725349500513 5.200294726947722 405
1725349500534 5.195658249073458 406
1725349500554 5.191077748135262 407
1725349500570 5.186552519814969 408
1725349500590 5.182081869213702 409
1725349500607 5.177665110714407 410
1725349500627 5.173301567846713 411
1725349500643 5.168990573153876 412
1725349500659 5.164731468061987 413
1725349500676 5.160523602751193 414
1725349500692 5.156366336029167 415
1725349500708 5.152259035206391 416
1725349500725 5.148201075973602 417
1725349500740 5.144191842281152 418
1725349500759 5.1402307262203415 419
1725349500777 5.136317127906574 420
1725349500795 5.13245045536444 421
1725349500825 5.128630124414619 422
1725349500842 5.124855558562573 423
1725349500859 5.121126188888944 424
1725349500895 5.117441453941835 425
1725349500916 5.113800799630573 426
1725349500938 5.110203679121497 427
1725349500958 5.106649552734875 428
1725349500979 5.103137887843984 429
1725349500996 5.099668158775358 430
1725349501013 5.0962398467108505 431
1725349501029 5.092852439591072 432
1725349501045 5.089505432020425 433
1725349501065 5.086198325173556 434
1725349501081 5.082930626703332 435
1725349501097 5.0797018506501646 436
1725349501112 5.076511517352779 437
1725349501127 5.073359153360352 438
1725349501145 5.070244291346003 439
1725349501162 5.067166470021628 440
1725349501181 5.064125234054026 441
1725349501198 5.061120133982238 442
1725349501216 5.058150726136396 443
1725349501233 5.055216572557497 444
1725349501249 5.052317240918542 445
1725349501274 5.049452304446975 446
1725349501291 5.046621341848123 447
1725349501318 5.043823937229887 448
1725349501336 5.041059680028528 449
1725349501355 5.038328164935664 450
1725349501375 5.035628991826297 451
1725349501390 5.032961765687843 452
1725349501406 5.03032609655042 453
1725349501421 5.027721599418014 454
1725349501440 5.02514789420078 455
1725349501457 5.022604605648284 456
1725349501468 5.020091363283694 457
1725349501480 5.017607801339197 458
1725349501490 5.015153558692026 459
1725349501500 5.012728278801715 460
1725349501522 5.01033160964813 461
1725349501541 5.007963203670462 462
1725349501563 5.005622717707178 463
1725349501588 5.00330981293672 464
1725349501610 5.001024154819186 465
1725349501630 4.998765413038834 466
1725349501640 4.996533261447475 467
1725349501649 4.994327378008568 468
1725349501657 4.992147444742229 469
1725349501665 4.98999314767109 470
1725349501672 4.987864176766779 471
1725349501682 4.985760225897381 472
1725349501690 4.983680992775479 473
1725349501698 4.981626178907011 474
1725349501712 4.979595489540997 475
1725349501728 4.977588633619712 476
1725349501745 4.9756053237298845 477
1725349501763 4.973645276054355 478
1725349501780 4.971708210324566 479
1725349501801 4.969793849773683 480
1725349501819 4.967901921090383 481
1725349501838 4.966032154373344 482
1725349501855 4.964184283086345 483
1725349501872 4.962358044013979 484
1725349501905 4.960553177218098 485
1725349501928 4.9587694259947375 486
1725349501960 4.957006536831793 487
1725349501981 4.95526425936716 488
1725349502002 4.9535423463476205 489
1725349502021 4.9518405535881085 490
1725349502040 4.950158639931764 491
1725349502056 4.9484963672104305 492
1725349502072 4.94685350020565 493
1725349502088 4.9452298066103575 494
1725349502104 4.943625056990988 495
1725349502123 4.942039024750241 496
1725349502143 4.940471486090156 497
1725349502167 4.938922219975931 498
1725349502193 4.937391008100132 499
