1725391859615 174.07823347252562 0
1725391859641 170.9893360916055 1
1725391859683 168.460048176928 2
1725391859716 168.9791688944564 3
1725391859746 160.53421404994134 4
1725391859777 167.715865711089 5
1725391859795 171.8470073375219 6
1725391859829 165.7523300357055 7
1725391859856 164.36322088706706 8
1725391859885 152.70622516895207 9
1725391859911 157.4426688388131 10
1725391859941 155.2524390198517 11
1725391859970 152.86270057144034 12
1725391859997 147.06614085505777 13
1725391860029 151.76991217625536 14
1725391860051 145.33776038806798 15
1725391860082 147.84106208208965 16
1725391860112 150.64696938913534 17
1725391860141 153.87844539031718 18
1725391860170 144.36432876151198 19
1725391860197 145.4385685567065 20
1725391860226 139.08532837239213 21
1725391860253 148.9641060582157 22
1725391860278 141.17675999397298 23
1725391860308 142.42609461192902 24
1725391860337 142.919861679436 25
1725391860369 135.34026543473743 26
1725391860401 137.121680512589 27
1725391860433 135.522707187859 28
1725391860463 130.5147955597504 29
1725391860495 139.2534876444322 30
1725391860523 130.61329584534926 31
1725391860552 130.43665757300403 32
1725391860580 126.583471241012 33
1725391860609 123.21421337019854 34
1725391860643 127.72168271546248 35
1725391860675 123.03723293792025 36
1725391860706 116.9066138144371 37
1725391860732 125.78760368369642 38
1725391860759 127.09205452734584 39
1725391860788 121.00974391290693 40
1725391860817 119.7448537014233 41
1725391860846 111.29599919158228 42
1725391860913 114.99137901774884 43
1725391860938 117.57221121688134 44
1725391860966 111.79745326332612 45
1725391860992 112.32818821994891 46
1725391861022 119.95778765943258 47
1725391861050 116.50175335567454 48
1725391861075 115.15926353080336 49
1725391861103 113.17646946110406 50
1725391861134 108.8296488003764 51
1725391861164 109.69855653571847 52
1725391861195 107.56236468590716 53
1725391861228 111.32321381779236 54
1725391861264 108.52854956300517 55
1725391861290 106.71870685891761 56
1725391861316 102.02737742231469 57
1725391861344 102.64035227635974 58
1725391861374 100.3871713823629 59
1725391861402 106.87937896089997 60
1725391861428 97.68213661569422 61
1725391861457 99.47772332329298 62
1725391861485 99.71263985915405 63
1725391861513 99.0509206731795 64
1725391861542 97.62295624748387 65
1725391861574 94.86954936776351 66
1725391861634 93.01439578428793 67
1725391861660 94.97638671823887 68
1725391861687 92.3494679131573 69
1725391861720 92.47127300236188 70
1725391861749 91.78208721122796 71
1725391861782 93.9118904172739 72
1725391861809 92.83111750531341 73
1725391861836 91.84046132071886 74
1725391861860 90.41923669676528 75
1725391861887 85.69143698454593 76
1725391861918 85.64032087119182 77
1725391861948 83.65389076883449 78
1725391861980 83.65416259677035 79
1725391862005 84.46512797249818 80
1725391862034 80.07054118486967 81
1725391862063 84.3534000043135 82
1725391862114 83.40151999069268 83
1725391862147 80.44393537060374 84
1725391862172 79.77503141856408 85
1725391862200 77.94716798715815 86
1725391862230 77.4205647275571 87
1725391862256 79.46990282210156 88
1725391862282 78.42608397673409 89
1725391862315 76.84154488060021 90
1725391862345 77.28389783822112 91
1725391862374 75.34044951529307 92
1725391862407 74.6173128729986 93
1725391862435 72.92066667442037 94
1725391862462 74.02937015629985 95
1725391862490 75.88004973122474 96
1725391862522 71.50852613031236 97
1725391862553 71.4734382265531 98
1725391862585 73.20160392303609 99
1725391862613 72.00456231060086 100
1725391862645 72.49070318447542 101
1725391862674 72.5081305818518 102
1725391862705 67.07212519692744 103
1725391862736 69.47559059825977 104
1725391862767 70.27910664120786 105
1725391862798 70.10430516847588 106
1725391862826 65.1656125510308 107
1725391862855 65.9827463229129 108
1725391862885 66.88117885087605 109
1725391862915 67.09785591105071 110
1725391862944 64.37740191871181 111
1725391862971 61.10502926106289 112
1725391862997 66.22565257511376 113
1725391863024 62.57148700375596 114
1725391863053 64.24488322189305 115
1725391863080 62.663052940196266 116
1725391863113 62.74929562061546 117
1725391863138 60.19219485759882 118
1725391863166 60.5271109489111 119
1725391863193 60.21045893033476 120
1725391863226 60.343778279420285 121
1725391863256 57.63513008743205 122
1725391863281 60.08020679476697 123
1725391863306 57.457541589515245 124
1725391863332 56.74622822897649 125
1725391863360 57.912834424477296 126
1725391863388 54.858259940997335 127
1725391863416 55.145918338515145 128
1725391863444 56.145020831422606 129
1725391863473 56.2701372208013 130
1725391863501 53.30211942274653 131
1725391863528 53.740742395967025 132
1725391863555 53.3742308599038 133
1725391863585 57.986621250952126 134
1725391863615 52.71706584726785 135
1725391863650 51.507988953751465 136
1725391863678 54.15430907449962 137
1725391863709 51.64767051663933 138
1725391863739 49.22244456184971 139
1725391863769 51.20782666124385 140
1725391863797 49.024117308496464 141
1725391863825 50.17257015760012 142
1725391863852 48.74635278197033 143
1725391863880 49.866102927100556 144
1725391863906 49.39902064296487 145
1725391863937 49.096750623769125 146
1725391863962 48.172008720472725 147
1725391863997 46.65998212386306 148
1725391864026 44.89548562141375 149
1725391864054 46.388446549306124 150
1725391864082 45.1394687892258 151
1725391864109 46.32055167609198 152
1725391864137 46.19955689994711 153
1725391864167 45.227198805509964 154
1725391864198 43.64277021540062 155
1725391864228 41.683880654634194 156
1725391864260 43.43966705368302 157
1725391864291 44.1778776156647 158
1725391864321 42.97489095546487 159
1725391864353 43.57183050774428 160
1725391864385 42.2439489615333 161
1725391864422 41.330846250248634 162
1725391864453 40.97352258301196 163
1725391864483 40.422678920974874 164
1725391864513 41.47056111654004 165
1725391864539 41.17455569567309 166
1725391864569 39.42976290164105 167
1725391864605 39.27153399578684 168
1725391864635 38.97414431865549 169
1725391864668 38.649831643413485 170
1725391864700 38.933164920387455 171
1725391864734 39.38551681186815 172
1725391864768 37.62552044124899 173
1725391864796 36.6570185400161 174
1725391864835 38.28986069210263 175
1725391864867 36.80996466652389 176
1725391864892 35.73010682009978 177
1725391864920 36.95111716407496 178
1725391864948 35.99705251981743 179
1725391864977 37.44621629106628 180
1725391865006 35.5566166494907 181
1725391865033 35.703294936039136 182
1725391865062 34.563509640981735 183
1725391865093 34.50533711194294 184
1725391865122 34.44046147908037 185
1725391865150 33.48943519661959 186
1725391865188 32.75216317741778 187
1725391865217 33.649519996043836 188
1725391865248 33.28614742481913 189
1725391865272 33.11849255705373 190
1725391865295 32.86256476057998 191
1725391865321 32.7439004766097 192
1725391865354 31.023310322826436 193
1725391865383 32.57154311164166 194
1725391865411 32.978441050742205 195
1725391865438 31.40702828287746 196
1725391865472 30.7979234738765 197
1725391865493 29.693658956662894 198
1725391865524 31.029490464295485 199
1725391865554 29.832223556811506 200
1725391865593 30.293390157080047 201
1725391865629 31.417691072178094 202
1725391865660 28.26433037985983 203
1725391865691 31.226519623796786 204
1725391865722 28.299633967426193 205
1725391865753 28.98213453737892 206
1725391865783 27.96165226705425 207
1725391865812 28.922222722861985 208
1725391865837 28.05799687801381 209
1725391865860 28.939130085783365 210
1725391865887 27.91402372508281 211
1725391865918 27.51154086208688 212
1725391865949 28.487122069580625 213
1725391865979 27.155599360153246 214
1725391866012 26.80995837184994 215
1725391866043 26.18352287117154 216
1725391866076 25.49592650851795 217
1725391866106 25.88046563760084 218
1725391866137 25.242338645089916 219
1725391866164 26.420108425364717 220
1725391866193 25.132273881449645 221
1725391866221 24.57859821415453 222
1725391866248 24.642035281521732 223
1725391866276 24.50232232610901 224
1725391866308 24.801303030761098 225
1725391866338 24.94540220399407 226
1725391866380 24.3551099093035 227
1725391866415 24.143256708352045 228
1725391866441 24.85699499831009 229
1725391866469 24.259080807671584 230
1725391866497 24.177760386355942 231
1725391866522 23.872685704336345 232
1725391866547 23.256108461199524 233
1725391866578 24.379256127733125 234
1725391866609 22.268360533805684 235
1725391866639 22.604811920716955 236
1725391866672 22.383532110442918 237
1725391866697 22.918443272160044 238
1725391866722 21.900367761613637 239
1725391866749 22.652801725210143 240
1725391866777 21.471860025608734 241
1725391866805 20.45777866994804 242
1725391866833 20.52673958592742 243
1725391866862 21.067183174471293 244
1725391866889 21.076245137196732 245
1725391866919 20.32513194977859 246
1725391866951 21.528365723636803 247
1725391866983 20.990027901755806 248
1725391867014 20.476031145146308 249
1725391867037 20.34452421936721 250
1725391867060 19.020108133888204 251
1725391867090 19.499911460447574 252
1725391867123 19.447118820819366 253
1725391867152 19.387462538535583 254
1725391867173 19.25904070567354 255
1725391867195 18.665695176158906 256
1725391867224 20.22483327946747 257
1725391867249 18.848530777272057 258
1725391867279 19.245934110745864 259
1725391867307 18.831669801692183 260
1725391867335 18.988741621294935 261
1725391867364 17.89993542991192 262
1725391867389 18.234934661141327 263
1725391867417 17.883299294646903 264
1725391867447 17.264402352603643 265
1725391867474 17.348900609650094 266
1725391867502 17.244867650048807 267
1725391867530 17.7017408923184 268
1725391867554 16.896652785721237 269
1725391867582 16.9311730145836 270
1725391867614 17.5234991990838 271
1725391867644 18.103574924987754 272
1725391867681 16.30309441352932 273
1725391867707 16.29339098689599 274
1725391867735 16.66276271270871 275
1725391867765 15.190041968147696 276
1725391867797 16.112536981294 277
1725391867827 15.938272025633506 278
1725391867857 17.21828412337168 279
1725391867889 15.546308463529734 280
1725391867916 15.53689215533088 281
1725391867945 15.504002954673274 282
1725391867973 15.449186895652284 283
1725391868001 15.96171470277459 284
1725391868029 14.787733909826281 285
1725391868057 15.478893945468945 286
1725391868086 15.960513683293591 287
1725391868114 14.222976705313672 288
1725391868141 15.39868096250929 289
1725391868169 14.903298677653222 290
1725391868197 14.616459905646558 291
1725391868224 14.380937905176026 292
1725391868252 14.334230948410884 293
1725391868281 13.958066562245893 294
1725391868311 14.674076923096923 295
1725391868343 14.272670942417504 296
1725391868368 14.361070377132837 297
1725391868394 13.973108878158163 298
1725391868428 14.162838238808078 299
1725391868453 13.045617283678434 300
1725391868484 14.300844840473468 301
1725391868511 13.397178245943014 302
1725391868541 13.137891182781207 303
1725391868573 13.016980262021121 304
1725391868596 12.788488733580136 305
1725391868623 13.439617918204092 306
1725391868652 13.506462474336608 307
1725391868683 11.819383470102503 308
1725391868714 12.0412454713687 309
1725391868743 12.503917703098159 310
1725391868785 12.708927833443969 311
1725391868815 12.05794269231288 312
1725391868841 12.454178586957957 313
1725391868867 12.714436850115307 314
1725391868896 11.820144705498725 315
1725391868924 12.682837608487537 316
1725391868948 11.32546722792633 317
1725391868978 12.389131722249232 318
1725391869005 11.101866748414961 319
1725391869033 12.322301645936204 320
1725391869064 11.864949534731997 321
1725391869093 11.310416172698275 322
1725391869124 11.345301193662012 323
1725391869158 10.89824454113834 324
1725391869187 11.659671639220083 325
1725391869216 11.609896964740432 326
1725391869242 10.970317505253838 327
1725391869271 11.516988655808172 328
1725391869300 10.774379418339587 329
1725391869332 10.926189578984356 330
1725391869360 10.584349991842405 331
1725391869389 11.782651317366374 332
1725391869418 11.175607478900067 333
1725391869448 9.931322363039286 334
1725391869477 10.482535099607261 335
1725391869505 10.325720227862885 336
1725391869535 10.34957942267168 337
1725391869567 10.079574568411058 338
1725391869599 10.236712624420072 339
1725391869629 9.909722373858338 340
1725391869659 10.35747227086316 341
1725391869690 10.049027455434347 342
1725391869717 9.212859417580988 343
1725391869742 9.944394483062702 344
1725391869771 9.571625599344296 345
1725391869799 9.868255714153335 346
1725391869820 9.43450824734419 347
1725391869851 9.84633301365268 348
1725391869880 9.32936897523717 349
1725391869912 8.659355458446191 350
1725391869940 9.668368857544165 351
1725391869971 8.937584853461114 352
1725391870003 9.46326174816526 353
1725391870035 9.425226840088605 354
1725391870063 9.003698877220595 355
1725391870090 8.91061068563461 356
1725391870119 8.773424264356095 357
1725391870147 9.388128762536562 358
1725391870172 8.478279037163622 359
1725391870199 8.420505965248061 360
1725391870227 8.59547787599606 361
1725391870259 8.358668349756575 362
1725391870288 8.289348950970759 363
1725391870319 8.639024312332793 364
1725391870352 7.739298121050545 365
1725391870382 8.434321108546811 366
1725391870415 8.312995541933134 367
1725391870444 8.170441660863684 368
1725391870472 8.416915778731868 369
1725391870495 7.825292806790197 370
1725391870523 7.978873749838601 371
1725391870555 7.816718156913766 372
1725391870586 8.04625326802499 373
1725391870614 7.798940480129378 374
1725391870642 7.705509762665931 375
1725391870671 7.697927415555203 376
1725391870706 8.236359130676657 377
1725391870735 8.317763434062545 378
1725391870764 7.194538100086175 379
1725391870798 7.7628796851702795 380
1725391870826 7.67322639731817 381
1725391870857 7.5299831465507285 382
1725391870887 7.221198156605466 383
1725391870920 7.699110936115655 384
1725391870951 7.205436344373813 385
1725391870979 7.055974385801901 386
1725391871012 7.194107941005251 387
1725391871040 6.913752794942701 388
1725391871073 7.197249466210523 389
1725391871103 7.038415657787149 390
1725391871133 6.4031116194223365 391
1725391871163 6.785972291614775 392
1725391871189 7.261010150469166 393
1725391871217 7.015926632132563 394
1725391871246 7.061766328340759 395
1725391871273 6.744129888987705 396
1725391871298 6.81285723384502 397
1725391871329 6.9161295444742175 398
1725391871361 6.31028994238534 399
1725391871394 6.22580177885758 400
1725391871422 6.299773222602099 401
1725391871448 7.029042899924755 402
1725391871476 6.094915839586995 403
1725391871508 6.657669866663707 404
1725391871540 6.554896560791711 405
1725391871567 5.990348431714251 406
1725391871606 6.228795343789565 407
1725391871639 6.235234193431016 408
1725391871666 6.32543716187185 409
1725391871696 6.48839601886752 410
1725391871730 5.713973271026463 411
1725391871753 5.804952780755073 412
1725391871777 6.017993737252087 413
1725391871807 5.9151951649872965 414
1725391871830 5.6120222908859505 415
1725391871853 6.183306248310387 416
1725391871882 5.736829604962775 417
1725391871913 5.598931752267437 418
1725391871940 6.097446562958746 419
1725391871965 6.019973222125755 420
1725391871992 5.656467450289235 421
1725391872022 5.570156318444767 422
1725391872060 5.619376799373278 423
1725391872089 5.5465472638870175 424
1725391872118 5.601771468577155 425
1725391872144 6.037589402906208 426
1725391872181 5.001787312517255 427
1725391872211 5.547866367437631 428
1725391872239 4.991286592533473 429
1725391872290 5.467894848521955 430
1725391872319 5.325463066758324 431
1725391872362 5.196633281779065 432
1725391872390 5.182104703590394 433
1725391872424 5.257252591210504 434
1725391872453 5.178765776580067 435
1725391872477 5.016808865458232 436
1725391872501 4.895076097244698 437
1725391872533 5.223573865460294 438
1725391872561 5.112868745761464 439
1725391872589 4.986352679623744 440
1725391872616 5.197964314804304 441
1725391872644 5.116630764449849 442
1725391872671 4.916492348579942 443
1725391872697 5.0226811661083355 444
1725391872730 4.66389706618628 445
1725391872755 4.906225107101974 446
1725391872784 4.640560750280355 447
1725391872812 4.847895057552302 448
1725391872841 4.8416326122296685 449
1725391872869 4.66660361433313 450
1725391872897 4.9074479142368865 451
1725391872920 4.566896054439463 452
1725391872948 4.854880738209147 453
1725391872977 4.6076938486321035 454
1725391873008 4.688453707379557 455
1725391873039 4.502516364981941 456
1725391873068 4.847405493031792 457
1725391873097 4.236710748266923 458
1725391873126 4.549178996083053 459
1725391873155 4.234672161245338 460
1725391873187 4.245300530117032 461
1725391873217 4.140009449127795 462
1725391873250 4.364091444262105 463
1725391873285 4.255129267630385 464
1725391873314 4.5856035939678295 465
1725391873340 4.114354510247504 466
1725391873368 4.116946148674468 467
1725391873401 4.241482355841352 468
1725391873433 4.265123302766585 469
1725391873465 4.005161649230733 470
1725391873501 4.284663784556683 471
1725391873530 4.191316123852592 472
1725391873555 3.9160903375916445 473
1725391873574 4.2291549942224735 474
1725391873605 4.205205243090863 475
1725391873632 4.199116867668122 476
1725391873661 3.6859111072816044 477
1725391873693 4.033679113682545 478
1725391873724 4.2126598625375395 479
1725391873756 3.868644663880844 480
1725391873785 3.7270663937650985 481
1725391873815 3.8611768081585094 482
1725391873844 3.5973913025350965 483
1725391873870 3.8002906550858224 484
1725391873896 4.119336632668569 485
1725391873929 3.705633740602803 486
1725391873957 4.076162621672946 487
1725391873988 3.7890790141610284 488
1725391874019 3.6389782194111393 489
1725391874047 3.5912444268760666 490
1725391874077 3.639949038248225 491
1725391874105 3.9191115368965552 492
1725391874133 3.9303225714277894 493
1725391874163 3.622542925437959 494
1725391874188 3.5663975635244825 495
1725391874219 3.605492756762069 496
1725391874247 3.3306837125544315 497
1725391874279 3.2873076214860135 498
1725391874305 3.443176535095704 499
