1725395503287 79.38868570866104 0
1725395503360 35.37818938509223 1
1725395503445 13.425789597027391 2
1725395503517 7.750840358198108 3
1725395503593 3.849823845471263 4
1725395503670 0.6413503790633691 5
1725395503733 1.255056233466779 6
1725395503810 0.09945808239402369 7
1725395503880 0.06021967787275149 8
1725395503943 0.035125698416537426 9
1725395504019 0.0463524019119856 10
1725395504089 0.06898243436068344 11
1725395504167 0.0003929398174513123 12
1725395504233 0.0002485836102912356 13
1725395504297 0.07968775364053209 14
1725395504367 0.24495578028722045 15
1725395504434 0.14263199204907237 16
1725395504501 0.46556251295533513 17
1725395504570 0.03523050745816855 18
1725395504647 0.13042449803687103 19
1725395504722 0.21813340169294906 20
1725395504792 0.010488428066650056 21
1725395504941 1.0892369461795044 22
1725395505006 0.25039925944906316 23
1725395505071 0.0373605071358142 24
1725395505147 0.03620321665737861 25
1725395505221 0.017874151518375243 26
1725395505292 0.3831688544617691 27
1725395505367 0.08580038686876515 28
1725395505432 8.469528134966597e-07 29
1725395505508 0.2671654880411013 30
1725395505571 0.0008660298738607892 31
1725395505646 0.046872566319728685 32
1725395505712 0.0035096343088083987 33
1725395505783 0.13768303204062673 34
1725395505847 0.3845212024582115 35
1725395505909 0.04067298098924626 36
1725395505982 0.10166600822586101 37
1725395506056 0.11461862768817253 38
1725395506130 3.845176297127031e-06 39
1725395506206 0.058411475353546814 40
1725395506279 0.014673026832157656 41
1725395506360 0.007415688863759715 42
1725395506424 0.0011524727685725865 43
1725395506494 0.40404575564844025 44
1725395506572 1.1629130537391217 45
1725395506650 0.0428816693035226 46
1725395506712 0.004934384919899378 47
1725395506791 0.06213159498382722 48
1725395506853 0.03728955499526785 49
1725395506921 0.04192144922549649 50
1725395506990 0.04053944027331874 51
1725395507062 0.20644794016886966 52
1725395507137 0.02575720681934572 53
1725395507210 0.02804511020169781 54
1725395507286 0.1311678123388681 55
1725395507366 0.2809859442760606 56
1725395507439 0.16996113293509538 57
1725395507513 0.11729968428707664 58
1725395507583 0.1073154594940636 59
1725395507659 0.11268921760701428 60
1725395507722 0.5288697411682071 61
1725395507775 0.4127669965620456 62
1725395507835 0.0671233566012437 63
1725395507889 0.2768134302384736 64
1725395507942 0.23511289155706547 65
1725395507999 0.011744024695074011 66
1725395508053 0.024086912552304076 67
1725395508106 0.16432940587749278 68
1725395508187 0.3840868661478883 69
1725395508263 0.007662484069243698 70
1725395508315 0.019570022623425956 71
1725395508374 0.039124162344162855 72
1725395508423 0.0113937345582872 73
1725395508476 0.03652710558866154 74
1725395508530 0.03134926727877985 75
1725395508582 0.12331465108681695 76
1725395508635 0.024314976084775203 77
1725395508692 0.020138015010372223 78
1725395508745 0.009927362047017857 79
1725395508798 0.013095764090329975 80
1725395508850 0.004914827321188566 81
1725395508930 0.26488943651060237 82
1725395509013 0.3832930785638751 83
1725395509093 0.043043009593316736 84
1725395509189 0.20303330976127298 85
1725395509271 0.06545658440813096 86
1725395509326 0.008662797932255982 87
1725395509397 0.0453403917107634 88
1725395509476 0.008436547500023983 89
1725395509549 0.0025041524433937574 90
1725395509623 0.09486744934773082 91
1725395509675 0.08598824093934673 92
1725395509733 0.26111348014723434 93
1725395509786 0.09617430214671611 94
1725395509833 0.34573619892577456 95
1725395509903 0.04392413102618013 96
1725395509981 0.0030598596134264683 97
1725395510072 0.023154787246631992 98
1725395510157 0.013862790386601005 99
1725395510246 0.06867880978421498 100
1725395510332 0.4760451889034242 101
1725395510408 0.0012553052287423926 102
1725395510494 0.06496581657434788 103
1725395510553 0.00867957656576989 104
1725395510628 0.14184639607071015 105
1725395510715 0.03214722421704911 106
1725395510785 0.08678691345546045 107
1725395510870 0.0004593781210114333 108
1725395510967 0.04640843120541311 109
1725395511041 0.11998337318726122 110
1725395511107 0.1855247995879693 111
1725395511182 0.020060948108931397 112
1725395511273 0.022489280570713067 113
1725395511357 0.007131695622568524 114
1725395511441 0.19822507389010877 115
1725395511526 0.02455770397206512 116
1725395511619 0.1066075310765376 117
1725395511695 0.02352785390702346 118
1725395511780 0.004807995229783368 119
1725395511883 0.00015058476218273006 120
1725395511967 0.6010032655077009 121
1725395512048 0.08271997355570603 122
1725395512138 0.10574337693561749 123
1725395512209 0.12044920697680435 124
1725395512299 0.15920591784231913 125
1725395512381 0.06708904947691098 126
1725395512453 5.83007375585509e-05 127
1725395512545 0.1299778614198088 128
1725395512600 0.1211384866386801 129
1725395512666 0.6239624486921195 130
1725395512722 0.019764378483528165 131
1725395512798 0.004708339626444439 132
1725395512850 0.40239259922164805 133
1725395512922 0.02252963593858648 134
1725395513003 0.03298321591785265 135
1725395513055 0.09591441409874644 136
1725395513107 0.029878710660711735 137
1725395513178 0.09541019734512285 138
1725395513260 0.02621225100628802 139
1725395513355 0.004800359575177192 140
1725395513422 0.18708492613722363 141
1725395513474 0.051297686522443244 142
1725395513531 0.41355742151845626 143
1725395513583 0.5775919416205908 144
1725395513651 0.10647930502892759 145
1725395513723 1.2443982358148565e-05 146
1725395513801 0.45624312379939214 147
1725395513877 0.03754096848136972 148
1725395513962 0.05609228511945872 149
1725395514038 0.0028022234190064345 150
1725395514089 0.003747070388389456 151
1725395514166 0.21181657003922771 152
1725395514249 0.08278994117356578 153
1725395514305 0.006216450742050695 154
1725395514358 0.00015942247180278016 155
1725395514437 0.2654393073313367 156
1725395514500 0.007098581518706986 157
1725395514548 0.029884005363434815 158
1725395514599 0.03920336274873062 159
1725395514682 0.012480645460727512 160
1725395514758 0.0022824860977792476 161
1725395514810 0.04280236483533856 162
1725395514869 0.002860151309694859 163
1725395514949 0.25669986326367117 164
1725395515034 0.002512515692434846 165
1725395515104 0.6250706507280441 166
1725395515178 1.1989973396350955 167
1725395515245 0.01029160480703639 168
1725395515307 0.025971804617238494 169
1725395515374 0.09866708896454625 170
1725395515449 0.005411237210851947 171
1725395515525 0.14566982255022803 172
1725395515593 0.5760408252071122 173
1725395515670 0.3959849003004521 174
1725395515741 0.027990488397371713 175
1725395515811 0.07712460639751972 176
1725395515890 0.011771890245823485 177
1725395515962 0.012803198423789002 178
1725395516034 0.11641782179199535 179
1725395516095 0.014384719068863202 180
1725395516174 0.07119104563084198 181
1725395516241 0.16116551057415088 182
1725395516311 0.002332529534355306 183
1725395516386 0.16129380241159205 184
1725395516457 0.5808921502868692 185
1725395516537 0.9805720013784986 186
1725395516612 0.0027401135400136234 187
1725395516676 0.19763540392468718 188
1725395516740 0.152718849232956 189
1725395516812 0.21171493413201561 190
1725395516885 0.22696257413563534 191
1725395516958 0.05019515960743417 192
1725395517032 4.5113873986846406e-06 193
1725395517096 0.15013552394778576 194
1725395517172 0.0975820343936347 195
1725395517243 0.025658649074141646 196
1725395517313 0.1578549942678419 197
1725395517382 0.09000007202597336 198
1725395517455 0.16171543920538717 199
1725395517525 0.1833591869394081 200
1725395517597 0.0558110904567905 201
1725395517662 0.19679596185834644 202
1725395517726 0.9357542102974308 203
1725395517802 0.19202681015039127 204
1725395517880 0.022694441232669033 205
1725395517956 0.8928257356049505 206
1725395518031 0.08885277827882151 207
1725395518106 0.014651270228238908 208
1725395518170 0.0640478265370136 209
1725395518234 0.001644524693858607 210
1725395518299 0.00033593018513479315 211
1725395518375 0.2940732201414665 212
1725395518444 0.09454717897532572 213
1725395518520 0.061843377167923125 214
1725395518594 0.10163684249198231 215
1725395518667 0.05559405208488479 216
1725395518731 0.0028723410611736443 217
1725395518805 0.05592533469879531 218
1725395518875 0.0005187568888005476 219
1725395518941 0.24609870335119496 220
1725395519004 0.0019892469902765115 221
1725395519070 0.004318954876443141 222
1725395519148 0.02341239647477197 223
1725395519224 0.22117445974402156 224
1725395519295 0.028410031915259964 225
1725395519359 0.1756514732836012 226
1725395519422 0.022337650031182658 227
1725395519495 0.09669158187434738 228
1725395519571 0.027534953572451365 229
1725395519646 0.009036750821769393 230
1725395519732 0.027388864862452535 231
1725395519806 0.1716742647670495 232
1725395519880 1.173958187150979 233
1725395519946 0.034527305598889 234
1725395520022 0.02136077735201162 235
1725395520084 0.03837770138876794 236
1725395520158 0.43502201086841463 237
1725395520232 0.002625735103745506 238
1725395520303 0.019516360382472165 239
1725395520367 0.051259511336592685 240
1725395520442 0.007059282788928732 241
1725395520514 0.010853867959205463 242
1725395520601 0.02748496689002562 243
1725395520675 0.029743881421673495 244
1725395520748 0.10444498051111575 245
1725395520815 0.0037951020150324122 246
1725395520884 0.025856632567631703 247
1725395520947 0.5860443288717273 248
1725395521010 0.0030701122284930308 249
1725395521084 0.02203262017297239 250
1725395521158 0.062141927142098353 251
1725395521228 0.049366876354099476 252
1725395521301 0.9673166654053411 253
1725395521375 0.19828399798800345 254
1725395521439 0.21670242340883425 255
1725395521509 0.045990760994132934 256
1725395521580 0.009901394589930265 257
1725395521655 0.063388418668941 258
1725395521734 0.15937575721913047 259
1725395521803 0.010564038725675745 260
1725395521870 0.0028709561106911173 261
1725395521944 0.03825997907057951 262
1725395522011 0.04500596103926752 263
1725395522082 0.1085704287297964 264
1725395522153 0.05129428598917042 265
1725395522225 0.03598208108976673 266
1725395522288 0.1269036872326769 267
1725395522352 0.03007572615258311 268
1725395522422 0.24701812745341506 269
1725395522500 0.17683928725402093 270
1725395522587 0.24720316348320268 271
1725395522661 0.6932574750882582 272
1725395522761 0.5246871427082993 273
1725395522819 0.031016659623350703 274
1725395522876 0.09949413066082653 275
1725395522927 0.06089963548146135 276
1725395522980 0.499406614793801 277
1725395523038 0.027018080603241512 278
1725395523116 0.00032693971820222685 279
1725395523191 5.7200592457884e-05 280
1725395523245 0.14516453650111658 281
1725395523317 0.10776386060252817 282
1725395523398 0.0037278871739574197 283
1725395523493 0.030798136962311474 284
1725395523563 0.07142515158931795 285
1725395523644 1.0887023356561114 286
1725395523704 0.08544018873396626 287
1725395523756 0.0008024646962211935 288
1725395523815 0.37201799809663644 289
1725395523868 0.012046565346456747 290
1725395523946 0.29643332334055855 291
1725395524022 0.0008662689623122091 292
1725395524083 0.01159505866942991 293
1725395524135 0.1781355001636139 294
1725395524187 0.06640616822348691 295
1725395524239 0.002205442420555388 296
1725395524292 0.022896293224980713 297
1725395524336 0.019428290411405313 298
1725395524389 0.04268353345245128 299
1725395524475 0.10667006716236101 300
1725395524558 0.005378969469827089 301
1725395524635 0.00013709395914529097 302
1725395524697 0.33141452974521407 303
1725395524758 0.2618575121589107 304
1725395524806 0.111989074327163 305
1725395524859 0.025190395732585764 306
1725395524918 0.17924866021545482 307
1725395524976 0.21118459764752628 308
1725395525046 0.01187902023074551 309
1725395525132 0.2737808177373033 310
1725395525198 3.0099270740302293e-05 311
1725395525251 0.009368282284011252 312
1725395525327 0.037170766550766995 313
1725395525421 0.0108018966367744 314
1725395525511 0.7802177896320972 315
1725395525587 0.06013761508197297 316
1725395525674 0.28025639064592583 317
1725395525760 0.008149193870148114 318
1725395525847 0.03390456383194437 319
1725395525923 0.0091759029642728 320
1725395526018 0.11921214079725133 321
1725395526092 0.014921877899061435 322
1725395526170 0.050285816554742686 323
1725395526255 0.03700497972960306 324
1725395526337 0.05677066360418709 325
1725395526416 0.17424319833767318 326
1725395526492 0.46806754618628693 327
1725395526581 0.38243044007534016 328
1725395526654 0.27973503622233825 329
1725395526741 0.2136055042523619 330
1725395526832 0.053464485567278064 331
1725395526914 0.02058107909256459 332
1725395526998 5.967018741969331e-06 333
1725395527054 0.009201519089957462 334
1725395527120 0.008484241700196404 335
1725395527212 0.017169310876401098 336
1725395527298 0.41294901002819734 337
1725395527380 0.014320872706041522 338
1725395527468 0.03709687465361148 339
1725395527549 0.09280231604616106 340
1725395527642 1.118782997137332e-07 341
1725395527704 0.019953094675463766 342
1725395527773 0.06595814460028492 343
1725395527832 1.3075674863967839 344
1725395527885 0.12549081978711973 345
1725395527954 0.037410874190859436 346
1725395528040 0.21110658301331578 347
1725395528123 0.38655406258315855 348
1725395528210 0.4819120981544008 349
1725395528296 0.044553574606472836 350
1725395528379 0.00904404299164513 351
1725395528461 0.38427726555353053 352
1725395528522 0.20172672102023503 353
1725395528578 0.03770919600622002 354
1725395528631 0.5871882347725873 355
1725395528712 0.1273739765799929 356
1725395528804 0.06967001219751588 357
1725395528893 0.0014534579473066682 358
1725395528957 0.008460870598262851 359
1725395529021 0.02895567236473988 360
1725395529084 0.26825867944376725 361
1725395529138 0.01983778270611509 362
1725395529220 0.09747044239498438 363
1725395529314 0.01562889482764409 364
1725395529386 0.5629085171074399 365
1725395529445 0.039302499739217796 366
1725395529504 0.25921324130167356 367
1725395529585 0.36095146597338457 368
1725395529675 0.09450441701801027 369
1725395529768 0.010022084579308439 370
1725395529842 0.00083567336635415 371
1725395529894 0.03669441612970191 372
1725395529969 0.019975509307649846 373
1725395530041 0.0028034497453940017 374
1725395530123 0.4107352386050695 375
1725395530191 0.0001868269041267358 376
1725395530255 0.024119250346910245 377
1725395530330 0.011185451596440599 378
1725395530402 0.0011489368030292032 379
1725395530466 1.2924538695266961e-05 380
1725395530529 0.03772280275038979 381
1725395530604 0.0014433870489745718 382
1725395530681 0.0075989356166986715 383
1725395530757 0.2471845591376419 384
1725395530820 0.20565375013592413 385
1725395530885 0.2641967853366818 386
1725395530954 0.03606891713052769 387
1725395531021 0.034576305664352505 388
1725395531096 0.42604770914435053 389
1725395531173 0.07071825110591407 390
1725395531246 0.8053166330574809 391
1725395531315 0.02154261100196102 392
1725395531385 0.0019369201756750324 393
1725395531453 0.050101662794060656 394
1725395531522 0.2016707652485343 395
1725395531596 0.08390336341477926 396
1725395531665 1.1156509584809449 397
1725395531739 0.022727578534897857 398
1725395531800 0.08893317207819583 399
1725395531868 0.04055390572556466 400
1725395531938 0.06527701985867543 401
1725395532010 0.15975871421724996 402
1725395532070 0.14497243094179188 403
1725395532144 1.0698745572204695 404
1725395532212 0.075515935967658 405
1725395532275 0.34701546425444246 406
1725395532339 0.0014837066018560695 407
1725395532408 0.02991785708267209 408
1725395532490 0.3434984993202843 409
1725395532561 0.0043815092400155365 410
1725395532624 0.0008355213059645021 411
1725395532688 0.050461595083874856 412
1725395532750 0.3882097342677592 413
1725395532826 1.542004968112688e-05 414
1725395532907 0.9372709518790563 415
1725395532997 0.0858063019612037 416
1725395533070 0.03747872789986571 417
1725395533139 0.01971820814134357 418
1725395533218 0.004525403476051803 419
1725395533291 0.020144915989200436 420
1725395533347 0.00588219933293675 421
1725395533431 0.06765398006952757 422
1725395533492 0.05165272317272015 423
1725395533573 0.00020537094190483898 424
1725395533642 0.021795941142527503 425
1725395533707 0.09119037312739882 426
1725395533777 0.011141056245063218 427
1725395533854 0.003947121916962281 428
1725395533926 0.023346009299156624 429
1725395534002 0.01297989774661244 430
1725395534079 0.012798747874662715 431
1725395534152 0.05554052495738711 432
1725395534216 0.0024146889662887503 433
1725395534294 0.022225800326151342 434
1725395534358 0.14467420382531226 435
1725395534427 0.0827472475886178 436
1725395534497 0.046616458825534834 437
1725395534572 0.017567646566670106 438
1725395534636 0.034365355368457216 439
1725395534711 0.1639002728951047 440
1725395534779 0.006833230964911928 441
1725395534855 0.24173205254917735 442
1725395534929 0.050695401487905585 443
1725395534992 0.0013255566529717434 444
1725395535056 0.01598104047687154 445
1725395535120 0.054290222549630084 446
1725395535185 0.02179481378667964 447
1725395535261 0.048787297055821334 448
1725395535323 0.07469459923369139 449
1725395535394 0.002456559477435545 450
1725395535470 0.3875459180018783 451
1725395535545 0.09486482002776832 452
1725395535619 0.1295833638827461 453
1725395535690 0.05591564152383949 454
1725395535759 0.04108019309872912 455
1725395535826 0.005514114694541194 456
1725395535893 0.00022001229287754205 457
1725395535961 0.10835167683963473 458
1725395536037 0.01769629534972861 459
1725395536100 0.06300840339127592 460
1725395536163 0.35551947448004845 461
1725395536239 0.19545367746876857 462
1725395536310 0.014747334258955443 463
1725395536388 0.004698434005887895 464
1725395536459 0.412633756130208 465
1725395536521 0.03185183363080709 466
1725395536600 0.11012095242959098 467
1725395536675 0.031510315826256505 468
1725395536749 0.0026278725564950573 469
1725395536819 0.05853271073244285 470
1725395536891 0.01235228533965858 471
1725395536959 0.19302188775835624 472
1725395537031 0.24695536336988083 473
1725395537105 0.014405512995988837 474
1725395537173 0.0024189949059620825 475
1725395537246 0.10963316206600814 476
1725395537327 0.40511284293994176 477
1725395537397 0.1115440337089333 478
1725395537467 0.43542595253972505 479
1725395537530 0.14511051734082928 480
1725395537613 0.06429373221938575 481
1725395537678 0.007148773522390163 482
1725395537746 0.0007687681940520073 483
1725395537827 0.037001169597387897 484
1725395537915 0.39425167760004654 485
1725395537998 0.6318733476060013 486
1725395538070 0.002917496430140463 487
1725395538115 0.10052240669640501 488
1725395538167 0.018298004958815485 489
1725395538219 0.01721868664759692 490
1725395538271 0.9564128321664422 491
1725395538324 0.0720102891056291 492
1725395538373 0.22048436747766476 493
1725395538424 0.14414614976476076 494
1725395538482 0.012673905633367115 495
1725395538534 0.1018469025146413 496
1725395538588 0.003819655737751817 497
1725395538641 0.7051607069999983 498
1725395538710 0.000775029317403215 499
