1725350154813 283407442.4009198 0
1725350154836 1467056351416.8845 1
1725350154859 2.2696459103558664e+18 2
1725350154890 9.914936952363856e+25 3
1725350154919 1.0296325058181074e+34 4
1725350154948 7.731195580263267e+40 5
1725350154992 1.4263973635917455e+48 6
1725350155020 4.7329706222992255e+55 7
1725350155054 4.551183769560035e+62 8
1725350155092 3.1248368362112133e+70 9
1725350155112 7.533835360718797e+77 10
1725350155139 8.881501856263348e+90 11
1725350155168 2.457267734799638e+93 12
1725350155191 6.0495614202300714e+100 13
1725350155212 3.790921516528398e+107 14
1725350155244 3.95953693502773e+114 15
1725350155272 2.758883557887433e+122 16
1725350155298 1.7086191368911738e+130 17
1725350155324 4.106975084728255e+137 18
1725350155345 5.645556852549911e+150 19
1725350155365 1.7672083648599022e+152 20
1725350155382 1.139738806675946e+160 21
1725350155410 2.4150921632817745e+167 22
1725350155432 1.0508278314602486e+173 23
1725350155454 2.4455354442286377e+181 24
1725350155481 1.8304452232118815e+194 25
1725350155504 1.6305445132655276e+196 26
1725350155524 3.726520234351514e+209 27
1725350155547 2.0743221514845042e+212 28
1725350155570 3.7315986951286004e+217 29
1725350155592 5.699632745220312e+224 30
1725350155612 2.70595031321404e+238 31
1725350155633 2.1728032291544612e+247 32
1725350155658 4.18101595911779e+250 33
1725350155682 1.4402577022454294e+257 34
1725350155712 6.231093723682566e+270 35
1725350155738 3.921499352919084e+274 36
1725350155758 1.2137083482940252e+286 37
1725350155780 1.3848494372722917e+288 38
1725350155803 6.498696179863711e+295 39
1725350155831 1.8632923591665192e+302 40
1725350155857 inf 41
