1725354794336 161.52118014728663 0
1725354794364 169.0666355584645 1
1725354794388 162.62905792473535 2
1725354794412 160.72348366580715 3
1725354794434 163.706678631393 4
1725354794456 159.06328483800914 5
1725354794478 154.73154794395776 6
1725354794497 159.7338049699026 7
1725354794519 157.90214963911347 8
1725354794544 152.9526744338294 9
1725354794565 153.23728727754764 10
1725354794589 152.7781270698484 11
1725354794612 150.6390211255181 12
1725354794634 151.18100524701896 13
1725354794657 148.0595480567618 14
1725354794680 147.44379706882214 15
1725354794705 148.13497044803768 16
1725354794724 138.68318197854424 17
1725354794746 141.86350989328577 18
1725354794769 145.5093026550679 19
1725354794793 141.59803909860634 20
1725354794814 141.68608279530878 21
1725354794840 141.69713777554196 22
1725354794865 134.68784770212446 23
1725354794886 132.01688165446802 24
1725354794908 133.2801089553786 25
1725354794928 133.41030047805359 26
1725354794947 129.70356989777267 27
1725354794974 130.6165463247566 28
1725354795024 127.35266937320007 29
1725354795053 126.10765543742778 30
1725354795084 125.06108119521095 31
1725354795111 126.37816962250488 32
1725354795141 127.89544047718316 33
1725354795170 122.28852963666203 34
1725354795194 118.30942646666938 35
1725354795228 120.9348085167015 36
1725354795255 120.04508109432885 37
1725354795283 119.8280039636625 38
1725354795308 119.83456137245473 39
1725354795332 117.6819071822073 40
1725354795362 112.32343895864018 41
1725354795385 117.73185997724957 42
1725354795408 116.87463674292604 43
1725354795435 112.82769130742216 44
1725354795461 114.98447821293836 45
1725354795484 109.25299522519015 46
1725354795527 111.51082427359488 47
1725354795607 110.31186160183952 48
1725354795629 113.41941509691692 49
1725354795650 105.43208535398972 50
1725354795667 103.12940451840362 51
1725354795684 106.96253232875641 52
1725354795703 103.12410872863822 53
1725354795726 100.48828958555723 54
1725354795750 104.05423162614228 55
1725354795772 98.3927236218017 56
1725354795794 102.25029855049198 57
1725354795816 101.65462124175619 58
1725354795833 99.7821653880915 59
1725354795854 97.52245709204855 60
1725354795874 94.52426730198557 61
1725354795896 95.56021862908597 62
1725354795916 92.61125181984775 63
1725354795938 99.37461716605134 64
1725354795958 94.30326202117877 65
1725354795978 92.97137558821993 66
1725354796000 94.7524287913818 67
1725354796020 92.61362805746111 68
1725354796039 89.99828050294236 69
1725354796063 89.66656643016171 70
1725354796089 90.2233784604999 71
1725354796110 86.9082894765554 72
1725354796134 86.42020634219749 73
1725354796152 87.5928686569899 74
1725354796172 83.99828073621052 75
1725354796198 83.19311893813547 76
1725354796233 83.91024065686226 77
1725354796254 82.68399528434121 78
1725354796285 79.05305633191568 79
1725354796316 83.30466756585132 80
1725354796340 82.18514068134785 81
1725354796365 78.70262376041543 82
1725354796388 81.48688204763796 83
1725354796415 76.78797635615832 84
1725354796436 79.27687310549413 85
1725354796459 76.31462877598236 86
1725354796479 78.43979731646819 87
1725354796501 75.86249425686879 88
1725354796525 77.05631851763958 89
1725354796542 76.88062635475724 90
1725354796563 74.26912885685518 91
1725354796587 73.01190905697763 92
1725354796611 74.40812999951305 93
1725354796640 74.14564643750994 94
1725354796663 73.86965944022353 95
1725354796683 71.43812406159003 96
1725354796703 70.03787314894106 97
1725354796724 68.32495778165753 98
1725354796744 68.56539331681574 99
1725354796765 67.78062863165104 100
1725354796786 67.47003805364785 101
1725354796806 66.1237257272955 102
1725354796827 65.82467463328182 103
1725354796847 65.50832645378063 104
1725354796868 64.79835751226362 105
1725354796888 63.21661799672773 106
1725354796907 66.67171773288109 107
1725354796931 61.90872299824414 108
1725354796953 59.97264513375306 109
1725354796975 62.616770506202556 110
1725354796999 62.461859162813916 111
1725354797020 62.5441131502341 112
1725354797041 60.70273682985445 113
1725354797058 60.69185917100071 114
1725354797078 62.529246761441826 115
1725354797097 60.473489533317775 116
1725354797116 59.23471618760354 117
1725354797134 59.842340434571774 118
1725354797154 57.28187194704161 119
1725354797171 56.951722600412765 120
1725354797194 57.53103998999298 121
1725354797215 55.385091806202695 122
1725354797250 53.3472559364418 123
1725354797276 54.98625462708641 124
1725354797298 54.01269425250381 125
1725354797320 53.17375292280404 126
1725354797344 52.81048762947758 127
1725354797362 52.97102042498046 128
1725354797383 52.36207368183059 129
1725354797405 53.35711380557948 130
1725354797423 52.241601667204904 131
1725354797444 50.690413077620796 132
1725354797465 52.229197912489305 133
1725354797485 51.5009545227446 134
1725354797505 50.90354754601066 135
1725354797526 49.69069794055102 136
1725354797548 50.0376710428854 137
1725354797570 46.845544752302004 138
1725354797592 48.45487518180379 139
1725354797618 47.184642019390424 140
1725354797640 47.21823908849626 141
1725354797662 48.42387978759849 142
1725354797685 48.88037270675003 143
1725354797706 47.316312136538386 144
1725354797729 45.964073798505986 145
1725354797748 45.52711465862101 146
1725354797767 45.292636569502314 147
1725354797789 46.60692857043046 148
1725354797809 44.963368953602405 149
1725354797830 43.12109599450772 150
1725354797852 44.46069409733586 151
1725354797872 43.44022317580664 152
1725354797911 42.17727656113855 153
1725354797935 41.84637659591099 154
1725354797956 42.318972673381076 155
1725354797977 41.971662839862944 156
1725354797998 41.985680013216964 157
1725354798018 41.69097259450337 158
1725354798039 39.70552498254338 159
1725354798060 39.932471490979324 160
1725354798086 41.53246359826357 161
1725354798115 38.49479237527696 162
1725354798134 39.68466021022598 163
1725354798155 39.89183128172742 164
1725354798186 38.42293964230391 165
1725354798205 38.088757827098384 166
1725354798232 36.60897973716045 167
1725354798262 37.155747638964414 168
1725354798283 37.64246043606848 169
1725354798307 36.80472218915624 170
1725354798327 36.72180800456045 171
1725354798347 35.709433638840096 172
1725354798368 37.41193606242524 173
1725354798388 34.989837076867474 174
1725354798408 35.77224186840265 175
1725354798429 35.23583150869729 176
1725354798452 34.063036520443376 177
1725354798475 35.62653654200639 178
1725354798495 32.87303642936334 179
1725354798516 33.515447580524935 180
1725354798536 34.64232078704864 181
1725354798556 31.782699836153633 182
1725354798576 33.48753806031039 183
1725354798595 31.93185504475611 184
1725354798615 32.56024731739069 185
1725354798636 32.29930360196756 186
1725354798656 31.8613611843821 187
1725354798676 32.30600775629114 188
1725354798701 31.19676031444396 189
1725354798722 31.758776709257543 190
1725354798745 30.213116038701337 191
1725354798766 31.136665673250587 192
1725354798789 30.882033262162274 193
1725354798815 31.57113209399691 194
1725354798842 29.955371069929534 195
1725354798872 28.160897124913582 196
1725354798896 27.15900120611442 197
1725354798924 30.02878689109092 198
1725354798944 29.238282091875003 199
1725354798965 29.533157092544705 200
1725354798987 28.144248743625248 201
1725354799008 27.36907668702808 202
1725354799028 28.74461808584727 203
1725354799047 26.875181605716765 204
1725354799068 27.403906496700195 205
1725354799086 26.795634907243542 206
1725354799107 26.73339393186698 207
1725354799129 25.980873165264565 208
1725354799149 26.45676162514488 209
1725354799171 25.653979093826784 210
1725354799190 24.93908602735993 211
1725354799211 25.949923133020448 212
1725354799231 26.168991693603427 213
1725354799258 25.08693505874972 214
1725354799280 24.476452231081755 215
1725354799301 24.487820586518243 216
1725354799326 23.663620813175733 217
1725354799355 24.450700262868118 218
1725354799380 24.872045313986376 219
1725354799402 23.537301808061134 220
1725354799425 23.96173433260571 221
1725354799455 22.856523865322686 222
1725354799481 23.45055273703205 223
1725354799507 23.08429183311062 224
1725354799537 23.356761433004664 225
1725354799560 23.21303357193799 226
1725354799582 21.72956363720515 227
1725354799602 23.303506082913383 228
1725354799622 21.021746038517374 229
1725354799643 21.789633610038543 230
1725354799666 21.202503819506486 231
1725354799690 20.910418183401482 232
1725354799712 21.392703567426764 233
1725354799734 21.7098361388497 234
1725354799753 20.738088030422393 235
1725354799776 19.870337810772476 236
1725354799796 20.27711838230973 237
1725354799824 20.242863485239663 238
1725354799864 20.33809028454227 239
1725354799889 19.910668921641925 240
1725354799926 19.788733704537012 241
1725354799965 20.05167268773276 242
1725354800007 19.62974445436838 243
1725354800027 20.18596225467943 244
1725354800051 17.838500089647297 245
1725354800074 18.69522956809928 246
1725354800097 19.173733175754307 247
1725354800120 18.17762097748401 248
1725354800141 17.971496195193723 249
1725354800163 17.576903295550487 250
1725354800187 17.769874814651004 251
1725354800207 19.0900160508092 252
1725354800229 17.527741368437738 253
1725354800255 16.666443044975097 254
1725354800280 17.911765854197125 255
1725354800301 17.66391370954043 256
1725354800330 17.42825691431725 257
1725354800352 17.728342203853312 258
1725354800374 16.168441503075755 259
1725354800398 17.272541861408115 260
1725354800420 17.693231691975406 261
1725354800445 16.825186612754205 262
1725354800467 14.885087747007374 263
1725354800489 15.625351353182708 264
1725354800548 15.357597975616452 265
1725354800579 15.420438960049243 266
1725354800599 16.00283975083655 267
1725354800627 15.672910349353959 268
1725354800650 15.791439574220142 269
1725354800670 15.127848955005296 270
1725354800691 15.04693000339308 271
1725354800712 16.177201190465215 272
1725354800730 15.282869308836188 273
1725354800764 15.470719800505726 274
1725354800788 15.55578866747805 275
1725354800809 15.105315854926724 276
1725354800835 13.826259496835034 277
1725354800861 14.249524581647643 278
1725354800884 14.20680490276757 279
1725354800905 13.196948927170697 280
1725354800927 14.689775450332826 281
1725354800951 14.074400515996373 282
1725354800972 13.414804235816248 283
1725354800989 14.07422782248655 284
1725354801017 14.426557183553719 285
1725354801040 13.511716865912707 286
1725354801062 12.668656619256492 287
1725354801087 13.66004191804514 288
1725354801110 13.645746138842794 289
1725354801132 13.334350411221196 290
1725354801155 13.288533136874442 291
1725354801181 12.701170440500373 292
1725354801203 12.554552646086837 293
1725354801225 11.34531796351171 294
1725354801252 12.271890062419544 295
1725354801283 12.498151798116874 296
1725354801300 12.246825027030942 297
1725354801336 11.823974560894445 298
1725354801362 12.365136361876198 299
1725354801390 11.818468354022354 300
1725354801415 11.067567793750161 301
1725354801438 10.712118730536341 302
1725354801470 11.820406793556495 303
1725354801494 11.647418561041802 304
1725354801517 11.667816127943999 305
1725354801551 10.79996292490106 306
1725354801582 11.777200762456296 307
1725354801608 10.757441588780612 308
1725354801642 10.944285339788566 309
1725354801667 11.207885078722956 310
1725354801691 10.691475407437556 311
1725354801716 10.415787114710062 312
1725354801737 10.967906456992326 313
1725354801764 10.737358597407157 314
1725354801787 9.824425221025091 315
1725354801806 10.863928654401203 316
1725354801828 10.603186690213725 317
1725354801854 10.55941414816044 318
1725354801877 10.053838890755962 319
1725354801900 9.900944124303784 320
1725354801925 10.052674799266393 321
1725354801957 9.44367047731006 322
1725354801983 9.533419657337694 323
1725354802003 10.052318495314315 324
1725354802022 8.952032548312904 325
1725354802042 9.654471140489981 326
1725354802066 9.54918491990017 327
1725354802085 8.949211754540903 328
1725354802105 9.458841170985167 329
1725354802126 9.33095960097966 330
1725354802146 8.821946251220844 331
1725354802165 9.322298608145413 332
1725354802188 8.629342903879566 333
1725354802210 9.029506165641926 334
1725354802241 9.16879818921357 335
1725354802259 8.750021543410742 336
1725354802286 8.753221279244675 337
1725354802311 8.55540080686209 338
1725354802333 8.532387492600423 339
1725354802356 8.247411870208639 340
1725354802380 8.442720222809248 341
1725354802404 8.152282195011082 342
1725354802427 8.057546814209237 343
1725354802453 7.741030468843831 344
1725354802482 8.027429944873795 345
1725354802503 7.687409560423963 346
1725354802532 7.960476412044299 347
1725354802557 7.886320633245259 348
1725354802582 7.701946445737023 349
1725354802600 7.2172689247138475 350
1725354802623 7.807149644829301 351
1725354802649 8.17165874586373 352
1725354802671 7.207358137953938 353
1725354802699 7.123804399807472 354
1725354802733 6.8191407174934575 355
1725354802756 7.279083692668017 356
1725354802779 7.546788209110632 357
1725354802803 7.251444998333742 358
1725354802831 7.792584330708133 359
1725354802859 7.12215077650488 360
1725354802891 7.087620687122822 361
1725354802914 6.779192846647729 362
1725354802940 6.571245285806242 363
1725354802965 6.601945673782846 364
1725354802987 6.750843609814126 365
1725354803012 6.9489766749629265 366
1725354803035 6.939619762827943 367
1725354803056 6.701967430649136 368
1725354803078 6.86987041706502 369
1725354803099 6.043584572459865 370
1725354803121 7.129820097285514 371
1725354803141 6.712753088342739 372
1725354803163 6.866458118771767 373
1725354803181 6.55431469183381 374
1725354803208 6.233365734467157 375
1725354803231 6.059820572710399 376
1725354803253 6.289171249341231 377
1725354803274 5.392892074611862 378
1725354803302 6.04446666508277 379
1725354803325 5.588180992943316 380
1725354803341 6.172159445649486 381
1725354803365 5.815354984900317 382
1725354803395 5.669599923291113 383
1725354803418 5.8717879234544785 384
1725354803444 5.198167323036514 385
1725354803464 5.694704860283102 386
1725354803485 5.7885671018963905 387
1725354803505 6.353872243540922 388
1725354803527 6.188107626705644 389
1725354803548 5.830323643179645 390
1725354803574 5.707544999965814 391
1725354803596 5.478340820421934 392
1725354803624 5.8743010005125535 393
1725354803646 5.293215228761424 394
1725354803672 5.582845081622707 395
1725354803697 5.132088439188619 396
1725354803719 4.726579761802947 397
1725354803740 5.474415271202156 398
1725354803762 4.6787877886624765 399
1725354803784 4.639822249875082 400
1725354803804 5.182881284442353 401
1725354803828 5.034940269956555 402
1725354803848 5.089539028196783 403
1725354803867 4.301994733400062 404
1725354803888 4.759640354666017 405
1725354803907 4.998307393243197 406
1725354803930 5.032297842913957 407
1725354803950 5.0167192637293 408
1725354803968 4.818563460539971 409
1725354803991 4.776969716913491 410
1725354804011 4.291916053908565 411
1725354804033 4.600244658233165 412
1725354804054 4.414788705863127 413
1725354804079 4.515437574711674 414
1725354804100 4.914009273537984 415
1725354804121 4.240185446058279 416
1725354804142 4.601874369069062 417
1725354804163 4.218735858276279 418
1725354804181 4.403091293681947 419
1725354804201 4.28584041156062 420
1725354804223 4.337674195390363 421
1725354804246 4.035401723542851 422
1725354804266 4.027176654652475 423
1725354804288 4.462802373819141 424
1725354804317 4.1001718618619565 425
1725354804338 4.118895412515889 426
1725354804358 4.160572902360652 427
1725354804380 3.942886754275216 428
1725354804406 3.7732022232535964 429
1725354804425 3.6822241063692887 430
1725354804444 4.635300325254848 431
1725354804465 3.9416195077245133 432
1725354804485 3.598030098292817 433
1725354804506 4.212235127634827 434
1725354804524 3.6142556423934815 435
1725354804544 4.152015493604026 436
1725354804565 4.028145085806484 437
1725354804585 3.851237560526523 438
1725354804606 3.741949920119846 439
1725354804626 3.508668778862517 440
1725354804647 3.509880377065292 441
1725354804668 3.298000116364658 442
1725354804688 3.7152975217250894 443
1725354804708 4.017122790910042 444
1725354804730 3.1690147345612973 445
1725354804750 3.3188429519057445 446
1725354804770 3.7315232912123784 447
1725354804791 3.217704372217751 448
1725354804813 3.706422045320021 449
1725354804835 3.0802089340222505 450
1725354804860 3.1262467182667377 451
1725354804888 3.5063212796903165 452
1725354804910 3.0919470104259945 453
1725354804931 3.188821864767991 454
1725354804954 3.452593672090676 455
1725354804975 3.0000541880518696 456
1725354804995 3.4570494983241664 457
1725354805016 3.280241495943664 458
1725354805036 3.042467362455254 459
1725354805056 3.537560586757702 460
1725354805077 3.0605049174970413 461
1725354805097 3.4972366779925443 462
1725354805117 3.363434313089523 463
1725354805137 2.8993304978823695 464
1725354805157 3.2451040563725155 465
1725354805178 2.8465248923960713 466
1725354805196 3.2079633505062697 467
1725354805218 2.966914604054951 468
1725354805241 2.821635750064159 469
1725354805263 3.0535415220427113 470
1725354805285 3.3214736475955933 471
1725354805317 2.723520631865521 472
1725354805337 2.5304869778165537 473
1725354805361 2.9099204363250615 474
1725354805382 2.697947485249744 475
1725354805403 2.888361461323988 476
1725354805423 2.9535721182626453 477
1725354805444 2.7046222969377856 478
1725354805465 2.573692562770921 479
1725354805485 2.7479746833264236 480
1725354805508 2.7680579673816736 481
1725354805529 2.690798628791178 482
1725354805548 2.605241525022578 483
1725354805570 2.4890445578297085 484
1725354805595 2.7712981768115 485
1725354805614 2.435961317992891 486
1725354805645 2.309562854175746 487
1725354805670 2.675569724265169 488
1725354805695 2.244545540928492 489
1725354805715 2.3906484686369955 490
1725354805737 2.2765612760726315 491
1725354805758 2.309346865296364 492
1725354805781 2.4708582824918373 493
1725354805801 2.2302637775213787 494
1725354805821 2.419189546242516 495
1725354805843 2.592604645977272 496
1725354805864 2.236294386717885 497
1725354805886 2.0408014201351143 498
1725354805909 2.0902001135346575 499
