1725359715909 6.112684543076334 0
1725359715992 5.565710451645244 1
1725359716115 4.703503469468133 2
1725359716180 2.7258942176265215 3
1725359716262 4.369053934140026 4
1725359716377 5.155658269806288 5
1725359716441 6.528403169785952 6
1725359716512 3.971631959765637 7
1725359716582 1.9110192021524164 8
1725359716710 4.855947857332677 9
1725359716794 5.5269096736779355 10
1725359716853 5.987622353241452 11
1725359716909 6.2041236007537375 12
1725359716970 7.942218333181574 13
1725359717028 4.567369478832545 14
1725359717081 3.675742778839857 15
1725359717196 6.4253129265571545 16
1725359717261 3.1198370154309987 17
1725359717331 5.556523562516173 18
1725359717385 5.865819074716494 19
1725359717440 4.934544818475084 20
1725359717506 4.947770389970283 21
1725359717599 3.190310469784658 22
1725359717676 5.857915789230627 23
1725359717791 5.776865880494815 24
1725359717860 4.9964039577617205 25
1725359717941 4.123673013373318 26
1725359718027 5.194610522689444 27
1725359718106 6.113449857712601 28
1725359718183 3.4011847190244335 29
1725359718244 4.701066229625241 30
1725359718308 4.219546220631901 31
1725359718386 5.679541827398876 32
1725359718443 3.5920841333316034 33
1725359718510 3.6971050319004553 34
1725359718591 5.588422799611962 35
1725359718653 7.041358103699916 36
1725359718720 2.545772777876086 37
1725359718779 3.4542650460942266 38
1725359718843 3.307222906224434 39
1725359718901 8.962218922364286 40
1725359718958 2.843460483900474 41
1725359719017 25.804956919196183 42
1725359719077 32.775769481222 43
1725359719161 3.7427435464520475 44
1725359719234 5.737122779589579 45
1725359719301 38.563603946841084 46
1725359719359 3.069786407147052 47
1725359719426 0.00039728053988408174 48
1725359719486 48.201180030067896 49
1725359719549 25.85772923081201 50
1725359719608 46.18196409638901 51
1725359719665 7.500453269514111 52
1725359719741 15.805456815920024 53
1725359719805 39.42001851639218 54
1725359719858 2.9137737591728365 55
1725359719911 47.44571317531493 56
1725359719969 225.5138699270144 57
1725359720035 5.700155870533762 58
1725359720102 102.34818311483136 59
1725359720157 1169.374016791725 60
1725359720216 6908.886506352198 61
1725359720268 4.566647915725484 62
1725359720339 0.5181633163758097 63
1725359720414 336.2590811454658 64
1725359720478 38.21422630974111 65
1725359720529 5136.053031861085 66
1725359720587 3785.187313952394 67
1725359720643 2756.9055323312377 68
1725359720710 7646.879715426324 69
1725359720779 542.8467390347176 70
1725359720846 6343.085932396389 71
1725359720906 144.94322372629694 72
1725359720965 117.01766964097 73
1725359721030 39016.48817284455 74
1725359721099 1737.7794021819427 75
1725359721158 203126.60299481268 76
1725359721214 184225.91114692955 77
1725359721267 86981.02735010952 78
1725359721318 8636.271736888379 79
1725359721379 169275.18123397062 80
1725359721440 1603690.9976676686 81
1725359721499 2999.376281335533 82
1725359721559 2332745.132833277 83
1725359721611 912380.8801268414 84
1725359721672 161246.18268384205 85
1725359721730 451886.67943743983 86
1725359721783 127340.58346988054 87
1725359721836 23795.862736910916 88
1725359721896 1949669.8127716463 89
1725359721961 1098318.6536489276 90
1725359722024 96985853.56967415 91
1725359722079 319896.5318139446 92
1725359722137 659543.4526117991 93
1725359722201 1801535.2050588727 94
1725359722263 860471.9420915882 95
1725359722317 1767716.5549181045 96
1725359722371 15247.35414218368 97
1725359722425 105726696.90962629 98
1725359722478 116826768.59347573 99
1725359722547 14292219.919161586 100
1725359722613 50532947.4574023 101
1725359722676 514432197.1827661 102
1725359722742 1703783062.7592244 103
1725359722807 4898042899.252017 104
1725359722863 18116698.667929642 105
1725359722934 340229533.61179143 106
1725359722984 602127175.9636723 107
1725359723044 103396586.19079967 108
1725359723121 227177530.6974359 109
1725359723196 652667609.0365056 110
1725359723252 17148205879.947243 111
1725359723309 123606492.8720278 112
1725359723370 525626035.40312934 113
1725359723432 7261076.818615628 114
1725359723507 480534490.8301322 115
1725359723573 192577696.00883698 116
1725359723648 2055475610.4724126 117
1725359723717 14893070375.17892 118
1725359723776 6780489254.229389 119
1725359723833 798879310.0889275 120
1725359723896 67781480017.63604 121
1725359723960 5702911140.453277 122
1725359724018 1263639094.9769187 123
1725359724067 186523312.19963363 124
1725359724126 13321683779.958149 125
1725359724186 112308441638.83914 126
1725359724239 388168213650.7675 127
1725359724304 147503204750.32513 128
1725359724368 244967646501.0562 129
1725359724437 3562624454840.8955 130
1725359724557 326986275348.6108 131
1725359724625 1660876669133.192 132
1725359724692 165799211831.19965 133
1725359724763 2249845342731.57 134
1725359724842 62256420020.935936 135
1725359724938 7413602902789.822 136
1725359725012 176590957843.24634 137
1725359725075 10921827473621.488 138
1725359725140 50433154626.04419 139
1725359725195 1908114203874.0435 140
1725359725248 45360966714044.63 141
1725359725304 1068302078514.8351 142
1725359725359 162674918298460.5 143
1725359725412 249912382852.6367 144
1725359725498 24173289073796.727 145
1725359725560 2233448860595.436 146
1725359725620 108531437427778.05 147
1725359725684 7870738449079.772 148
1725359725758 10292332910031.105 149
1725359725813 8198754451602.9795 150
1725359725872 1443518410779.1838 151
1725359725945 14860197454449.969 152
1725359726006 367956894563498.8 153
1725359726070 1.6887282328672262e+16 154
1725359726131 104523724828302.02 155
1725359726197 496524330633160.25 156
1725359726267 398644067391784.75 157
1725359726335 2816033308718439.0 158
1725359726401 246133345656880.9 159
1725359726469 238554567306810.47 160
1725359726532 361327587926864.9 161
1725359726588 317071413893629.9 162
1725359726647 85547648940093.88 163
1725359726707 704970427852640.1 164
1725359726770 123590461212236.02 165
1725359726841 1327452571291122.5 166
1725359726899 849793324779696.2 167
1725359726959 1561388753338990.2 168
1725359727012 2125714601344682.0 169
1725359727068 1.7902995247591188e+16 170
1725359727139 1.3540551073328578e+17 171
1725359727199 1.4079706447660392e+16 172
1725359727252 4.321159304206311e+16 173
1725359727322 2.1994463664811852e+16 174
1725359727397 5.2554175381860064e+17 175
1725359727464 1.4677441669768322e+16 176
1725359727540 2.981620147674258e+16 177
1725359727608 4364551458039080.0 178
1725359727675 6.981166975123756e+16 179
1725359727761 5.303373390223028e+17 180
1725359727819 7967234566566424.0 181
1725359727873 1.6073833905365517e+17 182
1725359727931 6.696987533416838e+17 183
1725359727996 2.549144499599497e+18 184
1725359728064 5469277250581802.0 185
1725359728131 4.439483888452172e+16 186
1725359728188 4.530658186517036e+17 187
1725359728292 1.911345646411629e+17 188
1725359728384 7.11334737659165e+17 189
1725359728443 4.654365114519339e+17 190
1725359728505 9.693578572581343e+18 191
1725359728584 1.0504353734954585e+20 192
1725359728669 4.08725919956475e+16 193
1725359728726 8.986917543345622e+19 194
1725359728791 1.7708317934406897e+20 195
1725359728848 4.316635569962912e+18 196
1725359728920 4.315315297539644e+20 197
1725359729017 1.28327602902909e+20 198
1725359729090 1.5352040147320074e+17 199
1725359729167 4.3009847427239025e+20 200
1725359729235 1.623079715489298e+18 201
1725359729298 1.5375868432973094e+17 202
1725359729357 6.430833841144123e+20 203
1725359729428 2.702379191117769e+20 204
1725359729492 5.571897458357866e+19 205
1725359729544 8.41735911489425e+19 206
1725359729605 1.5765422516349016e+21 207
1725359729664 2.3180924892801623e+22 208
1725359729782 3.835058932726754e+18 209
1725359729847 5.1557498446622745e+19 210
1725359729938 1.9324277701262197e+20 211
1725359730017 4.280469112220809e+22 212
1725359730085 2.1401632652246877e+21 213
1725359730138 1.3154923507017255e+21 214
1725359730209 4.104146190434132e+22 215
1725359730284 4.275309204297112e+21 216
1725359730352 1.71696810986289e+22 217
1725359730424 1.9750874206490972e+23 218
1725359730498 3.868998597279366e+22 219
1725359730577 2.178664745622573e+21 220
1725359730653 1.741597228263098e+23 221
1725359730732 1.2485543304759687e+22 222
1725359730805 1.6272438805474392e+22 223
1725359730867 9.53853463811392e+21 224
1725359730943 1.3593070407543442e+22 225
1725359731081 1.3585984605593616e+22 226
1725359731181 3.8938228020698754e+23 227
1725359731255 1.856947778136246e+24 228
1725359731350 8.279892441166155e+21 229
1725359731408 9.304337494806014e+24 230
1725359731474 5.631026876789542e+23 231
1725359731529 1.898588938226463e+24 232
1725359731609 2.2658681853355267e+23 233
1725359731670 3.9448607227638115e+22 234
1725359731727 1.0675306690671486e+23 235
1725359731786 4.11308971677454e+23 236
1725359731834 7.484792370064209e+23 237
1725359731889 3.129892744307804e+23 238
1725359731943 5.03577692645135e+22 239
1725359731997 6.13442315472842e+25 240
1725359732057 1.1238169421490909e+26 241
1725359732131 3.2110437333136446e+24 242
1725359732191 3.02499571080301e+25 243
1725359732255 1.250282487130324e+26 244
1725359732325 5.662948921138488e+24 245
1725359732395 1.474668132259672e+24 246
1725359732456 5.210101665067668e+24 247
1725359732510 1.5080974614535053e+26 248
1725359732571 6.285608730067676e+26 249
1725359732638 1.9662227770169838e+24 250
1725359732702 1.695514254988007e+26 251
1725359732756 2.8598874436550104e+24 252
1725359732818 5.350931479071272e+25 253
1725359732872 9.881287333643224e+27 254
1725359732936 2.4515743320587584e+26 255
1725359733010 3.483475247707234e+27 256
1725359733065 1.0707018180877275e+27 257
1725359733121 1.09282176026202e+26 258
1725359733184 5.1811701367999e+27 259
1725359733243 7.211280998569121e+27 260
1725359733302 2.8384158284793863e+27 261
1725359733356 8.373379133432359e+26 262
1725359733415 4.2245920046243e+26 263
1725359733477 4.01780079712251e+28 264
1725359733555 1.6108579003879284e+27 265
1725359733612 4.0627248350775633e+27 266
1725359733680 7.848671699964929e+26 267
1725359733746 5.801289947279567e+26 268
1725359733803 2.212454426571026e+30 269
1725359733855 4.152305683650352e+26 270
1725359733915 7.42117592304009e+26 271
1725359733997 1.6365313851291731e+27 272
1725359734052 3.9025181338759044e+29 273
1725359734114 2.2081552379722824e+28 274
1725359734175 6.090538748951418e+28 275
1725359734238 9.89549082665769e+28 276
1725359734297 4.335396620219684e+28 277
1725359734370 4.555259935149481e+28 278
1725359734437 5.011766270781095e+28 279
1725359734511 6.152591519551217e+29 280
1725359734579 9.200100474764603e+27 281
1725359734643 3.788635083857614e+28 282
1725359734712 1.4123186451385922e+30 283
1725359734777 6.1761322714469535e+28 284
1725359734839 4.0351320839084884e+29 285
1725359734914 2.4051972398789085e+31 286
1725359734970 1.1865923163661215e+32 287
1725359735014 1.2023604021061364e+30 288
1725359735074 2.309701622026595e+32 289
1725359735155 1.8279744180890468e+32 290
1725359735222 1.7345181392933568e+29 291
1725359735302 2.0920117794439506e+30 292
1725359735364 3.1561917290104923e+32 293
1725359735442 1.8466847550643934e+32 294
1725359735513 3.2099233912162435e+30 295
1725359735580 1.16775763671427e+31 296
1725359735657 6.820849783191687e+30 297
1725359735729 6.772963067123536e+31 298
1725359735800 3.912098789264343e+32 299
1725359735857 9.23313120110092e+30 300
1725359735908 2.6011717780262565e+32 301
1725359735980 4.1258233887370196e+30 302
1725359736049 8.900289164757203e+31 303
1725359736099 1.9302437732227995e+33 304
1725359736167 1.4853206455798595e+33 305
1725359736230 1.174410598637002e+34 306
1725359736291 1.804888063566945e+32 307
1725359736369 1.0688405661608444e+33 308
1725359736482 2.2966081097533708e+32 309
1725359736533 1.9630361081249742e+33 310
1725359736605 8.416215762994719e+32 311
1725359736679 1.2745067579501464e+33 312
1725359736738 2.740121364847202e+33 313
1725359736793 1.18167077547959e+35 314
1725359736865 2.6700173321731447e+30 315
1725359736916 1.9515500572644916e+35 316
1725359736990 1.0966525120280088e+32 317
1725359737058 1.8379165611744632e+34 318
1725359737112 3.843652499120599e+32 319
1725359737163 5.157548692915392e+34 320
1725359737228 4.80344862107491e+34 321
1725359737299 6.332903170955976e+35 322
1725359737355 1.1966081910253486e+35 323
1725359737401 5.215852514634529e+35 324
1725359737453 3.3002839597131804e+35 325
1725359737505 3.8067192990728512e+34 326
1725359737556 2.8918089583952026e+35 327
1725359737622 2.3917098338098307e+36 328
1725359737682 5.106433142571961e+35 329
1725359737728 1.5653455932403435e+35 330
1725359737783 3.5886582566727726e+36 331
1725359737850 4.544036211336369e+36 332
1725359737897 4.686649394705945e+34 333
1725359737962 2.2675641459660285e+37 334
1725359738031 1.070789561578807e+37 335
1725359738086 8.157950044822403e+37 336
1725359738140 1.7445060911603192e+34 337
1725359738197 5.547943752465926e+37 338
1725359738260 8.717209833266297e+37 339
1725359738325 1.1460042515921558e+37 340
1725359738401 9.693020493325626e+37 341
1725359738474 8.558484041064212e+38 342
1725359738550 9.238182062814638e+39 343
1725359738630 1.6925323862698682e+38 344
1725359738692 4.3803361500628464e+36 345
1725359738747 2.409734232462935e+38 346
1725359738804 7.201554339673628e+39 347
1725359738873 7.296580733536496e+34 348
1725359738934 1.3421041598777206e+37 349
1725359738983 1.9257483695633977e+38 350
1725359739033 9.64053273216231e+37 351
1725359739096 6.402707481366648e+38 352
1725359739163 1.0750954529995588e+38 353
1725359739220 1.8852461269222228e+39 354
1725359739273 1.8698009034232323e+40 355
1725359739334 1.1236033922383478e+39 356
1725359739408 1.8826154838650737e+39 357
1725359739471 4.797316035907158e+38 358
1725359739539 3.318216473976609e+39 359
1725359739596 4.2066064044743063e+39 360
1725359739659 1.4248253292398642e+40 361
1725359739719 3.9001975399027554e+40 362
1725359739782 2.0074401293706683e+39 363
1725359739843 1.0102688941122576e+40 364
1725359739902 2.713189659780965e+41 365
1725359739955 1.643099461983632e+41 366
1725359740009 2.527096882658401e+40 367
1725359740069 2.574820553569492e+40 368
1725359740129 9.744191208538443e+41 369
1725359740197 1.3296799838773642e+41 370
1725359740263 6.728225395087449e+39 371
1725359740318 4.89120300623426e+41 372
1725359740372 1.7460754177817986e+41 373
1725359740446 3.540094789129196e+40 374
1725359740507 2.262296044110492e+40 375
1725359740584 1.2726537366719804e+42 376
1725359740646 2.0244861121888925e+41 377
1725359740697 2.461072997754975e+42 378
1725359740778 5.578075746917089e+41 379
1725359740850 3.7327689001396074e+41 380
1725359740909 2.6413774778870874e+42 381
1725359740963 1.1088594404934964e+41 382
1725359741019 2.4690332200371284e+42 383
1725359741086 1.443136687798449e+43 384
1725359741150 5.04558414526968e+41 385
1725359741210 1.5374713080589938e+43 386
1725359741270 7.144548006506026e+44 387
1725359741344 3.5211141498735316e+42 388
1725359741414 1.4270020804956272e+43 389
1725359741469 7.257421077034471e+43 390
1725359741537 3.007789881520191e+45 391
1725359741591 4.385088379743166e+44 392
1725359741644 2.9092966998255125e+41 393
1725359741706 6.423892039754343e+44 394
1725359741789 3.588682424600135e+44 395
1725359741862 5.753225509964224e+44 396
1725359741925 2.1031749187802103e+44 397
1725359741980 7.783569918295672e+43 398
1725359742048 4.705099294404562e+44 399
1725359742115 2.0770936507675464e+46 400
1725359742185 3.9051784553222614e+43 401
1725359742250 1.587262979781986e+46 402
1725359742311 2.042789951594849e+42 403
1725359742368 6.9695524822089e+44 404
1725359742421 1.8277484226277004e+46 405
1725359742477 4.8219546421841416e+45 406
1725359742549 1.2461576750074106e+44 407
1725359742609 6.593977031049484e+46 408
1725359742681 1.0150540219234783e+47 409
1725359742745 1.6507026140488757e+46 410
1725359742808 1.316449851377472e+46 411
1725359742864 4.029191954383349e+46 412
1725359742923 8.783114304425848e+45 413
1725359742989 3.3888599038759344e+44 414
1725359743050 3.5751602541990966e+46 415
1725359743106 9.124863783585454e+45 416
1725359743171 2.706188069256325e+46 417
1725359743233 7.433975572711233e+47 418
1725359743304 1.9171831969150794e+48 419
1725359743375 1.1007080537180083e+47 420
1725359743431 6.105993517198783e+44 421
1725359743490 4.467283140020233e+47 422
1725359743554 8.012360862028295e+45 423
1725359743623 2.4517970265929657e+48 424
1725359743686 1.4743028256010095e+47 425
1725359743750 1.8743460330001666e+49 426
1725359743810 2.157820431691145e+46 427
1725359743872 3.374073564112298e+47 428
1725359743933 1.9277134626032092e+49 429
1725359744012 2.3711162009725556e+49 430
1725359744081 1.229660266003546e+50 431
1725359744146 1.3147986726222882e+49 432
1725359744217 1.4436111351877178e+45 433
1725359744287 4.672245104427135e+48 434
1725359744346 1.3226121552259279e+48 435
1725359744407 4.358622542402447e+50 436
1725359744458 5.964773123630355e+49 437
1725359744519 1.253415907114061e+49 438
1725359744588 1.5764973470131892e+50 439
1725359744657 1.6530573714999792e+50 440
1725359744719 3.137892181820747e+49 441
1725359744785 5.615448514046534e+50 442
1725359744850 4.550442141702835e+49 443
1725359744908 1.3673638097418022e+50 444
1725359744973 6.36500211142544e+51 445
1725359745030 1.381208688483623e+50 446
1725359745088 8.614759443649378e+49 447
1725359745148 8.130831724420329e+52 448
1725359745218 1.1007349374492172e+50 449
1725359745287 8.91655798355938e+50 450
1725359745348 3.803109627484905e+51 451
1725359745417 9.166789269709742e+51 452
1725359745473 5.5816250816410835e+50 453
1725359745535 4.164034674081265e+52 454
1725359745606 1.4319213892926441e+51 455
1725359745673 4.4685267748287844e+50 456
1725359745732 3.908455748647393e+50 457
1725359745781 5.130599329469877e+52 458
1725359745845 2.714819513326678e+53 459
1725359745914 5.091838145472958e+52 460
1725359745982 1.405318782517128e+53 461
1725359746052 1.4569728275338772e+54 462
1725359746113 9.169459883345085e+52 463
1725359746178 2.521540011360875e+53 464
1725359746242 3.921862922515946e+51 465
1725359746298 2.113686393364031e+54 466
1725359746351 4.831787782401498e+50 467
1725359746423 5.200929424147704e+52 468
1725359746473 4.835783880221677e+53 469
1725359746533 1.0228852247521779e+55 470
1725359746589 2.1236795881587487e+54 471
1725359746641 2.015297906307188e+53 472
1725359746700 2.630803302660291e+53 473
1725359746759 2.434009925261763e+53 474
1725359746838 6.868503119421573e+54 475
1725359746918 3.327093753722481e+55 476
1725359746989 5.3657516120130264e+54 477
1725359747052 1.0735809400937015e+53 478
1725359747112 8.33588009645602e+55 479
1725359747167 5.813915530731494e+53 480
1725359747227 1.156163674226082e+54 481
1725359747292 3.130087931930607e+55 482
1725359747360 1.7271759293790852e+55 483
1725359747431 3.239606665741555e+55 484
1725359747498 4.7179511966564913e+54 485
1725359747561 2.1191620125716096e+53 486
1725359747636 1.041237203872337e+56 487
1725359747708 4.6458778284194286e+57 488
1725359747790 2.0845791690423753e+53 489
1725359747844 1.2425659276626596e+56 490
1725359747897 7.690474607435601e+54 491
1725359747964 4.236631043061266e+56 492
1725359748032 2.3693884523094265e+56 493
1725359748097 4.2882102224650055e+57 494
1725359748152 2.4061444668364253e+57 495
1725359748222 1.530122319714439e+59 496
1725359748293 5.824060218568876e+58 497
1725359748358 4.1395407672330064e+57 498
1725359748415 4.990879342571829e+56 499
