1725392350646 168.79801204511594 0
1725392350669 168.4601645563825 1
1725392350688 168.1230620569941 2
1725392350703 167.78670283433908 3
1725392350721 167.45108517983746 4
1725392350737 167.11620738893117 5
1725392350752 166.7820677610745 6
1725392350769 166.4486645997247 7
1725392350786 166.1159962123321 8
1725392350813 165.78406091033088 9
1725392350840 165.45285700912945 10
1725392350868 165.12238282810085 11
1725392350892 164.79263669057357 12
1725392350915 164.46361692382183 13
1725392350938 164.13532185905632 14
1725392350964 163.80774983141487 15
1725392350997 163.48089917995284 16
1725392351034 163.154768247634 17
1725392351068 162.8293553813212 18
1725392351089 162.50465893176684 19
1725392351116 162.180677253604 20
1725392351137 161.85740870533664 21
1725392351167 161.5348516493309 22
1725392351197 161.21300445180557 23
1725392351229 160.89186548282296 24
1725392351258 160.57143311627982 25
1725392351288 160.25170572989808 26
1725392351317 159.9326817052158 27
1725392351347 159.61435942757808 28
1725392351375 159.2967372861279 29
1725392351398 158.9798136737971 30
1725392351425 158.66358698729744 31
1725392351455 158.3480556271114 32
1725392351483 158.0332179974834 33
1725392351509 157.71907250641067 34
1725392351536 157.40561756563426 35
1725392351558 157.09285159063043 36
1725392351586 156.78077300060127 37
1725392351613 156.4693802184662 38
1725392351645 156.15867167085293 39
1725392351675 155.84864578808876 40
1725392351704 155.5393010041915 41
1725392351737 155.23063575686086 42
1725392351768 154.9226484874698 43
1725392351795 154.6153376410554 44
1725392351822 154.30870166631047 45
1725392351848 154.00273901557466 46
1725392351917 153.6974481448258 47
1725392351940 153.39282751367134 48
1725392351962 153.08887558533937 49
1725392351989 152.7855908266704 50
1725392352016 152.48297170810852 51
1725392352043 152.18101670369282 52
1725392352065 151.87972429104883 53
1725392352095 151.57909295138012 54
1725392352121 151.27912116945944 55
1725392352164 150.9798074336206 56
1725392352193 150.68115023574975 57
1725392352218 150.38314807127688 58
1725392352250 150.08579943916752 59
1725392352277 149.78910284191423 60
1725392352305 149.4930567855282 61
1725392352333 149.19765977953102 62
1725392352359 148.90291033694595 63
1725392352386 148.60880697428996 64
1725392352413 148.31534821156512 65
1725392352437 148.02253257225047 66
1725392352468 147.73035858329376 67
1725392352492 147.43882477510294 68
1725392352517 147.14792968153822 69
1725392352544 146.85767183990362 70
1725392352568 146.5680497909389 71
1725392352600 146.27906207881128 72
1725392352627 145.99070725110727 73
1725392352659 145.70298385882472 74
1725392352686 145.4158904563644 75
1725392352708 145.129425601522 76
1725392352736 144.84358785548025 77
1725392352764 144.55837578280048 78
1725392352791 144.2737879514149 79
1725392352815 143.98982293261835 80
1725392352843 143.7064793010604 81
1725392352872 143.42375563473735 82
1725392352905 143.14165051498424 83
1725392352933 142.86016252646678 84
1725392352959 142.5792902571737 85
1725392352989 142.29903229840858 86
1725392353019 142.01938724478197 87
1725392353045 141.74035369420375 88
1725392353070 141.46193024787493 89
1725392353097 141.18411551028012 90
1725392353126 140.9069080891795 91
1725392353156 140.63030659560104 92
1725392353186 140.35430964383286 93
1725392353217 140.0789158514154 94
1725392353244 139.8041238391335 95
1725392353275 139.52993223100893 96
1725392353305 139.25633965429256 97
1725392353339 138.98334473945673 98
1725392353365 138.71094612018743 99
1725392353389 138.4391424333767 100
1725392353418 138.16793231911527 101
1725392353447 137.8973144206845 102
1725392353480 137.6272873845491 103
1725392353509 137.35784986034938 104
1725392353534 137.08900050089383 105
1725392353564 136.8207379621515 106
1725392353591 136.55306090324441 107
1725392353619 136.28596798644014 108
1725392353647 136.01945787714436 109
1725392353669 135.75352924389318 110
1725392353698 135.48818075834606 111
1725392353725 135.2234110952779 112
1725392353752 134.95921893257196 113
1725392353779 134.69560295121238 114
1725392353805 134.43256183527677 115
1725392353832 134.17009427192883 116
1725392353866 133.90819895141107 117
1725392353907 133.64687456703746 118
1725392353932 133.38611981518602 119
1725392353959 133.12593339529164 120
1725392353984 132.86631400983882 121
1725392354010 132.60726036435435 122
1725392354037 132.34877116739995 123
1725392354068 132.09084513056538 124
1725392354096 131.83348096846095 125
1725392354125 131.57667739871033 126
1725392354151 131.32043314194357 127
1725392354179 131.06474692178975 128
1725392354207 130.80961746486997 129
1725392354232 130.5550435007902 130
1725392354257 130.30102376213418 131
1725392354282 130.04755698445624 132
1725392354313 129.79464190627434 133
1725392354340 129.542277269063 134
1725392354367 129.2904618172462 135
1725392354391 129.03919429819055 136
1725392354418 128.78847346219806 137
1725392354443 128.53829806249917 138
1725392354473 128.2886668552459 139
1725392354501 128.03957859950495 140
1725392354529 127.79103205725059 141
1725392354558 127.54302599335779 142
1725392354584 127.29555917559546 143
1725392354610 127.04863037461936 144
1725392354636 126.80223836396537 145
1725392354662 126.55638192004257 146
1725392354688 126.31105982212651 147
1725392354719 126.06627085235216 148
1725392354746 125.82201379570743 149
1725392354773 125.57828744002613 150
1725392354800 125.33509057598125 151
1725392354828 125.09242199707828 152
1725392354853 124.85028049964849 153
1725392354881 124.60866488284205 154
1725392354914 124.36757394862144 155
1725392354941 124.1270065017548 156
1725392354969 123.88696134980924 157
1725392354995 123.64743730314402 158
1725392355023 123.40843317490418 159
1725392355047 123.1699477810136 160
1725392355068 122.9319799401687 161
1725392355096 122.69452847383167 162
1725392355123 122.45759220622395 163
1725392355153 122.22116996431961 164
1725392355182 121.98526057783883 165
1725392355213 121.74986287924146 166
1725392355237 121.5149757037204 167
1725392355267 121.280597889195 168
1725392355294 121.04672827630493 169
1725392355324 120.81336570840334 170
1725392355356 120.58050903155058 171
1725392355387 120.34815709450781 172
1725392355409 120.11630874873042 173
1725392355440 119.88496284836171 174
1725392355470 119.65411825022656 175
1725392355498 119.42377381382497 176
1725392355522 119.19392840132576 177
1725392355548 118.96458087756018 178
1725392355580 118.73573011001551 179
1725392355611 118.50737496882893 180
1725392355643 118.27951432678105 181
1725392355674 118.0521470592898 182
1725392355705 117.82527204440392 183
1725392355733 117.59888816279692 184
1725392355763 117.37299429776081 185
1725392355792 117.14758933519971 186
1725392355821 116.92267216362384 187
1725392355849 116.69824167414323 188
1725392355876 116.47429676046158 189
1725392355910 116.25083631887006 190
1725392355936 116.02785924824113 191
1725392355968 115.80536445002252 192
1725392355997 115.58335082823096 193
1725392356021 115.36181728944626 194
1725392356049 115.14076274280502 195
1725392356079 114.92018609999467 196
1725392356105 114.70008627524743 197
1725392356132 114.48046218533416 198
1725392356159 114.26131274955841 199
1725392356186 114.04263688975038 200
1725392356213 113.8244335302609 201
1725392356240 113.6067015979555 202
1725392356268 113.3894400222083 203
1725392356294 113.17264773489627 204
1725392356325 112.95632367039302 205
1725392356353 112.74046676556307 206
1725392356381 112.5250759597559 207
1725392356404 112.31015019479989 208
1725392356430 112.09568841499667 209
1725392356453 111.88168956711505 210
1725392356481 111.66815260038533 211
1725392356505 111.45507646649324 212
1725392356533 111.24246011957425 213
1725392356561 111.0303025162078 214
1725392356587 110.81860261541134 215
1725392356614 110.60735937863465 216
1725392356643 110.39657176975408 217
1725392356670 110.1862387550666 218
1725392356699 109.97635930328437 219
1725392356735 109.76693238552866 220
1725392356770 109.55795697532436 221
1725392356798 109.34943204859427 222
1725392356829 109.14135658365318 223
1725392356856 108.93372956120247 224
1725392356882 108.72654996432428 225
1725392356909 108.51981677847593 226
1725392356939 108.31352899148415 227
1725392356966 108.10768559353964 228
1725392356992 107.90228557719135 229
1725392357019 107.69732793734083 230
1725392357047 107.49281167123681 231
1725392357077 107.28873577846943 232
1725392357104 107.08509926096485 233
1725392357128 106.88190112297956 234
1725392357152 106.67914037109497 235
1725392357180 106.47681601421188 236
1725392357208 106.27492706354477 237
1725392357243 106.0734725326166 238
1725392357271 105.87245143725318 239
1725392357304 105.6718627955777 240
1725392357330 105.4717056280053 241
1725392357358 105.27197895723766 242
1725392357385 105.07268180825743 243
1725392357415 104.87381320832301 244
1725392357442 104.67537218696307 245
1725392357467 104.47735777597113 246
1725392357496 104.27976900940021 247
1725392357526 104.08260492355741 248
1725392357557 103.8858645569987 249
1725392357584 103.68954695052344 250
1725392357611 103.49365114716915 251
1725392357637 103.29817619220609 252
1725392357663 103.1031211331321 253
1725392357689 102.90848501966724 254
1725392357717 102.71426690374845 255
1725392357749 102.52046583952445 256
1725392357806 102.32708088335036 257
1725392357833 102.13411109378247 258
1725392357859 101.94155553157309 259
1725392357886 101.74941325966532 260
1725392357909 101.5576833431878 261
1725392357939 101.36636484944957 262
1725392357967 101.17545684793487 263
1725392357996 100.98495841029798 264
1725392358024 100.79486861035812 265
1725392358058 100.60518652409428 266
1725392358088 100.41591122964007 267
1725392358114 100.2270418072786 268
1725392358142 100.03857733943747 269
1725392358168 99.85051691068362 270
1725392358195 99.66285960771819 271
1725392358222 99.47560451937164 272
1725392358248 99.28875073659846 273
1725392358275 99.10229735247236 274
1725392358301 98.9162434621811 275
1725392358328 98.73058816302152 276
1725392358351 98.54533055439451 277
1725392358382 98.36046973780009 278
1725392358411 98.17600481683235 279
1725392358438 97.99193489717452 280
1725392358460 97.80825908659399 281
1725392358488 97.62497649493747 282
1725392358515 97.44208623412592 283
1725392358542 97.25958741814966 284
1725392358574 97.07747916306356 285
1725392358606 96.89576058698204 286
1725392358632 96.7144308100742 287
1725392358657 96.53348895455909 288
1725392358688 96.35293414470055 289
1725392358719 96.17276550680266 290
1725392358748 95.99298216920471 291
1725392358776 95.81358326227655 292
1725392358802 95.63456791841357 293
1725392358830 95.45593527203211 294
1725392358859 95.27768445956441 295
1725392358888 95.0998146194541 296
1725392358918 94.9223248921513 297
1725392358953 94.7452144201078 298
1725392358978 94.56848234777246 299
1725392359002 94.39212782158641 300
1725392359033 94.21614998997823 301
1725392359061 94.04054800335946 302
1725392359090 93.86532101411971 303
1725392359123 93.69046817662198 304
1725392359150 93.51598864719811 305
1725392359178 93.34188158414402 306
1725392359205 93.16814614771505 307
1725392359233 92.99478150012139 308
1725392359268 92.8217868055233 309
1725392359295 92.64916123002669 310
1725392359311 92.47690394167833 311
1725392359327 92.30501411046136 312
1725392359343 92.13349090829065 313
1725392359359 91.96233350900823 314
1725392359376 91.79154108837874 315
1725392359392 91.62111282408489 316
1725392359407 91.45104789572281 317
1725392359424 91.2813454847977 318
1725392359440 91.11200477471911 319
1725392359455 90.94302495079657 320
1725392359470 90.774405200235 321
1725392359486 90.60614471213029 322
1725392359502 90.4382426774648 323
1725392359517 90.27069828910284 324
1725392359533 90.10351074178624 325
1725392359548 89.93667923212995 326
1725392359564 89.77020295861755 327
1725392359579 89.60408112159679 328
1725392359599 89.43831292327529 329
1725392359620 89.27289756771604 330
1725392359639 89.10783426083302 331
1725392359661 88.9431222103868 332
1725392359680 88.77876062598027 333
1725392359706 88.61474871905409 334
1725392359723 88.45108570288255 335
1725392359739 88.28777079256906 336
1725392359756 88.12480320504189 337
1725392359772 87.96218215904983 338
1725392359787 87.79990687515792 339
1725392359803 87.63797657574307 340
1725392359820 87.47639048498984 341
1725392359836 87.31514782888613 342
1725392359859 87.15424783521891 343
1725392359890 86.99368973357 344
1725392359921 86.83347275531169 345
1725392359955 86.67359613360266 346
1725392359973 86.51405910338372 347
1725392359991 86.35486090137347 348
1725392360005 86.19600076606422 349
1725392360022 86.03747793771774 350
1725392360039 85.87929165836104 351
1725392360055 85.7214411717823 352
1725392360071 85.5639257235266 353
1725392360092 85.40674456089167 354
1725392360115 85.24989693292406 355
1725392360137 85.09338209041468 356
1725392360157 84.93719928589479 357
1725392360181 84.7813477736319 358
1725392360206 84.62582680962565 359
1725392360230 84.47063565160362 360
1725392360253 84.31577355901752 361
1725392360276 84.16123979303865 362
1725392360293 84.00703361655425 363
1725392360310 83.85315429416328 364
1725392360325 83.69960109217227 365
1725392360350 83.5463732785915 366
1725392360373 83.39347012313071 367
1725392360393 83.24089089719531 368
1725392360410 83.08863487388223 369
1725392360426 82.93670132797595 370
1725392360441 82.78508953594454 371
1725392360454 82.63379877593563 372
1725392360479 82.48282832777245 373
1725392360492 82.33217747294988 374
1725392360504 82.18184549463048 375
1725392360519 82.03183167764055 376
1725392360531 81.88213530846618 377
1725392360548 81.73275567524936 378
1725392360560 81.58369206778397 379
1725392360577 81.43494377751206 380
1725392360593 81.28651009751974 381
1725392360608 81.13839032253341 382
1725392360624 80.99058374891581 383
1725392360641 80.84308967466225 384
1725392360658 80.69590739939666 385
1725392360675 80.54903622436774 386
1725392360691 80.40247545244523 387
1725392360707 80.25622438811584 388
1725392360730 80.11028233747976 389
1725392360755 79.96464860824648 390
1725392360780 79.81932250973125 391
1725392360799 79.67430335285121 392
1725392360821 79.52959045012155 393
1725392360839 79.38518311565176 394
1725392360859 79.24108066514188 395
1725392360876 79.09728241587872 396
1725392360899 78.95378768673214 397
1725392360923 78.8105957981513 398
1725392360942 78.66770607216073 399
1725392360981 78.525117832357 400
1725392361005 78.38283040390462 401
1725392361032 78.24084311353262 402
1725392361052 78.09915528953067 403
1725392361080 77.95776626174543 404
1725392361097 77.81667536157688 405
1725392361114 77.67588192197472 406
1725392361131 77.53538527743454 407
1725392361147 77.39518476399432 408
1725392361162 77.25527971923078 409
1725392361178 77.11566948225556 410
1725392361193 76.97635339371182 411
1725392361212 76.8373307957705 412
1725392361236 76.69860103212673 413
1725392361260 76.56016344799622 414
1725392361285 76.4220173901117 415
1725392361305 76.28416220671924 416
1725392361327 76.14659724757482 417
1725392361350 76.00932186394067 418
1725392361368 75.87233540858165 419
1725392361393 75.73563723576187 420
1725392361417 75.59922670124101 421
1725392361444 75.46310316227083 422
1725392361467 75.3272659775916 423
1725392361490 75.19171450742861 424
1725392361511 75.05644811348881 425
1725392361539 74.92146615895706 426
1725392361563 74.7867680084927 427
1725392361588 74.65235302822623 428
1725392361604 74.51822058575566 429
1725392361621 74.38437005014312 430
1725392361637 74.25080079191137 431
1725392361651 74.11751218304039 432
1725392361663 73.98450359696379 433
1725392361675 73.85177440856572 434
1725392361689 73.71932399417706 435
1725392361702 73.58715173157219 436
1725392361729 73.45525699996551 437
1725392361752 73.32363918000823 438
1725392361770 73.19229765378464 439
1725392361797 73.06123180480903 440
1725392361821 72.93044101802217 441
1725392361840 72.7999246797879 442
1725392361864 72.66968217788995 443
1725392361888 72.53971290152843 444
1725392361915 72.41001624131646 445
1725392361937 72.28059158927694 446
1725392361980 72.15143833883923 447
1725392362000 72.02255588483568 448
1725392362020 71.89394362349852 449
1725392362045 71.76560095245634 450
1725392362069 71.63752727073103 451
1725392362089 71.50972197873422 452
1725392362103 71.38218447826429 453
1725392362114 71.2549141725028 454
1725392362128 71.1279104660115 455
1725392362139 71.00117276472882 456
1725392362151 70.87470047596686 457
1725392362165 70.74849300840798 458
1725392362177 70.62254977210155 459
1725392362190 70.49687017846091 460
1725392362203 70.37145364025994 461
1725392362222 70.24629957162996 462
1725392362243 70.1214073880565 463
1725392362264 69.99677650637615 464
1725392362288 69.87240634477322 465
1725392362314 69.7482963227768 466
1725392362336 69.62444586125733 467
1725392362353 69.50085438242363 468
1725392362370 69.37752130981964 469
1725392362387 69.25444606832133 470
1725392362403 69.13162808413348 471
1725392362419 69.00906678478654 472
1725392362435 68.88676159913368 473
1725392362451 68.76471195734743 474
1725392362476 68.64291729091678 475
1725392362495 68.52137703264378 476
1725392362523 68.40009061664085 477
1725392362543 68.27905747832733 478
1725392362560 68.15827705442659 479
1725392362582 68.03774878296281 480
1725392362607 67.9174721032581 481
1725392362629 67.79744645592933 482
1725392362652 67.67767128288504 483
1725392362671 67.55814602732244 484
1725392362688 67.43887013372434 485
1725392362710 67.3198430478562 486
1725392362736 67.20106421676306 487
1725392362762 67.0825330887664 488
1725392362792 66.96424911346132 489
1725392362809 66.8462117417135 490
1725392362830 66.72842042565605 491
1725392362845 66.61087461868665 492
1725392362861 66.49357377546458 493
1725392362877 66.37651735190774 494
1725392362893 66.25970480518956 495
1725392362910 66.14313559373616 496
1725392362923 66.02680917722343 497
1725392362935 65.91072501657398 498
1725392362946 65.79488257395418 499
