1725388786397 68.94161602556011 0
1725388786425 28.765200544424093 1
1725388786452 11.640388686562904 2
1725388786482 4.8087659151322235 3
1725388786509 1.8399118443696936 4
1725388786545 0.8646810419911602 5
1725388786578 0.32252311987742316 6
1725388786612 0.18170452812001592 7
1725388786638 0.11880487017953288 8
1725388786662 0.08087216923557584 9
1725388786689 0.10159062827013034 10
1725388786715 0.09406629743347825 11
1725388786743 0.08072692281911283 12
1725388786771 0.11683857408078518 13
1725388786793 0.09167528471740036 14
1725388786822 0.06400880826124054 15
1725388786853 0.0808022193125485 16
1725388786879 0.05398760800092825 17
1725388786910 0.10350441260143105 18
1725388786939 0.09486576969981542 19
1725388786974 0.0946379174831327 20
1725388787006 0.12155808635734176 21
1725388787035 0.08677364056141504 22
1725388787067 0.07739975311109172 23
1725388787095 0.05771581398781109 24
1725388787121 0.09391214905412572 25
1725388787145 0.08581712322626263 26
1725388787174 0.07019364425415435 27
1725388787205 0.259375098632096 28
1725388787228 0.06047939845147724 29
1725388787255 0.07067773191806954 30
1725388787287 0.1295821504241834 31
1725388787319 0.04830574717053793 32
1725388787344 0.10904346576190048 33
1725388787372 0.08863680453977324 34
1725388787395 0.10037973076240507 35
1725388787421 0.08556060700049224 36
1725388787445 0.10650339951480334 37
1725388787468 0.08153391440908746 38
1725388787502 0.06991870804075416 39
1725388787537 0.11250284171546297 40
1725388787594 0.07079987237161948 41
1725388787657 0.14739086793081385 42
1725388787679 0.09786822724464944 43
1725388787693 0.09139611086024318 44
1725388787713 0.1045766479744063 45
1725388787740 0.055379672177652696 46
1725388787764 0.06852634851781851 47
1725388787792 0.06503616530733054 48
1725388787817 0.1056929175941943 49
1725388787880 0.11216613572051966 50
1725388787910 0.08860282413591138 51
1725388787937 0.107269074791339 52
1725388787963 0.07898054456208832 53
1725388787997 0.0836673467489386 54
1725388788023 0.1072831480668347 55
1725388788050 0.06490930895920723 56
1725388788076 0.060597007324777026 57
1725388788103 0.07242971019888521 58
1725388788130 0.07018896013707078 59
1725388788153 0.08207209508863904 60
1725388788178 0.12369400205352553 61
1725388788208 0.10583950336331736 62
1725388788233 0.07326515300742101 63
1725388788263 0.0860386266881326 64
1725388788291 0.1016594266857485 65
1725388788318 0.09188655137938602 66
1725388788346 0.11868662838548216 67
1725388788371 0.08202207122370625 68
1725388788399 0.11145844012707196 69
1725388788428 0.10285809210044547 70
1725388788456 0.0849705933663427 71
1725388788480 0.06897621971013104 72
1725388788504 0.11414011334779149 73
1725388788529 0.10894752000344943 74
1725388788557 0.13434187287459504 75
1725388788585 0.07813548404922764 76
1725388788607 0.06350276704661079 77
1725388788637 0.07521472639412435 78
1725388788660 0.07102665155118264 79
1725388788691 0.07370949326375098 80
1725388788720 0.11666117417175272 81
1725388788744 0.06654747142388044 82
1725388788769 0.12673695225781775 83
