1725410038166 161.7424913003224 0
1725410038198 166.15743833680716 1
1725410038225 158.26718950486608 2
1725410038256 162.64025550793454 3
1725410038287 150.3834377441421 4
1725410038326 151.68398019273485 5
1725410038359 147.58463136291644 6
1725410038389 145.47072021713404 7
1725410038421 144.54912054564022 8
1725410038452 138.74431943214165 9
1725410038485 137.05231910194257 10
1725410038519 136.0452233849926 11
1725410038553 132.83970446328794 12
1725410038588 135.55990737089215 13
1725410038625 126.77362622222998 14
1725410038648 128.01169373337513 15
1725410038681 124.13954184934754 16
1725410038714 127.00379442723965 17
1725410038750 119.10357551032143 18
1725410038780 119.32920503002119 19
1725410038813 115.80382721131748 20
1725410038843 113.01479593356208 21
1725410038873 108.6112232535398 22
1725410038902 106.16440253602553 23
1725410038935 107.67872197049437 24
1725410038967 105.04445389304203 25
1725410038998 101.7218614822912 26
1725410039029 101.86528724148133 27
1725410039055 100.81312777765312 28
1725410039084 98.45564161055287 29
1725410039116 97.33882178289994 30
1725410039138 96.74482194506248 31
1725410039170 96.13938802416943 32
1725410039201 94.15785154893634 33
1725410039229 91.29687945631902 34
1725410039264 91.56480558478123 35
1725410039298 85.5674724336766 36
1725410039328 88.49496161873645 37
1725410039360 84.03841308521875 38
1725410039387 83.09018907394503 39
1725410039418 80.11492109269481 40
1725410039450 79.62715722456274 41
1725410039480 78.33209221764955 42
1725410039515 73.59255825216697 43
1725410039547 74.1542102865441 44
1725410039573 74.6519125842638 45
1725410039599 72.67143505222397 46
1725410039632 72.74244338891076 47
1725410039662 73.08091512594761 48
1725410039693 71.57879536552765 49
1725410039724 66.61155999364537 50
1725410039756 66.84711258993822 51
1725410039788 63.96295145853508 52
1725410039813 66.41782786336361 53
1725410039843 63.83992276666422 54
1725410039873 62.47026912223575 55
1725410039906 62.2417654354934 56
1725410039936 61.84670772272672 57
1725410039970 59.5371166615303 58
1725410040002 59.984216714151614 59
1725410040029 58.70943415177946 60
1725410040061 58.97542061374262 61
1725410040093 56.0372380635556 62
1725410040130 52.23695042207076 63
1725410040159 54.868160356056826 64
1725410040196 52.47261126275769 65
1725410040224 51.695504392436455 66
1725410040259 51.17332145474845 67
1725410040343 50.87500903750525 68
1725410040380 50.90366180009536 69
1725410040411 49.624746134507205 70
1725410040442 46.932118849470385 71
1725410040472 46.966192996247074 72
1725410040503 45.95166608477536 73
1725410040537 46.46659939382141 74
1725410040567 47.10403872811843 75
1725410040597 44.947193827903185 76
1725410040629 43.593238043475885 77
1725410040661 42.527118115207095 78
1725410040693 42.84901844733983 79
1725410040723 41.27903064328256 80
1725410040754 39.97213274199814 81
1725410040784 39.80940178653837 82
1725410040814 39.96123077302891 83
1725410040845 38.894587025144176 84
1725410040883 39.09514137084555 85
1725410040915 35.500633209871054 86
1725410040944 37.020756980415214 87
1725410040976 35.14708621320423 88
1725410041007 36.53343961242786 89
1725410041041 34.03417794654866 90
1725410041076 34.35925165934013 91
1725410041106 33.0426826066689 92
1725410041139 34.193135743535024 93
1725410041169 33.09217058302419 94
1725410041200 32.037064925355715 95
1725410041234 32.23379469631293 96
1725410041268 30.66084462771774 97
1725410041298 31.239157379299055 98
1725410041331 30.312976255486166 99
1725410041357 28.54599590601624 100
1725410041391 29.516051017514357 101
1725410041425 28.47998734734912 102
1725410041455 27.326346685083234 103
1725410041485 27.51352818615955 104
1725410041520 28.082847720040057 105
1725410041551 25.796002432332386 106
1725410041582 25.31446915471546 107
1725410041611 27.07354096854978 108
1725410041644 25.622642780182513 109
1725410041676 25.727881784863165 110
1725410041708 24.798318579746173 111
1725410041740 23.612494468410446 112
1725410041772 24.251829309814724 113
1725410041803 23.70215244109053 114
1725410041828 23.225997534934326 115
1725410041862 21.377354653845305 116
1725410041894 21.43238213067048 117
1725410041926 21.91936546038699 118
1725410041957 22.045871644158858 119
1725410041988 21.8288291007252 120
1725410042020 21.555685590207037 121
1725410042052 19.847402971092603 122
1725410042086 20.294703644102214 123
1725410042116 19.995307443582757 124
1725410042148 19.52674761638152 125
1725410042179 18.610159613022983 126
1725410042211 17.830200122999578 127
1725410042243 18.346997436711558 128
1725410042275 18.838148951759877 129
1725410042305 18.052823101419623 130
1725410042339 18.137462292876883 131
1725410042371 17.974257334419793 132
1725410042404 17.44909543668214 133
1725410042434 17.43148368942348 134
1725410042465 16.130080955357332 135
1725410042497 16.69901151411308 136
1725410042535 16.02863961646443 137
1725410042564 15.566126762687196 138
1725410042594 15.489419376750526 139
1725410042627 15.750391370817788 140
1725410042661 15.551133545174103 141
1725410042691 15.094689748187415 142
1725410042722 14.604349201977687 143
1725410042753 14.81501794413537 144
1725410042779 13.870541815202014 145
1725410042808 14.071797255329122 146
1725410042841 13.741148741136117 147
1725410042871 13.707963349217176 148
1725410042901 12.995441965672098 149
1725410042934 13.10001024071687 150
1725410042966 12.911775205414129 151
1725410042998 13.286132846483989 152
1725410043031 13.002571571992013 153
1725410043062 13.292294254330002 154
1725410043096 12.646326462472421 155
1725410043119 11.925563980753083 156
1725410043151 11.617829768397423 157
1725410043185 11.539683815464052 158
1725410043215 11.620698671620689 159
1725410043258 10.564138127814026 160
1725410043289 12.050216404732916 161
1725410043310 11.05500827921742 162
1725410043330 10.773882629207296 163
1725410043349 11.217701320575465 164
1725410043368 10.54270878324782 165
1725410043386 11.056156449255832 166
1725410043403 10.246963657167814 167
1725410043422 10.295823440997578 168
1725410043441 10.07052225825564 169
1725410043459 9.175527229359055 170
1725410043478 9.990466829603818 171
1725410043496 9.61250515530014 172
1725410043514 9.315947674589834 173
1725410043540 9.17778951601528 174
1725410043572 8.94200814684884 175
1725410043595 8.299683965350102 176
1725410043623 9.03069716279134 177
1725410043639 8.49894998580762 178
1725410043669 8.06088167362616 179
1725410043696 8.6549254098415 180
1725410043722 8.23198105451295 181
1725410043746 8.741280171844899 182
1725410043767 7.958986819430583 183
1725410043788 8.465109088974712 184
1725410043813 7.557108161296051 185
1725410043834 7.650204545106581 186
1725410043857 7.599300316762933 187
1725410043879 7.604766382684081 188
1725410043898 7.4676053480117375 189
1725410043917 7.380148324929104 190
1725410043935 7.071197276076891 191
1725410043954 7.369248497799216 192
1725410043972 6.923100104310801 193
1725410043991 7.1485654293391425 194
1725410044010 6.35391507320927 195
1725410044029 6.950153545201557 196
1725410044048 6.649861955704188 197
1725410044071 6.7561982149656705 198
1725410044092 6.121000650382805 199
1725410044117 6.751025057799052 200
1725410044146 6.504713116993263 201
1725410044176 5.88472898745132 202
1725410044201 6.564059144823678 203
1725410044223 6.12441091409971 204
1725410044243 5.79252807437333 205
1725410044260 6.180700790126219 206
1725410044278 5.8835963193049325 207
1725410044297 5.649198314081007 208
1725410044315 5.54599708822602 209
1725410044334 5.250662476730666 210
1725410044354 5.115289477070292 211
1725410044373 5.243635454090608 212
1725410044398 4.858308362776861 213
1725410044416 5.4562105982221425 214
1725410044442 5.195627860702658 215
1725410044464 4.855828028191494 216
1725410044485 5.01163234875279 217
1725410044514 4.904090553256666 218
1725410044541 4.703406624967078 219
1725410044565 5.139949204529106 220
1725410044592 5.044658633932564 221
1725410044618 4.894492262054846 222
1725410044643 4.4050674575629944 223
1725410044669 4.649303987029406 224
1725410044700 3.966257765465508 225
1725410044728 4.695524702957843 226
1725410044761 4.42396012732099 227
1725410044792 4.500448844199362 228
1725410044812 4.208249229307361 229
1725410044830 4.221159902528109 230
1725410044851 4.046745732733115 231
1725410044869 4.1861048031145875 232
1725410044889 4.456943713014259 233
1725410044908 4.036117844100553 234
1725410044936 3.739935485667903 235
1725410044959 3.8481067529131816 236
1725410044984 3.9255195149152278 237
1725410045008 3.765351297501806 238
1725410045029 3.8650662574292793 239
1725410045048 3.8755681575393344 240
1725410045075 3.757578734844799 241
1725410045104 3.7534103026396766 242
1725410045128 3.612003140932173 243
1725410045154 4.021539587303801 244
1725410045178 3.462075691378884 245
1725410045196 3.6260710037091335 246
1725410045216 3.6652174509540885 247
1725410045235 3.455628550376043 248
1725410045254 3.6124343051672474 249
1725410045274 3.842805102400852 250
1725410045293 3.3291769720958038 251
1725410045313 3.6415607650084767 252
1725410045333 3.181231328946407 253
1725410045353 3.222678582468476 254
1725410045372 3.1655724774280665 255
1725410045392 3.2038535861667374 256
1725410045410 3.457915463802226 257
1725410045436 3.2925070584628693 258
1725410045472 3.1457671245398924 259
1725410045496 2.9135155513278317 260
1725410045523 3.001624451423468 261
1725410045552 2.947802282561433 262
1725410045571 3.078677863450768 263
1725410045589 3.0771918694638485 264
1725410045609 2.912996436048915 265
1725410045628 2.8096087577237925 266
1725410045642 2.552719690684823 267
1725410045656 2.780377134711125 268
1725410045675 2.9406485013678862 269
1725410045704 2.694676605309342 270
1725410045729 2.576638360960091 271
1725410045758 2.7171102802842735 272
1725410045781 2.7030348086153353 273
1725410045809 2.8822331037433933 274
1725410045839 2.6060768950646787 275
1725410045861 2.3988478268348645 276
1725410045892 2.6906827838778593 277
1725410045917 2.4796457839773076 278
1725410045934 2.5485101156066308 279
1725410045949 2.551038735373613 280
1725410045966 2.1916245657952818 281
1725410045980 2.439531121481468 282
1725410045994 2.3285618639101986 283
1725410046008 2.547387158724242 284
1725410046021 2.26255209990479 285
1725410046035 2.6810788870510556 286
1725410046060 2.3942118620984663 287
1725410046081 2.3926316956784426 288
1725410046100 2.14550952386383 289
1725410046118 2.109072874248364 290
1725410046137 1.8857863286405907 291
1725410046155 2.247662348273421 292
1725410046180 2.2060116153691776 293
1725410046213 2.2475072620695413 294
1725410046245 2.039868140231423 295
1725410046275 2.155882299798072 296
1725410046294 2.1752089378067714 297
1725410046322 1.8348507910726966 298
1725410046348 2.006583600195861 299
1725410046375 2.011599379965269 300
1725410046400 2.035295901223058 301
1725410046426 1.8332477214874385 302
1725410046455 1.8484507326156558 303
1725410046478 1.721771896205903 304
1725410046504 1.9014751952743063 305
1725410046529 2.086125356123907 306
1725410046559 2.0819585760223673 307
1725410046577 1.8454605063790932 308
1725410046596 1.9167782916878455 309
1725410046616 1.748184487502834 310
1725410046636 1.7071294099288328 311
1725410046654 1.711869277638462 312
1725410046677 1.7658363602571039 313
1725410046699 1.76815443861801 314
1725410046725 1.968499384587467 315
1725410046753 1.670770925733008 316
1725410046785 1.7271400514923265 317
1725410046804 1.4630367032595901 318
1725410046824 1.7705708364751855 319
1725410046843 1.6944952584106 320
1725410046859 1.5847090121195777 321
1725410046874 1.6535272032408752 322
1725410046888 1.5023801125916663 323
1725410046902 1.5595701721481805 324
1725410046918 1.5894253642947986 325
1725410046937 1.5617185252633266 326
1725410046956 1.5734528722571706 327
1725410046975 1.519063554530804 328
1725410046995 1.662219869731574 329
1725410047013 1.5081030076885449 330
1725410047032 1.6701433798308283 331
1725410047052 1.474584448028249 332
1725410047071 1.449814742057234 333
1725410047090 1.6286150188209452 334
1725410047110 1.6145323117080688 335
1725410047130 1.4321414004375395 336
1725410047149 1.3613220220885536 337
1725410047167 1.448967418272291 338
1725410047185 1.4822115855483946 339
1725410047211 1.302068573654902 340
1725410047232 1.4520408777498437 341
1725410047253 1.7132655169305713 342
1725410047277 1.3340539066488064 343
1725410047300 1.4485158154088333 344
1725410047330 1.432815646337342 345
1725410047354 1.3916823641581537 346
1725410047385 1.2856285543332715 347
1725410047411 1.3669094921499767 348
1725410047436 1.4341757799091985 349
1725410047458 1.2832948936992497 350
1725410047484 1.3762970890427806 351
1725410047512 1.392481707282452 352
1725410047538 1.2238050785054257 353
1725410047576 1.1813655258838784 354
1725410047605 1.2435538069841305 355
1725410047630 1.2414249588829296 356
1725410047653 1.0892898887813451 357
1725410047690 1.1826019681697693 358
1725410047719 1.2151710677209115 359
1725410047741 1.2797451555411712 360
1725410047765 1.4057933977137391 361
1725410047795 1.4022832798861262 362
1725410047821 1.389233422665048 363
1725410047852 1.2192293879705953 364
1725410047882 1.1651018431185385 365
1725410047912 1.1211093535193597 366
1725410047938 1.291891412033845 367
1725410047963 1.0277883937465506 368
1725410047986 1.1530253022274861 369
1725410048016 1.253931955629943 370
1725410048046 1.3773155519925668 371
1725410048066 1.1750849797252632 372
1725410048082 1.1827735104241097 373
1725410048098 1.2562404826672258 374
1725410048112 1.1830632792335067 375
1725410048125 1.1957937743530636 376
1725410048139 1.0245877584519267 377
1725410048153 0.9858078653847525 378
1725410048169 1.0864339864990278 379
1725410048188 1.2149962579926723 380
1725410048205 1.1370629941298525 381
1725410048225 1.2106993204414682 382
1725410048244 1.0013048781291465 383
1725410048279 1.0040027436900458 384
1725410048300 1.0703855382449918 385
1725410048325 1.1218987258368853 386
1725410048346 1.0427301229649875 387
1725410048375 0.9876519989930297 388
1725410048404 1.2626092877050255 389
1725410048430 1.0163764236006878 390
1725410048450 1.0665732417696663 391
1725410048468 1.0799831992994564 392
1725410048486 1.0396939969710661 393
1725410048505 1.1119665289140133 394
1725410048525 1.1394664937959407 395
1725410048543 1.0483115123483902 396
1725410048564 0.8891377252302037 397
1725410048597 1.0577827196475422 398
1725410048622 0.9888104610214786 399
1725410048646 1.0804109086852332 400
1725410048668 1.01674095923073 401
1725410048698 0.9709915272533791 402
1725410048732 0.9590722791392446 403
1725410048763 1.0859790937408438 404
1725410048795 0.9107083154462041 405
1725410048814 1.0449570497370724 406
1725410048834 0.9824888250502476 407
1725410048853 1.0480574488319188 408
1725410048872 1.038123037450898 409
1725410048892 0.933337848363296 410
1725410048912 1.025523269337632 411
1725410048933 0.8698815878702922 412
1725410048960 0.8029900885035357 413
1725410048984 0.855358751284617 414
1725410049010 0.8588394655761349 415
1725410049033 1.049170603254781 416
1725410049065 0.9242265234014567 417
1725410049095 1.0192406744041205 418
1725410049127 0.9066555809763908 419
1725410049155 0.9328352482440964 420
1725410049183 1.0929592432300106 421
1725410049207 1.1035829982951186 422
1725410049236 0.9996108174334786 423
1725410049268 0.8751103655588021 424
1725410049301 0.8650577547655238 425
1725410049323 0.924453002160575 426
1725410049343 1.1158043535133482 427
1725410049362 0.9109045149858045 428
1725410049378 0.9499069191361149 429
1725410049394 0.8350160633540284 430
1725410049413 0.8405923045545389 431
1725410049438 0.800088070266228 432
1725410049457 0.9673050621578252 433
1725410049477 0.8208996151046596 434
1725410049497 0.9082919028065406 435
1725410049515 0.7939619280840792 436
1725410049533 0.8653133802737804 437
1725410049557 0.9882630289432991 438
1725410049593 0.9744384637670984 439
1725410049612 0.7637038104934312 440
1725410049632 0.8249697749424654 441
1725410049651 0.7713462177229375 442
1725410049669 0.873513835053161 443
1725410049699 0.8314475709382104 444
1725410049732 0.7600088614355629 445
1725410049759 0.9105146901239997 446
1725410049781 0.6747726267642589 447
1725410049802 0.8560545145196866 448
1725410049821 0.8936062582101703 449
1725410049841 0.8928807954138307 450
1725410049861 0.8939020555629077 451
1725410049880 0.8394466139976096 452
1725410049900 0.7305144422614038 453
1725410049920 0.7472950934308162 454
1725410049957 0.6522229508449635 455
1725410049981 0.8418026913528214 456
1725410050013 0.7425013966688092 457
1725410050041 0.7746194407227471 458
1725410050068 0.7305096665882278 459
1725410050094 0.8623301074340118 460
1725410050120 0.7590406895061517 461
1725410050141 0.7848109690291957 462
1725410050171 0.7164213172612384 463
1725410050201 0.7608995510726586 464
1725410050231 0.7376308520837829 465
1725410050255 0.7818134757460448 466
1725410050280 0.6648035994417729 467
1725410050300 0.7332535864090222 468
1725410050325 0.6282163468819689 469
1725410050352 0.8812008037636628 470
1725410050383 0.8143113020077771 471
1725410050408 0.8635303202808366 472
1725410050426 0.81804501792914 473
1725410050440 0.7485605037530118 474
1725410050454 0.8088836520115514 475
1725410050468 0.7300160708342136 476
1725410050481 0.6643094265819799 477
1725410050496 0.7497946903980061 478
1725410050509 0.8112808562114695 479
1725410050523 0.7364762556186238 480
1725410050537 0.726921810262167 481
1725410050556 0.8466004847888099 482
1725410050589 0.7745232755963409 483
1725410050615 0.6630426106226037 484
1725410050641 0.7050509899096008 485
1725410050664 0.7268246615526877 486
1725410050685 0.6981487435927229 487
1725410050705 0.7378568413968933 488
1725410050723 0.8826152641200236 489
1725410050742 0.7216506209091523 490
1725410050760 0.7485104662984704 491
1725410050778 0.7061413262438526 492
1725410050805 0.636176780341002 493
1725410050827 0.8812455704868446 494
1725410050852 0.730919415766253 495
1725410050882 0.7476131161003892 496
1725410050910 0.7951980217085961 497
1725410050935 0.7867975695280838 498
1725410050964 0.747687133867558 499
