1725390972314 69.48955880943475 0
1725390972406 30.627610809166548 1
1725390972463 16.469972798411625 2
1725390972533 6.297546643810791 3
1725390972620 1.9179736014131032 4
1725390972685 3.2820393135210684 5
1725390972751 0.8202180030130731 6
1725390972819 0.9064428816584015 7
1725390972882 0.6562119509821732 8
1725390972957 0.748599216227929 9
1725390973026 0.03262380818037416 10
1725390973112 0.07008407256518003 11
1725390973187 0.049272628849198384 12
1725390973252 0.9975738242992633 13
1725390973326 1.340786955586627 14
1725390973396 0.459417276227097 15
1725390973472 0.3298590580805672 16
1725390973535 0.048467127606878865 17
1725390973600 0.4085533012432153 18
1725390973679 0.28492840758096744 19
1725390973756 1.1903404491350955 20
1725390973833 0.27118876186884366 21
1725390973985 0.42752909932661454 22
1725390974048 0.04874714518754859 23
1725390974128 0.22414749009555787 24
1725390974205 0.6254918544746355 25
1725390974285 0.26208057037319027 26
1725390974372 0.011048204347211961 27
1725390974440 0.7074825184145827 28
