1725359253911 173.91871824510955 0
1725359253941 170.49849224395416 1
1725359253957 168.7996655177715 2
1725359253967 167.1094530378304 3
1725359253979 165.43809444730022 4
1725359253991 163.78530397213845 5
1725359254003 162.15086401108775 6
1725359254013 160.53455922878942 7
1725359254024 158.93617694114516 8
1725359254037 157.35550707820343 9
1725359254049 155.79234215033736 10
1725359254063 154.24647721487156 11
1725359254077 152.71770984317084 12
1725359254095 151.2058400881837 13
1725359254109 149.71067045243367 14
1725359254121 148.232005856452 15
1725359254134 146.76965360764444 16
1725359254146 145.32342336958686 17
1725359254160 143.8931271317413 18
1725359254174 142.47857917958848 19
1725359254187 141.07959606516852 20
1725359254199 139.69599657802522 21
1725359254219 138.32760171654678 22
1725359254238 136.97423465969828 23
1725359254258 135.63572073913866 24
1725359254277 134.3118874117181 25
1725359254308 133.00256423234842 26
1725359254326 131.707582827243 27
1725359254346 130.42677686751833 28
1725359254366 129.15998204315483 29
1725359254386 127.90703603730859 30
1725359254402 126.66777850097124 31
1725359254420 125.44205102797156 32
1725359254436 124.22969713031435 33
1725359254457 123.0305622138514 34
1725359254471 121.84449355428002 35
1725359254483 120.6713402734639 36
1725359254495 119.51095331607193 37
1725359254508 118.36318542653046 38
1725359254521 117.22789112628412 39
1725359254551 116.10492669136077 40
1725359254561 114.99415013023689 41
1725359254571 113.89542116199776 42
1725359254585 112.8086011947894 43
1725359254600 111.73355330455745 44
1725359254617 110.67014221406902 45
1725359254636 109.61823427221343 46
1725359254654 108.5776974335779 47
1725359254673 107.54840123829408 48
1725359254692 106.53021679215182 49
1725359254709 105.5230167469761 50
1725359254723 104.5266752812636 51
1725359254737 103.54106808107521 52
1725359254751 102.56607232118021 53
1725359254762 101.60156664644991 54
1725359254771 100.64743115349569 55
1725359254782 99.70354737254897 56
1725359254791 98.7697982495795 57
1725359254799 97.84606812864823 58
1725359254808 96.93224273449205 59
1725359254818 96.02820915533651 60
1725359254826 95.13385582593394 61
1725359254840 94.24907251082313 62
1725359254860 93.37375028780838 63
1725359254875 92.50778153165362 64
1725359254892 91.65105989798982 65
1725359254906 90.80348030743191 66
1725359254925 89.96493892990271 67
1725359254941 89.13533316916057 68
1725359254959 88.31456164752836 69
1725359254977 87.50252419082084 70
1725359254998 86.69912181346741 71
1725359255014 85.90425670382795 72
1725359255036 85.11783220969863 73
1725359255058 84.33975282400557 74
1725359255081 83.56992417068345 75
1725359255104 82.80825299073615 76
1725359255165 82.05464712847814 77
1725359255176 81.30901551795252 78
1725359255185 80.57126816952457 79
1725359255194 79.84131615664776 80
1725359255205 79.11907160280005 81
1725359255218 78.40444766858812 82
1725359255231 77.6973585390172 83
1725359255244 76.99771941092442 84
1725359255258 76.30544648057312 85
1725359255269 75.62045693140622 86
1725359255278 74.9426689219564 87
1725359255288 74.27200157391096 88
1725359255297 73.60837496032904 89
1725359255307 72.9517100940097 90
1725359255317 72.30192891600821 91
1725359255327 71.65895428429873 92
1725359255342 71.02270996258177 93
1725359255355 70.39312060923397 94
1725359255374 69.7701117663983 95
1725359255390 69.15360984921352 96
1725359255410 68.54354213517989 97
1725359255423 67.93983675366046 98
1725359255439 67.3424226755148 99
1725359255455 66.75122970286517 100
1725359255469 66.16618845899127 101
1725359255485 65.58723037835384 102
1725359255496 65.01428769674371 103
1725359255508 64.44729344155603 104
1725359255521 63.8861814221869 105
1725359255534 63.330886220551335 106
1725359255550 62.78134318172105 107
1725359255570 62.237488404680114 108
1725359255580 61.69925873319702 109
1725359255598 61.16659174681174 110
1725359255617 60.6394257519362 111
1725359255638 60.11769977306662 112
1725359255661 59.60135354410629 113
1725359255678 59.09032749979722 114
1725359255696 58.584562767259335 115
1725359255710 58.08400115763595 116
1725359255723 57.5885851578436 117
1725359255736 57.098257922425475 118
1725359255749 56.612963265506785 119
1725359255762 56.13264565285059 120
1725359255775 55.657250194013116 121
1725359255788 55.1867226345969 122
1725359255800 54.721009348600845 123
1725359255810 54.26005733086562 124
1725359255820 53.80381418961323 125
1725359255830 53.35222813907961 126
1725359255847 52.905247992239005 127
1725359255861 52.46282315361887 128
1725359255877 52.024903612204135 129
1725359255897 51.59143993442982 130
1725359255914 51.162383257260466 131
1725359255929 50.737685281355795 132
1725359255948 50.31729826432105 133
1725359255962 49.901175014040966 134
1725359255973 49.48926888209663 135
1725359255986 49.081533757263706 136
1725359255998 48.677924059091175 137
1725359256012 48.2783947315597 138
1725359256024 47.88290123681831 139
1725359256037 47.49139954899854 140
1725359256051 47.103846148104985 141
1725359256067 46.72019801398143 142
1725359256080 46.34041262035125 143
1725359256096 45.9644479289315 144
1725359256114 45.59226238361951 145
1725359256133 45.223814904751094 146
1725359256148 44.85906488342957 147
1725359256157 44.49797217592447 148
1725359256166 44.140497098139335 149
1725359256180 43.78660042014735 150
1725359256189 43.43624336079426 151
1725359256201 43.089387582367635 152
1725359256212 42.74599518533148 153
1725359256229 42.40602870312553 154
1725359256242 42.0694510970284 155
1725359256259 41.73622575108351 156
1725359256275 41.40631646708753 157
1725359256290 41.07968745963983 158
1725359256303 40.756303351252946 159
1725359256320 40.436129167522424 160
1725359256334 40.11913033235622 161
1725359256352 39.80527266326201 162
1725359256368 39.49452236669245 163
1725359256385 39.186846033446926 164
1725359256400 38.882210634129855 165
1725359256417 38.580583514664006 166
1725359256432 38.28193239185874 167
1725359256447 37.98622534903243 168
1725359256464 37.69343083168799 169
1725359256478 37.40351764324096 170
1725359256491 37.116454940800175 171
1725359256505 36.83221223099913 172
1725359256518 36.55075936587849 173
1725359256532 36.27206653881839 174
1725359256546 35.99610428052046 175
1725359256559 35.72284345503836 176
1725359256586 35.452255255856734 177
1725359256603 35.18431120201764 178
1725359256620 34.91898313429419 179
1725359256637 34.656243211410164 180
1725359256653 34.39606390630594 181
1725359256669 34.13841800244936 182
1725359256686 33.88327859019144 183
1725359256702 33.63061906316606 184
1725359256716 33.3804131147334 185
1725359256729 33.13263473446624 186
1725359256741 32.887258204678865 187
1725359256755 32.644258096997845 188
1725359256768 32.40360926897436 189
1725359256782 32.165286860737375 190
1725359256795 31.92926629168709 191
1725359256808 31.695523257228604 192
1725359256821 31.464033725544695 193
1725359256835 31.234773934407723 194
1725359256849 31.007720388029746 195
1725359256861 30.78284985395081 196
1725359256875 30.560139359964595 197
1725359256888 30.339566191081133 198
1725359256902 30.121107886526026 199
1725359256915 29.90474223677582 200
1725359256926 29.690447280629005 201
1725359256936 29.478201302312225 202
1725359256945 29.267982828621264 203
1725359256955 29.05977062609647 204
1725359256969 28.853543698231835 205
1725359256985 28.649281282717986 206
1725359257005 28.44696284871788 207
1725359257024 28.246568094175345 208
1725359257045 28.04807694315592 209
1725359257063 27.851469543219483 210
1725359257079 27.65672626282446 211
1725359257092 27.463827688763004 212
1725359257106 27.272754623626994 213
1725359257120 27.08348808330434 214
1725359257133 26.89600929450511 215
1725359257147 26.710299692317523 216
1725359257160 26.526340917792893 217
1725359257174 26.344114815559568 218
1725359257187 26.16360343146538 219
1725359257200 25.98478901024817 220
1725359257216 25.80765399323428 221
1725359257235 25.63218101606433 222
1725359257251 25.458352906446326 223
1725359257267 25.286152681935267 224
1725359257280 25.115563547739697 225
1725359257292 24.946568894553895 226
1725359257305 24.77915229641617 227
1725359257317 24.613297508592762 228
1725359257330 24.448988465486625 229
1725359257346 24.286209278571363 230
1725359257371 24.124944234349623 231
1725359257391 23.965177792335865 232
1725359257412 23.806894583063062 233
1725359257432 23.650079406112923 234
1725359257454 23.494717228169996 235
1725359257475 23.34079318109844 236
1725359257494 23.188292560041656 237
1725359257514 23.0372008215448 238
1725359257533 22.887503581699377 239
1725359257553 22.739186614309723 240
1725359257573 22.59223584908145 241
1725359257606 22.446637369831286 242
1725359257628 22.302377412718076 243
1725359257649 22.15944236449486 244
1725359257671 22.01781876078148 245
1725359257693 21.877493284357964 246
1725359257712 21.738452763477618 247
1725359257731 21.60068417020056 248
1725359257751 21.46417461874664 249
1725359257771 21.328911363868073 250
1725359257791 21.19488179924113 251
1725359257812 21.062073455876863 252
1725359257832 20.930474000550745 253
1725359257850 20.800071234250648 254
1725359257874 20.670853090643476 255
1725359257899 20.54280763455926 256
1725359257924 20.415923060494066 257
1725359257945 20.290187691129606 258
1725359257969 20.165589975871026 259
1725359257988 20.042118489401567 260
1725359258008 19.919761930254353 261
1725359258029 19.798509119400922 262
1725359258050 19.678348998856652 263
1725359258072 19.559270630302155 264
1725359258091 19.4412631937214 265
1725359258110 19.324315986055403 266
1725359258131 19.208418419872153 267
1725359258150 19.093560022051804 268
1725359258171 18.979730432487635 269
1725359258196 18.866919402802086 270
1725359258215 18.75511679507797 271
1725359258237 18.644312580604645 272
1725359258260 18.53449683863855 273
1725359258279 18.425659755178856 274
1725359258299 18.31779162175691 275
1725359258320 18.210882834240472 276
1725359258341 18.104923891651424 277
1725359258362 17.999905394997516 278
1725359258383 17.89581804611816 279
1725359258411 17.792652646543075 280
1725359258434 17.69040009636491 281
1725359258455 17.5890513931248 282
1725359258477 17.488597630710874 283
1725359258497 17.38902999826992 284
1725359258518 17.290339779131465 285
1725359258538 17.19251834974473 286
1725359258559 17.09555717862795 287
1725359258583 16.999447825329646 288
1725359258613 16.904181939402516 289
1725359258633 16.809751259389042 290
1725359258653 16.71614761181898 291
1725359258674 16.623362910218567 292
1725359258694 16.531389154131233 293
1725359258714 16.440218428149894 294
1725359258739 16.34984290096036 295
1725359258760 16.2602548243959 296
1725359258781 16.171446532503058 297
1725359258807 16.083410440618067 298
1725359258828 15.996139044454063 299
1725359258849 15.909624919199226 300
1725359258868 15.823860718624966 301
1725359258889 15.738839174204827 302
1725359258908 15.654553094243617 303
1725359258928 15.570995363016367 304
1725359258948 15.488158939917758 305
1725359258968 15.406036858620963 306
1725359258988 15.324622226246639 307
1725359259006 15.243908222541434 308
1725359259028 15.163888099065902 309
1725359259050 15.084555178392074 310
1725359259069 15.005902853310326 311
1725359259088 14.927924586045018 312
1725359259107 14.85061390747994 313
1725359259126 14.773964416392214 314
1725359259145 14.697969778695203 315
1725359259165 14.622623726690303 316
1725359259184 14.547920058327259 317
1725359259203 14.473852636473097 318
1725359259224 14.400415388189622 319
1725359259247 14.327602304019093 320
1725359259268 14.255407437278281 321
1725359259289 14.183824903360719 322
1725359259312 14.112848879046885 323
1725359259333 14.04247360182252 324
1725359259353 13.972693369204684 325
1725359259371 13.903502538075687 326
1725359259396 13.834895524024647 327
1725359259417 13.76686680069681 328
1725359259436 13.699410899150083 329
1725359259456 13.632522407219252 330
1725359259476 13.566195968887415 331
1725359259496 13.500426283664776 332
1725359259516 13.435208105974397 333
1725359259535 13.370536244545155 334
1725359259555 13.30640556181177 335
1725359259575 13.242810973321582 336
1725359259596 13.179747447148257 337
1725359259627 13.117210003312215 338
1725359259648 13.055193713207657 339
1725359259667 12.993693699036285 340
1725359259688 12.932705133247607 341
1725359259707 12.872223237985317 342
1725359259729 12.812243284540536 343
1725359259750 12.752760592810889 344
1725359259771 12.693770530766082 345
1725359259792 12.635268513919499 346
1725359259813 12.57725000480579 347
1725359259834 12.519710512464695 348
1725359259856 12.462645591930443 349
1725359259880 12.406050843727389 350
1725359259904 12.349921913371082 351
1725359259923 12.294254490875195 352
1725359259941 12.239044310264271 353
1725359259963 12.18428714909167 354
1725359259985 12.129978827963408 355
1725359260007 12.076115210067162 356
1725359260028 12.02269220070686 357
1725359260048 11.969705746842463 358
1725359260072 11.917151836635151 359
1725359260096 11.865026498997437 360
1725359260113 11.813325803148794 361
1725359260135 11.762045858175977 362
1725359260156 11.711182812598663 363
1725359260177 11.66073285393984 364
1725359260199 11.610692208301343 365
1725359260220 11.561057139943772 366
1725359260241 11.511823950871836 367
1725359260262 11.462988980423829 368
1725359260285 11.414548604866125 369
1725359260306 11.366499236992258 370
1725359260328 11.318837325726403 371
1725359260347 11.2715593557315 372
1725359260367 11.224661847021933 373
1725359260387 11.178141354580186 374
1725359260409 11.131994467978565 375
1725359260428 11.08621781100448 376
1725359260448 11.040808041290482 377
1725359260469 10.995761849948263 378
1725359260490 10.951075961206971 379
1725359260509 10.906747132055402 380
1725359260528 10.862772151888562 381
1725359260547 10.81914784215786 382
1725359260567 10.775871056025704 383
1725359260586 10.732938678023547 384
1725359260607 10.690347623714255 385
1725359260642 10.648094839357833 386
1725359260663 10.606177301581443 387
1725359260684 10.564592017052652 388
1725359260706 10.523336022156819 389
1725359260726 10.482406382677816 390
1725359260746 10.441800193482402 391
1725359260765 10.401514578208472 392
1725359260785 10.361546688956317 393
1725359260806 10.321893705983772 394
1725359260826 10.282552837404687 395
1725359260846 10.243521318890666 396
1725359260865 10.204796413376437 397
1725359260886 10.16637541076828 398
1725359260905 10.128255627655896 399
1725359260924 10.090434407027468 400
1725359260944 10.052909117987918 401
1725359260962 10.01567715548045 402
1725359260987 9.978735940011006 403
1725359261007 9.942082917375993 404
1725359261025 9.905715558393124 405
1725359261046 9.86963135863501 406
1725359261066 9.833827838166105 407
1725359261088 9.798302541282263 408
1725359261107 9.763053036253492 409
1725359261129 9.728076915069396 410
1725359261149 9.693371793187604 411
1725359261168 9.658935309284994 412
1725359261188 9.624765125011614 413
1725359261211 9.590858924747476 414
1725359261230 9.557214415362028 415
1725359261253 9.523829325976322 416
1725359261271 9.490701407727771 417
1725359261293 9.457828433537648 418
1725359261320 9.425208197881247 419
1725359261340 9.392838516560321 420
1725359261361 9.360717226478359 421
1725359261382 9.328842185418207 422
1725359261402 9.297211271822295 423
1725359261427 9.265822384575225 424
1725359261448 9.234673442788774 425
1725359261469 9.203762385589304 426
1725359261489 9.173087171907675 427
1725359261509 9.142645780271218 428
1725359261529 9.112436208598405 429
1725359261549 9.08245647399539 430
1725359261569 9.052704612555162 431
1725359261589 9.023178679158711 432
1725359261610 8.993876747278462 433
1725359261630 8.964796908783962 434
1725359261663 8.935937273749714 435
1725359261683 8.907295970264967 436
1725359261703 8.87887114424585 437
1725359261723 8.850660959249554 438
1725359261742 8.822663596290319 439
1725359261763 8.794877253657827 440
1725359261782 8.767300146737435 441
1725359261802 8.739930507832252 442
1725359261822 8.7127665859875 443
1725359261842 8.685806646816518 444
1725359261862 8.659048972328938 445
1725359261885 8.632491860760537 446
1725359261903 8.606133626405168 447
1725359261922 8.579972599448409 448
1725359261942 8.554007125803064 449
1725359261963 8.528235566946595 450
1725359261983 8.50265629976017 451
1725359262008 8.477267716369687 452
1725359262026 8.452068223988276 453
1725359262049 8.42705624476093 454
1725359262072 8.40223021561035 455
1725359262094 8.377588588084967 456
1725359262115 8.353129828208349 457
1725359262135 8.328852416330285 458
1725359262156 8.304754846979645 459
1725359262176 8.280835628718638 460
1725359262200 8.257093283999 461
1725359262219 8.233526349019318 462
1725359262241 8.210133373584405 463
1725359262261 8.186912920965748 464
1725359262280 8.163863567763865 465
1725359262300 8.140983903771893 466
1725359262349 8.118272531840942 467
1725359262360 8.09572806774662 468
1725359262380 8.07334914005725 469
1725359262399 8.051134390003384 470
1725359262418 8.029082471348884 471
1725359262438 8.007192050263246 472
1725359262460 7.985461805195489 473
1725359262481 7.963890426749208 474
1725359262501 7.942476617559323 475
1725359262522 7.921219092169646 476
1725359262544 7.9001165769124055 477
1725359262566 7.879167809788623 478
1725359262588 7.858371540349946 479
1725359262606 7.837726529581801 480
1725359262627 7.8172315497877545 481
1725359262649 7.7968853844751544 482
1725359262682 7.776686828242048 483
1725359262705 7.756634686665253 484
1725359262723 7.736727776189665 485
1725359262742 7.716964924018855 486
1725359262761 7.697344968006757 487
1725359262781 7.6778667565504355 488
1725359262801 7.658529148484361 489
1725359262820 7.639331012975382 490
1725359262839 7.620271229419183 491
1725359262856 7.601348687337629 492
1725359262878 7.582562286277447 493
1725359262898 7.563910935709756 494
1725359262916 7.545393554930815 495
1725359262936 7.5270090729639065 496
1725359262955 7.508756428462133 497
1725359262979 7.490634569612311 498
1725359263001 7.472642454039953 499
