1725352980851 2.0614071637206172e+105 0
1725352980931 5.5024303115679815e+103 1
1725352981060 1.8516073522378447e+103 2
1725352981125 6.238843826238419e+101 3
1725352981186 2.3378674761778302e+101 4
1725352981273 3.610050621351216e+98 5
1725352981365 6.06136928328017e+98 6
1725352981434 4.356887996208486e+98 7
1725352981522 1.7137142566553265e+97 8
1725352981598 1.256715635829009e+97 9
1725352981676 1.2072324824738912e+95 10
1725352981745 4.195594165297325e+94 11
1725352981810 1.1167729151814474e+94 12
1725352981880 1.3593498348523933e+92 13
1725352981946 4.619315266671809e+89 14
1725352982025 2.602673037545302e+91 15
1725352982125 2.5550229174577386e+91 16
1725352982175 2.1180299302907113e+90 17
1725352982240 2.123733770452909e+90 18
1725352982302 1.1759525781539694e+88 19
1725352982368 1.7922064995826524e+86 20
1725352982421 1.1477641502104716e+89 21
1725352982481 1.706266877860568e+88 22
1725352982542 4.824031449765147e+88 23
1725352982604 1.468514135501869e+88 24
1725352982657 8.254923353500525e+86 25
1725352982717 4.885819478376531e+87 26
1725352982805 1.3005395475732213e+86 27
1725352982919 5.330478315101543e+86 28
1725352982990 5.6950154852632305e+85 29
1725352983047 7.967267317601082e+84 30
1725352983110 5.136240380110815e+85 31
1725352983174 3.4812203640187654e+84 32
1725352983234 1.7171864862531404e+84 33
1725352983308 3.0233885962752235e+83 34
1725352983380 7.677011974888124e+83 35
1725352983557 1.5394007065024536e+83 36
1725352983641 2.1278081837517516e+83 37
1725352983744 5.63157939344746e+81 38
1725352983804 2.4691560919035024e+80 39
1725352983865 4.0255960166749684e+80 40
1725352983924 7.513589896465292e+81 41
1725352983996 6.768471912251696e+79 42
1725352984070 7.931832711509073e+80 43
1725352984149 1.7629617454597307e+79 44
1725352984220 8.489313266502477e+79 45
1725352984295 8.537407036094101e+77 46
1725352984378 9.095215881355455e+78 47
1725352984449 7.20076149271843e+77 48
1725352984515 1.2055793608233693e+79 49
1725352984573 1.9702744376464228e+77 50
1725352984690 6.008446119600152e+77 51
1725352984801 7.479299831717762e+75 52
1725352984854 1.4805265301664526e+75 53
1725352984913 6.187636215551082e+74 54
1725352984982 7.056255695218754e+75 55
1725352985047 4.1498565317843885e+74 56
1725352985099 1.969580131191092e+74 57
1725352985151 1.8898023518197077e+75 58
1725352985200 6.990324503033981e+72 59
1725352985334 9.601134402934736e+73 60
1725352985423 9.869933401459102e+73 61
1725352985485 1.4115073579817024e+73 62
1725352985543 1.3319369559527836e+73 63
1725352985600 2.5346045258105736e+71 64
1725352985651 1.1846004273240256e+72 65
1725352985722 1.834888523071242e+72 66
1725352985786 6.155224367036359e+70 67
1725352985845 3.0960764083777586e+69 68
1725352985914 1.4101989759880196e+71 69
1725352985973 1.3826330790087117e+69 70
1725352986036 7.589066104977342e+64 71
1725352986123 3.3433665418042167e+68 72
1725352986180 4.715435405667664e+68 73
1725352986255 5.1969980611817247e+67 74
1725352986307 4.335522864395895e+66 75
1725352986382 5.743553157277201e+67 76
1725352986451 1.3837501547230215e+66 77
1725352986510 5.7386669794741864e+66 78
1725352986569 2.125357566126954e+66 79
1725352986627 7.341038970874093e+64 80
1725352986689 4.0499922756249285e+65 81
1725352986744 1.15571702119159e+65 82
1725352986796 9.370802046035263e+64 83
1725352986848 7.732246726570817e+63 84
1725352986913 4.660120572620574e+62 85
1725352986985 1.0292444486183818e+65 86
1725352987052 2.345917921282187e+63 87
1725352987147 2.4643059954518692e+60 88
1725352987206 7.370868369067144e+59 89
1725352987271 7.55379161739275e+61 90
1725352987333 3.53355190060724e+55 91
1725352987393 2.6430424918547145e+58 92
1725352987459 6.767434650382672e+60 93
1725352987530 1.8294892917514778e+59 94
1725352987603 1.6529325876458295e+60 95
1725352987685 3.508664215849422e+58 96
1725352987751 3.451602651786929e+58 97
1725352987830 4.220262879886809e+59 98
1725352987913 4.336695037165218e+58 99
1725352987984 5.479144314457844e+57 100
1725352988045 2.6673734186674476e+57 101
1725352988111 1.7113232980957137e+56 102
1725352988172 7.311396557317031e+55 103
1725352988231 4.295774647657283e+56 104
1725352988287 4.1192179090584497e+55 105
1725352988351 4.719811571421791e+54 106
1725352988415 1.5561957259284e+55 107
1725352988485 4.60696801387812e+54 108
1725352988542 2.6567072530069267e+53 109
1725352988595 2.9140180376823286e+53 110
1725352988642 8.397585298285762e+51 111
1725352988692 1.8840136102585937e+53 112
1725352988760 1.1884391743157177e+53 113
1725352988836 8.194972801983093e+52 114
1725352988907 2.29722105999525e+51 115
1725352988982 2.9499646296124425e+51 116
1725352989034 2.311503198220026e+51 117
1725352989084 5.037489921129614e+50 118
1725352989143 3.95766108752594e+50 119
1725352989201 2.9829101861905296e+49 120
1725352989256 3.6629594442227416e+48 121
1725352989310 2.771977623463527e+50 122
1725352989381 2.3086408230156532e+48 123
1725352989460 1.4451303424198836e+48 124
1725352989540 5.273466463342371e+47 125
1725352989611 2.3376625150708614e+47 126
1725352989694 3.1316676630216594e+47 127
1725352989753 1.4194066181341163e+46 128
1725352989806 9.418287103695722e+45 129
1725352989856 5.621868790075915e+46 130
1725352989910 9.673950666232009e+44 131
1725352989965 2.479457041078867e+46 132
1725352990033 3.8194601077008535e+45 133
1725352990100 3.2329068102860115e+43 134
1725352990176 3.5641920877040814e+42 135
1725352990250 1.343655873265919e+43 136
1725352990310 2.469715719590613e+43 137
1725352990430 5.029161913604595e+42 138
1725352990491 7.626217190805417e+42 139
1725352990551 3.4717010402105954e+41 140
1725352990610 1.7362112038619488e+40 141
1725352990664 8.591293948852007e+40 142
1725352990714 6.902887032736608e+39 143
1725352990785 3.901935258005077e+38 144
1725352990832 3.341810862918426e+39 145
1725352990886 8.418996512483046e+40 146
1725352990937 8.467625972175007e+38 147
1725352990997 7.526641704141629e+39 148
1725352991052 5.230647266798591e+37 149
1725352991110 2.0802916492167397e+38 150
1725352991176 9.272398933028488e+35 151
1725352991271 9.306810291120543e+37 152
1725352991324 6.2930517370453984e+38 153
1725352991382 4.755873727144456e+36 154
1725352991448 5.201492581734225e+35 155
1725352991528 1.1686880438394116e+36 156
1725352991596 5.352786868905284e+34 157
1725352991659 9.245019834894342e+33 158
1725352991733 2.1038699495416408e+34 159
1725352991793 5.234287960549756e+34 160
1725352991872 2.3377559019383787e+34 161
1725352991938 1.380379212660375e+33 162
1725352991991 4.302406345060595e+31 163
1725352992052 3.1748421188574627e+28 164
1725352992113 1.5712865173338417e+33 165
1725352992189 1.4214912944359613e+30 166
1725352992248 5.223392934058105e+31 167
1725352992305 7.153961674626327e+31 168
1725352992369 1.7138439507961172e+31 169
1725352992434 1.1717155758972829e+30 170
1725352992488 1.1145846109668464e+30 171
1725352992540 1.2382854504709725e+28 172
1725352992591 5.389589751470254e+29 173
1725352992649 1.0218260946295886e+28 174
1725352992714 1.6227390639664659e+28 175
1725352992781 1.1773043496909781e+29 176
1725352992832 9.379269284666174e+26 177
1725352992891 1.1273474425373799e+26 178
1725352992961 1.913370607824934e+26 179
1725352993026 2.8913968276468028e+26 180
1725352993087 5.876413463596514e+26 181
1725352993149 2.8496928174648397e+26 182
1725352993206 1.2646752933352634e+25 183
1725352993264 1.6864222135163244e+24 184
1725352993320 3.2117834229176554e+22 185
1725352993377 3.5326519611526056e+24 186
1725352993429 7.967388281205868e+20 187
1725352993484 3.9846012443056986e+23 188
1725352993562 9.82446482875321e+22 189
1725352993637 2.5988669854228105e+21 190
1725352993697 3.281070964501157e+21 191
1725352993750 1.3117027413344108e+22 192
1725352993820 8.893946142985671e+21 193
1725352993879 8.131379807526752e+20 194
1725352993947 7.015228070068889e+20 195
1725352993992 1.2837870032898314e+19 196
1725352994046 3.594047209325468e+20 197
1725352994103 4.458571411070542e+18 198
1725352994171 2.8254766131182054e+18 199
1725352994233 1.3495843304222001e+19 200
1725352994287 2.815726314961301e+17 201
1725352994339 1.079138733996747e+18 202
1725352994405 5.020425430836187e+16 203
1725352994470 6.772580171375557e+17 204
1725352994528 9128961229739426.0 205
1725352994591 4364402303295413.5 206
1725352994648 20601419528877.305 207
1725352994722 3106292871848090.5 208
1725352994782 3705319042756323.5 209
1725352994859 11248452897299.111 210
1725352994926 104460658023097.98 211
1725352994989 211617639265.81714 212
1725352995040 419281382035368.56 213
1725352995108 16639143954145.297 214
1725352995164 651828998777.7335 215
1725352995219 1499362781571.4001 216
1725352995280 25948885147253.66 217
1725352995336 232678811990.9421 218
1725352995409 17823221645.639576 219
1725352995470 8574969854.17103 220
1725352995552 11419855488.483818 221
1725352995609 1919119418.1961174 222
1725352995668 8316853294.078576 223
1725352995742 10399398827.83353 224
1725352995807 1176403109.8157136 225
1725352995866 151243231.05011395 226
1725352995945 1987467570.2093902 227
1725352996001 766990517.8821071 228
1725352996052 11664044.441316893 229
1725352996101 11065673.961478813 230
1725352996155 4937252.508026364 231
1725352996206 1769719.2709115918 232
1725352996257 77057.181791911 233
1725352996312 57276.545388542116 234
1725352996373 109953.06322925266 235
1725352996436 397477.8312996434 236
1725352996494 16549.139375997227 237
1725352996550 9744.229320714881 238
1725352996612 757.902230759112 239
1725352996672 136.89850777369108 240
1725352996727 549.4373507398251 241
1725352996773 0.0007830052157559331 242
1725352996824 91.46806347673548 243
1725352996889 9.096394317004327 244
1725352996951 22.878037354834042 245
1725352997019 6.769771200162038 246
1725352997074 22.579499758387456 247
1725352997133 6.037620976233335 248
1725352997188 6.707805428430279 249
1725352997256 4.56503621627453 250
1725352997322 3.1350263818041944 251
1725352997388 2.32615251818027 252
1725352997438 6.3375951089797455 253
1725352997500 3.772227396516082 254
1725352997559 7.102002828267756 255
1725352997615 4.6800124795255735 256
1725352997672 5.737345394032796 257
1725352997725 6.127238683705766 258
1725352997794 4.514893370344474 259
1725352997853 3.37467318895521 260
1725352997914 6.614894584433793 261
1725352997969 3.092797437516596 262
1725352998020 4.740644887613039 263
1725352998071 5.019917749693634 264
1725352998136 4.933210178046074 265
1725352998194 4.514640123736898 266
1725352998260 1.0542990357596078 267
1725352998323 4.991698539301973 268
1725352998381 4.518518268632936 269
1725352998442 3.74792813140335 270
1725352998528 4.949817910073724 271
1725352998580 5.722050805384897 272
1725352998628 6.346661112142345 273
1725352998684 3.495174929657264 274
1725352998748 3.654055513025783 275
1725352998799 5.522902168075403 276
1725352998858 4.548936359873238 277
1725352998909 6.946754912554357 278
1725352998962 5.998810317487016 279
1725352999007 5.346313161629758 280
1725352999072 6.263711432922733 281
1725352999138 4.0035133280898085 282
1725352999207 3.866342041348811 283
1725352999264 5.126122834287859 284
1725352999324 7.708535665377977 285
1725352999384 6.595692978729787 286
1725352999442 2.961956828748083 287
1725352999506 5.0483681048592794 288
1725352999557 2.754688200527334 289
1725352999615 6.186759780037102 290
1725352999676 2.4573998442601193 291
1725352999730 4.3668026295158455 292
1725352999785 4.899505638990988 293
1725352999852 4.922263673066192 294
1725352999929 3.9392479684871815 295
1725352999988 4.988914811686571 296
1725353000068 5.784070573884513 297
1725353000127 4.17818643121301 298
1725353000175 6.753271070732195 299
1725353000234 3.705225422121662 300
1725353000291 5.334967580350861 301
1725353000353 1.8044982826691902 302
1725353000417 6.02679705203202 303
1725353000481 5.346592913663954 304
1725353000545 6.2615336694648525 305
1725353000607 2.5165397533562683 306
1725353000662 5.4176889816309535 307
1725353000744 4.33740558367052 308
1725353000800 4.844904032839618 309
1725353000862 6.138486216663746 310
1725353000936 5.812551267443375 311
1725353001008 5.648973246144136 312
1725353001063 6.017538658203819 313
1725353001132 2.8113118345884986 314
1725353001216 3.4416473791164277 315
1725353001282 5.109534489065157 316
1725353001332 3.0506201511359063 317
1725353001402 4.565194052580966 318
1725353001472 6.072163845477414 319
1725353001536 4.579114980670986 320
1725353001598 5.582405400533742 321
1725353001706 6.640834466506426 322
1725353001757 4.675809028207048 323
1725353001808 3.201957907691804 324
1725353001860 4.51153324825535 325
1725353001930 3.8997566379603144 326
1725353001983 2.4436737414980403 327
1725353002055 5.086739941436954 328
1725353002127 3.592471467259486 329
1725353002194 4.155155613765399 330
1725353002252 5.731158898791418 331
1725353002303 3.917633945616955 332
1725353002352 3.4477959457513867 333
1725353002416 3.0460650596729972 334
1725353002480 6.21548725356765 335
1725353002546 2.495275869791202 336
1725353002612 3.5792538401402254 337
1725353002674 5.892244852532277 338
1725353002739 3.023648160246134 339
1725353002809 3.009548870336521 340
1725353002872 7.070943179118218 341
1725353002945 5.865526683791139 342
1725353003006 3.3980490235313563 343
1725353003068 4.148572972846607 344
1725353003125 5.21861506100453 345
1725353003187 4.576721377382739 346
1725353003235 3.6260262871163245 347
1725353003294 5.0410621930465656 348
1725353003357 4.989383497543918 349
1725353003409 4.253688443773153 350
1725353003460 6.836383935008249 351
1725353003519 6.395759353275425 352
1725353003580 3.8426017090066913 353
1725353003647 5.158783081080576 354
1725353003713 4.587846117596298 355
1725353003774 2.884734208393475 356
1725353003832 5.510870156845244 357
1725353003892 3.0779890380115495 358
1725353003954 4.911962954422421 359
1725353004017 3.046075438377946 360
1725353004080 6.735959917481343 361
1725353004156 8.787696448319267 362
1725353004208 4.167790850466238 363
1725353004268 4.028830568705798 364
1725353004340 4.109977074970913 365
1725353004397 4.001880856497828 366
1725353004453 5.743601175215384 367
1725353004525 4.689211594300771 368
1725353004591 4.137065033769589 369
1725353004644 2.9775364724367326 370
1725353004695 5.760963599700929 371
1725353004758 6.13157241916397 372
1725353004822 3.8404329200299605 373
1725353004899 4.191392284429265 374
1725353004965 3.3728196421203 375
1725353005021 6.086935336154463 376
1725353005077 3.5234234167893588 377
1725353005139 4.626378363146979 378
1725353005205 5.905996011097327 379
1725353005257 4.742823303527363 380
1725353005314 3.086459243388541 381
1725353005368 3.6921616890594544 382
1725353005430 4.16571487084134 383
1725353005495 4.783678018581598 384
1725353005547 4.212575434503301 385
1725353005602 4.214934568336237 386
1725353005672 4.142194196233102 387
1725353005737 4.706242622525027 388
1725353005797 6.062112969841834 389
1725353005861 6.41859308603677 390
1725353005913 4.711285371774782 391
1725353005964 6.565064037982705 392
1725353006015 6.181600842662128 393
1725353006082 6.536224366620173 394
1725353006139 5.034487641942202 395
1725353006188 4.397165132032802 396
1725353006255 6.312059238244165 397
1725353006306 6.42861026145362 398
1725353006369 1.863870100066213 399
1725353006419 6.068423181889606 400
1725353006470 5.205894671232112 401
1725353006533 4.885254368968328 402
1725353006587 6.716404373448212 403
1725353006658 4.35487185862831 404
1725353006717 6.4280140414883205 405
1725353006780 2.186085443275568 406
1725353006826 3.6225634929227915 407
1725353006891 5.158290580608059 408
1725353006957 3.8102214012567064 409
1725353007018 4.449426842605192 410
1725353007069 4.645022994797612 411
1725353007131 4.548638550501098 412
1725353007191 4.515621734837242 413
1725353007257 2.9587473989730717 414
1725353007308 5.31904705057156 415
1725353007371 2.8641969115977 416
1725353007439 5.692916164075869 417
1725353007504 4.313213084913736 418
1725353007557 5.880081672006514 419
1725353007626 5.571154577603551 420
1725353007677 3.9809449179519163 421
1725353007727 4.102406931368396 422
1725353007792 3.587648977250375 423
1725353007844 5.5603399688510535 424
1725353007902 4.52222759739808 425
1725353007955 2.4496332435732375 426
1725353008003 6.804490705115991 427
1725353008070 5.496911827892899 428
1725353008124 5.674200215761271 429
1725353008201 2.8674187713499855 430
1725353008283 3.429657089367487 431
1725353008335 5.408774176814025 432
1725353008383 4.151478790250894 433
1725353008446 4.169000038305911 434
1725353008500 6.061682893103118 435
1725353008575 4.867474001420866 436
1725353008650 7.288417522450899 437
1725353008701 4.766748387562722 438
1725353008778 4.221283695707373 439
1725353008859 4.7519292280983905 440
1725353008918 5.255114149840755 441
1725353008974 5.292939711786876 442
1725353009056 8.459994853462394 443
1725353009114 5.289943056801538 444
1725353009175 4.098840840195924 445
1725353009230 4.466966768978067 446
1725353009289 4.550219329462132 447
1725353009341 4.779406203372805 448
1725353009400 5.453744712617654 449
1725353009461 3.851224658942785 450
1725353009521 3.002024152461075 451
1725353009585 3.9856161549457476 452
1725353009643 4.368019882817197 453
1725353009700 6.027055714917634 454
1725353009754 5.574187338325007 455
1725353009817 5.472882003435524 456
1725353009881 6.614074538142948 457
1725353009948 4.120196753430448 458
1725353010015 4.146970212665976 459
1725353010074 3.7298767419695236 460
1725353010134 3.522295348611959 461
1725353010204 5.220953143250645 462
1725353010267 5.243972261963492 463
1725353010323 5.3863917788846285 464
1725353010376 5.205646838650576 465
1725353010422 6.334615340935996 466
1725353010477 5.762217051074454 467
1725353010545 4.898376894642992 468
1725353010603 6.299706580660426 469
1725353010663 1.6762176531085144 470
1725353010720 3.7326489723112926 471
1725353010792 5.828807409136705 472
1725353010860 4.690085356570183 473
1725353010912 4.90515142647364 474
1725353010969 7.937642371349065 475
1725353011021 6.5299043397562055 476
1725353011077 4.52208910844309 477
1725353011136 3.071324915926608 478
1725353011209 4.443388385398662 479
1725353011278 4.919448805795202 480
1725353011338 6.5530016847888755 481
1725353011397 3.412665765956294 482
1725353011466 3.739087160491477 483
1725353011540 3.339880286331757 484
1725353011592 4.430770313286365 485
1725353011649 4.573103780747324 486
1725353011721 6.9116731098454185 487
1725353011782 6.4625089289302755 488
1725353011857 4.016165017929053 489
1725353011934 4.096638160328074 490
1725353012007 4.5602649795785 491
1725353012087 6.407792941978874 492
1725353012151 5.959427754122936 493
1725353012224 4.754642315470952 494
1725353012290 6.287950003160017 495
1725353012352 5.526161002975649 496
1725353012403 4.838322409007968 497
1725353012461 5.215624198327783 498
1725353012531 4.725852119648594 499
