1725396806820 68.02567210121808 0
1725396806838 28.431768882649042 1
1725396806853 12.422539138052985 2
1725396806868 5.211548761589122 3
1725396806883 2.564298657877372 4
1725396806901 1.0928857889973063 5
1725396806919 0.7866166992404042 6
1725396806937 0.3738237715011489 7
1725396806967 0.2111539624792546 8
1725396807002 0.20683114262075525 9
1725396807033 0.2220646722491408 10
1725396807058 0.12240258714625425 11
1725396807081 0.13970956646483254 12
1725396807107 0.16206025447356057 13
1725396807127 0.13885777982140018 14
1725396807144 0.1584581398577855 15
1725396807162 0.13826498511501184 16
1725396807179 0.1069230632215522 17
1725396807207 0.14755279673760643 18
1725396807234 0.09955752511118675 19
1725396807259 0.09990231126041864 20
1725396807286 0.07048110582278 21
1725396807313 0.12953714305588387 22
1725396807332 0.12253616996539672 23
1725396807350 0.1686751290453859 24
1725396807369 0.08368731795493013 25
1725396807387 0.13401848429648675 26
1725396807406 0.1490620752260451 27
1725396807424 0.10537838346673863 28
1725396807443 0.12210247759699339 29
1725396807469 0.15342539316826542 30
1725396807490 0.12426814737160231 31
1725396807519 0.08788091722905202 32
1725396807547 0.11896550322851454 33
1725396807573 0.08212976037513903 34
1725396807592 0.1620179722663706 35
1725396807608 0.10064968810103762 36
1725396807623 0.15296628099543297 37
1725396807637 0.11725095670583136 38
1725396807650 0.10028098657294678 39
1725396807663 0.13854986232977662 40
1725396807676 0.14409265660340223 41
1725396807690 0.14204156752945657 42
1725396807728 0.20514929493554315 43
1725396807775 0.1264572409517567 44
1725396807800 0.17193960816605283 45
1725396807824 0.10495214133923825 46
1725396807843 0.17023588400733292 47
1725396807862 0.1499949827557804 48
1725396807878 0.1715196189173634 49
1725396807897 0.13677903804847988 50
1725396807915 0.19118611639921781 51
1725396807934 0.15257364499811032 52
1725396807959 0.13360222152005174 53
1725396807986 0.10453905774052558 54
1725396808026 0.09878461080902981 55
1725396808069 0.1031052954128948 56
1725396808094 0.15365807571310675 57
1725396808116 0.11146433168375486 58
1725396808135 0.14380797818918883 59
1725396808153 0.10569344756284202 60
1725396808172 0.08191675342442961 61
1725396808189 0.15021873045093712 62
1725396808206 0.11393079746123301 63
1725396808223 0.10375899069196412 64
1725396808241 0.1425227174648119 65
1725396808259 0.13415018178144988 66
1725396808278 0.12909011655730243 67
1725396808296 0.14494046717241316 68
1725396808313 0.11565368077221282 69
1725396808332 0.1423577521045893 70
1725396808350 0.10680802202036417 71
1725396808366 0.09172477754073084 72
1725396808378 0.13973276525385891 73
1725396808391 0.11591633027291261 74
1725396808404 0.14947034615171942 75
1725396808417 0.12568204674514147 76
1725396808430 0.11720626867302758 77
1725396808454 0.1349124275874438 78
1725396808478 0.08046734180582156 79
1725396808503 0.1468091984646698 80
1725396808530 0.15064015675995296 81
1725396808556 0.15489660989013412 82
1725396808577 0.12164204919856864 83
1725396808596 0.16301195371495225 84
1725396808614 0.1066262683963636 85
1725396808633 0.12086701943460915 86
1725396808650 0.08482146237103046 87
1725396808669 0.1499048442699481 88
1725396808685 0.1420143530318375 89
1725396808711 0.15225550335346136 90
1725396808738 0.11178855585860949 91
1725396808762 0.15834812263670284 92
1725396808792 0.18296957896199592 93
1725396808816 0.17091210497196296 94
1725396808835 0.12983936605190688 95
1725396808851 0.17806762525174527 96
1725396808868 0.13413436427030243 97
1725396808886 0.10650773603593221 98
1725396808904 0.10395616469655704 99
1725396808922 0.11524549535562978 100
1725396808939 0.16587693188874167 101
1725396808957 0.13874484905153142 102
1725396808976 0.15782326696258006 103
1725396808994 0.1192264224818231 104
1725396809020 0.09936726130155091 105
1725396809035 0.12011813584748651 106
1725396809048 0.1288140428002843 107
1725396809062 0.06196910466099888 108
1725396809086 0.13302501099879052 109
1725396809105 0.16376113045244176 110
1725396809135 0.09972461275144211 111
1725396809167 0.15350157541450496 112
1725396809189 0.21930464981552486 113
1725396809216 0.10962500369853465 114
1725396809237 0.11724588095613715 115
1725396809265 0.10807377076831105 116
1725396809295 0.11149030059680637 117
1725396809316 0.1206002189876102 118
1725396809348 0.15283818849894612 119
1725396809377 0.11429386327083854 120
1725396809409 0.20204179643003964 121
1725396809436 0.1740163198615998 122
1725396809462 0.13855257820137745 123
1725396809484 0.12407629200521411 124
1725396809511 0.12370260965116373 125
1725396809536 0.11695631195803503 126
1725396809563 0.07133819382503895 127
1725396809587 0.0747921793353422 128
1725396809613 0.10215778929837543 129
1725396809632 0.15808534894802456 130
1725396809656 0.0753329091218515 131
1725396809685 0.1109000308103085 132
1725396809700 0.11705212815227542 133
1725396809718 0.16495724294499642 134
1725396809731 0.10922933331093186 135
1725396809744 0.1627696131824966 136
1725396809757 0.12990932874107441 137
1725396809771 0.16597213447677792 138
1725396809784 0.16607364433597394 139
1725396809797 0.14609322673170969 140
1725396809810 0.1273110496906893 141
1725396809831 0.10470821723283219 142
1725396809854 0.09369648391223503 143
1725396809886 0.17882532663515402 144
1725396809913 0.15986816182872848 145
1725396809942 0.1335684101816556 146
1725396809972 0.1151753302719501 147
1725396810002 0.15657283882634127 148
1725396810024 0.2058141479250379 149
1725396810058 0.12429221305836136 150
1725396810090 0.10886265113179686 151
1725396810114 0.13897698341614467 152
1725396810142 0.10927570270925299 153
1725396810168 0.11162923210052134 154
1725396810193 0.07971847659699761 155
1725396810222 0.15406834036980693 156
1725396810244 0.10711512896102372 157
1725396810278 0.1545591864936563 158
1725396810304 0.12382906631246468 159
1725396810327 0.14889714509869198 160
1725396810358 0.1389895042444013 161
1725396810385 0.13936637978310853 162
1725396810410 0.06556139752419567 163
1725396810433 0.1413694176445225 164
1725396810463 0.17492532330275332 165
1725396810488 0.10222345438490142 166
1725396810513 0.15384215457999573 167
1725396810542 0.19901839396716695 168
1725396810566 0.14437666505828464 169
1725396810583 0.13756089047504108 170
1725396810598 0.1502577754457574 171
1725396810616 0.14284235740109633 172
1725396810632 0.10862925565171672 173
1725396810651 0.17352989414811792 174
1725396810665 0.1563010491613303 175
1725396810682 0.1532534348911742 176
1725396810701 0.09107179956169069 177
1725396810719 0.08984681949081157 178
1725396810737 0.13797484065433788 179
1725396810755 0.11559967397222264 180
1725396810774 0.12895348115805425 181
1725396810793 0.13917090819174696 182
1725396810809 0.14632623290647054 183
1725396810830 0.1283038275227622 184
1725396810851 0.10676329347976814 185
1725396810878 0.16850759986159286 186
1725396810904 0.13631701849767205 187
1725396810928 0.08824805908503144 188
1725396810952 0.08644029023774179 189
1725396810981 0.10740602036490202 190
1725396811010 0.05777581160556304 191
1725396811040 0.108547490582493 192
1725396811061 0.11044891825773306 193
1725396811086 0.14867899935494483 194
1725396811113 0.09595954972449919 195
1725396811139 0.13191945511879005 196
1725396811162 0.1395593352727635 197
1725396811182 0.13819347684122935 198
1725396811202 0.15229073386075156 199
1725396811215 0.09941893020889968 200
1725396811228 0.1443335701433337 201
1725396811241 0.09769308363000805 202
1725396811254 0.1141996184415669 203
1725396811267 0.11862961550072074 204
1725396811280 0.176743536778719 205
1725396811293 0.12494171331775573 206
1725396811307 0.11658098780496437 207
1725396811337 0.09942560627424495 208
1725396811364 0.09672252571073038 209
1725396811393 0.13349339298476334 210
1725396811421 0.11852249539865481 211
1725396811454 0.19703531363286023 212
1725396811479 0.12879768084247306 213
1725396811509 0.18459804319912815 214
1725396811539 0.11446007062782168 215
1725396811570 0.08944517329447912 216
1725396811601 0.10180712103161761 217
1725396811626 0.17233786823804997 218
1725396811653 0.16348610427401625 219
1725396811681 0.07624842765688897 220
1725396811718 0.10284791260410019 221
1725396811751 0.14216089790322908 222
1725396811782 0.18151110679341337 223
1725396811811 0.18097010531106494 224
1725396811840 0.1781369215871954 225
1725396811871 0.14185987945031345 226
1725396811901 0.11315694514695157 227
1725396811932 0.1640752640730287 228
1725396811961 0.1505975789740154 229
1725396811992 0.12128931123328614 230
1725396812022 0.14148947110146357 231
1725396812064 0.13889274403008092 232
1725396812094 0.1675112516086327 233
1725396812125 0.21110364915228602 234
1725396812155 0.13291420208798882 235
1725396812187 0.15101723147551344 236
1725396812212 0.16627250242300504 237
1725396812238 0.10041988442567759 238
1725396812272 0.10451153291953474 239
1725396812303 0.12708421937739597 240
1725396812333 0.18255482486068592 241
1725396812355 0.050968182956606316 242
1725396812384 0.14029844142196138 243
1725396812415 0.12171965459981235 244
1725396812445 0.1411804127840132 245
1725396812476 0.13630390651955654 246
1725396812507 0.11813982994843883 247
1725396812534 0.09088550109623957 248
1725396812564 0.2028621044254077 249
1725396812595 0.0981762031869752 250
1725396812626 0.11362959391262632 251
1725396812657 0.11332902739771951 252
1725396812688 0.10703251095141549 253
1725396812715 0.09677661427380334 254
1725396812750 0.10474244569822691 255
1725396812781 0.144482508358792 256
1725396812811 0.10975508222145851 257
1725396812844 0.16561811145035768 258
1725396812874 0.15144677180750354 259
1725396812903 0.08467458668854935 260
1725396812933 0.1130636281933243 261
1725396812964 0.13500586387930089 262
1725396812994 0.10038057919409912 263
1725396813025 0.19797922132498122 264
1725396813062 0.11615415429691157 265
1725396813102 0.10236541923556089 266
1725396813126 0.09625198127010308 267
1725396813158 0.1616465406501903 268
1725396813190 0.14007593162285026 269
1725396813215 0.14291358496407708 270
1725396813247 0.158943095479153 271
1725396813276 0.12969387627647808 272
1725396813307 0.11125032068480548 273
1725396813339 0.12020644031742961 274
1725396813369 0.11832797158059007 275
1725396813404 0.12015650097281635 276
1725396813435 0.16405987118545157 277
1725396813468 0.1280596337174521 278
1725396813498 0.09775973136385745 279
1725396813527 0.10012878000971595 280
1725396813558 0.12105737198327829 281
1725396813585 0.08513801366591311 282
1725396813616 0.13621183780797352 283
1725396813654 0.18277217969151213 284
1725396813685 0.14535795141345126 285
1725396813718 0.12390132581670558 286
1725396813742 0.09768400126747658 287
1725396813770 0.1559687357572953 288
1725396813806 0.0968080873353916 289
1725396813836 0.10949168261975151 290
1725396813861 0.11179590077703351 291
1725396813888 0.09224992589892829 292
1725396813920 0.14285532207428225 293
1725396813951 0.1375728781091845 294
1725396813982 0.09017152066521485 295
1725396814013 0.08591784133265935 296
1725396814076 0.15512861001434677 297
1725396814106 0.1324813680332155 298
1725396814135 0.12984441894568116 299
1725396814165 0.12290768458686815 300
1725396814196 0.19803067845724762 301
1725396814228 0.11064577461678879 302
1725396814264 0.19452609337798793 303
1725396814292 0.0963345204421966 304
1725396814323 0.12824222977295355 305
1725396814354 0.10807868478679021 306
1725396814383 0.09924456539799167 307
1725396814413 0.17972480915489142 308
1725396814445 0.0721380228712208 309
1725396814477 0.1916609883663738 310
1725396814504 0.08519140788362548 311
1725396814530 0.12093235487468285 312
1725396814560 0.1522675297987617 313
1725396814593 0.12238641135322423 314
1725396814622 0.14675438974506883 315
1725396814653 0.13497129782558698 316
1725396814684 0.10485381688586341 317
1725396814710 0.15306179146118706 318
1725396814740 0.12749864179025236 319
1725396814772 0.14704487310352232 320
1725396814803 0.12442002601915403 321
1725396814835 0.1437628146858567 322
1725396814870 0.11252210977903133 323
1725396814900 0.15473351252398698 324
1725396814931 0.11234099446826526 325
1725396814961 0.08752921273638514 326
1725396814991 0.08489904218674561 327
1725396815020 0.16663084167971484 328
1725396815050 0.12680486731547716 329
1725396815086 0.18204783179061654 330
1725396815117 0.1660664847779395 331
1725396815147 0.11288789058743048 332
1725396815179 0.10367542018086082 333
1725396815210 0.13552689406095303 334
1725396815242 0.15529586156287292 335
1725396815271 0.0926252434495486 336
1725396815302 0.13356096213672602 337
1725396815333 0.11241436903504773 338
1725396815364 0.10461532168151007 339
1725396815394 0.1412558645822624 340
1725396815427 0.1080677951582846 341
1725396815457 0.10804769385594833 342
1725396815488 0.1371693079255935 343
1725396815520 0.13009012583601412 344
1725396815551 0.14115538665642263 345
1725396815581 0.12142622960561006 346
1725396815615 0.17770209534944212 347
1725396815645 0.11745171216022508 348
1725396815674 0.1366826079697678 349
1725396815705 0.09436937883106788 350
1725396815735 0.18702394021369736 351
1725396815765 0.04790976507064783 352
1725396815797 0.10455143782648094 353
1725396815827 0.1538454689165173 354
1725396815860 0.1405581449592356 355
1725396815889 0.09293682547374775 356
1725396815921 0.1091204077224474 357
1725396815952 0.11294021117505904 358
1725396815987 0.21135791479209878 359
1725396816017 0.12761844552721127 360
1725396816041 0.17694046051226617 361
1725396816077 0.14424678079481532 362
1725396816110 0.12863667356931474 363
1725396816139 0.1527319623571583 364
1725396816173 0.1436603001647937 365
1725396816202 0.11322031166541441 366
1725396816233 0.11523415283802112 367
1725396816266 0.14206261992398786 368
1725396816296 0.11744343800024443 369
1725396816326 0.11516629733582918 370
1725396816356 0.12840173493232532 371
1725396816387 0.14821782885114182 372
1725396816417 0.12943926419765003 373
1725396816447 0.1417357610538663 374
1725396816478 0.11972578828960286 375
1725396816507 0.13136457634872364 376
1725396816537 0.0999798734335369 377
1725396816567 0.1784395561922763 378
1725396816597 0.14734763900021902 379
1725396816628 0.14841264396591697 380
1725396816661 0.20445564065180458 381
1725396816691 0.07828209654881521 382
1725396816724 0.12293042171852543 383
1725396816755 0.1268897102949358 384
1725396816788 0.16852507676550732 385
1725396816818 0.1624957535086509 386
1725396816849 0.14610997287185176 387
1725396816880 0.09472592076643246 388
1725396816908 0.17864433030093943 389
1725396816941 0.19902135803007315 390
1725396816971 0.14810969309378855 391
1725396817003 0.07921709489592978 392
1725396817035 0.12319632244131531 393
1725396817066 0.128010845237465 394
1725396817099 0.12716979431972264 395
1725396817124 0.126676889834365 396
1725396817155 0.08685454941660281 397
1725396817187 0.1469336195425356 398
1725396817214 0.15048879866206963 399
1725396817247 0.13293495376935993 400
1725396817277 0.10863886107519131 401
1725396817309 0.15124941774419745 402
1725396817340 0.15023137466931874 403
1725396817370 0.0850267718545708 404
1725396817403 0.14575932126848476 405
1725396817435 0.0833136672119126 406
1725396817466 0.17885151824801596 407
1725396817496 0.1294156304559726 408
1725396817527 0.11797656293012572 409
1725396817559 0.1487613441820667 410
1725396817589 0.11852942937517014 411
1725396817620 0.11723976889387006 412
1725396817650 0.091952313668406 413
1725396817680 0.15420889391142414 414
1725396817712 0.14518068203728274 415
1725396817742 0.10270789919210414 416
1725396817773 0.13315018989395633 417
1725396817804 0.17491515756544138 418
1725396817834 0.14058228422777763 419
1725396817868 0.16094797485351156 420
1725396817897 0.15012985306274707 421
1725396817927 0.12791349527968512 422
1725396817956 0.13445742451542886 423
1725396817985 0.18345147847765778 424
1725396818015 0.12302777554864834 425
1725396818046 0.17866194087052958 426
1725396818077 0.1325234227503101 427
1725396818114 0.15786042063265573 428
1725396818145 0.08544213266027766 429
1725396818177 0.142004966239356 430
1725396818207 0.13138306774283476 431
1725396818237 0.09586827769568614 432
1725396818268 0.1465263790140862 433
1725396818300 0.1506474323762323 434
1725396818339 0.13670448046634592 435
1725396818376 0.12969534132430968 436
1725396818404 0.09941124369916991 437
1725396818432 0.11873703755690206 438
1725396818465 0.1578671545021567 439
1725396818496 0.10752044435572879 440
1725396818526 0.15005750147329205 441
1725396818558 0.1086123774658916 442
1725396818588 0.10406899947420639 443
1725396818617 0.14294052153719947 444
1725396818644 0.11024074513068532 445
1725396818675 0.14219027375633747 446
1725396818706 0.11724591227530291 447
1725396818742 0.10150559135002722 448
1725396818777 0.10410717015111957 449
1725396818801 0.14082078384271554 450
1725396818821 0.13321440791230013 451
1725396818847 0.12992303338709832 452
1725396818869 0.14522592887720687 453
1725396818890 0.2008882710765092 454
1725396818906 0.09656138857671645 455
1725396818924 0.12831610694466541 456
1725396818947 0.14067140417800894 457
1725396818963 0.1406820287071765 458
1725396818985 0.12412494814082185 459
1725396818998 0.09871081660863602 460
1725396819011 0.14259205645957349 461
1725396819023 0.11597628304703489 462
1725396819036 0.1326826989804448 463
1725396819049 0.10601061252419529 464
1725396819062 0.09927983974749328 465
1725396819075 0.13749392204821295 466
1725396819095 0.09737991477197935 467
1725396819111 0.14991576698861336 468
1725396819129 0.25924098609105917 469
1725396819148 0.09921100946632969 470
1725396819166 0.12393318840899102 471
1725396819184 0.1649843324209709 472
1725396819201 0.18192943416644794 473
1725396819219 0.1883343991316155 474
1725396819242 0.11626288753677223 475
1725396819260 0.149057618047785 476
1725396819279 0.16799897424100682 477
1725396819302 0.09700956470988872 478
1725396819323 0.09939496570762543 479
1725396819347 0.14674580534166942 480
1725396819369 0.11749409404917276 481
1725396819401 0.1382909833615013 482
1725396819433 0.10666425301035921 483
1725396819462 0.11384701180467621 484
1725396819494 0.14182224985935746 485
1725396819516 0.18124658118161885 486
1725396819532 0.12578955887524948 487
1725396819556 0.19635377189449837 488
1725396819579 0.13069443589825896 489
1725396819603 0.13210137880508716 490
1725396819630 0.12508935346121774 491
1725396819655 0.10614516545028412 492
1725396819675 0.0996661338133337 493
1725396819713 0.11208442098302614 494
1725396819739 0.1658100151709942 495
1725396819766 0.10062563943852283 496
1725396819795 0.17172376968387654 497
1725396819825 0.10243076543227646 498
1725396819850 0.1658277852858732 499
