1725363767004 173.24763270749003 0
1725363767028 169.8496040563546 1
1725363767049 168.1613266960644 2
1725363767070 166.4815790642219 3
1725363767105 164.82049048466632 4
1725363767130 163.17778004879258 5
1725363767157 161.5532337932177 6
1725363767181 159.94663996095474 7
1725363767204 158.3577893764754 8
1725363767230 156.78647541008237 9
1725363767255 155.23249394542788 10
1725363767286 153.69564334745561 11
1725363767318 152.1757244307788 12
1725363767349 150.6725404284872 13
1725363767373 149.18589696137715 14
1725363767397 147.71560200759825 15
1725363767420 146.26146587271072 16
1725363767442 144.82330116014697 17
1725363767473 143.4009227420718 18
1725363767501 141.99414773063546 19
1725363767532 140.60279544961338 20
1725363767562 139.22668740642723 21
1725363767583 137.86564726454188 22
1725363767606 136.51950081623224 23
1725363767627 135.18807595571528 24
1725363767653 133.87120265264127 25
1725363767677 132.5687129259397 26
1725363767701 131.28044081801394 27
1725363767726 130.0062223692803 28
1725363767752 128.74589559304633 29
1725363767776 127.49930045072324 30
1725363767799 126.26627882736766 31
1725363767824 125.04667450754843 32
1725363767850 123.84033315153324 33
1725363767880 122.64710227179077 34
1725363767903 121.4668312098039 35
1725363767926 120.2993711131892 36
1725363767948 119.14457491311893 37
1725363767971 118.00229730204056 38
1725363767993 116.87239471169 39
1725363768015 115.7547252913943 40
1725363768039 114.64914888665973 41
1725363768061 113.55552701804103 42
1725363768088 112.47372286028806 43
1725363768112 111.40360122176577 44
1725363768139 110.34502852414386 45
1725363768174 109.29787278235206 46
1725363768246 108.26200358479748 47
1725363768272 107.23729207384021 48
1725363768295 106.22361092652389 49
1725363768320 105.2208343355571 50
1725363768348 104.22883799054259 51
1725363768377 103.24749905945072 52
1725363768404 102.27669617033354 53
1725363768431 101.31630939327634 54
1725363768454 100.36622022258352 55
1725363768480 99.42631155919497 56
1725363768504 98.49646769333052 57
1725363768527 97.57657428735855 58
1725363768551 96.66651835888639 59
1725363768584 95.76618826406882 60
1725363768613 94.87547368113187 61
1725363768636 93.99426559410934 62
1725363768661 93.12245627678843 63
1725363768685 92.25993927686224 64
1725363768711 91.40660940028572 65
1725363768735 90.5623626958329 66
1725363768766 89.72709643985212 67
1725363768791 88.90070912121682 68
1725363768813 88.08310042646923 69
1725363768834 87.27417122515408 70
1725363768857 86.47382355534036 71
1725363768882 85.68196060932739 72
1725363768909 84.89848671953432 73
1725363768933 84.12330734456901 74
1725363768956 83.35632905547494 75
1725363768986 82.59745952215324 76
1725363769009 81.84660749995746 77
1725363769036 81.10368281645908 78
1725363769060 80.36859635838115 79
1725363769086 79.6412600586979 80
1725363769114 78.92158688389796 81
1725363769144 78.20949082140942 82
1725363769171 77.50488686718388 83
1725363769198 76.80769101343809 84
1725363769222 76.11782023655034 85
1725363769247 75.43519248511016 86
1725363769268 74.75972666811913 87
1725363769293 74.09134264334008 88
1725363769318 73.42996120579417 89
1725363769341 72.7755040764022 90
1725363769372 72.12789389076946 91
1725363769393 71.48705418811178 92
1725363769420 70.85290940032088 93
1725363769446 70.2253848411668 94
1725363769471 69.60440669563688 95
1725363769494 68.98990200940769 96
1725363769518 68.38179867844967 97
1725363769545 67.7800254387618 98
1725363769576 67.18451185623508 99
1725363769604 66.59518831664283 100
1725363769628 66.01198601575645 101
1725363769651 65.43483694958447 102
1725363769670 64.863673904734 103
1725363769694 64.2984304488923 104
1725363769720 63.73904092142702 105
1725363769741 63.185440424104414 106
1725363769760 62.63756481192219 107
1725363769784 62.095350684057685 108
1725363769805 61.55873537492784 109
1725363769828 61.02765694536113 110
1725363769852 60.50205417387879 111
1725363769876 59.98186654808462 112
1725363769900 59.467034256161845 113
1725363769923 58.95749817847513 114
1725363769947 58.453199879277626 115
1725363769970 57.95408159851972 116
1725363769994 57.46008624376016 117
1725363770019 56.97115738217714 118
1725363770044 56.48723923267817 119
1725363770071 56.008276658107626 120
1725363770092 55.53421515755051 121
1725363770119 55.06500085873188 122
1725363770140 54.60058051050927 123
1725363770169 54.14090147545848 124
1725363770201 53.685911722550756 125
1725363770223 53.235559819919914 126
1725363770245 52.78979492771888 127
1725363770269 52.348566791064265 128
1725363770292 51.91182573306769 129
1725363770315 51.479522647952756 130
1725363770338 51.05160899425706 131
1725363770361 50.62803678811724 132
1725363770384 50.20875859663696 133
1725363770408 49.793727531336174 134
1725363770432 49.382897241680624 135
1725363770453 48.976221908691144 136
1725363770478 48.57365623863083 137
1725363770502 48.17515545676997 138
1725363770527 47.78067530122704 139
1725363770554 47.3901720168854 140
1725363770580 47.00360234938424 141
1725363770607 46.620923539183075 142
1725363770631 46.24209331569875 143
1725363770652 45.86706989151427 144
1725363770676 45.495811956658216 145
1725363770699 45.12827867295403 146
1725363770722 44.76442966843818 147
1725363770746 44.40422503184668 148
1725363770771 44.047625307168424 149
1725363770802 43.6945914882653 150
1725363770826 43.34508501355759 151
1725363770849 42.999067760774054 152
1725363770872 42.65650204176613 153
1725363770894 42.31735059738499 154
1725363770917 41.98157659242102 155
1725363770940 41.649143610604675 156
1725363770961 41.32001564966829 157
1725363770987 40.994157116467704 158
1725363771014 40.67153282216296 159
1725363771043 40.352107977457806 160
1725363771069 40.035848187896775 161
1725363771095 39.72271944921912 162
1725363771118 39.412688142769355 163
1725363771142 39.10572103096315 164
1725363771167 38.80178525280826 165
1725363771191 38.500848319479545 166
1725363771213 38.202878109947655 167
1725363771232 37.9078428666605 168
1725363771261 37.61571119127698 169
1725363771284 37.326452040452125 170
1725363771308 37.04003472167344 171
1725363771336 36.756428889147095 172
1725363771360 36.47560453973423 173
1725363771388 36.19753200893589 174
1725363771422 35.92218196692673 175
1725363771454 35.64952541463622 176
1725363771477 35.37953367987727 177
1725363771499 35.11217841352143 178
1725363771525 34.847431585720244 179
1725363771547 34.58526548217186 180
1725363771569 34.32565270043283 181
1725363771603 34.06856614627408 182
1725363771629 33.81397903008076 183
1725363771651 33.561864863295476 184
1725363771678 33.31219745490395 185
1725363771703 33.06495090796341 186
1725363771723 32.820099616171966 187
1725363771746 32.57761826047987 188
1725363771769 32.33748180574092 189
1725363771792 32.099665497404246 190
1725363771818 31.86414485824575 191
1725363771840 31.63089568513872 192
1725363771864 31.39989404586304 193
1725363771895 31.171116275952723 194
1725363771920 30.94453897558122 195
1725363771940 30.720139006483787 196
1725363771964 30.49789348891698 197
1725363771987 30.277779798654247 198
1725363772011 30.059775564017656 199
1725363772034 29.843858662944932 200
1725363772058 29.630007220091617 201
1725363772082 29.418199603967896 202
1725363772109 29.208414424109446 203
1725363772134 29.00063052828228 204
1725363772157 28.79482699972072 205
1725363772185 28.590983154398465 206
1725363772210 28.38907853833218 207
1725363772233 28.189092924917144 208
1725363772255 27.99100631229474 209
1725363772278 27.79479892075132 210
1725363772301 27.600451190147925 211
1725363772324 27.407943777380694 212
1725363772352 27.2172575538716 213
1725363772373 27.028373603088742 214
1725363772398 26.84127321809648 215
1725363772421 26.655937899134482 216
1725363772445 26.472349351225546 217
1725363772464 26.29048948181201 218
1725363772487 26.11034039842008 219
1725363772509 25.931884406351926 220
1725363772534 25.75510400640527 221
1725363772559 25.579981892619898 222
1725363772581 25.40650095005107 223
1725363772614 25.23464425256912 224
1725363772636 25.064395060685428 225
1725363772659 24.89573681940393 226
1725363772687 24.728653156098147 227
1725363772710 24.563127878413418 228
1725363772733 24.39914497219397 229
1725363772756 24.23668859943453 230
1725363772779 24.075743096256037 231
1725363772803 23.9162929709055 232
1725363772828 23.758322901779515 233
1725363772852 23.601817735470956 234
1725363772876 23.446762484838967 235
1725363772898 23.293142327101613 236
1725363772920 23.14094260195116 237
1725363772944 22.9901488096917 238
1725363772966 22.840746609398394 239
1725363772986 22.69272181709906 240
1725363773016 22.5460604039764 241
1725363773048 22.400748494592456 242
1725363773071 22.256772365132946 243
1725363773096 22.11411844167322 244
1725363773118 21.972773298463906 245
1725363773142 21.83272365623729 246
1725363773169 21.69395638053339 247
1725363773194 21.556458480045862 248
1725363773219 21.420217104987238 249
1725363773246 21.285219545473527 250
1725363773270 21.151453229927906 251
1725363773293 21.018905723502854 252
1725363773327 20.8875647265212 253
1725363773352 20.757418072935376 254
1725363773375 20.628453728804722 255
1725363773398 20.500659790790774 256
1725363773424 20.37402448466995 257
1725363773446 20.248536163864394 258
1725363773469 20.12418330798914 259
1725363773493 20.000954521417093 260
1725363773521 19.878838531860353 261
1725363773544 19.757824188968584 262
1725363773568 19.637900462943353 263
1725363773590 19.519056443169298 264
1725363773614 19.4012813368607 265
1725363773632 19.284564467724454 266
1725363773664 19.168895274638267 267
1725363773687 19.054263310344883 268
1725363773712 18.940658240160865 269
1725363773735 18.828069840701087 270
1725363773761 18.716487998617993 271
1725363773786 18.60590270935549 272
1725363773811 18.496304075917333 273
1725363773834 18.38768230765034 274
1725363773861 18.280027719041378 275
1725363773887 18.173330728528555 276
1725363773909 18.067581857326346 277
1725363773931 17.962771728264435 278
1725363773953 17.85889106464015 279
1725363773974 17.75593068908403 280
1725363773995 17.653881522438965 281
1725363774018 17.552734582652285 282
1725363774043 17.45248098368078 283
1725363774066 17.35311193440829 284
1725363774089 17.25461873757624 285
1725363774110 17.156992788726534 286
1725363774134 17.06022557515645 287
1725363774159 16.964308674886315 288
1725363774181 16.869233755638497 289
1725363774205 16.774992573828975 290
1725363774229 16.68157697356992 291
1725363774253 16.588978885684675 292
1725363774278 16.497190326733413 293
1725363774304 16.406203398050682 294
1725363774329 16.316010284793915 295
1725363774352 16.226603255002935 296
1725363774377 16.137974658670576 297
1725363774396 16.05011692682386 298
1725363774426 15.963022570616147 299
1725363774449 15.876684180429455 300
1725363774477 15.79109442498755 301
1725363774502 15.706246050478985 302
1725363774525 15.622131879690677 303
1725363774551 15.538744811151208 304
1725363774575 15.456077818284209 305
1725363774598 15.374123948571523 306
1725363774627 15.29287632272609 307
1725363774653 15.212328133874337 308
1725363774676 15.132472646748168 309
1725363774703 15.053303196886107 310
1725363774728 14.974813189843912 311
1725363774750 14.896996100414093 312
1725363774780 14.819845471854707 313
1725363774814 14.743354915126728 314
1725363774836 14.667518108140658 315
1725363774859 14.592328795011376 316
1725363774883 14.517780785322023 317
1725363774907 14.443867953396204 318
1725363774930 14.37058423757841 319
1725363774951 14.297923639523063 320
1725363774975 14.225880223491528 321
1725363775004 14.154448115657418 322
1725363775031 14.08362150341979 323
1725363775059 14.013394634724241 324
1725363775078 13.943761817391884 325
1725363775102 13.874717418456035 326
1725363775126 13.806255863506566 327
1725363775149 13.738371636041766 328
1725363775175 13.67105927682773 329
1725363775192 13.604313383264998 330
1725363775219 13.538128608762593 331
1725363775241 13.472499662119178 332
1725363775269 13.407421306911417 333
1725363775292 13.342888360889336 334
1725363775316 13.278895695378486 335
1725363775340 13.21543823468923 336
1725363775367 13.152510955532618 337
1725363775391 13.090108886443046 338
1725363775417 13.028227107207469 339
1725363775435 12.966860748301391 340
1725363775462 12.906004990330837 341
1725363775484 12.845655063481347 342
1725363775510 12.785806246972866 343
1725363775534 12.726453868520878 344
1725363775559 12.66759330380401 345
1725363775582 12.609219975937357 346
1725363775629 12.551329354952205 347
1725363775656 12.493916957281419 348
1725363775687 12.436978345250827 349
1725363775709 12.380509126576484 350
1725363775732 12.32450495386754 351
1725363775761 12.268961524134989 352
1725363775789 12.213874578305761 353
1725363775809 12.159239900742666 354
1725363775839 12.10505331876962 355
1725363775863 12.051310702202247 356
1725363775885 11.998007962884131 357
1725363775908 11.945141054228001 358
1725363775931 11.892705970762332 359
1725363775957 11.840698747683186 360
1725363775980 11.789115460410963 361
1725363776002 11.737952224152346 362
1725363776025 11.68720519346723 363
1725363776051 11.636870561840551 364
1725363776075 11.58694456125888 365
1725363776099 11.537423461792075 366
1725363776125 11.488303571179513 367
1725363776149 11.439581234421022 368
1725363776172 11.391252833372624 369
1725363776198 11.343314786346669 370
1725363776228 11.295763547716643 371
1725363776250 11.248595607526438 372
1725363776279 11.201807491103953 373
1725363776301 11.1553957586794 374
1725363776324 11.109357005007494 375
1725363776352 11.063687858994202 376
1725363776376 11.018384983327753 377
1725363776399 10.97344507411368 378
1725363776424 10.928864860513995 379
1725363776448 10.884641104390786 380
1725363776474 10.840770599953238 381
1725363776497 10.797250173409264 382
1725363776521 10.75407668262067 383
1725363776544 10.71124701676242 384
1725363776569 10.668758095985648 385
1725363776593 10.626606871084604 386
1725363776623 10.58479032316721 387
1725363776656 10.543305463329391 388
1725363776680 10.50214933233323 389
1725363776701 10.46131900028853 390
1725363776725 10.420811566338063 391
1725363776752 10.380624158346446 392
1725363776777 10.340753932592307 393
1725363776805 10.301198073464299 394
1725363776826 10.261953793160139 395
1725363776852 10.223018331389225 396
1725363776871 10.184388955078564 397
1725363776895 10.146062958082203 398
1725363776919 10.108037660893455 399
1725363776941 10.070310410360976 400
1725363776967 10.03287857940747 401
1725363776990 9.995739566751887 402
1725363777014 9.958890796634766 403
1725363777039 9.922329718546353 404
1725363777062 9.886053806958214 405
1725363777085 9.850060561057397 406
1725363777109 9.814347504483878 407
1725363777132 9.778912185070954 408
1725363777159 9.743752174588334 409
1725363777184 9.708865068488349 410
1725363777209 9.674248485654804 411
1725363777232 9.639900068154796 412
1725363777257 9.60581748099322 413
1725363777281 9.571998411870052 414
1725363777307 9.538440570940326 415
1725363777332 9.505141690576837 416
1725363777359 9.472099525135434 417
1725363777382 9.439311850723033 418
1725363777408 9.4067764649681 419
1725363777428 9.37449118679373 420
1725363777449 9.342453856193409 421
1725363777472 9.310662334008956 422
1725363777494 9.27911450171132 423
1725363777515 9.24780826118352 424
1725363777534 9.21674153450613 425
1725363777562 9.185912263745196 426
1725363777586 9.1553184107424 427
1725363777611 9.124957956907625 428
1725363777635 9.094828903013841 429
1725363777666 9.064929268994186 430
1725363777688 9.035257093741496 431
1725363777712 9.0058104349098 432
1725363777736 8.976587368718183 433
1725363777762 8.947585989756796 434
1725363777785 8.918804410794998 435
1725363777810 8.890240762591752 436
1725363777837 8.861893193707843 437
1725363777863 8.833759870320437 438
1725363777885 8.8058389760396 439
1725363777909 8.778128711726836 440
1725363777934 8.750627295315681 441
1725363777954 8.723332961634132 442
1725363777979 8.696243962229358 443
1725363778004 8.669358565193978 444
1725363778027 8.64267505499446 445
1725363778050 8.616191732301433 446
1725363778075 8.589906913821757 447
1725363778101 8.563818932132582 448
1725363778125 8.537926135517074 449
1725363778148 8.512226887802127 450
1725363778170 8.486719568197708 451
1725363778195 8.461402571138102 452
1725363778219 8.436274306124789 453
1725363778247 8.411333197571125 454
1725363778267 8.38657768464875 455
1725363778294 8.36200622113556 456
1725363778321 8.337617275265519 457
1725363778343 8.313409329579967 458
1725363778369 8.289380880780717 459
1725363778386 8.265530439584538 460
1725363778407 8.241856530579549 461
1725363778427 8.218357692082822 462
1725363778454 8.195032475999952 463
1725363778472 8.171879447685711 464
1725363778494 8.148897185806648 465
1725363778513 8.126084282204886 466
1725363778535 8.103439341763638 467
1725363778555 8.080960982273984 468
1725363778580 8.05864783430334 469
1725363778605 8.03649854106502 470
1725363778625 8.014511758289661 471
1725363778648 7.992686154097679 472
1725363778682 7.971020408873266 473
1725363778709 7.949513215139859 474
1725363778735 7.928163277436737 475
1725363778765 7.906969312197104 476
1725363778787 7.885930047627572 477
1725363778811 7.8650442235887965 478
1725363778835 7.844310591477416 479
1725363778860 7.823727914109431 480
1725363778884 7.803294965604785 481
1725363778910 7.7830105312730105 482
1725363778931 7.762873407500418 483
1725363778953 7.742882401638305 484
1725363778978 7.723036331892476 485
1725363779001 7.7033340272138275 486
1725363779020 7.683774327190309 487
1725363779047 7.6643560819399505 488
1725363779071 7.645078152004956 489
1725363779093 7.625939408247145 490
1725363779120 7.60693873174436 491
1725363779142 7.58807501368805 492
1725363779164 7.569347155281972 493
1725363779187 7.550754067642006 494
1725363779210 7.532294671696934 495
1725363779235 7.513967898090491 496
1725363779263 7.4957726870842425 497
1725363779288 7.477707988461649 498
1725363779313 7.4597727614331975 499
