1725342885413 169.55531511170602 0
1725342885430 76690903545277.64 1
1725342885446 7.492106850453211e+28 2
1725342885464 7.791591256563971e+43 3
1725342885481 8.121180399015367e+58 4
1725342885496 8.465441454057303e+73 5
1725342885513 8.824325536702346e+88 6
1725342885531 9.198425360819853e+103 7
1725342885550 9.588384879705677e+118 8
1725342885572 9.99487640691442e+133 9
1725342885593 1.041860080123668e+149 10
1725342885611 1.0860288635532276e+164 11
1725342885628 1.1320701454755112e+179 12
1725342885646 1.180063308892097e+194 13
1725342885665 1.230091102180283e+209 14
1725342885680 1.2822397817653543e+224 15
1725342885695 1.3365992608413297e+239 16
1725342885715 1.3932632643966057e+254 17
1725342885731 1.4523294908117768e+269 18
1725342885748 1.5138997803082634e+284 19
1725342885763 1.5780802905381747e+299 20
1725342885777 inf 21
1725342885791 inf 22
