1725388228532 65.04673055565243 0
1725388228601 24.253366864154238 1
1725388228683 12.567380513342165 2
1725388228771 5.2836151519433 3
1725388228857 3.205385348898303 4
1725388228945 0.5194317634675408 5
1725388229023 0.09390599734765341 6
1725388229106 0.25279929606735274 7
1725388229200 0.19453455477825085 8
1725388229276 0.0022238258562180106 9
1725388229343 0.13742483634673514 10
1725388229427 0.09954311249964468 11
1725388229514 0.00023927995450336639 12
1725388229587 0.0005544012872236488 13
1725388229710 0.015032111956366308 14
1725388229766 0.11927612459893075 15
1725388229822 0.007627394728108264 16
1725388229902 0.020871335931902386 17
1725388229973 0.00131481542670685 18
1725388230033 0.030912779591089803 19
1725388230096 0.19505235047089356 20
1725388230154 0.514748772096613 21
1725388230214 0.0048066206755815475 22
1725388230276 0.11791902482447712 23
1725388230333 0.0027111370818549297 24
1725388230417 0.03620954711383877 25
1725388230500 0.43582109061419977 26
1725388230566 0.01127565546362882 27
1725388230622 0.032827088951775135 28
1725388230683 0.002960129564098745 29
1725388230752 0.047511907334147126 30
1725388230844 0.0834673959518599 31
1725388230930 0.014192152476613961 32
1725388231006 0.1993836459004536 33
1725388231092 0.0503497067652739 34
1725388231194 0.011012406576154219 35
1725388231277 0.02191627734813761 36
1725388231331 0.01972184219288928 37
1725388231413 0.011057892716806928 38
1725388231506 0.0008486574382922429 39
1725388231573 0.014726566996578207 40
1725388231649 0.039380151539446386 41
1725388231721 0.04005086815377383 42
1725388231772 0.0048907579067565534 43
1725388231825 0.0007484435992249579 44
1725388231884 1.5765075893133367e-06 45
1725388231938 0.34641035768538786 46
1725388232008 6.180920146983018e-05 47
1725388232091 0.0008539128967403982 48
1725388232147 0.08232001373841347 49
1725388232209 0.035723608472374574 50
1725388232279 0.00032379407789128844 51
1725388232348 0.05038275232079534 52
1725388232399 0.047770092928963066 53
1725388232458 0.0015543039396569902 54
1725388232534 0.014579355903087532 55
1725388232609 0.10396171133304542 56
1725388232684 0.05837451849906444 57
1725388232761 0.037614986109220545 58
1725388232844 0.0652732475718686 59
1725388232936 0.11994364307207589 60
1725388233020 0.003396652189528792 61
1725388233095 0.04839672122921624 62
1725388233158 0.07458541060708623 63
1725388233235 0.08706117100546314 64
1725388233308 0.0005512240443429566 65
1725388233385 0.021157358091139358 66
1725388233453 0.04763834851812268 67
1725388233527 0.009220125816740548 68
1725388233590 0.006230631673849713 69
1725388233642 0.0501968503318981 70
1725388233709 0.0064212037048294365 71
1725388233768 0.046428681658338924 72
1725388233835 0.09362142440883046 73
1725388233898 0.00022264181770624775 74
1725388233969 0.009779701638449404 75
1725388234037 0.027395998867221334 76
1725388234106 0.0028634054569055016 77
1725388234182 0.05566507844262352 78
1725388234248 0.001205818624988814 79
1725388234313 0.0010040251042309502 80
1725388234378 0.020177746027765675 81
1725388234453 0.001529239607089736 82
1725388234526 0.00473395624405842 83
1725388234593 0.1573568166924087 84
1725388234660 0.00024272799182843536 85
1725388234731 0.004607523629858144 86
1725388234800 0.08033284678476177 87
1725388234860 0.017014627186697658 88
1725388234932 0.0011718815617075484 89
1725388235013 0.07386675533739408 90
1725388235083 0.013339589526362702 91
1725388235165 0.03692012567308885 92
1725388235246 0.049134808602737993 93
1725388235314 0.008431593884399019 94
1725388235396 0.0012541115415425023 95
1725388235467 0.0332720329622667 96
1725388235537 0.013409048921378454 97
1725388235629 0.00010283750223069454 98
1725388235711 0.016932813337943227 99
1725388235799 0.06135979119368198 100
1725388235865 0.0006392316009782205 101
1725388235938 0.06075240223819757 102
1725388236011 0.025907141975783005 103
1725388236081 0.15135746525534255 104
1725388236142 0.03855646210311113 105
1725388236209 0.13028498301021113 106
1725388236271 0.050222067140563244 107
1725388236333 0.010938315386337175 108
1725388236419 0.29942425749887613 109
1725388236506 0.006601713612093943 110
1725388236586 0.30437648898311603 111
1725388236657 0.05630891094261373 112
1725388236721 0.04353613263211632 113
1725388236799 0.034512057947564186 114
1725388236884 0.09441323674844086 115
1725388236950 0.010913775504475474 116
1725388237021 0.0006552007057135799 117
1725388237103 0.19680351094314874 118
