1725428138915 58.67347868607887 0
1725428139014 20.64238747871844 1
1725428139110 12.511240647144355 2
1725428139194 8.106263968075801 3
1725428139274 0.3749126157471044 4
1725428139382 0.15871506212901965 5
1725428139473 0.5833186029837695 6
1725428139550 1.381405528605241 7
1725428139628 0.0636547604584415 8
1725428139688 0.3949671627607673 9
1725428139754 0.2239973329552248 10
1725428139825 0.0031072546035469046 11
1725428139897 0.0006410508237375068 12
1725428139971 2.038790462378171 13
1725428140055 0.8070476495423853 14
1725428140265 0.00010792178469069807 15
1725428140354 0.20786353696297805 16
1725428140435 0.8561211387452651 17
1725428140505 0.4245372540641474 18
1725428140593 0.09716595939873832 19
1725428140660 0.4363676688211693 20
1725428140733 1.0515970104644823 21
1725428140803 0.03343336160563947 22
1725428140872 0.13215649007540836 23
1725428140949 0.08063904910457487 24
1725428141014 0.3813815358930055 25
1725428141095 0.10642395302913564 26
1725428141171 0.4161836250262649 27
1725428141260 0.18793233805979845 28
1725428141326 0.9594163255940815 29
1725428141390 0.080458213992701 30
1725428141453 0.16651859234257205 31
1725428141522 0.6229141460473208 32
1725428141591 0.02955272090343821 33
1725428141659 1.5072576834887008 34
1725428141740 0.05945512789067922 35
1725428141809 0.25368149538606705 36
1725428141877 0.01714822745457647 37
1725428141944 0.3354212680002279 38
1725428142015 8.918467055517321e-05 39
1725428142094 0.025383696182588754 40
1725428142157 1.4794657363365766 41
1725428142233 0.33417127206964603 42
1725428142305 0.00577158592278265 43
1725428142373 0.07276267701130139 44
1725428142445 0.02079600126031291 45
1725428142513 0.05219281440087138 46
1725428142581 0.6809998473138605 47
1725428142652 0.1785009978864753 48
1725428142730 0.07853246234466403 49
1725428142802 0.9480028718477699 50
1725428142889 0.056621403068994984 51
1725428142959 0.008105760087255953 52
1725428143033 0.16900022401533998 53
1725428143104 0.04348931469137998 54
1725428143188 0.3373321302301498 55
1725428143260 0.05680410712960334 56
1725428143347 0.14981172031439371 57
1725428143414 0.12171026796682148 58
1725428143483 0.05466815552648577 59
1725428143558 0.12125022625598128 60
1725428143634 0.027485546907425742 61
1725428143718 0.025681787363711593 62
1725428143787 0.000401968755855342 63
1725428143855 0.0940467657485368 64
1725428143934 0.005206343376396623 65
1725428144005 0.002452560839592265 66
1725428144064 3.956676586950052 67
1725428144123 0.0010429003563232708 68
1725428144194 0.016538581114666242 69
1725428144267 0.002153841813276715 70
1725428144331 0.02831937476360065 71
1725428144401 0.0010690754764836605 72
1725428144475 0.4081178258890276 73
1725428144551 0.5085410513541117 74
1725428144623 0.2513249509142755 75
1725428144687 0.3883813019081009 76
1725428144755 0.029133383161740883 77
1725428144831 0.12647836230163453 78
1725428144909 0.003147279803749915 79
1725428144987 0.013779028327123646 80
1725428145059 0.1158186135909713 81
1725428145130 0.47766099933550105 82
1725428145212 0.5204999897228747 83
1725428145294 0.01688508907003129 84
1725428145372 0.4886849560860241 85
1725428145437 0.06332644125539635 86
1725428145502 0.0031680920659870543 87
1725428145578 1.0465525445754431e-05 88
1725428145641 0.05201343127551194 89
1725428145709 0.01552835337417632 90
1725428145768 0.3704129228978674 91
1725428145836 0.0004913652829279487 92
1725428145901 0.003123747935355321 93
1725428145972 0.05214541951756798 94
1725428146044 0.0009137511147372058 95
1725428146113 0.1738699429073269 96
1725428146189 0.18651330269688457 97
1725428146282 0.0003373394884461798 98
1725428146350 0.07240496269092049 99
1725428146421 0.04010945962690851 100
1725428146489 0.23045932624651608 101
1725428146555 0.225125299401778 102
1725428146637 0.004890553788011633 103
1725428146707 0.1490734259090794 104
1725428146787 0.004444107672031225 105
1725428146867 0.01746141035437626 106
1725428146951 0.03246729165212046 107
1725428147025 0.011584145388463868 108
1725428147096 0.041081107033082896 109
1725428147160 0.06163803118646154 110
1725428147229 0.36731194038867704 111
1725428147285 0.00015997477504307622 112
1725428147351 0.008955496754117592 113
1725428147417 0.22963285486997595 114
1725428147499 0.2606406059389748 115
1725428147567 0.07330380349994894 116
1725428147647 0.01742149522254185 117
1725428147726 0.0660748142654182 118
1725428147796 0.31837391583609753 119
1725428147876 0.01928408793065937 120
1725428147958 0.1999571404086157 121
1725428148035 0.023237285989010054 122
1725428148118 0.07878988762307841 123
1725428148187 0.10194490698787646 124
1725428148299 0.08925506888617282 125
1725428148370 0.03103391212484557 126
1725428148446 0.47494289533902634 127
1725428148529 0.0026674711706313023 128
1725428148598 0.14832345327506535 129
1725428148667 0.10208487689311618 130
1725428148744 4.9569425691012536e-05 131
1725428148831 0.00011300745438061205 132
1725428148902 0.34928764815780156 133
1725428148982 0.00968282411338367 134
1725428149047 0.034766109967790844 135
1725428149123 0.0022323906445709933 136
1725428149203 0.17127605484182698 137
1725428149281 0.0004793606223049511 138
1725428149354 0.1346925570005122 139
1725428149430 0.07074022437907933 140
1725428149495 0.059733147856198356 141
1725428149580 0.011323236061102743 142
1725428149646 0.08290633519966953 143
1725428149728 1.5396830030998597e-05 144
1725428149789 0.13967315473749214 145
1725428149856 0.013516541255057316 146
1725428149934 0.23127445283347325 147
1725428150003 0.016880158280729852 148
1725428150092 0.1977659840044922 149
1725428150166 0.28426580164575055 150
1725428150239 0.12620029225307497 151
1725428150311 8.403423787095383e-07 152
1725428150376 0.014075582034811202 153
1725428150448 0.004379367793720059 154
1725428150517 0.09364433812300077 155
1725428150596 0.18491349819386824 156
1725428150667 0.10765062966875381 157
1725428150745 0.18534700311372207 158
1725428150811 2.0011135861847297e-05 159
1725428150878 0.011116657411073354 160
1725428150946 0.0934096305837117 161
1725428151025 0.005820643977479571 162
1725428151097 4.7564660305652936e-05 163
1725428151162 0.07149650876132214 164
1725428151235 0.0030994337411044143 165
1725428151327 0.11082484875289696 166
1725428151389 0.04915073314085915 167
1725428151471 0.03634087733609278 168
1725428151529 0.06990853557710511 169
1725428151590 0.040250010525982045 170
1725428151669 0.023347592930187216 171
1725428151751 0.15210933632187099 172
1725428151821 0.00039284147244740493 173
1725428151889 0.02362783685492011 174
1725428151961 1.2961733507409474 175
1725428152026 0.010242121328498069 176
1725428152092 0.0030939172962146174 177
1725428152160 0.13932781406997163 178
1725428152225 0.003649997639745232 179
1725428152313 0.07266085577999536 180
1725428152382 0.030276406781230766 181
1725428152465 0.3409058593497815 182
1725428152552 0.003527126371621494 183
1725428152617 0.0073337893453035655 184
1725428152682 0.02122328443690212 185
1725428152754 0.11003735751308955 186
1725428152830 0.1311412206821162 187
1725428152890 0.09262694031137682 188
1725428152960 0.24386860168067082 189
1725428153050 0.37300278845454526 190
1725428153119 0.00956254761229938 191
1725428153195 0.04642798533396781 192
1725428153264 0.09820817885491935 193
1725428153343 0.020264245293919434 194
1725428153414 0.0710974150672971 195
1725428153473 0.002687592341413865 196
1725428153539 0.2721379622762537 197
1725428153602 0.005827141594488855 198
1725428153682 0.011991636694372322 199
1725428153765 0.012002194829281408 200
1725428153841 0.0019702546421205397 201
1725428153917 0.1608245017921803 202
1725428153990 0.6428322989649569 203
1725428154058 0.11678242593946837 204
1725428154151 0.0429843954165762 205
1725428154226 0.0030065462999831327 206
1725428154296 0.026868435631960983 207
1725428154356 0.7510040858886192 208
1725428154431 0.00022207336760314932 209
1725428154499 0.12482277570373357 210
1725428154579 0.29144421399711834 211
1725428154647 0.03988305700370614 212
1725428154719 0.009336763917665079 213
1725428154789 0.027540093488538676 214
1725428154861 0.03812612792589179 215
1725428154942 0.004839283907623551 216
1725428155015 0.09290838491024223 217
1725428155078 0.20543030933183112 218
1725428155150 1.3495765143662571e-05 219
1725428155219 0.0004168728936510541 220
1725428155290 0.10261398164753148 221
1725428155371 0.09490728474046599 222
1725428155452 0.05661516376531411 223
1725428155516 0.0015304945998613122 224
1725428155580 0.05048575066418884 225
1725428155655 0.001406310678987551 226
1725428155739 0.03291550386463363 227
1725428155821 0.005141698040861639 228
1725428155890 0.2743446919916799 229
1725428155960 0.06285129932085948 230
1725428156030 0.0029461222433957227 231
1725428156095 0.0038097499941990988 232
1725428156163 1.1711959968599997e-05 233
1725428156227 0.03950236215997974 234
1725428156308 0.00715682667928077 235
1725428156375 0.11986770989616975 236
1725428156454 0.08751929055084992 237
1725428156526 0.11657614240714059 238
1725428156597 0.0022871561560238356 239
1725428156669 1.6264486868322376e-06 240
1725428156725 0.18472122936113705 241
1725428156794 0.007899107007368547 242
1725428156878 0.07931647660053882 243
1725428156949 0.18018564600453918 244
1725428157038 0.026739039609080507 245
1725428157109 0.01623529556265474 246
1725428157177 0.011550435134280314 247
1725428157257 0.11967356210788126 248
1725428157333 0.0007250062941496291 249
1725428157405 0.0015457953359272203 250
1725428157467 0.29422806922839095 251
1725428157543 0.05541259463615366 252
1725428157623 0.0715371293941626 253
1725428157705 0.0006041710220025465 254
1725428157772 0.001617445299686953 255
1725428157855 0.001111798376432936 256
1725428157912 0.018799723975241284 257
1725428157969 0.0005393615811772008 258
1725428158037 0.015457371945299721 259
1725428158115 0.040361609747025094 260
1725428158194 0.12381753389290162 261
1725428158282 0.04386226920184478 262
1725428158359 0.009736287315938926 263
1725428158433 0.025751335415757474 264
1725428158509 0.06687652275142164 265
1725428158589 0.07906780557267272 266
1725428158669 0.015023008920400613 267
1725428158736 0.024832239135707045 268
1725428158804 0.09736200680440432 269
1725428158881 0.009364365143949718 270
1725428158954 0.14824083192684334 271
1725428159033 0.003029322644692357 272
1725428159096 0.08900995741515756 273
1725428159153 0.11308814420481005 274
1725428159231 0.044534739947495086 275
1725428159297 0.11464190205626743 276
1725428159365 0.0249579778095866 277
1725428159440 5.340039762074139e-06 278
1725428159507 0.0005550075088826565 279
1725428159581 0.030161449293120382 280
1725428159664 0.01950166914879668 281
1725428159741 0.08120006782472543 282
1725428159830 0.09653412039064106 283
1725428159884 0.2114283530283492 284
1725428159954 0.049504168273699765 285
1725428160025 0.00570229210480934 286
1725428160095 0.025780272429758833 287
1725428160164 0.04985873609698218 288
1725428160239 0.0002662406180090432 289
1725428160308 0.10905016753243342 290
1725428160379 0.06623551070448618 291
1725428160465 0.017505539724567632 292
1725428160545 0.04257851838749765 293
1725428160606 0.0005710121210939903 294
1725428160674 0.12148835207647761 295
1725428160747 0.0017679734425981647 296
1725428160843 0.020490278082257212 297
1725428160914 0.016441351903704188 298
1725428160971 0.43289368073383244 299
1725428161047 0.0038978992103715394 300
1725428161118 0.08881953394601683 301
1725428161207 0.015260274401119931 302
1725428161296 0.13036333122128826 303
1725428161367 0.01913237838558739 304
1725428161444 0.03270048904426531 305
1725428161505 0.05437891639663947 306
1725428161569 0.0012734051069479093 307
1725428161631 0.3332666591646568 308
1725428161701 0.03759337687453056 309
1725428161773 0.0005148037073613392 310
1725428161860 0.02132180374163506 311
1725428161934 0.03330663692180993 312
1725428162008 0.00102852916981786 313
1725428162079 0.007154348353636532 314
1725428162144 0.030079787159674416 315
1725428162220 0.1220285347280589 316
1725428162301 0.20736483322667432 317
1725428162360 0.1272371088217416 318
1725428162426 0.007552109011385844 319
1725428162490 0.005073321138744698 320
1725428162551 0.10794713463252115 321
1725428162621 0.01232894316710967 322
1725428162688 0.03733364524240453 323
1725428162767 0.10961501949936926 324
1725428162837 7.688150476388338e-06 325
1725428162905 0.000971938098067392 326
1725428162988 4.138039582373752e-05 327
1725428163048 0.0029039879655102753 328
1725428163114 0.006323867398199568 329
1725428163185 0.10117137744127837 330
1725428163246 0.02954521545435269 331
1725428163312 0.07689562537214238 332
1725428163378 0.05051601019817182 333
1725428163454 0.1013753415294024 334
1725428163513 0.05771206525989986 335
1725428163595 0.000276178927201587 336
1725428163679 0.3394381725362006 337
1725428163765 0.007825050840132302 338
1725428163835 0.03989914890550947 339
1725428163907 0.009131142270898028 340
1725428163986 0.09686750723968662 341
1725428164050 0.1172801569375408 342
1725428164121 0.22287957696616334 343
1725428164200 0.13865322004904757 344
1725428164280 0.00548023640940967 345
1725428164354 0.08624516808287414 346
1725428164430 0.023625510395047202 347
1725428164519 0.11775557056146302 348
1725428164590 0.18460510268020405 349
1725428164675 0.028113196718183336 350
1725428164747 0.0019973655487334732 351
1725428164816 0.0007688762022677596 352
1725428164887 0.0035593048052284235 353
1725428164962 0.001276033146584227 354
1725428165034 0.005357983488280344 355
1725428165105 0.02010652137517903 356
1725428165182 0.027628509690125157 357
1725428165254 0.03759952445376326 358
1725428165335 0.020329236524173924 359
1725428165413 0.03217625516232553 360
1725428165486 0.22182800201311423 361
1725428165554 0.018472234121221377 362
1725428165629 0.09391852244251019 363
1725428165704 0.16525673010807698 364
1725428165773 0.08175432886213642 365
1725428165846 0.03704231403665713 366
1725428165908 0.10440953372052766 367
1725428165992 1.6454888648020152e-05 368
1725428166063 0.051934302835012276 369
1725428166121 0.24700443977071923 370
1725428166183 0.18420389330370493 371
1725428166241 0.07617953129603887 372
1725428166309 0.0013824979571944332 373
1725428166389 0.15182299792636453 374
1725428166476 0.0415455093593461 375
1725428166559 0.003059011532831796 376
1725428166621 0.03937336145681066 377
1725428166689 4.0380744892402916e-07 378
1725428166751 0.07915842898192553 379
1725428166826 0.28653574850922675 380
1725428166908 0.03353111591178874 381
1725428166977 0.4651957812443682 382
1725428167046 0.23535017248693577 383
1725428167112 0.006394962695963219 384
1725428167187 0.18272246674747977 385
1725428167264 0.15526040742087283 386
1725428167337 0.28761326698974354 387
1725428167409 0.0867194501773519 388
1725428167491 0.042546443941742375 389
1725428167567 0.00992571509074307 390
1725428167638 0.08737292682986426 391
1725428167707 0.09506628798702178 392
1725428167783 0.008080375937899134 393
1725428167866 0.02017739315908549 394
