1725354406112 168.996543037322 0
1725354406126 165.75984022920477 1
1725354406138 164.15110978266492 2
1725354406151 162.53349888013213 3
1725354406164 160.9318931975547 4
1725354406178 159.34685680197654 5
1725354406193 157.77666134338043 6
1725354406207 156.22274272124255 7
1725354406221 154.68353265497808 8
1725354406238 153.16049644527436 9
1725354406255 151.65188819999355 10
1725354406281 150.15846121257314 11
1725354406309 148.67922467377244 12
1725354406327 147.2152861907011 13
1725354406346 145.76610345753178 14
1725354406374 144.33081200955402 15
1725354406391 142.91003595218018 16
1725354406400 141.5029184096043 17
1725354406410 140.11023337746207 18
1725354406421 138.73137020541398 19
1725354406434 137.36603161557602 20
1725354406447 136.0132480281236 21
1725354406459 134.67492554576822 22
1725354406468 133.35009270419823 23
1725354406484 132.0381779740264 24
1725354406498 130.73848921510873 25
1725354406513 129.45253264219636 26
1725354406530 128.17924252387914 27
1725354406543 126.9182333388901 28
1725354406558 125.66929642718792 29
1725354406580 124.43359904141144 30
1725354406596 123.21004653727397 31
1725354406615 121.99837340420673 32
1725354406634 120.79869705048002 33
1725354406654 119.61074238736929 34
1725354406673 118.4343005077822 35
1725354406691 117.27049850767283 36
1725354406708 116.11767227574092 37
1725354406721 114.97601040197925 38
1725354406735 113.8460034556326 39
1725354406757 112.72738302933521 40
1725354406774 111.61867999265651 41
1725354406793 110.52201197786444 42
1725354406808 109.43632770576772 43
1725354406826 108.36116216605085 44
1725354406846 107.29601680016344 45
1725354406864 106.24163462430393 46
1725354406882 105.19833466329439 47
1725354406904 104.16494972476482 48
1725354406922 103.1415745451739 49
1725354406938 102.12911258425545 50
1725354406952 101.12596651585591 51
1725354406970 100.13256438782898 52
1725354406979 99.14944977834723 53
1725354406988 98.17623191865049 54
1725354406997 97.21231032021396 55
1725354407007 96.2580053919247 56
1725354407016 95.31244242500385 57
1725354407024 94.37728312335341 58
1725354407033 93.45124996416367 59
1725354407041 92.53386103997373 60
1725354407050 91.62549412566668 61
1725354407059 90.72688755986782 62
1725354407067 89.83681463086924 63
1725354407075 88.95520950424388 64
1725354407084 88.08270744904 65
1725354407092 87.21819761141988 66
1725354407104 86.36262059787842 67
1725354407122 85.51563600056949 68
1725354407136 84.67751262210945 69
1725354407148 83.84641057858444 70
1725354407161 83.02452080185894 71
1725354407176 82.21080498234697 72
1725354407190 81.40487583615607 73
1725354407206 80.60629572493308 74
1725354407223 79.8162562375673 75
1725354407243 79.0343225263147 76
1725354407258 78.25945266112939 77
1725354407275 77.49253776508972 78
1725354407299 76.73254857560582 79
1725354407382 75.98085425875206 80
1725354407392 75.23670136362568 81
1725354407401 74.49923333132995 82
1725354407412 73.76957474919325 83
1725354407422 73.04732384896596 84
1725354407430 72.33188709290167 85
1725354407438 71.62322275723889 86
1725354407448 70.92193735610985 87
1725354407456 70.227287643149 88
1725354407465 69.53968515481938 89
1725354407477 68.85864566871034 90
1725354407492 68.1846574385118 91
1725354407511 67.51776841621796 92
1725354407527 66.8565073344007 93
1725354407546 66.20177228865079 94
1725354407564 65.55468452708817 95
1725354407585 64.91265578319009 96
1725354407600 64.27745288903954 97
1725354407618 63.64856907200361 98
1725354407642 63.026360735812865 99
1725354407660 62.40937812447044 100
1725354407677 61.799404791769746 101
1725354407696 61.194894359277086 102
1725354407716 60.59643950101952 103
1725354407733 60.00421748736957 104
1725354407747 59.416556743743065 105
1725354407762 58.83614923231992 106
1725354407774 58.26116461428276 107
1725354407787 57.691568428539156 108
1725354407799 57.12796231728074 109
1725354407812 56.56947775368875 110
1725354407824 56.016920996248125 111
1725354407838 55.46945944890401 112
1725354407853 54.92731728334003 113
1725354407870 54.390689046406884 114
1725354407890 53.859592766690355 115
1725354407910 53.33370398570437 116
1725354407933 52.81270325394007 117
1725354407949 52.297183906907335 118
1725354407966 51.78628531917577 119
1725354407982 51.28040241963021 120
1725354407997 50.78036730079491 121
1725354408010 50.28439619849675 122
1725354408027 49.79408076219368 123
1725354408050 49.30780293648666 124
1725354408077 48.82670137959378 125
1725354408097 48.350131377198316 126
1725354408120 47.87866025127451 127
1725354408139 47.41146958744876 128
1725354408164 46.94941283524202 129
1725354408185 46.49116414955127 130
1725354408203 46.037584526457195 131
1725354408220 45.58906012798349 132
1725354408239 45.1448407723182 133
1725354408257 44.70414067409897 134
1725354408277 44.26855827297088 135
1725354408296 43.837149138570204 136
1725354408315 43.410110819772214 137
1725354408334 42.98678686956777 138
1725354408353 42.56843007675315 139
1725354408373 42.153770071805596 140
1725354408406 41.7420997369759 141
1725354408427 41.33632051876226 142
1725354408446 40.93363393041798 143
1725354408468 40.53518433946253 144
1725354408487 40.140468909039015 145
1725354408506 39.74951163019344 146
1725354408529 39.36222153807397 147
1725354408550 38.979520764256975 148
1725354408570 38.60040088435839 149
1725354408590 38.22481028754438 150
1725354408612 37.85216998706512 151
1725354408631 37.48419193680227 152
1725354408652 37.11969867480683 153
1725354408669 36.75916147922534 154
1725354408688 36.401074805377675 155
1725354408707 36.04705555794262 156
1725354408726 35.69645291046837 157
1725354408744 35.34999775453243 158
1725354408762 35.00618499299799 159
1725354408780 34.665770591033976 160
1725354408799 34.32904893214658 161
1725354408817 33.99519557398414 162
1725354408835 33.66531380373724 163
1725354408852 33.33829537816975 164
1725354408871 33.01437948036883 165
1725354408890 32.69334290858099 166
1725354408911 32.37639346105206 167
1725354408932 32.0621086752829 168
1725354408952 31.750656699482104 169
1725354408972 31.442419061165022 170
1725354408991 31.137403555218057 171
1725354409011 30.835329851019686 172
1725354409032 30.535980772310968 173
1725354409050 30.239878541958085 174
1725354409070 29.94642513969034 175
1725354409093 29.65624131095876 176
1725354409113 29.36852794883899 177
1725354409132 29.083653516887598 178
1725354409153 28.801692043961634 179
1725354409175 28.522943681041465 180
1725354409198 28.24600726453652 181
1725354409217 27.97247397910897 182
1725354409235 27.701823051457698 183
1725354409252 27.433227826657244 184
1725354409271 27.167383109334356 185
1725354409290 26.90421316507285 186
1725354409309 26.644321449648494 187
1725354409328 26.38598290573356 188
1725354409347 26.130341533757594 189
1725354409366 25.87769270730927 190
1725354409387 25.627217324092502 191
1725354409424 25.379427256100698 192
1725354409445 25.133821972473783 193
1725354409467 24.890600761861002 194
1725354409487 24.649686649629945 195
1725354409508 24.41144946950003 196
1725354409527 24.17561643387776 197
1725354409547 23.941506517225044 198
1725354409568 23.71076837289027 199
1725354409589 23.481358167856897 200
1725354409609 23.254227709830698 201
1725354409627 23.02987560238004 202
1725354409646 22.807279987473976 203
1725354409664 22.587017075260544 204
1725354409684 22.36885510500161 205
1725354409703 22.15311170901968 206
1725354409722 21.939379538140365 207
1725354409741 21.72730262282241 208
1725354409761 21.5179850790431 209
1725354409779 21.30993764660203 210
1725354409798 21.104483147994475 211
1725354409817 20.901123758788838 212
1725354409836 20.69964600650429 213
1725354409855 20.50006538377183 214
1725354409874 20.302473652743437 215
1725354409892 20.106832132081134 216
1725354409911 19.91295262282116 217
1725354409929 19.7210911747738 218
1725354409948 19.53134989513139 219
1725354409967 19.343116746114227 220
1725354409987 19.15691358880788 221
1725354410006 18.972673131780756 222
1725354410021 18.789808862109147 223
1725354410041 18.60894892894045 224
1725354410062 18.430086218532356 225
1725354410086 18.25266351122092 226
1725354410105 18.07684432369595 227
1725354410125 17.90356564048686 228
1725354410146 17.7308609887662 229
1725354410171 17.560653617212374 230
1725354410188 17.3919275283071 231
1725354410207 17.22521368181997 232
1725354410228 17.058740040887137 233
1725354410249 16.895835324472262 234
1725354410271 16.733239682985996 235
1725354410291 16.57212200536445 236
1725354410313 16.413413269226588 237
1725354410334 16.256117565647163 238
1725354410354 16.10000352982329 239
1725354410373 15.945252959308775 240
1725354410392 15.792848972148427 241
1725354410423 15.640998556331187 242
1725354410443 15.490545200475944 243
1725354410462 15.342798321482451 244
1725354410483 15.195465766281208 245
1725354410502 15.050448605067592 246
1725354410522 14.905702954839343 247
1725354410542 14.7631085582725 248
1725354410563 14.62167601655913 249
1725354410584 14.481469141779636 250
1725354410604 14.343304506749039 251
1725354410622 14.206093416567297 252
1725354410643 14.069997667180282 253
1725354410662 13.9356579756505 254
1725354410678 13.801854632636617 255
1725354410699 13.670353577148308 256
1725354410717 13.539528775959246 257
1725354410735 13.410109218053735 258
1725354410764 13.282550595910074 259
1725354410785 13.155140192390387 260
1725354410805 13.02924930568534 261
1725354410826 12.905633049352407 262
1725354410847 12.782040984568205 263
1725354410868 12.659989797721387 264
1725354410887 12.539669125970711 265
1725354410907 12.41962664699416 266
1725354410926 12.301319689336445 267
1725354410945 12.184168509001937 268
1725354410965 12.0680087468341 269
1725354410983 11.953213990693934 270
1725354411003 11.838865508685652 271
1725354411022 11.726710959717037 272
1725354411042 11.615147409661772 273
1725354411063 11.503854770067173 274
1725354411085 11.394981822350656 275
1725354411107 11.2867547313313 276
1725354411124 11.178962059039735 277
1725354411146 11.072804953062414 278
1725354411166 10.967649833572477 279
1725354411188 10.863344944532322 280
1725354411207 10.760190040785824 281
1725354411227 10.658041722205063 282
1725354411245 10.556781806250882 283
1725354411264 10.456837355059074 284
1725354411283 10.357143569038916 285
1725354411301 10.259278760596073 286
1725354411320 10.161689272921313 287
1725354411340 10.065421181355914 288
1725354411364 9.970180251326823 289
1725354411384 9.875717241843834 290
1725354411405 9.782246162577021 291
1725354411439 9.68918353243797 292
1725354411461 9.597786350209459 293
1725354411484 9.506971015308462 294
1725354411504 9.41692736987921 295
1725354411524 9.327921426117946 296
1725354411545 9.239566204199873 297
1725354411565 9.152468729169437 298
1725354411587 9.065885469433898 299
1725354411606 8.980436073843087 300
1725354411628 8.8955330057415 301
1725354411648 8.811163477156414 302
1725354411668 8.728231446094044 303
1725354411687 8.646095784672504 304
1725354411706 8.564700091866177 305
1725354411728 8.483586206511555 306
1725354411748 8.403413749707436 307
1725354411768 8.324744276711668 308
1725354411788 8.245964568124347 309
1725354411807 8.168551022772082 310
1725354411825 8.091596840928228 311
1725354411844 8.015318157467732 312
1725354411864 7.939829337343767 313
1725354411881 7.865676915612144 314
1725354411904 7.791512071846545 315
1725354411924 7.718335005211126 316
1725354411944 7.645729697484376 317
1725354411965 7.573823512092631 318
1725354411985 7.503105890812453 319
1725354412003 7.432703926565348 320
1725354412023 7.3625826420396745 321
1725354412042 7.293763061605421 322
1725354412061 7.225393646739405 323
1725354412079 7.157653270363947 324
1725354412097 7.090829238081174 325
1725354412117 7.024215519411237 326
1725354412137 6.958254366631107 327
1725354412157 6.893698299619005 328
1725354412180 6.829048708597406 329
1725354412203 6.765139250717122 330
1725354412224 6.701946249886162 331
1725354412244 6.639259529691044 332
1725354412264 6.577421510975034 333
1725354412285 6.516020763712265 334
1725354412304 6.455052813734847 335
1725354412320 6.395015136320395 336
1725354412343 6.335501495193885 337
1725354412366 6.276162497507636 338
1725354412386 6.217823673080417 339
1725354412406 6.1600286537277045 340
1725354412426 6.102785479268012 341
1725354412458 6.045798651921077 342
1725354412478 5.989528961117012 343
1725354412495 5.934036635510155 344
1725354412515 5.878870989182627 345
1725354412534 5.824424712000166 346
1725354412552 5.769822018759847 347
1725354412571 5.71652425502527 348
1725354412590 5.663346891772803 349
1725354412609 5.61102451799608 350
1725354412629 5.559171350428778 351
1725354412648 5.507244933014755 352
1725354412670 5.456513386655685 353
1725354412693 5.406101342438394 354
1725354412712 5.3558718498824005 355
1725354412732 5.3062162266540955 356
1725354412751 5.257057836776077 357
1725354412770 5.208575919084545 358
1725354412789 5.16069076819601 359
1725354412808 5.112611913450487 360
1725354412827 5.065746652933944 361
1725354412846 5.018826891243718 362
1725354412865 4.972929345384975 363
1725354412885 4.926833448723077 364
1725354412903 4.881124499844095 365
1725354412926 4.836471676722783 366
1725354412945 4.791686516353534 367
1725354412963 4.747851746414415 368
1725354412985 4.7043849360925245 369
1725354413005 4.660805339513469 370
1725354413024 4.618200193400735 371
1725354413043 4.576188382198689 372
1725354413062 4.533473772682303 373
1725354413081 4.492054020115362 374
1725354413099 4.45091842860536 375
1725354413118 4.410247540132175 376
1725354413138 4.369887412899117 377
1725354413162 4.329642653830171 378
1725354413182 4.290315280761771 379
1725354413204 4.251071936958265 380
1725354413223 4.212350391591001 381
1725354413244 4.173372765535536 382
1725354413265 4.135249590996574 383
1725354413284 4.097889781180161 384
1725354413304 4.06011232101801 385
1725354413322 4.02359235832249 386
1725354413342 3.9865999243210704 387
1725354413364 3.950605852821857 388
1725354413384 3.914301234782655 389
1725354413406 3.878788275980519 390
1725354413432 3.843202497511745 391
1725354413467 3.8088826174112294 392
1725354413487 3.774080304417715 393
1725354413505 3.739788554278609 394
1725354413524 3.706180204890639 395
1725354413544 3.6720265449314273 396
1725354413563 3.638971146787932 397
1725354413583 3.6059500201020436 398
1725354413604 3.5737063443944157 399
1725354413624 3.540906599571258 400
1725354413643 3.5089702880285047 401
1725354413662 3.4779248632896262 402
1725354413681 3.4460117831006722 403
1725354413700 3.414655393844232 404
1725354413718 3.3845448886681884 405
1725354413738 3.353465647011636 406
1725354413759 3.323598989538713 407
1725354413778 3.293573258355573 408
1725354413801 3.2640461435688293 409
1725354413821 3.234815517997417 410
1725354413840 3.205687391491927 411
1725354413858 3.1767886574262363 412
1725354413877 3.14860310527775 413
1725354413897 3.1199172350310365 414
1725354413916 3.0926112451185306 415
1725354413936 3.0641183028003653 416
1725354413954 3.0373367807543206 417
1725354413973 3.0100637165617687 418
1725354413991 2.9833049239773306 419
1725354414011 2.9566295802322524 420
1725354414031 2.930205916950229 421
1725354414050 2.904114193549517 422
1725354414067 2.8783593478851053 423
1725354414086 2.8523287331025737 424
1725354414108 2.827381255980522 425
1725354414125 2.802452583165585 426
1725354414143 2.7771339170414593 427
1725354414162 2.7527564939410394 428
1725354414181 2.727860376764874 429
1725354414201 2.704188679917239 430
1725354414220 2.6803490625284394 431
1725354414238 2.656086129094517 432
1725354414260 2.633272320395385 433
1725354414280 2.609904193564989 434
1725354414301 2.5866159909569135 435
1725354414320 2.563631682566052 436
1725354414338 2.5413336642325257 437
1725354414359 2.5192313281223955 438
1725354414378 2.4965268240427534 439
1725354414397 2.475018025904376 440
1725354414421 2.4531391191976586 441
1725354414440 2.431697244642157 442
1725354414461 2.410147480545734 443
1725354414494 2.389040294129797 444
1725354414515 2.3684221012692386 445
1725354414535 2.347772591114858 446
1725354414556 2.3270086128609444 447
1725354414576 2.3066807360457338 448
1725354414596 2.2869587735965475 449
1725354414622 2.2664868320264837 450
1725354414642 2.247091116431853 451
1725354414662 2.2276164247080708 452
1725354414683 2.2079099305133925 453
1725354414703 2.1888543634939035 454
1725354414725 2.170273456263433 455
1725354414746 2.1512673280230916 456
1725354414768 2.132106544168868 457
1725354414791 2.114098225851885 458
1725354414810 2.095794353040413 459
1725354414830 2.0778406810628014 460
1725354414854 2.059727156872343 461
1725354414875 2.0421568573220794 462
1725354414899 2.0246411007969494 463
1725354414921 2.0064947383214733 464
1725354414944 1.9899381351495606 465
1725354414964 1.972919708647485 466
1725354414982 1.955691313048045 467
1725354415000 1.9391856726401764 468
1725354415021 1.9227079022457054 469
1725354415041 1.905741372395346 470
1725354415062 1.8894725179005363 471
1725354415082 1.8736357040045455 472
1725354415103 1.8578432525197872 473
1725354415124 1.8422952169721927 474
1725354415142 1.8254719875482213 475
1725354415161 1.8109059921813704 476
1725354415181 1.7953711550060238 477
1725354415201 1.7797990990033388 478
1725354415222 1.7649287379453507 479
1725354415241 1.7504047478368727 480
1725354415261 1.7351038082578825 481
1725354415282 1.7205355969242857 482
1725354415302 1.7063461586497584 483
1725354415324 1.6915703181505812 484
1725354415348 1.6776280539712718 485
1725354415368 1.6631505734230534 486
1725354415389 1.6493852443922052 487
1725354415414 1.6359203336119745 488
1725354415435 1.621675616237636 489
1725354415455 1.6082968893352132 490
1725354415476 1.5950176946721184 491
1725354415513 1.5816346116228952 492
1725354415532 1.5681560746275485 493
1725354415551 1.5554249002901748 494
1725354415570 1.5427557126129887 495
1725354415588 1.5297622282700856 496
1725354415607 1.5163683109313821 497
1725354415625 1.5045410126314145 498
1725354415650 1.492003214832677 499
