1725351627189 174.01196169565483 0
1725351627207 170.52716321540893 1
1725351627264 167.11923605167678 2
1725351627282 163.78640737830216 3
1725351627318 160.52694648399597 4
1725351627344 157.33916374749194 5
1725351627372 154.2214096383092 6
1725351627398 151.17207374245908 7
1725351627459 148.1895838124502 8
1725351627478 145.27240484096507 9
1725351627509 142.41903815759673 10
1725351627534 139.62802054805235 11
1725351627553 136.89792339524467 12
1725351627572 134.22735184171032 13
1725351627591 131.61494397280657 14
1725351627609 129.05937002015523 15
1725351627629 126.55933158481429 16
1725351627649 124.1135608796743 17
1725351627670 121.72081999058777 18
1725351627688 119.37990015575458 19
1725351627710 117.0896210628977 20
1725351627734 114.84883016377788 21
1725351627761 112.6564020056052 22
1725351627779 110.5112375789202 23
1725351627800 108.41226368152579 24
1725351627831 106.35843229806446 25
1725351627849 104.3487199948442 26
1725351627871 102.38212732952867 27
1725351627890 100.45767827531554 28
1725351627911 98.57441965923847 29
1725351627936 96.73142061423626 30
1725351627955 94.92777204464339 31
1725351627974 93.16258610476396 32
1725351627993 91.43499569020082 33
1725351628014 89.74415394161963 34
1725351628060 88.08923376063629 35
1725351628117 86.46942733752418 36
1725351628148 84.88394569044506 37
1725351628191 83.33201821591615 38
1725351628224 81.81289225023245 39
1725351628364 80.32583264157063 40
1725351628402 78.870121332509 41
1725351628422 77.4450569527031 42
1725351628462 76.04995442146482 43
1725351628487 74.68414455999867 44
1725351628506 73.34697371305477 45
1725351628525 72.03780337976548 46
1725351628548 70.75600985343696 47
1725351628567 69.50098387007475 48
1725351628588 68.27213026542552 49
1725351628610 67.06886764032613 50
1725351628637 65.8906280341525 51
1725351628653 64.7368566061697 52
1725351628681 63.60701132458699 53
1725351628715 62.50056266312868 54
1725351628752 61.41699330493435 55
1725351628808 60.35579785360855 56
1725351628859 59.316482551243844 57
1725351628967 58.298565003245 58
1725351628997 57.3015739097878 59
1725351629025 56.325048803748764 60
1725351629049 55.36853979494729 61
1725351629069 54.43160732054475 62
1725351629089 53.513821901450115 63
1725351629108 52.614763904584194 64
1725351629133 51.734023310859534 65
1725351629199 50.87119948873534 66
1725351629220 50.02590097321166 67
1725351629239 49.19774525012939 68
1725351629258 48.38635854564624 69
1725351629274 47.59137562076283 70
1725351629296 46.8124395707748 71
1725351629319 46.04920162953129 72
1725351629344 45.30132097838246 73
1725351629362 44.568464559701546 74
1725351629387 43.85030689487001 75
1725351629411 43.146529906617296 76
1725351629430 42.45682274560918 77
1725351629451 41.780881621181024 78
1725351629475 41.11840963611554 79
1725351629505 40.469116625366674 80
1725351629541 39.83271899863333 81
1725351629580 39.208939586690526 82
1725351629607 38.59750749138526 83
1725351629647 37.998157939209634 84
1725351629675 37.41063213836379 85
1725351629696 36.834677139223885 86
1725351629721 36.27004569813351 87
1725351629741 35.71649614443688 88
1725351629762 35.17379225067652 89
1725351629786 34.64170310587807 90
1725351629812 34.120002991848 91
1725351629838 33.608471262411214 92
1725351629875 33.10689222551754 93
1725351629923 32.61505502814801 94
1725351629962 32.13275354395321 95
1725351629991 31.65978626355757 96
1725351630034 31.195956187465832 97
1725351630058 30.74107072150844 98
1725351630080 30.294941574764927 99
1725351630103 29.8573846599057 100
1725351630125 29.42821999589357 101
1725351630150 29.007271612988887 102
1725351630173 28.594367460002168 103
1725351630194 28.189339313740696 104
1725351630215 27.79202269059605 105
1725351630236 27.40225676022128 106
1725351630256 27.019884261247253 107
1725351630276 26.644751418989753 108
1725351630295 26.276707865098874 109
1725351630313 25.91560655910463 110
1725351630331 25.561303711813057 111
1725351630353 25.21365871050836 112
1725351630373 24.87253404591817 113
1725351630391 24.537795240899168 114
1725351630410 24.209310780802415 115
1725351630433 23.886952045477653 116
1725351630482 23.570593242877674 117
1725351630508 23.260111344224494 118
1725351630533 22.955386020699766 119
1725351630555 22.656299581623042 120
1725351630600 22.36273691408259 121
1725351630618 22.074585423983567 122
1725351630640 21.791734978480378 123
1725351630666 21.514077849759225 124
1725351630694 21.241508660139754 125
1725351630716 20.973924328463383 126
1725351630739 20.711224017737962 127
1725351630758 20.45330908400928 128
1725351630801 20.200083026428928 129
1725351630909 19.951451438491763 130
1725351630930 19.707321960413374 131
1725351630954 19.467604232621657 132
1725351630974 19.232209850335273 133
1725351630991 19.001052319203676 134
1725351631008 18.774047011982738 135
1725351631033 18.551111126222217 136
1725351631074 18.33216364294011 137
1725351631098 18.117125286261416 138
1725351631122 17.905918483997226 139
1725351631151 17.698467329143106 140
1725351631195 17.494697542273997 141
1725351631222 17.294536434814574 142
1725351631274 17.0979128731645 143
1725351631336 16.904757243658242 144
1725351631362 16.715001418339607 145
1725351631384 16.528578721531478 146
1725351631407 16.345423897182357 147
1725351631427 16.16547307697094 148
1725351631446 15.988663749151028 149
1725351631466 15.814934728119075 150
1725351631485 15.644226124687188 151
1725351631504 15.476479317045348 152
1725351631522 15.311636922396138 153
1725351631545 15.149642769245917 154
1725351631577 14.99044187033764 155
1725351631600 14.833980396209459 156
1725351631617 14.680205649364707 157
1725351631634 14.529066039038595 158
1725351631658 14.380511056547947 159
1725351631727 14.234491251209574 160
1725351631751 14.090958206814618 161
1725351631773 13.949864518645054 162
1725351631800 13.811163771020292 163
1725351631820 13.67481051536062 164
1725351631839 13.540760248755912 165
1725351631860 13.408969393027622 166
1725351631885 13.279395274271966 167
1725351631903 13.15199610287381 168
1725351631924 13.02673095397926 169
1725351631943 12.903559748417086 170
1725351631962 12.7824432340575 171
1725351631987 12.663342967599062 172
1725351632005 12.54622129677255 173
1725351632024 12.431041342952911 174
1725351632047 12.317766984169257 175
1725351632067 12.206362838503651 176
1725351632091 12.096794247869548 177
1725351632111 11.989027262161095 178
1725351632130 11.883028623764575 179
1725351632153 11.778765752423359 180
1725351632171 11.676206730448303 181
1725351632222 11.575320288265281 182
1725351632248 11.476075790292233 183
1725351632271 11.378443221137779 184
1725351632291 11.282393172114096 185
1725351632309 11.187896828056374 186
1725351632328 11.09492595444206 187
1725351632347 11.003452884802968 188
1725351632368 10.913450508422585 189
1725351632388 10.824892258313232 190
1725351632410 10.737752099465231 191
1725351632437 10.65200451736285 192
1725351632460 10.567624506760026 193
1725351632483 10.484587560710043 194
1725351632508 10.402869659843574 195
1725351632535 10.322447261888838 196
1725351632555 10.243297291428469 197
1725351632577 10.165397129887575 198
1725351632595 10.08872460574766 199
1725351632623 10.01325798498098 200
1725351632642 9.938975961700452 201
1725351632670 9.865857649019864 202
1725351632689 9.793882570119738 203
1725351632710 9.723030649513948 204
1725351632733 9.653282204512445 205
1725351632761 9.58461793687548 206
1725351632798 9.517018924655142 207
1725351632825 9.45046661421955 208
1725351632849 9.384942812455607 209
1725351632872 9.3204296791464 210
1725351632900 9.256909719518717 211
1725351632921 9.19436577695726 212
1725351632943 9.132781025881293 213
1725351632967 9.07213896478046 214
1725351632987 9.012423409405361 215
1725351633006 8.953618486110168 216
1725351633026 8.89570862534308 217
1725351633050 8.83867855528163 218
1725351633076 8.782513295609364 219
1725351633099 8.727198151430512 220
1725351633127 8.672718707319815 221
1725351633158 8.619060821503936 222
1725351633180 8.566210620171885 223
1725351633198 8.514154491911212 224
1725351633214 8.462879082267106 225
1725351633233 8.41237128842176 226
1725351633257 8.362618253990977 227
1725351633277 8.313607363935478 228
1725351633299 8.265326239584427 229
1725351633321 8.217762733768183 230
1725351633342 8.170904926058236 231
1725351633397 8.124741118111684 232
1725351633424 8.079259829117746 233
1725351633448 8.034449791344045 234
1725351633473 7.990299945780586 235
1725351633495 7.946799437879076 236
1725351633517 7.903937613384976 237
1725351633541 7.861704014261077 238
1725351633566 7.820088374699728 239
1725351633588 7.7790806172219185 240
1725351633608 7.738670848861485 241
1725351633631 7.69884935743213 242
1725351633658 7.659606607875705 243
1725351633678 7.620933238689641 244
1725351633708 7.582820058431895 245
1725351633730 7.5452580423016 246
1725351633753 7.508238328793676 247
1725351633774 7.47175221642592 248
1725351633793 7.435791160536432 249
1725351633813 7.400346770150439 250
1725351633831 7.365410804914526 251
1725351633849 7.330975172096777 252
1725351633867 7.2970319236515 253
1725351633888 7.263573253347057 254
1725351633906 7.2305914939550515 255
1725351633927 7.198079114500056 256
1725351633950 7.166028717568027 257
1725351633967 7.134433036672336 258
1725351633990 7.103284933675991 259
1725351634009 7.072577396268881 260
1725351634032 7.0423035354988155 261
1725351634063 7.012456583355065 262
1725351634082 6.9830298904031975 263
1725351634103 6.954016923470286 264
1725351634123 6.925411263379071 265
1725351634149 6.897206602730156 266
1725351634169 6.869396743731182 267
1725351634187 6.841975596071743 268
1725351634209 6.814937174843258 269
1725351634231 6.788275598502632 270
1725351634252 6.761985086878837 271
1725351634273 6.736059959221221 272
1725351634295 6.710494632289132 273
1725351634319 6.685283618481257 274
1725351634340 6.660421524004386 275
1725351634360 6.6359030470802525 276
1725351634378 6.611722976190105 277
1725351634396 6.587876188355705 278
1725351634413 6.564357647456093 279
1725351634434 6.541162402579606 280
1725351634454 6.518285586409953 281
1725351634473 6.495722413645764 282
1725351634492 6.47346817945307 283
1725351634511 6.451518257949567 284
1725351634529 6.4298681007204275 285
1725351634546 6.408513235364567 286
1725351634564 6.3874492640709795 287
1725351634584 6.366671862224339 288
1725351634605 6.346176777039137 289
1725351634623 6.325959826222178 290
1725351634641 6.306016896662019 291
1725351634660 6.286343943145634 292
1725351634683 6.2669369871010145 293
1725351634704 6.247792115365654 294
1725351634736 6.228905478979931 295
1725351634756 6.210273292005134 296
1725351634775 6.191891830365473 297
1725351634797 6.173757430713553 298
1725351634815 6.155866489318894 299
1725351634834 6.138215460978842 300
1725351634851 6.120800857951471 301
1725351634870 6.103619248910123 302
1725351634900 6.0866672579188315 303
1725351634923 6.069941563428339 304
1725351634944 6.053438897292437 305
1725351634964 6.037156043803794 306
1725351634982 6.021089838749242 307
1725351635001 6.0052371684837835 308
1725351635019 5.989594969023173 309
1725351635037 5.974160225154498 310
1725351635058 5.958929969564472 311
1725351635077 5.9439012819850054 312
1725351635102 5.929071288355682 313
1725351635126 5.914437160002872 314
1725351635151 5.899996112834925 315
1725351635174 5.885745406553389 316
1725351635194 5.871682343879586 317
1725351635213 5.857804269796551 318
1725351635232 5.844108570805671 319
1725351635250 5.830592674198018 320
1725351635271 5.817254047339824 321
1725351635291 5.804090196971956 322
1725351635314 5.791098668523067 323
1725351635335 5.778277045435958 324
1725351635357 5.765622948507181 325
1725351635376 5.753134035239453 326
1725351635395 5.74080799920628 327
1725351635415 5.728642569429442 328
1725351635439 5.716635509767781 329
1725351635457 5.704784618318338 330
1725351635500 5.6930877268286535 331
1725351635537 5.68154270012045 332
1725351635625 5.670147435524339 333
1725351635662 5.658899862325303 334
1725351635682 5.647797941218845 335
1725351635699 5.636839663777295 336
1725351635719 5.626023051926463 337
1725351635738 5.615346157432145 338
1725351635762 5.604807061396345 339
1725351635784 5.594403873762923 340
1725351635803 5.584134732832767 341
1725351635823 5.573997804787961 342
1725351635841 5.563991283224861 343
1725351635859 5.554113388696076 344
1725351635878 5.5443623682609235 345
1725351635897 5.53473649504419 346
1725351635932 5.525234067803377 347
1725351635958 5.515853410503809 348
1725351635981 5.5065928719016135 349
1725351636006 5.497450825134644 350
1725351636027 5.488425667320701 351
1725351636044 5.479515819163441 352
1725351636065 5.470719724565281 353
1725351636083 5.462035850247742 354
1725351636101 5.453462685378477 355
1725351636119 5.444998741205272 356
1725351636137 5.436642550696734 357
1725351636156 5.428392668189609 358
1725351636176 5.420247669042319 359
1725351636211 5.412206149295084 360
1725351636230 5.404266725335929 361
1725351636251 5.3964280335729615 362
1725351636271 5.388688730112511 363
1725351636291 5.381047490442992 364
1725351636315 5.373503009124541 365
1725351636334 5.366053999484351 366
1725351636357 5.358699193317125 367
1725351636374 5.351437340591304 368
1725351636392 5.344267209160225 369
1725351636410 5.337187584478639 370
1725351636434 5.330197269324153 371
1725351636456 5.323295083523627 372
1725351636474 5.316479863684524 373
1725351636498 5.309750462930921 374
1725351636521 5.3031057506441535 375
1725351636538 5.296544612208113 376
1725351636558 5.290065948759004 377
1725351636579 5.2836686769394205 378
1725351636598 5.277351728656902 379
1725351636617 5.271114050846393 380
1725351636635 5.26495460523726 381
1725351636653 5.258872368123993 382
1725351636673 5.25286633014111 383
1725351636694 5.246935496041932 384
1725351636716 5.2410788844810305 385
1725351636737 5.2352955278007105 386
1725351636760 5.229584471820916 387
1725351636786 5.223944775632842 388
1725351636805 5.2183755113961485 389
1725351636822 5.212875764139521 390
1725351636841 5.207444631564804 391
1725351636861 5.202081223854293 392
1725351636883 5.196784663481412 393
1725351636904 5.191554085024654 394
1725351636960 5.186388634984475 395
1725351636999 5.1812874716036035 396
1725351637031 5.176249764690042 397
1725351637065 5.171274695443246 398
1725351637106 5.16636145628324 399
1725351637127 5.161509250682504 400
1725351637159 5.156717293000752 401
1725351637184 5.151984808322364 402
1725351637203 5.147311032296667 403
1725351637227 5.142695210980834 404
1725351637247 5.138136600685311 405
1725351637273 5.1336344678218175 406
1725351637302 5.129188088754022 407
1725351637327 5.124796749650519 408
1725351637353 5.120459746340237 409
1725351637375 5.116176384170287 410
1725351637400 5.111945977866133 411
1725351637431 5.107767851394025 412
1725351637456 5.103641337825631 413
1725351637480 5.099565779205092 414
1725351637515 5.095540526417867 415
1725351637553 5.091564939062129 416
1725351637575 5.087638385321915 417
1725351637597 5.083760241842464 418
1725351637615 5.079929893607657 419
1725351637634 5.076146733819183 420
1725351637653 5.072410163777903 421
1725351637671 5.068719592767006 422
1725351637693 5.065074437936954 423
1725351637749 5.061474124192491 424
1725351637775 5.057918084081137 425
1725351637807 5.054405757683843 426
1725351637840 5.05093659250702 427
1725351637868 5.047510043376462 428
1725351637894 5.044125572333022 429
1725351637932 5.040782648529669 430
1725351637964 5.0374807481305 431
1725351637990 5.034219354211057 432
1725351638015 5.030997956660396 433
1725351638046 5.02781605208456 434
1725351638073 5.024673143711704 435
1725351638098 5.02156874129852 436
1725351638132 5.018502361038324 437
1725351638159 5.015473525470375 438
1725351638187 5.012481763390747 439
1725351638215 5.009526609764556 440
1725351638237 5.006607605639425 441
1725351638278 5.00372429806044 442
1725351638300 5.00087623998637 443
1725351638322 4.998062990207107 444
1725351638348 4.9952841132624455 445
1725351638368 4.992539179362083 446
1725351638388 4.98982776430684 447
1725351638408 4.98714944941109 448
1725351638430 4.984503821426349 449
1725351638450 4.981890472466102 450
1725351638467 4.979308999931592 451
1725351638489 4.976759006439 452
1725351638509 4.974240099747476 453
1725351638536 4.9717518926883635 454
1725351638564 4.969294003095566 455
1725351638583 4.96686605373676 456
1725351638606 4.964467672245913 457
1725351638623 4.962098491056467 458
1725351638634 4.959758147335874 459
1725351638654 4.957446282920893 460
1725351638671 4.955162544253906 461
1725351638695 4.95290658232013 462
1725351638715 4.950678052585931 463
1725351638736 4.948476614937835 464
1725351638760 4.946301933622569 465
1725351638778 4.944153677187969 466
1725351638802 4.942031518424746 467
1725351638822 4.939935134309095 468
1725351638843 4.937864205946191 469
1725351638862 4.935818418514508 470
1725351638882 4.933797461210881 471
1725351638899 4.931801027196429 472
1725351638918 4.929828813543307 473
1725351638940 4.92788052118216 474
1725351638966 4.925955854850377 475
1725351638983 4.924054523041079 476
1725351639000 4.922176237952888 477
1725351639018 4.920320715440343 478
1725351639035 4.918487674965132 479
1725351639052 4.916676839547946 480
1725351639069 4.914887935721112 481
1725351639087 4.913120693481794 482
1725351639110 4.911374846245904 483
1725351639127 4.909650130802804 484
1725351639149 4.907946287270464 485
1725351639168 4.906263059051374 486
1725351639189 4.90460019278899 487
1725351639209 4.9029574383250365 488
1725351639238 4.901334548657069 489
1725351639258 4.899731279896871 490
1725351639280 4.898147391229436 491
1725351639299 4.8965826448724865 492
1725351639318 4.895036806036441 493
1725351639337 4.893509642885225 494
1725351639365 4.89200092649736 495
1725351639390 4.89051043082777 496
1725351639410 4.889037932670061 497
1725351639430 4.88758321161934 498
1725351639456 4.8861460500355625 499
