1725359129153 168.996543037322 0
1725359129174 165.70746494849462 1
1725359129197 164.0725912250098 2
1725359129239 162.44588238902395 3
1725359129266 160.83705607184078 4
1725359129288 159.24584760904472 5
1725359129307 157.67205539838568 6
1725359129325 156.11547985368827 7
1725359129344 154.575923749572 8
1725359129364 153.05319219054206 9
1725359129385 151.54709258277225 10
1725359129404 150.05743460622563 11
1725359129424 148.58403018712258 12
1725359129446 147.12669347075197 13
1725359129467 145.68524079462063 14
1725359129488 144.25949066193746 15
1725359129510 142.84926371542693 16
1725359129530 141.45438271146847 17
1725359129556 140.07467249455715 18
1725359129576 138.70995997208155 19
1725359129597 137.3600740894146 20
1725359129617 136.02484580531402 21
1725359129650 134.70410806762723 22
1725359129670 133.39769578929784 23
1725359129690 132.10544582466937 24
1725359129710 130.82719694608232 25
1725359129730 129.5627898207612 26
1725359129750 128.31206698798704 27
1725359129771 127.0748728365529 28
1725359129791 125.85105358249758 29
1725359129823 124.64045724711461 30
1725359129855 123.44293363523279 31
1725359129875 122.25833431376502 32
1725359129898 121.08651259052152 33
1725359129921 119.92732349328485 34
1725359129942 118.78062374914211 35
1725359129960 117.646271764073 36
1725359129975 116.52412760278814 37
1725359129988 115.41405296881625 38
1725359130003 114.31591118483642 39
1725359130021 113.22956717325211 40
1725359130037 112.15488743700418 41
1725359130053 111.0917400406197 42
1725359130069 110.03999459149361 43
1725359130089 108.99952222140028 44
1725359130102 107.97019556823213 45
1725359130114 106.95188875796218 46
1725359130127 105.94447738682804 47
1725359130137 104.94783850373425 48
1725359130150 103.96185059287035 49
1725359130163 102.98639355654188 50
1725359130180 102.02134869821177 51
1725359130196 101.06659870574917 52
1725359130210 100.12202763488354 53
1725359130225 99.18752089286087 54
1725359130239 98.26296522229993 55
1725359130258 97.34824868524588 56
1725359130273 96.4432606474186 57
1725359130289 95.54789176265369 58
1725359130305 94.66203395753303 59
1725359130318 93.78558041620352 60
1725359130334 92.91842556538045 61
1725359130407 92.06046505953428 62
1725359130422 91.21159576625776 63
1725359130441 90.37171575181144 64
1725359130458 89.54072426684546 65
1725359130478 88.71852173229512 66
1725359130496 87.90500972544808 67
1725359130513 87.10009096618144 68
1725359130532 86.30366930336604 69
1725359130554 85.51564970143615 70
1725359130567 84.73593822712269 71
1725359130581 83.96444203634734 72
1725359130595 83.20106936127625 73
1725359130609 82.44572949753089 74
1725359130623 81.69833279155405 75
1725359130642 80.95879062812948 76
1725359130666 80.22701541805274 77
1725359130675 79.50292058595187 78
1725359130690 78.78642055825544 79
1725359130706 78.07743075130688 80
1725359130727 77.37586755962239 81
1725359130745 76.68164834429167 82
1725359130763 75.9946914215186 83
1725359130781 75.31491605130104 84
1725359130797 74.64224242624755 85
1725359130816 73.97659166052945 86
1725359130836 73.31788577896647 87
1725359130855 72.6660477062445 88
1725359130878 72.02100125626372 89
1725359130898 71.38267112161518 90
1725359130918 70.75098286318513 91
1725359130937 70.12586289988423 92
1725359130950 69.5072384985014 93
1725359130961 68.89503776367964 94
1725359130970 68.28918962801326 95
1725359130980 67.68962384226442 96
1725359130989 67.09627096569756 97
1725359130998 66.5090623565306 98
1725359131008 65.9279301625012 99
1725359131017 65.35280731154644 100
1725359131029 64.78362750259548 101
1725359131039 64.2203251964722 102
1725359131049 63.66283560690825 103
1725359131066 63.11109469166371 104
1725359131084 62.565039143754895 105
1725359131103 62.024606382787645 106
1725359131123 61.489734546394885 107
1725359131139 60.960362481777075 108
1725359131161 60.43642973734453 109
1725359131179 59.91787655446003 110
1725359131189 59.40464385928072 111
1725359131199 58.89667325469802 112
1725359131209 58.3939070123744 113
1725359131218 57.896288064875606 114
1725359131227 57.40375999789751 115
1725359131237 56.91626704258618 116
1725359131247 56.43375406794988 117
1725359131257 55.95616657336258 118
1725359131268 55.48345068115697 119
1725359131278 55.01555312930615 120
1725359131287 54.5524212641936 121
1725359131297 54.09400303346925 122
1725359131312 53.64024697899138 123
1725359131326 53.19110222985291 124
1725359131338 52.74651849549147 125
1725359131348 52.30644605888169 126
1725359131357 51.87083576980895 127
1725359131367 51.43963903822383 128
1725359131377 51.012807827675914 129
1725359131386 50.59029464882605 130
1725359131395 50.1720525530365 131
1725359131404 49.758035126037235 132
1725359131413 49.34819648166828 133
1725359131422 48.942491255696844 134
1725359131433 48.54087459970798 135
1725359131451 48.14330217506869 136
1725359131467 47.74973014696346 137
1725359131482 47.36011517850182 138
1725359131502 46.974414424895315 139
1725359131518 46.592585527704834 140
1725359131536 46.214586609155816 141
1725359131554 45.8403762665218 142
1725359131570 45.46991356657452 143
1725359131591 45.103158040100624 144
1725359131606 44.74006967648332 145
1725359131623 44.38060891834874 146
1725359131642 44.024736656276126 147
1725359131679 43.67241422357109 148
1725359131697 43.32360339110089 149
1725359131715 42.97826636219136 150
1725359131737 42.63636576758453 151
1725359131760 42.29786466045627 152
1725359131779 41.96272651149318 153
1725359131796 41.63091520402809 154
1725359131813 41.30239502923334 155
1725359131827 40.97713068137122 156
1725359131841 40.65508725310101 157
1725359131855 40.336230230841544 158
1725359131867 40.02052549018908 159
1725359131880 39.70793929138955 160
1725359131889 39.39843827486451 161
1725359131899 39.09198945679033 162
1725359131908 38.78856022472977 163
1725359131918 38.48811833331554 164
1725359131927 38.19063189998483 165
1725359131944 37.89606940076475 166
1725359131957 37.604399666107646 167
1725359131976 37.315591876775656 168
1725359131992 37.029615559774236 169
1725359132008 36.74644058433391 170
1725359132020 36.46603715793952 171
1725359132036 36.188375822406634 172
1725359132053 35.91342745000433 173
1725359132065 35.64116323962403 174
1725359132078 35.371554712993614 175
1725359132092 35.10457371093634 176
1725359132105 34.84019238967426 177
1725359132118 34.57838321717495 178
1725359132133 34.31911896954203 179
1725359132144 34.06237272744784 180
1725359132154 33.80811787260872 181
1725359132163 33.55632808430179 182
1725359132172 33.306977335922866 183
1725359132186 33.06003989158517 184
1725359132205 32.81549030275826 185
1725359132221 32.573303404946486 186
1725359132244 32.33345431440698 187
1725359132261 32.09591842490605 188
1725359132278 31.860671404514143 189
1725359132295 31.627689192438734 190
1725359132309 31.39694799589419 191
1725359132326 31.16842428700891 192
1725359132339 30.94209479976898 193
1725359132359 30.717936526997622 194
1725359132383 30.49592671737049 195
1725359132402 30.276042872466128 196
1725359132418 30.058262743851067 197
1725359132435 29.842564330199497 198
1725359132449 29.628925874446708 199
1725359132462 29.41732586097608 200
1725359132474 29.20774301283941 201
1725359132488 29.00015628900967 202
1725359132502 28.79454488166636 203
1725359132516 28.590888213512773 204
1725359132529 28.389165935124712 205
1725359132542 28.189357922330586 206
1725359132555 27.991444273622193 207
1725359132569 27.795405307596003 208
1725359132583 27.601221560424637 209
1725359132596 27.40887378335789 210
1725359132609 27.21834294025335 211
1725359132622 27.02961020513578 212
1725359132633 26.842656959785483 213
1725359132642 26.65746479135476 214
1725359132651 26.474015490012544 215
1725359132660 26.292291046616466 216
1725359132669 26.112273650412643 217
1725359132677 25.933945686762 218
1725359132707 25.757289734893728 219
1725359132716 25.582288565684713 220
1725359132724 25.408925139465367 221
1725359132733 25.237182603850908 222
1725359132742 25.067044291598325 223
1725359132751 24.89849371848826 224
1725359132760 24.731514581231917 225
1725359132769 24.566090755402268 226
1725359132777 24.402206293389764 227
1725359132786 24.239845422381944 228
1725359132795 24.078992542366414 229
1725359132804 23.919632224157702 230
1725359132819 23.761749207446822 231
1725359132837 23.60532839887387 232
1725359132853 23.4503548701231 233
1725359132874 23.29681385604033 234
1725359132897 23.144690752772497 235
1725359132914 22.99397111592867 236
1725359132931 22.844640658762746 237
1725359132945 22.69668525037769 238
1725359132959 22.550090913950097 239
1725359132976 22.40484382497615 240
1725359132990 22.260930309537756 241
1725359133004 22.118336842589013 242
1725359133016 21.977050046262605 243
1725359133030 21.83705668819618 244
1725359133044 21.698343679878057 245
1725359133058 21.560898075012428 246
1725359133071 21.424707067903434 247
1725359133084 21.28975799185837 248
1725359133098 21.15603831760923 249
1725359133111 21.023535651752837 250
1725359133123 20.892237735209218 251
1725359133138 20.762132441697748 252
1725359133152 20.6332077762313 253
1725359133165 20.5054518736277 254
1725359133179 20.37885299703871 255
1725359133197 20.253399536496108 256
1725359133212 20.129080007474794 257
1725359133231 20.00588304947219 258
1725359133250 19.883797424604914 259
1725359133270 19.762812016221137 260
1725359133290 19.64291582752935 261
1725359133310 19.524097980243276 262
1725359133331 19.406347713242084 263
1725359133353 19.289654381246734 264
1725359133377 19.174007453511148 265
1725359133402 19.05939651252907 266
1725359133422 18.945811252755753 267
1725359133442 18.833241479344352 268
1725359133463 18.721677106897488 269
1725359133484 18.61110815823262 270
1725359133506 18.501524763162372 271
1725359133526 18.392917157288704 272
1725359133549 18.285275680811072 273
1725359133565 18.17859077734864 274
1725359133586 18.072852992775942 275
1725359133607 17.968052974072084 276
1725359133628 17.86418146818346 277
1725359133648 17.7612293208994 278
1725359133668 17.659187475741067 279
1725359133690 17.55804697286314 280
1725359133730 17.45779894796816 281
1725359133751 17.35843463123369 282
1725359133771 17.25994534625155 283
1725359133792 17.1623225089797 284
1725359133812 17.065557626705925 285
1725359133832 16.96964229702372 286
1725359133851 16.8745682068202 287
1725359133871 16.780327131275122 288
1725359133891 16.68691093287215 289
1725359133912 16.594311560421204 290
1725359133930 16.502521048092014 291
1725359133951 16.41153151445934 292
1725359133972 16.321335161558533 293
1725359133992 16.231924273952643 294
1725359134013 16.143291217809914 295
1725359134035 16.055428439992056 296
1725359134055 15.96832846715304 297
1725359134075 15.881983904848308 298
1725359134095 15.796387436654213 299
1725359134114 15.711531823297776 300
1725359134135 15.62740990179615 301
1725359134154 15.54401458460644 302
1725359134174 15.46133885878489 303
1725359134194 15.379375785156228 304
1725359134213 15.298118497492078 305
1725359134233 15.217560201699209 306
1725359134253 15.137694175017089 307
1725359134274 15.058513765224408 308
1725359134294 14.980012389855148 309
1725359134315 14.902183535423378 310
1725359134338 14.825020756657006 311
1725359134357 14.748517675740437 312
1725359134380 14.672667981565882 313
1725359134399 14.597465428993388 314
1725359134418 14.522903838119186 315
1725359134437 14.448977093552545 316
1725359134459 14.37567914370097 317
1725359134479 14.303004000063542 318
1725359134500 14.230945736532483 319
1725359134520 14.159498488702525 320
1725359134540 14.08865645318852 321
1725359134562 14.018413886950622 322
1725359134582 13.948765106627134 323
1725359134601 13.87970448787555 324
1725359134620 13.81122646472039 325
1725359134640 13.743325528909134 326
1725359134662 13.675996229275196 327
1725359134684 13.609233171108341 328
1725359134703 13.543031015532206 329
1725359134737 13.47738447888915 330
1725359134757 13.412288332131856 331
1725359134777 13.347737400222163 332
1725359134796 13.283726561536586 333
1725359134818 13.220250747278893 334
1725359134838 13.157304940898928 335
1725359134862 13.09488417751869 336
1725359134885 13.032983543364438 337
1725359134905 12.971598175205637 338
1725359134924 12.910723259800097 339
1725359134946 12.850354033345639 340
1725359134967 12.79048578093778 341
1725359134988 12.731113836033925 342
1725359135009 12.672233579923333 343
1725359135029 12.61384044120338 344
1725359135058 12.555929895261716 345
1725359135079 12.49849746376426 346
1725359135097 12.441538714149177 347
1725359135120 12.38504925912651 348
1725359135138 12.329024756183479 349
1725359135159 12.273460907095535 350
1725359135181 12.218353457442973 351
1725359135201 12.16369819613286 352
1725359135221 12.109490954926633 353
1725359135241 12.055727607972983 354
1725359135260 12.00240407134603 355
1725359135280 11.949516302588773 356
1725359135299 11.897060300261701 357
1725359135319 11.845032103496587 358
1725359135337 11.793427791555237 359
1725359135356 11.742243483393512 360
1725359135380 11.691475337229956 361
1725359135401 11.641119550119537 362
1725359135422 11.591172357532162 363
1725359135441 11.541630032935965 364
1725359135462 11.492488887385543 365
1725359135481 11.443745269114252 366
1725359135501 11.395395563131954 367
1725359135521 11.347436190826539 368
1725359135542 11.299863609570611 369
1725359135562 11.252674312332124 370
1725359135586 11.205864827289757 371
1725359135608 11.159431717452422 372
1725359135629 11.113371580283276 373
1725359135644 11.06768104732779 374
1725359135664 11.02235678384616 375
1725359135683 10.977395488449817 376
1725359135703 10.932793892742064 377
1725359135724 10.888548760962703 378
1725359135757 10.844656889636836 379
1725359135779 10.801115107227448 380
1725359135799 10.757920273791994 381
1725359135824 10.71506928064287 382
1725359135844 10.672559050011682 383
1725359135865 10.630386534717355 384
1725359135886 10.588548717837858 385
1725359135908 10.547042612385797 386
1725359135929 10.505865260987555 387
1725359135948 10.465013735565956 388
1725359135969 10.424485137026766 389
1725359135992 10.384276594948487 390
1725359136011 10.34438526727568 391
1725359136030 10.304808340015823 392
1725359136049 10.265543026939483 393
1725359136069 10.22658656928397 394
1725359136088 10.187936235460093 395
1725359136107 10.14958932076254 396
1725359136127 10.111543147083262 397
1725359136148 10.073795062628042 398
1725359136167 10.036342441636453 399
1725359136187 9.999182684104863 400
1725359136208 9.962313215512431 401
1725359136228 9.925731486550323 402
1725359136249 9.889434972853824 403
1725359136269 9.853421174737663 404
1725359136288 9.817687616934093 405
1725359136308 9.78223184833393 406
1725359136327 9.747051441730623 407
1725359136347 9.71214399356702 408
1725359136367 9.677507123685054 409
1725359136385 9.64313847507826 410
1725359136404 9.609035713646962 411
1725359136425 9.575196527956184 412
1725359136446 9.541618628996396 413
1725359136464 9.508299749946865 414
1725359136484 9.475237645941533 415
1725359136504 9.442430093837654 416
1725359136524 9.409874891986956 417
1725359136544 9.37756986000931 418
1725359136565 9.345512838569057 419
1725359136586 9.313701689153564 420
1725359136606 9.282134293854556 421
1725359136628 9.250808555151623 422
1725359136648 9.219722395698302 423
1725359136668 9.18887375811049 424
1725359136693 9.15826060475709 425
1725359136713 9.127880917553199 426
1725359136732 9.097732697755376 427
1725359136751 9.067813965759374 428
1725359136782 9.038122760899942 429
1725359136805 9.00865714125293 430
1725359136828 8.97941518343966 431
1725359136856 8.950394982433343 432
1725359136877 8.921594651367638 433
1725359136900 8.8930123213474 434
1725359136924 8.864646141261556 435
1725359136946 8.836494277597886 436
1725359136966 8.808554914260089 437
1725359136986 8.780826252386541 438
1725359137005 8.753306510171571 439
1725359137026 8.725993922687977 440
1725359137045 8.698886741712277 441
1725359137066 8.671983235551332 442
1725359137084 8.645281688871137 443
1725359137105 8.618780402527419 444
1725359137125 8.592477693398116 445
1725359137144 8.566371894217706 446
1725359137164 8.540461353413367 447
1725359137185 8.514744434942985 448
1725359137205 8.489219518134728 449
1725359137222 8.46388499752872 450
1725359137242 8.438739282720192 451
1725359137263 8.413780798204453 452
1725359137281 8.389007983223577 453
1725359137304 8.364419291614698 454
1725359137325 8.340013191660097 455
1725359137345 8.315788165938791 456
1725359137371 8.29174271117986 457
1725359137391 8.26787533811726 458
1725359137416 8.244184571346427 459
1725359137436 8.220668949182208 460
1725359137458 8.197327023518474 461
1725359137479 8.174157359689385 462
1725359137500 8.151158536331879 463
1725359137520 8.128329145249845 464
1725359137540 8.105667791279927 465
1725359137560 8.083173092158422 466
1725359137579 8.06084367838998 467
1725359137600 8.038678193117516 468
1725359137621 8.016675291993595 469
1725359137640 7.994833643053351 470
1725359137660 7.973151926588546 471
1725359137678 7.951628835023254 472
1725359137697 7.930263072790631 473
1725359137717 7.909053356211299 474
1725359137736 7.887998413372893 475
1725359137756 7.867096984010865 476
1725359137790 7.846347819390738 477
1725359137810 7.825749682191599 478
1725359137831 7.805301346390702 479
1725359137854 7.7850015971495 480
1725359137879 7.764849230700915 481
1725359137899 7.744843054237632 482
1725359137918 7.724981885801828 483
1725359137938 7.705264554176045 484
1725359137960 7.685689898775001 485
1725359137980 7.6662567695390536 486
1725359138005 7.646964026828276 487
1725359138028 7.627810541318095 488
1725359138048 7.608795193895769 489
1725359138065 7.589916875558251 490
1725359138085 7.571174487310834 491
1725359138104 7.552566940067278 492
1725359138123 7.5340931545505345 493
1725359138142 7.51575206119505 494
1725359138161 7.497542600049693 495
1725359138180 7.4794637206820305 496
1725359138199 7.4615143820834025 497
1725359138221 7.443693552575215 498
1725359138240 7.426000209716072 499
