1725383218020 35.093080225705094 0
1725383218049 12.029938489724223 1
1725383218074 6.9509051281609 2
1725383218103 5.695322493980354 3
1725383218129 4.910830064478246 4
1725383218160 4.909699798853134 5
1725383218182 4.640093746146407 6
1725383218207 4.9232637757677615 7
1725383218229 4.486569148272927 8
1725383218251 4.433259427585948 9
1725383218271 5.062011237784513 10
1725383218297 4.6440962617115895 11
1725383218321 4.593200428934727 12
1725383218346 4.932653786284403 13
1725383218370 4.867869482169251 14
1725383218395 4.731377970585823 15
1725383218422 4.451113341120911 16
1725383218455 4.8002317980449725 17
1725383218479 4.458375507116878 18
1725383218505 4.834354625805008 19
1725383218531 4.771737052227312 20
1725383218560 5.066739324431605 21
1725383218592 4.689647023444526 22
1725383218618 5.154298660322892 23
1725383218644 4.768656504927231 24
1725383218668 4.513559660318784 25
1725383218696 4.591428203460677 26
1725383218717 4.918369413296092 27
1725383218743 4.5220107444333255 28
1725383218766 4.817441779128281 29
1725383218789 4.624975771202594 30
1725383218815 4.593154682165474 31
1725383218837 4.904880232116497 32
1725383218862 4.455664693714925 33
1725383218884 4.445645736199685 34
1725383218909 4.670368492307424 35
1725383218939 4.847841970184829 36
1725383218970 4.5616960252503524 37
1725383219000 4.523544730310854 38
1725383219038 4.357259155616745 39
1725383219064 4.620770116038001 40
1725383219088 5.196014175828915 41
1725383219108 4.619069127177694 42
1725383219153 5.066490631340469 43
1725383219180 4.856733190023304 44
1725383219206 5.073404290298269 45
1725383219246 5.299189415783481 46
1725383219318 4.9353806523034365 47
1725383219338 4.590803157161181 48
1725383219359 4.8152773762695 49
1725383219383 4.3914393438865025 50
1725383219407 5.038592098313635 51
1725383219431 4.757178671605281 52
1725383219462 4.7487257354772785 53
1725383219489 4.393046933650943 54
1725383219520 4.996753150178812 55
1725383219550 4.823271741057993 56
1725383219571 4.891237621668439 57
1725383219602 4.802300112259534 58
1725383219626 4.843034239409379 59
1725383219646 4.6739044299327235 60
1725383219669 4.980347894142778 61
1725383219693 4.99329311162054 62
1725383219716 4.77389728431552 63
1725383219739 4.792569169973585 64
1725383219762 4.879815520389347 65
1725383219785 4.635376907201146 66
1725383219812 5.171316056968081 67
1725383219837 4.766350208924674 68
1725383219859 4.793174709888657 69
1725383219888 4.772727442197468 70
1725383219917 4.809562282834554 71
1725383219941 4.744633956696105 72
1725383219971 4.886174799291329 73
1725383219998 4.429424756800987 74
1725383220034 4.8090593779705655 75
1725383220065 4.651181410667944 76
1725383220100 5.080866597068994 77
1725383220135 4.80328244061432 78
1725383220168 4.803882016054265 79
1725383220192 4.817219100083103 80
1725383220212 4.925339163452876 81
1725383220236 4.683595731778807 82
1725383220260 5.029180039359121 83
1725383220284 4.793150489448903 84
1725383220308 4.409076359450621 85
1725383220329 4.7774179047505285 86
1725383220353 4.723142081340367 87
1725383220377 4.86874946405293 88
1725383220402 4.964192343043652 89
1725383220425 4.761974181283904 90
1725383220445 4.789802086883569 91
1725383220471 4.829271107799445 92
1725383220495 4.606056390172315 93
1725383220517 4.762034313884698 94
1725383220538 4.661379267325914 95
1725383220563 4.349824371813359 96
1725383220589 4.803104581148028 97
1725383220617 4.981052496367178 98
1725383220648 4.885917225011088 99
1725383220672 4.837829521245238 100
1725383220696 4.979611693138033 101
1725383220720 4.787819911629011 102
1725383220742 4.4667367854156925 103
1725383220765 4.969067309455921 104
1725383220783 5.155215285393035 105
1725383220813 4.60103974700843 106
1725383220836 4.9593743703781055 107
1725383220859 4.913669405412036 108
1725383220880 4.245155869797213 109
1725383220908 5.0054808080455 110
1725383220933 5.18572794680184 111
1725383220954 4.6474633936652125 112
1725383220975 5.06935748552562 113
1725383220996 5.12844154230108 114
1725383221018 5.085522443733905 115
1725383221059 4.819804672416855 116
1725383221083 4.7060621371658495 117
1725383221108 4.8651133543002025 118
1725383221130 4.916446846036099 119
1725383221155 4.744433205952743 120
1725383221183 4.703512332774906 121
1725383221233 4.654341367873673 122
1725383221261 4.39542290413599 123
1725383221284 4.9796094976568135 124
1725383221307 4.840218054075357 125
1725383221331 4.826957110774144 126
1725383221356 4.857456481334163 127
1725383221380 4.909664687683314 128
1725383221404 4.913060402224323 129
1725383221431 4.83916500275058 130
1725383221456 5.039560552041806 131
1725383221484 5.116063301018616 132
1725383221508 4.9584489840019765 133
1725383221532 5.128909141136665 134
1725383221554 5.18050153369525 135
1725383221579 4.946003546462665 136
1725383221613 4.651038880989847 137
1725383221647 4.546335693161502 138
1725383221671 4.8044825239909486 139
1725383221695 4.895444071162453 140
1725383221718 5.032739669867852 141
1725383221742 4.788744699188648 142
1725383221766 4.866363429166247 143
1725383221790 4.91654002506015 144
1725383221822 4.486378077198755 145
1725383221844 4.430121713842113 146
1725383221871 5.268086549937722 147
1725383221896 5.066018211110029 148
1725383221925 4.621966847719363 149
1725383221949 4.269086321816391 150
1725383221973 4.668762727154445 151
1725383222001 4.807143859820664 152
1725383222026 4.638619148092163 153
1725383222047 5.2364528047268415 154
1725383222071 4.875719920558527 155
1725383222093 5.0842954860605785 156
1725383222117 4.639043083255847 157
1725383222139 4.871136307672673 158
1725383222163 4.9890169092536985 159
1725383222186 4.937161236411888 160
1725383222209 4.677769615808172 161
1725383222233 4.594512984157827 162
1725383222255 4.448147362547003 163
1725383222279 5.067621841905587 164
1725383222305 4.952230279491531 165
1725383222329 4.704221647174931 166
1725383222350 4.659032004921435 167
1725383222375 5.029080475119444 168
1725383222399 4.856080876216785 169
1725383222423 4.5810508647807975 170
1725383222447 4.780257702138993 171
1725383222470 4.669583318941587 172
1725383222492 4.716048487409966 173
1725383222514 4.667113602410681 174
1725383222538 4.6691077310255995 175
1725383222561 4.66265976606337 176
1725383222586 4.554387054958975 177
1725383222614 4.463932943889997 178
1725383222646 4.623221614298083 179
1725383222671 5.224564631542705 180
1725383222694 4.795804351698703 181
1725383222717 4.856191808750902 182
1725383222742 5.071207587443692 183
1725383222768 4.842041602336982 184
1725383222794 4.660143733306546 185
1725383222815 4.963426498591595 186
1725383222836 5.025176575952158 187
1725383222860 4.803417818316432 188
1725383222883 4.917546890101056 189
1725383222906 4.819981084993426 190
1725383222932 4.717804964388932 191
1725383222960 4.4545182588807535 192
1725383222987 4.635235737866657 193
1725383223007 4.666312094970573 194
1725383223033 4.89877807644185 195
1725383223057 4.835902995289536 196
1725383223080 4.888074052880359 197
1725383223104 4.950972969122321 198
1725383223128 4.887327892991722 199
1725383223151 4.816946771647558 200
1725383223173 4.829836185499954 201
1725383223197 4.594293506375562 202
1725383223220 5.015134999264709 203
1725383223243 4.858897386009502 204
1725383223270 5.209837461398519 205
1725383223293 5.026014666500274 206
1725383223318 4.844767707208449 207
1725383223343 4.83059126371931 208
1725383223369 4.962494448598129 209
1725383223393 5.018624869475568 210
1725383223416 4.795491194223309 211
1725383223445 4.772448124762554 212
1725383223471 4.513377855507737 213
1725383223495 4.469232201451195 214
1725383223519 5.203611581404657 215
1725383223542 4.963593574822339 216
1725383223569 4.550862457516963 217
1725383223594 4.553177121632348 218
1725383223624 4.366703029659114 219
1725383223647 4.839482245007257 220
1725383223671 4.906548117066343 221
1725383223695 4.806130419968774 222
1725383223721 4.705220691666217 223
1725383223744 4.995865617382963 224
1725383223766 4.369097608293743 225
1725383223788 4.89893241574919 226
1725383223814 4.871184190546294 227
1725383223836 4.859944492105467 228
1725383223861 5.219803603159365 229
1725383223884 4.743425015632845 230
1725383223910 4.879121996117634 231
1725383223932 4.914422337336402 232
1725383223957 4.91594197264233 233
1725383223987 4.72141468145055 234
1725383224014 4.8090498760896345 235
1725383224037 4.880561847856388 236
1725383224062 4.62329746258513 237
1725383224090 4.801005845541432 238
1725383224115 4.788518119488535 239
1725383224133 4.679651616768947 240
1725383224161 4.725229530826438 241
1725383224201 4.655238487601676 242
1725383224235 4.834762050448641 243
1725383224262 5.015202505220326 244
1725383224294 4.640425436775472 245
1725383224317 5.067630708723937 246
1725383224340 4.779867249854202 247
1725383224367 4.771197528586504 248
1725383224393 4.7584476283964605 249
1725383224422 5.072875112338541 250
1725383224448 4.84883810636302 251
1725383224472 4.726967013466831 252
1725383224501 5.084235705008842 253
1725383224539 4.906373663365946 254
1725383224564 4.8671025932290455 255
1725383224590 4.9265565939454135 256
1725383224615 4.5086742466433725 257
1725383224646 4.767402961961827 258
1725383224672 4.833067876252221 259
1725383224699 4.958505340037324 260
1725383224728 4.8046879655249715 261
1725383224754 4.909241509285851 262
1725383224780 4.906376220838436 263
1725383224812 4.438863946965278 264
1725383224839 5.0753172512317075 265
1725383224861 4.925113498656758 266
1725383224887 4.760186136550141 267
1725383224921 4.7766414504925985 268
1725383224946 5.203301326297017 269
1725383224974 4.864188584292812 270
1725383225001 4.588283105161862 271
1725383225028 4.942755610547702 272
1725383225051 4.714161627085068 273
1725383225075 4.797081764418268 274
1725383225099 4.357934057189934 275
1725383225126 4.774540774768342 276
1725383225172 4.793201642602286 277
1725383225200 4.579855558205163 278
1725383225232 5.210106176508792 279
1725383225253 4.754453359089949 280
1725383225277 5.03697764690337 281
1725383225303 4.695149902959869 282
1725383225350 4.47224244953708 283
1725383225378 4.633195229671158 284
1725383225404 4.76923826855688 285
1725383225431 4.7795266896246 286
1725383225455 5.003868614803424 287
1725383225479 4.702482550243279 288
1725383225506 4.621969681709946 289
1725383225530 4.713729456570686 290
1725383225555 4.534662544484548 291
1725383225600 4.988124659199312 292
1725383225627 4.916909255125272 293
1725383225662 4.913929806566799 294
1725383225689 4.96408661450095 295
1725383225712 4.4648222290566615 296
1725383225735 4.887768344354322 297
1725383225760 4.711311947577864 298
1725383225788 4.602840235837956 299
1725383225824 4.953545341730047 300
1725383225852 4.607451849855143 301
1725383225877 4.78296966740131 302
1725383225904 5.097683312428994 303
1725383225927 4.401260142553148 304
1725383225948 4.723087874216916 305
1725383225971 5.020521688489854 306
1725383225995 4.880737436462894 307
1725383226017 4.593517374489495 308
1725383226039 4.940222529494289 309
1725383226069 4.909414103297333 310
1725383226095 4.489092191293813 311
1725383226126 4.771061263441481 312
1725383226156 4.818361077864741 313
1725383226182 4.629513954854489 314
1725383226207 4.702001024272495 315
1725383226231 4.878547995526467 316
1725383226254 4.580271079075502 317
1725383226281 4.755199811487675 318
1725383226307 4.733960026327046 319
1725383226339 4.869860158079099 320
1725383226364 4.433063028743736 321
1725383226388 5.058319502066657 322
