1725343966961 nan 0
1725343966980 nan 1
1725343967000 nan 2
1725343967018 nan 3
1725343967036 nan 4
1725343967057 nan 5
1725343967075 nan 6
1725343967094 nan 7
1725343967113 nan 8
1725343967137 nan 9
1725343967157 nan 10
1725343967176 nan 11
1725343967195 nan 12
1725343967213 nan 13
1725343967233 nan 14
1725343967262 nan 15
1725343967281 nan 16
1725343967301 nan 17
1725343967317 nan 18
1725343967334 nan 19
1725343967350 nan 20
1725343967368 nan 21
1725343967383 nan 22
1725343967401 nan 23
1725343967417 nan 24
1725343967432 nan 25
1725343967447 nan 26
1725343967462 nan 27
1725343967477 nan 28
1725343967492 nan 29
1725343967508 nan 30
1725343967523 nan 31
1725343967539 nan 32
1725343967556 nan 33
1725343967573 nan 34
1725343967590 nan 35
1725343967604 nan 36
1725343967620 nan 37
1725343967637 nan 38
1725343967659 nan 39
1725343967680 nan 40
1725343967699 nan 41
1725343967726 nan 42
1725343967749 nan 43
1725343967774 nan 44
1725343967799 nan 45
1725343967820 nan 46
1725343967840 nan 47
1725343967862 nan 48
1725343967883 nan 49
1725343967907 nan 50
1725343967923 nan 51
1725343967938 nan 52
1725343967954 nan 53
1725343967967 nan 54
1725343967982 nan 55
1725343967997 nan 56
1725343968013 nan 57
1725343968030 nan 58
1725343968049 nan 59
1725343968066 nan 60
1725343968082 nan 61
1725343968101 nan 62
1725343968118 nan 63
1725343968134 nan 64
1725343968170 nan 65
1725343968228 nan 66
1725343968249 nan 67
1725343968291 nan 68
1725343968313 nan 69
1725343968338 nan 70
1725343968357 nan 71
1725343968381 nan 72
1725343968401 nan 73
1725343968423 nan 74
1725343968443 nan 75
1725343968463 nan 76
1725343968483 nan 77
1725343968500 nan 78
1725343968518 nan 79
1725343968540 nan 80
1725343968565 nan 81
1725343968591 nan 82
1725343968614 nan 83
1725343968640 nan 84
1725343968664 nan 85
1725343968682 nan 86
1725343968700 nan 87
1725343968716 nan 88
1725343968733 nan 89
1725343968751 nan 90
1725343968774 nan 91
1725343968798 nan 92
1725343968818 nan 93
1725343968840 nan 94
1725343968862 nan 95
1725343968880 nan 96
1725343968902 nan 97
1725343968930 nan 98
1725343968956 nan 99
1725343968981 nan 100
1725343969007 nan 101
1725343969030 nan 102
1725343969048 nan 103
1725343969065 nan 104
1725343969083 nan 105
1725343969101 nan 106
1725343969118 nan 107
1725343969140 nan 108
1725343969166 nan 109
1725343969191 nan 110
1725343969213 nan 111
1725343969234 nan 112
1725343969266 nan 113
1725343969301 nan 114
1725343969329 nan 115
1725343969351 nan 116
1725343969380 nan 117
1725343969410 nan 118
1725343969432 nan 119
1725343969450 nan 120
1725343969474 nan 121
1725343969499 nan 122
1725343969537 nan 123
1725343969560 nan 124
1725343969580 nan 125
1725343969598 nan 126
1725343969615 nan 127
1725343969632 nan 128
1725343969650 nan 129
1725343969667 nan 130
1725343969684 nan 131
1725343969701 nan 132
1725343969718 nan 133
1725343969738 nan 134
1725343969755 nan 135
1725343969775 nan 136
1725343969794 nan 137
1725343969814 nan 138
1725343969831 nan 139
1725343969850 nan 140
1725343969867 nan 141
1725343969884 nan 142
1725343969900 nan 143
1725343969918 nan 144
1725343969947 nan 145
1725343969973 nan 146
1725343969991 nan 147
1725343970008 nan 148
1725343970030 nan 149
1725343970056 nan 150
1725343970081 nan 151
1725343970123 nan 152
1725343970156 nan 153
1725343970188 nan 154
1725343970223 nan 155
1725343970247 nan 156
1725343970274 nan 157
1725343970310 nan 158
1725343970331 nan 159
1725343970352 nan 160
1725343970374 nan 161
1725343970393 nan 162
1725343970416 nan 163
1725343970447 nan 164
1725343970471 nan 165
1725343970491 nan 166
1725343970523 nan 167
1725343970554 nan 168
1725343970574 nan 169
1725343970591 nan 170
1725343970658 nan 171
1725343970733 nan 172
1725343970766 nan 173
1725343970790 nan 174
1725343970811 nan 175
1725343970838 nan 176
1725343970857 nan 177
1725343970877 nan 178
1725343970897 nan 179
1725343970923 nan 180
1725343970957 nan 181
1725343970984 nan 182
1725343971015 nan 183
1725343971050 nan 184
1725343971082 nan 185
1725343971108 nan 186
1725343971133 nan 187
1725343971161 nan 188
1725343971180 nan 189
1725343971198 nan 190
1725343971221 nan 191
1725343971241 nan 192
1725343971261 nan 193
1725343971281 nan 194
1725343971325 nan 195
1725343971347 nan 196
1725343971377 nan 197
1725343971397 nan 198
1725343971417 nan 199
1725343971434 nan 200
1725343971452 nan 201
1725343971474 nan 202
1725343971492 nan 203
1725343971513 nan 204
1725343971533 nan 205
1725343971551 nan 206
1725343971582 nan 207
1725343971642 nan 208
1725343971715 nan 209
1725343971807 nan 210
1725343971834 nan 211
1725343971858 nan 212
1725343971875 nan 213
1725343971894 nan 214
1725343971915 nan 215
1725343971952 nan 216
1725343971982 nan 217
1725343972015 nan 218
1725343972041 nan 219
1725343972058 nan 220
1725343972081 nan 221
1725343972107 nan 222
1725343972125 nan 223
1725343972145 nan 224
1725343972173 nan 225
1725343972197 nan 226
1725343972223 nan 227
1725343972246 nan 228
1725343972274 nan 229
1725343972293 nan 230
1725343972311 nan 231
1725343972342 nan 232
1725343972364 nan 233
1725343972380 nan 234
1725343972402 nan 235
1725343972425 nan 236
1725343972443 nan 237
1725343972460 nan 238
1725343972483 nan 239
1725343972509 nan 240
1725343972531 nan 241
1725343972557 nan 242
1725343972582 nan 243
1725343972614 nan 244
1725343972640 nan 245
1725343972664 nan 246
1725343972690 nan 247
1725343972716 nan 248
1725343972740 nan 249
1725343972774 nan 250
1725343972797 nan 251
1725343972821 nan 252
1725343972843 nan 253
1725343972872 nan 254
1725343972895 nan 255
1725343972915 nan 256
1725343972931 nan 257
1725343972949 nan 258
1725343972965 nan 259
1725343972982 nan 260
1725343972999 nan 261
1725343973015 nan 262
1725343973033 nan 263
1725343973055 nan 264
1725343973077 nan 265
1725343973097 nan 266
1725343973117 nan 267
1725343973138 nan 268
1725343973155 nan 269
1725343973176 nan 270
1725343973200 nan 271
1725343973218 nan 272
1725343973240 nan 273
1725343973258 nan 274
1725343973280 nan 275
1725343973298 nan 276
1725343973315 nan 277
1725343973331 nan 278
1725343973363 nan 279
1725343973380 nan 280
1725343973397 nan 281
1725343973415 nan 282
1725343973437 nan 283
1725343973461 nan 284
1725343973480 nan 285
1725343973502 nan 286
1725343973524 nan 287
1725343973542 nan 288
1725343973558 nan 289
1725343973575 nan 290
1725343973590 nan 291
1725343973608 nan 292
1725343973624 nan 293
1725343973641 nan 294
1725343973656 nan 295
1725343973679 nan 296
1725343973699 nan 297
1725343973724 nan 298
1725343973741 nan 299
1725343973757 nan 300
1725343973772 nan 301
1725343973794 nan 302
1725343973809 nan 303
1725343973825 nan 304
1725343973842 nan 305
1725343973859 nan 306
1725343973876 nan 307
1725343973893 nan 308
1725343973908 nan 309
1725343973926 nan 310
1725343973943 nan 311
1725343973962 nan 312
1725343973978 nan 313
1725343973996 nan 314
1725343974013 nan 315
1725343974029 nan 316
1725343974044 nan 317
1725343974059 nan 318
1725343974074 nan 319
1725343974089 nan 320
1725343974103 nan 321
1725343974118 nan 322
1725343974134 nan 323
1725343974149 nan 324
1725343974164 nan 325
1725343974182 nan 326
1725343974198 nan 327
1725343974215 nan 328
1725343974234 nan 329
1725343974251 nan 330
1725343974272 nan 331
1725343974291 nan 332
1725343974309 nan 333
1725343974327 nan 334
1725343974343 nan 335
1725343974374 nan 336
1725343974390 nan 337
1725343974408 nan 338
1725343974425 nan 339
1725343974443 nan 340
1725343974462 nan 341
1725343974480 nan 342
1725343974500 nan 343
1725343974516 nan 344
1725343974535 nan 345
1725343974554 nan 346
1725343974572 nan 347
1725343974589 nan 348
1725343974606 nan 349
1725343974620 nan 350
1725343974637 nan 351
1725343974655 nan 352
1725343974671 nan 353
1725343974687 nan 354
1725343974704 nan 355
1725343974720 nan 356
1725343974737 nan 357
1725343974754 nan 358
1725343974770 nan 359
1725343974788 nan 360
1725343974804 nan 361
1725343974822 nan 362
1725343974838 nan 363
1725343974857 nan 364
1725343974874 nan 365
1725343974893 nan 366
1725343974909 nan 367
1725343974927 nan 368
1725343974945 nan 369
1725343974960 nan 370
1725343974975 nan 371
1725343974993 nan 372
1725343975010 nan 373
1725343975027 nan 374
1725343975043 nan 375
1725343975059 nan 376
1725343975077 nan 377
1725343975093 nan 378
1725343975109 nan 379
1725343975125 nan 380
1725343975140 nan 381
1725343975155 nan 382
1725343975170 nan 383
1725343975188 nan 384
1725343975204 nan 385
1725343975217 nan 386
1725343975237 nan 387
1725343975254 nan 388
1725343975273 nan 389
1725343975296 nan 390
1725343975321 nan 391
1725343975345 nan 392
1725343975376 nan 393
1725343975405 nan 394
1725343975426 nan 395
1725343975449 nan 396
1725343975473 nan 397
1725343975496 nan 398
1725343975517 nan 399
1725343975541 nan 400
1725343975557 nan 401
1725343975574 nan 402
1725343975590 nan 403
1725343975607 nan 404
1725343975623 nan 405
1725343975639 nan 406
1725343975654 nan 407
1725343975675 nan 408
1725343975692 nan 409
1725343975710 nan 410
1725343975729 nan 411
1725343975747 nan 412
1725343975763 nan 413
1725343975781 nan 414
1725343975796 nan 415
1725343975811 nan 416
1725343975826 nan 417
1725343975841 nan 418
1725343975858 nan 419
1725343975874 nan 420
1725343975892 nan 421
1725343975908 nan 422
1725343975925 nan 423
1725343975942 nan 424
1725343975959 nan 425
1725343975976 nan 426
1725343975993 nan 427
1725343976010 nan 428
1725343976026 nan 429
1725343976043 nan 430
1725343976065 nan 431
1725343976085 nan 432
1725343976107 nan 433
1725343976131 nan 434
1725343976153 nan 435
1725343976172 nan 436
1725343976187 nan 437
1725343976206 nan 438
1725343976224 nan 439
1725343976243 nan 440
1725343976260 nan 441
1725343976275 nan 442
1725343976293 nan 443
1725343976315 nan 444
1725343976339 nan 445
1725343976365 nan 446
1725343976399 nan 447
1725343976424 nan 448
1725343976449 nan 449
1725343976478 nan 450
1725343976502 nan 451
1725343976527 nan 452
1725343976545 nan 453
1725343976561 nan 454
1725343976578 nan 455
1725343976596 nan 456
1725343976611 nan 457
1725343976632 nan 458
1725343976647 nan 459
1725343976662 nan 460
1725343976684 nan 461
1725343976701 nan 462
1725343976718 nan 463
1725343976737 nan 464
1725343976754 nan 465
1725343976772 nan 466
1725343976787 nan 467
1725343976805 nan 468
1725343976822 nan 469
1725343976839 nan 470
1725343976855 nan 471
1725343976873 nan 472
1725343976890 nan 473
1725343976909 nan 474
1725343976924 nan 475
1725343976939 nan 476
1725343976954 nan 477
1725343976970 nan 478
1725343976984 nan 479
1725343976998 nan 480
1725343977015 nan 481
1725343977030 nan 482
1725343977045 nan 483
1725343977065 nan 484
1725343977083 nan 485
1725343977101 nan 486
1725343977118 nan 487
1725343977138 nan 488
1725343977163 nan 489
1725343977180 nan 490
1725343977194 nan 491
1725343977210 nan 492
1725343977225 nan 493
1725343977240 nan 494
1725343977255 nan 495
1725343977270 nan 496
1725343977284 nan 497
1725343977300 nan 498
1725343977318 nan 499
