1725421521489 176.69933316972205 0
1725421521539 173.09872505794164 1
1725421521591 169.5723280387285 2
1725421521629 166.1698517150562 3
1725421521684 162.83694878139795 4
1725421521718 159.5721570428016 5
1725421521751 156.37404649951952 6
1725421521785 153.24121858186203 7
1725421521827 150.17230540536508 8
1725421521886 147.16596904565813 9
1725421521948 144.22090083243626 10
1725421521981 141.33582066196323 11
1725421522022 138.50947632755037 12
1725421522057 135.74064286747577 13
1725421522099 133.02812192982591 14
1725421522135 130.3707411537597 15
1725421522175 127.7673535667119 16
1725421522219 125.21683699706773 17
1725421522257 122.71809350185853 18
1725421522291 120.2729849483204 19
1725421522324 117.88009582625617 20
1725421522352 115.53550398111443 21
1725421522383 113.23821758712413 22
1725421522415 110.98726578228884 23
1725421522453 108.78169820269143 24
1725421522488 106.62058452801733 25
1725421522526 104.50301403799372 26
1725421522558 102.42809517945 27
1725421522585 100.39495514371525 28
1725421522618 98.40273945407623 29
1725421522652 96.45061156302816 30
1725421522693 94.53775245905894 31
1725421522730 92.66336028271489 32
1725421522768 90.82664995170384 33
1725421522804 89.02685279479898 34
1725421522840 87.26321619431324 35
1725421522874 85.53657975605091 36
1725421522904 83.84453735270804 37
1725421522953 82.1863876514385 38
1725421523070 80.5614438038632 39
1725421523108 78.9690331371672 40
1725421523154 77.40849685216011 41
1725421523185 75.87918972812953 42
1725421523217 74.38047983431966 43
1725421523255 72.91174824787366 44
1725421523289 71.47238877808174 45
1725421523323 70.06180769678139 46
1725421523357 68.68002329238422 47
1725421523395 67.32614752628041 48
1725421523441 65.99928651578954 49
1725421523472 64.69889646196742 50
1725421523518 63.42444465018346 51
1725421523556 62.1758328856498 52
1725421523594 60.95209492712918 53
1725421523624 59.75273137976874 54
1725421523665 58.57725298292326 55
1725421523696 57.425180400864264 56
1725421523725 56.29574461863235 57
1725421523751 55.18943421653472 58
1725421523777 54.10512954702332 59
1725421523807 53.042592889679305 60
1725421523834 52.00097115389176 61
1725421523859 50.980253556739726 62
1725421523889 49.979482763833346 63
1725421523924 48.998931408603106 64
1725421523959 48.037382636379 65
1725421523994 47.095410445554016 66
1725421524049 46.172144906571575 67
1725421524084 45.267212145791106 68
1725421524113 44.3800583193023 69
1725421524150 43.5107037621634 70
1725421524188 42.65869191854003 71
1725421524219 41.82384702426982 72
1725421524256 41.005570709799095 73
1725421524293 40.20302251123597 74
1725421524322 39.416853111459886 75
1725421524351 38.646276532899584 76
1725421524384 37.890866199665844 77
1725421524417 37.150683072567155 78
1725421524454 36.42495242107243 79
1725421524486 35.71330003016157 80
1725421524518 35.01621741016569 81
1725421524554 34.33269799543326 82
1725421524586 33.66228634721494 83
1725421524620 33.005806932413705 84
1725421524654 32.36230276292595 85
1725421524686 31.731542226408017 86
1725421524717 31.112907155797334 87
1725421524749 30.50641485322891 88
1725421524789 29.912045695989427 89
1725421524825 29.329540198427487 90
1725421524869 28.758860740060236 91
1725421524905 28.199045422628124 92
1725421524945 27.650315304591757 93
1725421524985 27.112654104655487 94
1725421525022 26.585632248551846 95
1725421525057 26.069024155809696 96
1725421525094 25.562072705604987 97
1725421525127 25.065692667984838 98
1725421525165 24.578788441105573 99
1725421525200 24.10162226836026 100
1725421525233 23.633995910167357 101
1725421525268 23.17543001737732 102
1725421525308 22.72610554901534 103
1725421525342 22.28552444285638 104
1725421525374 21.85388586321181 105
1725421525415 21.430391822265502 106
1725421525448 21.015375369959973 107
1725421525473 20.608783585626707 108
1725421525509 20.21009646360715 109
1725421525558 19.818749321585088 110
1725421525598 19.435604040362065 111
1725421525633 19.060043778585165 112
1725421525665 18.691825353434954 113
1725421525694 18.33063073890471 114
1725421525726 17.97662926542542 115
1725421525752 17.630017804114143 116
1725421525791 17.28997603938452 117
1725421525834 16.956665772554377 118
1725421525876 16.62913313673054 119
1725421525905 16.308691642080966 120
1725421525933 15.99479823995472 121
1725421525961 15.68705107850493 122
1725421525994 15.38474098986516 123
1725421526026 15.08901000334533 124
1725421526053 14.798722615886987 125
1725421526087 14.514400183307584 126
1725421526118 14.235297346783792 127
1725421526153 13.961721472714874 128
1725421526184 13.693942230560314 129
1725421526217 13.431558966005955 130
1725421526251 13.173637520045032 131
1725421526282 12.921134297399592 132
1725421526328 12.67381835874561 133
1725421526362 12.431344275357358 134
1725421526393 12.193115513181809 135
1725421526425 11.959817437451559 136
1725421526458 11.731195982739496 137
1725421526491 11.507150984687444 138
1725421526524 11.287370342336333 139
1725421526550 11.071922379412381 140
1725421526582 10.860905786123148 141
1725421526614 10.653169658740856 142
1725421526650 10.450228459568232 143
1725421526688 10.251370398772744 144
1725421526725 10.056412993429936 145
1725421526757 9.86516111118423 146
1725421526794 9.677368808377977 147
1725421526832 9.493549058218086 148
1725421526865 9.313355843432722 149
1725421526903 9.136494737766803 150
1725421526942 8.963029099134674 151
1725421526974 8.793110934089928 152
1725421527007 8.626752044009642 153
1725421527033 8.463168458455879 154
1725421527066 8.30326349600418 155
1725421527100 8.146598178248487 156
1725421527134 7.991586927051411 157
1725421527169 7.840813017560146 158
1725421527206 7.692976235342416 159
1725421527249 7.548139700508162 160
1725421527275 7.405584062693456 161
1725421527323 7.265880387906835 162
1725421527357 7.129218396966542 163
1725421527407 6.994834245327406 164
1725421527446 6.863576409659599 165
1725421527482 6.7347311588220915 166
1725421527514 6.608004173206453 167
1725421527549 6.484350434782846 168
1725421527583 6.362842123494938 169
1725421527623 6.243417591400922 170
1725421527656 6.126532620867157 171
1725421527685 6.0116734709994715 172
1725421527714 5.89972200459248 173
1725421527742 5.789692637156641 174
1725421527772 5.681540851722314 175
1725421527809 5.575432002441222 176
1725421527842 5.471741295256019 177
1725421527885 5.370297584704998 178
1725421527915 5.269813741196816 179
1725421527942 5.172092521676475 180
1725421527980 5.076351356254275 181
1725421528022 4.982444392592376 182
1725421528063 4.889391305296603 183
1725421528095 4.799393446375289 184
1725421528128 4.710470269454593 185
1725421528165 4.623265962280588 186
1725421528197 4.538119040147744 187
1725421528233 4.454640442390958 188
1725421528263 4.37224129822145 189
1725421528297 4.291889542794499 190
1725421528339 4.212947138930325 191
1725421528375 4.135537811440883 192
1725421528402 4.05970095393312 193
1725421528442 3.985485913769511 194
1725421528483 3.9125464834009964 195
1725421528506 3.8404550738380294 196
1725421528540 3.7706219579544964 197
1725421528575 3.7019370639199023 198
1725421528605 3.6345990912899344 199
1725421528634 3.568260914384212 200
1725421528661 3.5034910643246473 201
1725421528699 3.4400335319501036 202
1725421528733 3.3775058080183222 203
1725421528768 3.316466878009614 204
1725421528802 3.2565438814738408 205
1725421528833 3.1977952793556272 206
1725421528871 3.139793915390949 207
1725421528906 3.0833212625215287 208
1725421528951 3.0281704438833286 209
1725421528985 2.9738174993175233 210
1725421529023 2.9200828628322117 211
1725421529055 2.867896512513371 212
1725421529095 2.8163446018714597 213
1725421529133 2.7661703289185544 214
1725421529164 2.717149466925666 215
1725421529199 2.668423090297794 216
1725421529234 2.6208457562735354 217
1725421529283 2.5747631032801785 218
1725421529318 2.5287697646751597 219
1725421529347 2.4838654573386663 220
1725421529392 2.4403008783161195 221
1725421529423 2.3970129813004664 222
1725421529455 2.3547997277912147 223
1725421529486 2.3135184035226737 224
1725421529518 2.2727802972844366 225
1725421529551 2.2330278021700574 226
1725421529582 2.1940012354319407 227
1725421529615 2.1554658176281523 228
1725421529659 2.1182044852293136 229
1725421529700 2.081274564598278 230
1725421529749 2.0449992589752823 231
1725421529789 2.009737434748554 232
1725421529820 1.9750403987600318 233
1725421529856 1.9410259691124925 234
1725421529890 1.9073778671574426 235
1725421529925 1.8745189010028003 236
1725421529953 1.842374883512867 237
1725421529986 1.8108424761667326 238
1725421530019 1.779932606628874 239
1725421530056 1.7496199889868334 240
1725421530094 1.7202263141960332 241
1725421530127 1.6908593151059432 242
1725421530166 1.6621353077197594 243
1725421530201 1.6338408903836077 244
1725421530232 1.606506962171163 245
1725421530268 1.5796789636947 246
1725421530313 1.553211980172912 247
1725421530345 1.5268864904026234 248
1725421530381 1.5014343607366019 249
1725421530407 1.4759560535302496 250
1725421530449 1.4516482842542053 251
1725421530487 1.426585160282732 252
1725421530521 1.403199548589511 253
1725421530582 1.380149824051521 254
1725421530615 1.3576077869504126 255
1725421530644 1.3350134493412447 256
1725421530682 1.3129374162376106 257
1725421530720 1.2920221480690846 258
1725421530755 1.270460599709582 259
1725421530786 1.2490505200924737 260
1725421530818 1.2293997691883471 261
1725421530849 1.2094408852281677 262
1725421530882 1.1901492478946663 263
1725421530919 1.1708094426971658 264
1725421530949 1.151944406166153 265
1725421530973 1.1337653600109225 266
1725421531002 1.1152921887887202 267
1725421531034 1.0976013714284851 268
1725421531066 1.0798328806940036 269
1725421531102 1.062952339081331 270
1725421531133 1.0460122367137574 271
1725421531160 1.0295213415343243 272
1725421531200 1.013565592481166 273
1725421531238 0.9980728600263653 274
1725421531274 0.9821278040231591 275
1725421531305 0.9667237581327079 276
1725421531336 0.9522084065581572 277
1725421531374 0.937420110589389 278
1725421531404 0.9233758664823497 279
1725421531451 0.908782270358013 280
1725421531501 0.8952545688528752 281
1725421531534 0.8813911813911937 282
1725421531566 0.8673191455719576 283
1725421531602 0.8546449344173537 284
1725421531634 0.8421957700496354 285
1725421531683 0.8295712736379801 286
1725421531717 0.8169577365756077 287
1725421531763 0.8050721991511048 288
1725421531801 0.7930878299914845 289
1725421531831 0.7812890891858424 290
1725421531860 0.7700706608535244 291
1725421531893 0.7592172259661989 292
1725421531935 0.7475889493709802 293
1725421531969 0.7367420378945412 294
1725421532020 0.7259873047153158 295
1725421532059 0.7156211373673432 296
1725421532104 0.7050720508420328 297
1725421532150 0.6947999257121027 298
1725421532182 0.6850996386175796 299
1725421532214 0.6753981455218807 300
1725421532249 0.6660379843385038 301
1725421532282 0.6564672344820858 302
1725421532320 0.6472088644207437 303
1725421532360 0.6385780034526839 304
1725421532405 0.6294937450413356 305
1725421532432 0.6208362878484759 306
1725421532460 0.6126777804168941 307
1725421532494 0.6042260943698052 308
1725421532526 0.5952659435752468 309
1725421532559 0.5871298234205704 310
1725421532602 0.5796576338618755 311
1725421532647 0.5716824122098486 312
1725421532674 0.5642397105762939 313
1725421532702 0.5568847776296646 314
1725421532735 0.5497039177084289 315
1725421532763 0.5423072886057756 316
1725421532793 0.5352407471351117 317
1725421532825 0.5284524006861642 318
1725421532860 0.5216821940352633 319
1725421532884 0.5149538193784176 320
1725421532914 0.5082989250779467 321
1725421532949 0.5019062050911794 322
1725421532987 0.4952513387429492 323
1725421533030 0.4889616317719936 324
1725421533067 0.4828745428970397 325
1725421533102 0.477285010964137 326
1725421533134 0.47153196998702057 327
1725421533181 0.46564586078232206 328
1725421533213 0.45983242493176296 329
1725421533246 0.45428404191122485 330
1725421533280 0.44852434680246905 331
1725421533327 0.4434057120095266 332
1725421533361 0.4382878907110715 333
1725421533406 0.43269747595908964 334
1725421533433 0.42789329106853397 335
1725421533460 0.4230882627806688 336
1725421533500 0.4177445481474875 337
1725421533531 0.41342010493382136 338
1725421533580 0.4081045932020099 339
1725421533623 0.40375954134282493 340
1725421533654 0.39888511423319245 341
1725421533684 0.39431940592808706 342
1725421533714 0.3902848008165645 343
1725421533747 0.3857053131136332 344
1725421533780 0.38130116401718595 345
1725421533815 0.3773564845900136 346
1725421533861 0.37358896029805666 347
1725421533898 0.3694320864051989 348
1725421533934 0.36521505781975916 349
1725421533979 0.36152859875055077 350
1725421534017 0.35747811418691433 351
1725421534046 0.353993292060705 352
1725421534081 0.35037616043925257 353
1725421534125 0.34648442646708416 354
1725421534163 0.3431157043156635 355
1725421534198 0.3393483687982134 356
1725421534234 0.3362400780573249 357
1725421534282 0.3329143191405681 358
1725421534313 0.32902947143567185 359
1725421534348 0.32622560153793345 360
1725421534378 0.3230659007017106 361
1725421534404 0.31998191297581163 362
1725421534443 0.31679018740977993 363
1725421534481 0.31429116572114835 364
1725421534520 0.31110903956254843 365
1725421534555 0.30813918067684154 366
1725421534588 0.30558003007881496 367
1725421534630 0.3023939133597024 368
1725421534666 0.2994694083159166 369
1725421534712 0.2970138661837468 370
1725421534753 0.2941355512190962 371
1725421534789 0.29108446410253996 372
1725421534821 0.2889252235545921 373
1725421534855 0.28671024936506906 374
1725421534892 0.28422571550588993 375
1725421534924 0.2816893416655434 376
1725421534956 0.2791207773660243 377
1725421534994 0.27654503518923945 378
1725421535023 0.27453509864695436 379
1725421535056 0.2724353632425224 380
1725421535092 0.27004179720875865 381
1725421535135 0.26813842953821554 382
1725421535177 0.2657226280933592 383
1725421535213 0.26380546319071 384
1725421535247 0.26178812182684147 385
1725421535281 0.2592030787178495 386
1725421535316 0.2577494356962344 387
1725421535353 0.2551343244488556 388
1725421535387 0.25347988651984127 389
1725421535431 0.25192878713593764 390
1725421535463 0.24972156398896364 391
1725421535508 0.24805198790504615 392
1725421535544 0.24583383963213415 393
1725421535572 0.24444122446385347 394
1725421535606 0.24274588450391868 395
1725421535663 0.24095529811891234 396
1725421535699 0.23941792572914014 397
1725421535732 0.23761966318426647 398
1725421535764 0.2362022575022333 399
1725421535799 0.2346129979435838 400
1725421535833 0.23283598086862567 401
1725421535864 0.23148803055054795 402
1725421535899 0.2298501541862584 403
1725421535941 0.22806187495542563 404
1725421535979 0.22666787410395128 405
1725421536018 0.22543567074191098 406
1725421536055 0.22418343755552977 407
1725421536085 0.22247728275718662 408
1725421536124 0.22068447806429595 409
1725421536151 0.21977202415169053 410
1725421536192 0.21845815128123378 411
1725421536225 0.21722612688279846 412
1725421536259 0.2159947246869637 413
1725421536290 0.21473439494172922 414
1725421536324 0.21348076664902152 415
1725421536354 0.21255669325109294 416
1725421536383 0.21104413644163994 417
1725421536411 0.20956923037723632 418
1725421536455 0.2086689714201175 419
1725421536497 0.20775495885552095 420
1725421536543 0.2065688873200162 421
1725421536581 0.20568188118463035 422
1725421536623 0.20398773800852374 423
1725421536664 0.20312334112763558 424
1725421536702 0.20208422901835732 425
1725421536740 0.20140436723646332 426
1725421536782 0.20015905892790523 427
1725421536812 0.1989788324619256 428
1725421536845 0.1982337621149007 429
1725421536880 0.1973982294487942 430
1725421536913 0.19678647940619406 431
1725421536946 0.1952896584450234 432
1725421536979 0.19442891316915786 433
1725421537011 0.19350861191524882 434
1725421537043 0.19265074529700332 435
1725421537075 0.19205914027919666 436
1725421537100 0.19094428910429287 437
1725421537133 0.19001953932348098 438
1725421537165 0.18924260469813764 439
1725421537201 0.18828162812524613 440
1725421537245 0.1874928451314369 441
1725421537280 0.18666525269834025 442
1725421537322 0.1858022055153625 443
1725421537357 0.1853187700479088 444
1725421537402 0.18476518406112105 445
1725421537445 0.18397056031473596 446
1725421537478 0.1829333793305103 447
1725421537518 0.18225051141037166 448
1725421537554 0.1818900546468713 449
1725421537588 0.1809851645047003 450
1725421537625 0.18078310904570555 451
1725421537665 0.17975653803248234 452
1725421537700 0.17918062796245146 453
1725421537734 0.17865095622869986 454
1725421537768 0.177323563572585 455
1725421537809 0.17677524295290858 456
1725421537857 0.1766558137565317 457
1725421537894 0.175322411356653 458
1725421537980 0.17501082849473493 459
1725421538017 0.17499431384222883 460
1725421538056 0.1740455393512501 461
1725421538084 0.17357344004194733 462
1725421538113 0.1727169352126598 463
1725421538145 0.17255945819070176 464
1725421538180 0.17210005430158198 465
1725421538217 0.1715770466409417 466
1725421538257 0.171025411935934 467
1725421538288 0.1704285377780359 468
1725421538323 0.16965512747333694 469
1725421538352 0.16945840050973562 470
1725421538387 0.16904400728807176 471
1725421538422 0.16801544863131498 472
1725421538453 0.16762843517599002 473
1725421538489 0.16735040728217426 474
1725421538524 0.16671706347434465 475
1725421538556 0.16655991721356778 476
1725421538590 0.16571581467226917 477
1725421538622 0.1651650249643723 478
1725421538658 0.16532757369653914 479
1725421538693 0.1648884046089913 480
1725421538722 0.1641956914388197 481
1725421538748 0.16405631956781913 482
1725421538776 0.16385324077916258 483
1725421538803 0.163203123877123 484
1725421538843 0.16246899877652995 485
1725421538880 0.16244869563401076 486
1725421538911 0.16211180425760635 487
1725421538945 0.1618693581338313 488
1725421538978 0.16068606582120254 489
1725421539021 0.16050449024870125 490
1725421539055 0.1602931201624599 491
1725421539088 0.15993472798961594 492
1725421539123 0.15963359644398978 493
1725421539157 0.15905140238559934 494
1725421539194 0.15890208052221957 495
1725421539231 0.15879833600580565 496
1725421539265 0.15864072571929144 497
1725421539301 0.1575127353127174 498
1725421539334 0.15754471471141784 499
