1725390526078 176.05814625804797 0
1725390526105 176.02242366980715 1
1725390526137 175.9867085665815 2
1725390526166 175.9510009467594 3
1725390526193 175.9153008087297 4
1725390526229 175.8796081508816 5
1725390526254 175.8439229716047 6
1725390526277 175.80824526928882 7
1725390526307 175.7725750423242 8
1725390526337 175.73691228910155 9
1725390526375 175.70125700801185 10
1725390526388 175.6656091974464 11
1725390526400 175.62996885579688 12
1725390526413 175.59433598145543 13
1725390526425 175.5587105728144 14
1725390526437 175.52309262826657 15
1725390526450 175.48748214620505 16
1725390526461 175.4518791250234 17
1725390526474 175.41628356311543 18
1725390526493 175.3806954588754 19
1725390526511 175.34511481069777 20
1725390526530 175.30954161697755 21
1725390526553 175.27397587610997 22
1725390526573 175.23841758649073 23
1725390526596 175.20286674651578 24
1725390526614 175.16732335458147 25
1725390526629 175.13178740908455 26
1725390526644 175.09625890842204 27
1725390526659 175.0607378509914 28
1725390526675 175.02522423519045 29
1725390526690 174.98971805941727 30
1725390526706 174.95421932207032 31
1725390526721 174.91872802154856 32
1725390526741 174.88324415625115 33
1725390526762 174.84776772457766 34
1725390526778 174.812298724928 35
1725390526796 174.77683715570248 36
1725390526812 174.74138301530172 37
1725390526837 174.70593630212673 38
1725390526858 174.67049701457884 39
1725390526874 174.6350651510598 40
1725390526890 174.59964070997162 41
1725390526908 174.56422368971673 42
1725390526919 174.5288140886979 43
1725390526931 174.49341190531834 44
1725390526942 174.45801713798144 45
1725390526954 174.4226297850911 46
1725390526966 174.38724984505149 47
1725390526978 174.35187731626715 48
1725390527000 174.31651219714306 49
1725390527021 174.2811544860844 50
1725390527045 174.24580418149685 51
1725390527067 174.2104612817864 52
1725390527088 174.1751257853593 53
1725390527112 174.13979769062232 54
1725390527128 174.10447699598248 55
1725390527144 174.0691636998471 56
1725390527160 174.03385780062405 57
1725390527176 173.99855929672137 58
1725390527192 173.9632681865475 59
1725390527209 173.92798446851137 60
1725390527226 173.892708141022 61
1725390527259 173.85743920248902 62
1725390527282 173.82217765132225 63
1725390527304 173.78692348593196 64
1725390527326 173.7516767047287 65
1725390527354 173.71643730612348 66
1725390527370 173.6812052885275 67
1725390527385 173.6459806503525 68
1725390527401 173.61076339001042 69
1725390527417 173.57555350591363 70
1725390527434 173.54035099647487 71
1725390527450 173.50515586010718 72
1725390527466 173.469968095224 73
1725390527481 173.43478770023907 74
1725390527497 173.39961467356653 75
1725390527516 173.36444901362086 76
1725390527534 173.32929071881688 77
1725390527557 173.29413978756978 78
1725390527579 173.25899621829512 79
1725390527597 173.22386000940872 80
1725390527621 173.18873115932695 81
1725390527637 173.1536096664663 82
1725390527652 173.11849552924372 83
1725390527668 173.08338874607657 84
1725390527685 173.04828931538248 85
1725390527700 173.0131972355794 86
1725390527717 172.97811250508582 87
1725390527738 172.9430351223203 88
1725390527771 172.907965085702 89
1725390527791 172.8729023936503 90
1725390527806 172.83784704458498 91
1725390527824 172.80279903692613 92
1725390527848 172.7677583690943 93
1725390527866 172.73272503951023 94
1725390527889 172.6976990465951 95
1725390527907 172.6626803887705 96
1725390527918 172.62766906445825 97
1725390527930 172.5926650720806 98
1725390527944 172.5576684100601 99
1725390527955 172.52267907681974 100
1725390527967 172.48769707078276 101
1725390527978 172.45272239037283 102
1725390528000 172.41775503401388 103
1725390528018 172.3827950001303 104
1725390528038 172.34784228714676 105
1725390528063 172.31289689348824 106
1725390528093 172.27795881758024 107
1725390528111 172.2430280578484 108
1725390528127 172.2081046127189 109
1725390528144 172.17318848061808 110
1725390528160 172.1382796599728 111
1725390528189 172.10337814921022 112
1725390528203 172.06848394675777 113
1725390528215 172.0335970510433 114
1725390528226 171.99871746049502 115
1725390528252 171.96384517354147 116
1725390528263 171.92898018861158 117
1725390528275 171.8941225041345 118
1725390528286 171.85927211853988 119
1725390528297 171.82442903025765 120
1725390528308 171.78959323771815 121
1725390528320 171.75476473935188 122
1725390528331 171.71994353359 123
1725390528343 171.68512961886375 124
1725390528355 171.65032299360485 125
1725390528382 171.6155236562453 126
1725390528408 171.5807316052175 127
1725390528428 171.54594683895422 128
1725390528452 171.5111693558885 129
1725390528478 171.47639915445382 130
1725390528500 171.4416362330839 131
1725390528522 171.40688059021286 132
1725390528548 171.37213222427533 133
1725390528567 171.33739113370595 134
1725390528588 171.30265731693999 135
1725390528612 171.26793077241297 136
1725390528639 171.2332114985607 137
1725390528666 171.19849949381953 138
1725390528682 171.16379475662586 139
1725390528705 171.12909728541675 140
1725390528731 171.09440707862936 141
1725390528756 171.05972413470138 142
1725390528776 171.02504845207073 143
1725390528796 170.99038002917575 144
1725390528822 170.95571886445504 145
1725390528845 170.92106495634764 146
1725390528898 170.8864183032929 147
1725390528915 170.85177890373052 148
1725390528927 170.81714675610053 149
1725390528939 170.7825218588433 150
1725390528950 170.74790421039964 151
1725390528962 170.71329380921054 152
1725390528973 170.67869065371752 153
1725390528991 170.64409474236234 154
1725390529006 170.60950607358708 155
1725390529030 170.57492464583427 156
1725390529057 170.5403504575467 157
1725390529078 170.50578350716754 158
1725390529098 170.4712237931403 159
1725390529124 170.43667131390882 160
1725390529151 170.40212606791735 161
1725390529171 170.36758805361046 162
1725390529196 170.33305726943297 163
1725390529224 170.29853371383015 164
1725390529243 170.26401738524763 165
1725390529269 170.2295082821313 166
1725390529285 170.19500640292748 167
1725390529301 170.1605117460828 168
1725390529317 170.12602431004416 169
1725390529334 170.09154409325896 170
1725390529349 170.05707109417483 171
1725390529373 170.02260531123977 172
1725390529401 169.98840623804253 173
1725390529419 169.95421429856432 174
1725390529445 169.92002949127354 175
1725390529473 169.88585181463893 176
1725390529491 169.85168126712955 177
1725390529507 169.81751784721484 178
1725390529523 169.78336155336453 179
1725390529539 169.74921238404872 180
1725390529554 169.71507033773784 181
1725390529570 169.68093541290273 182
1725390529585 169.6468076080144 183
1725390529601 169.6126869215444 184
1725390529623 169.57857335196445 185
1725390529644 169.54446689774676 186
1725390529662 169.51036755736376 187
1725390529691 169.47627532928828 188
1725390529714 169.4421902119935 189
1725390529738 169.40811220395287 190
1725390529754 169.3740413036403 191
1725390529768 169.33997750952986 192
1725390529784 169.30592082009616 193
1725390529800 169.27187123381398 194
1725390529816 169.23782874915855 195
1725390529833 169.2037933646054 196
1725390529848 169.16976507863038 197
1725390529865 169.13574388970974 198
1725390529886 169.10172979632 199
1725390529904 169.06772279693803 200
1725390529920 169.0337228900411 201
1725390529940 168.99973007410674 202
1725390529957 168.96574434761288 203
1725390529978 168.93176570903776 204
1725390530004 168.89779415685996 205
1725390530030 168.86382968955834 206
1725390530051 168.82987230561224 207
1725390530067 168.79592200350126 208
1725390530088 168.7619787817052 209
1725390530108 168.72804263870447 210
1725390530124 168.69411357297963 211
1725390530140 168.66019158301165 212
1725390530156 168.62627666728176 213
1725390530171 168.5923688242716 214
1725390530187 168.55846805246318 215
1725390530204 168.52457435033878 216
1725390530220 168.490687716381 217
1725390530241 168.4568081490728 218
1725390530259 168.42293564689754 219
1725390530295 168.38907020833886 220
1725390530312 168.35521183188075 221
1725390530333 168.3213605160075 222
1725390530354 168.28751625920373 223
1725390530370 168.25367905995452 224
1725390530386 168.21984891674515 225
1725390530402 168.18602582806133 226
1725390530419 168.15220979238902 227
1725390530434 168.11840080821457 228
1725390530451 168.0845988740247 229
1725390530467 168.05080398830634 230
1725390530482 168.01701614954692 231
1725390530498 167.9832353562341 232
1725390530514 167.94946160685592 233
1725390530530 167.9156948999007 234
1725390530547 167.88193523385718 235
1725390530564 167.84818260721434 236
1725390530579 167.8144370184616 237
1725390530595 167.7806984660886 238
1725390530614 167.74696694858548 239
1725390530637 167.71324246444252 240
1725390530656 167.67952501215044 241
1725390530677 167.6458145902003 242
1725390530700 167.61211119708355 243
1725390530723 167.57841483129178 244
1725390530749 167.5447254913171 245
1725390530789 167.51104317565196 246
1725390530822 167.477367882789 247
1725390530856 167.44369961122126 248
1725390530883 167.4100383594422 249
1725390530912 167.37638412594555 250
1725390530928 167.3427369092253 251
1725390530957 167.30909670777586 252
1725390530986 167.27546352009202 253
1725390531014 167.24183734466877 254
1725390531038 167.20821818000158 255
1725390531073 167.17460602458615 256
1725390531105 167.14100087691855 257
1725390531130 167.10740273549519 258
1725390531160 167.07381159881277 259
1725390531189 167.0402274653684 260
1725390531219 167.00665033365945 261
1725390531246 166.97308020218372 262
1725390531274 166.9395170694392 263
1725390531311 166.90596093392435 264
1725390531341 166.87241179413792 265
1725390531372 166.83886964857896 266
1725390531400 166.80533449574685 267
1725390531429 166.7718063341414 268
1725390531457 166.73828516226257 269
1725390531492 166.7047709786109 270
1725390531519 166.67126378168703 271
1725390531546 166.63776356999207 272
1725390531576 166.60427034202743 273
1725390531592 166.5707840962949 274
1725390531611 166.5373048312964 275
1725390531625 166.5038325455345 276
1725390531640 166.47036723751185 277
1725390531655 166.43690890573154 278
1725390531671 166.40345754869696 279
1725390531685 166.37001316491188 280
1725390531696 166.33657575288032 281
1725390531708 166.3031453111067 282
1725390531720 166.2697218380958 283
1725390531735 166.23630533235263 284
1725390531756 166.20289579238258 285
1725390531792 166.1694932166914 286
1725390531821 166.13609760378515 287
1725390531849 166.10270895217016 288
1725390531876 166.06932726035328 289
1725390531905 166.0359525268415 290
1725390531939 166.00258475014218 291
1725390531972 165.96922392876306 292
1725390531999 165.9358700612122 293
1725390532028 165.90252314599798 294
1725390532058 165.86918318162913 295
1725390532086 165.83585016661465 296
1725390532114 165.80252409946394 297
1725390532139 165.76920497868673 298
1725390532165 165.73589280279302 299
1725390532190 165.7025875702932 300
1725390532215 165.66928927969795 301
1725390532240 165.6359979295183 302
1725390532272 165.6027135182657 303
1725390532304 165.5694360444517 304
1725390532330 165.53616550658842 305
1725390532355 165.50290190318813 306
1725390532381 165.4696452327636 307
1725390532405 165.43639549382783 308
1725390532438 165.4031526848941 309
1725390532468 165.36991680447616 310
1725390532497 165.33668785108802 311
1725390532530 165.30346582324393 312
1725390532560 165.27025071945857 313
1725390532589 165.237042538247 314
1725390532612 165.20384127812451 315
1725390532638 165.17064693760673 316
1725390532664 165.13745951520966 317
1725390532689 165.1042790094496 318
1725390532715 165.07110541884325 319
1725390532741 165.03793874190754 320
1725390532771 165.00477897715976 321
1725390532801 164.97162612311755 322
1725390532830 164.93848017829882 323
1725390532860 164.90534114122198 324
1725390532885 164.8722090104055 325
1725390532911 164.83908378436848 326
1725390532936 164.80596546163008 327
1725390532961 164.77285404070994 328
1725390532987 164.73974952012796 329
1725390533015 164.70665189840452 330
1725390533041 164.67356117406 331
1725390533066 164.64047734561552 332
1725390533096 164.60740041159227 333
1725390533117 164.57433037051177 334
1725390533144 164.54126722089592 335
1725390533170 164.50821096126708 336
1725390533201 164.47516159014762 337
1725390533232 164.44211910606057 338
1725390533261 164.40908350752912 339
1725390533292 164.37605479307675 340
1725390533323 164.34303296122738 341
1725390533349 164.31001801050522 342
1725390533376 164.27700993943478 343
1725390533404 164.24400874654089 344
1725390533432 164.21101443034877 345
1725390533458 164.17802698938388 346
1725390533483 164.14504642217213 347
1725390533511 164.11207272723965 348
1725390533539 164.0791059031129 349
1725390533565 164.0461459483187 350
1725390533586 164.01319286138425 351
1725390533612 163.98024664083698 352
1725390533636 163.9473072852047 353
1725390533663 163.91437479301555 354
1725390533693 163.8814491627979 355
1725390533724 163.8485303930806 356
1725390533753 163.81561848239284 357
1725390533783 163.78271342926385 358
1725390533808 163.74981523222354 359
1725390533834 163.71692388980193 360
1725390533863 163.68403940052949 361
1725390533894 163.65116176293688 362
1725390533922 163.61829097555523 363
1725390533952 163.58542703691586 364
1725390533977 163.55256994555054 365
1725390534006 163.5197196999913 366
1725390534035 163.4868762987705 367
1725390534058 163.45403974042085 368
1725390534079 163.42121002347537 369
1725390534101 163.3883871464673 370
1725390534131 163.35557110793047 371
1725390534161 163.32276190639877 372
1725390534189 163.28995954040656 373
1725390534216 163.25716400848845 374
1725390534248 163.22437530917946 375
1725390534275 163.19159344101487 376
1725390534301 163.15881840253024 377
1725390534332 163.12605019226157 378
1725390534362 163.0932888087452 379
1725390534390 163.06053425051758 380
1725390534415 163.02778651611573 381
1725390534442 162.99504560407684 382
1725390534467 162.9623115129385 383
1725390534493 162.9295842412386 384
1725390534519 162.89686378751537 385
1725390534545 162.86415015030738 386
1725390534572 162.83144332815343 387
1725390534597 162.79874331959275 388
1725390534621 162.76605012316483 389
1725390534647 162.73336373740955 390
1725390534672 162.70068416086707 391
1725390534698 162.6680113920778 392
1725390534723 162.63534542958266 393
1725390534750 162.60268627192266 394
1725390534776 162.5700339176394 395
1725390534802 162.53738836527455 396
1725390534826 162.50474961337025 397
1725390534854 162.472117660469 398
1725390534881 162.4394925051134 399
1725390534910 162.40687414584667 400
1725390534940 162.37426258121215 401
1725390534966 162.3416578097535 402
1725390534998 162.3090598300149 403
1725390535022 162.2764686405406 404
1725390535048 162.24388423987534 405
1725390535075 162.21130662656412 406
1725390535103 162.1787357991523 407
1725390535123 162.14617175618548 408
1725390535152 162.11361449620975 409
1725390535177 162.08106401777133 410
1725390535200 162.04852031941684 411
1725390535223 162.01598339969325 412
1725390535250 161.98345325714783 413
1725390535280 161.95092989032824 414
1725390535308 161.91841329778225 415
1725390535339 161.88590347805822 416
1725390535361 161.8534004297047 417
1725390535384 161.8209041512705 418
1725390535409 161.78841464130485 419
1725390535434 161.75593189835732 420
1725390535461 161.7234559209777 421
1725390535488 161.6909867077162 422
1725390535511 161.6585242571233 423
1725390535539 161.62606856774983 424
1725390535561 161.59361963814686 425
1725390535588 161.5611774668659 426
1725390535613 161.52874205245874 427
1725390535640 161.49631339347735 428
1725390535667 161.46389148847433 429
1725390535696 161.43147633600233 430
1725390535722 161.39906793461435 431
1725390535747 161.36666628286392 432
1725390535773 161.33427137930462 433
1725390535799 161.3018832224905 434
1725390535822 161.2695018109759 435
1725390535844 161.23712714331552 436
1725390535866 161.20475921806428 437
1725390535891 161.17239803377754 438
1725390535917 161.14004358901093 439
1725390535943 161.10769588232037 440
1725390535970 161.07535491226213 441
1725390535996 161.04302067739275 442
1725390536023 161.0106931762692 443
1725390536048 160.97837240744872 444
1725390536073 160.94605836948878 445
1725390536100 160.9137510609473 446
1725390536124 160.88145048038245 447
1725390536146 160.84915662635274 448
1725390536168 160.81686949741697 449
1725390536192 160.78458909213433 450
1725390536219 160.75231540906424 451
1725390536245 160.72004844676653 452
1725390536267 160.6877882038012 453
1725390536288 160.65553467872883 454
1725390536314 160.62328787011 455
1725390536340 160.5910477765059 456
1725390536362 160.55881439647783 457
1725390536389 160.5265877285875 458
1725390536416 160.49436777139692 459
1725390536441 160.46215452346846 460
1725390536467 160.4299479833647 461
1725390536493 160.39774814964875 462
1725390536518 160.3655550208838 463
1725390536547 160.33336859563343 464
1725390536571 160.30118887246167 465
1725390536594 160.26901584993266 466
1725390536619 160.23684952661108 467
1725390536641 160.2046899010617 468
1725390536666 160.17253697184975 469
1725390536692 160.14039073754083 470
1725390536718 160.10825119670065 471
1725390536743 160.07611834789546 472
1725390536765 160.04399218969172 473
1725390536792 160.0118727206562 474
1725390536816 159.979759939356 475
1725390536840 159.94765384435857 476
1725390536866 159.9155544342316 477
1725390536890 159.88346170754326 478
1725390536915 159.8513756628618 479
1725390536941 159.81929629875603 480
1725390536964 159.78722361379485 481
1725390536989 159.7551576065477 482
1725390537015 159.72309827558414 483
1725390537039 159.69104561947415 484
1725390537062 159.65899963678805 485
1725390537085 159.62696032609645 486
1725390537110 159.5949276859702 487
1725390537135 159.56290171498057 488
1725390537161 159.53088241169908 489
1725390537186 159.49886977469762 490
1725390537209 159.46686380254837 491
1725390537233 159.43486449382382 492
1725390537260 159.40287184709683 493
1725390537285 159.37088586094043 494
1725390537312 159.33890653392814 495
1725390537344 159.30693386463372 496
1725390537370 159.27496785163123 497
1725390537397 159.24300849349504 498
1725390537418 159.21105578879988 499
