1725353361497 168.79801204511594 0
1725353361521 168.4601645563825 1
1725353361545 168.12628434469812 2
1725353361565 167.792955182967 3
1725353361591 167.46033582820013 4
1725353361609 167.12835230916897 5
1725353361630 166.79705612032365 6
1725353361655 166.4664419239405 7
1725353361676 166.13647974768142 8
1725353361695 165.8071922714954 9
1725353361714 165.4785070053384 10
1725353361731 165.15051031373955 11
1725353361751 164.8231764696718 12
1725353361773 164.49646124887033 13
1725353361791 164.1704222411889 14
1725353361817 163.84501713826467 15
1725353361835 163.52027507545935 16
1725353361858 163.19620166150293 17
1725353361877 162.87271238974833 18
1725353361898 162.5499600289778 19
1725353361917 162.22780404686924 20
1725353361939 161.90621694051242 21
1725353361958 161.58538000530203 22
1725353361976 161.2651134070405 23
1725353361996 160.9454927994854 24
1725353362013 160.62655296804974 25
1725353362032 160.30824600250156 26
1725353362058 159.99054305546133 27
1725353362078 159.67344109023733 28
1725353362097 159.35703337266253 29
1725353362118 159.04128157520705 30
1725353362139 158.72606466415513 31
1725353362160 158.4115015014868 32
1725353362179 158.09758358230934 33
1725353362199 157.78434450844452 34
1725353362218 157.47167475253698 35
1725353362238 157.15961556624484 36
1725353362258 156.84819932013554 37
1725353362274 156.53740564209008 38
1725353362291 156.2271849741141 39
1725353362314 155.9176803499139 40
1725353362334 155.60871736255007 41
1725353362356 155.3003733932364 42
1725353362374 154.99268039068278 43
1725353362394 154.6855809608041 44
1725353362411 154.37908234225935 45
1725353362431 154.07321050218653 46
1725353362452 153.7679482272851 47
1725353362470 153.46330633274832 48
1725353362491 153.15920991584835 49
1725353362512 152.85577452419702 50
1725353362531 152.55291884432296 51
1725353362552 152.25072142042353 52
1725353362571 151.94908624994284 53
1725353362591 151.64806845736237 54
1725353362609 151.3476214140537 55
1725353362627 151.04773798575215 56
1725353362646 150.74848690405864 57
1725353362665 150.44987876625962 58
1725353362683 150.15186840305276 59
1725353362701 149.8544060065526 60
1725353362721 149.55753269881936 61
1725353362739 149.2612267617907 62
1725353362758 148.96556076059065 63
1725353362776 148.67049689968601 64
1725353362795 148.37596344337732 65
1725353362813 148.08209470538432 66
1725353362831 147.78875840758403 67
1725353362848 147.4960132042488 68
1725353362866 147.20386730124727 69
1725353362884 146.91224355886985 70
1725353362904 146.62126547620633 71
1725353362922 146.3308590986084 72
1725353362940 146.04102901820218 73
1725353362957 145.75173539610515 74
1725353362975 145.46306202358923 75
1725353362992 145.17497242119663 76
1725353363009 144.887421023214 77
1725353363027 144.60045806255044 78
1725353363065 144.31407174375022 79
1725353363086 144.02826653102036 80
1725353363104 143.74299453457758 81
1725353363124 143.4583554567736 82
1725353363143 143.174235786763 83
1725353363161 142.8906534901848 84
1725353363178 142.60765593994478 85
1725353363197 142.3252517732524 86
1725353363215 142.04341823608598 87
1725353363232 141.76214161021014 88
1725353363249 141.4813425618592 89
1725353363266 141.2012179081797 90
1725353363285 140.92158872129127 91
1725353363311 140.64252566833287 92
1725353363340 140.3640036687601 93
1725353363360 140.08609553456543 94
1725353363379 139.8086666045722 95
1725353363398 139.53183191778953 96
1725353363416 139.25558065402947 97
1725353363435 138.97976894231513 98
1725353363453 138.7046285373092 99
1725353363470 138.42999716151374 100
1725353363488 138.1558684750242 101
1725353363507 137.88232784054617 102
1725353363525 137.60931715600526 103
1725353363546 137.33686944848426 104
1725353363565 137.06495499408342 105
1725353363586 136.7935676704813 106
1725353363609 136.52276049922767 107
1725353363629 136.2524314289611 108
1725353363652 135.98267472050478 109
1725353363671 135.7134923398498 110
1725353363691 135.44479279978935 111
1725353363711 135.17665600051237 112
1725353363730 134.90900139981468 113
1725353363749 134.64190408240518 114
1725353363771 134.37539539688368 115
1725353363789 134.10941208013176 116
1725353363806 133.84391588340725 117
1725353363826 133.5789444803105 118
1725353363844 133.31449435651697 119
1725353363862 133.05059514342926 120
1725353363881 132.78721505255808 121
1725353363902 132.5243588665163 122
1725353363920 132.26207651141524 123
1725353363938 132.0002461042488 124
1725353363956 131.73895696111904 125
1725353363975 131.47814898949372 126
1725353363993 131.21793497508884 127
1725353364012 130.9582033219438 128
1725353364030 130.6990201751128 129
1725353364048 130.44031821566827 130
1725353364079 130.18211544013508 131
1725353364097 129.92447651237103 132
1725353364115 129.6673139113534 133
1725353364133 129.41066716545987 134
1725353364150 129.15456823292115 135
1725353364170 128.89896674740226 136
1725353364192 128.64381674240084 137
1725353364216 128.38922981403485 138
1725353364234 128.13515222347596 139
1725353364258 127.88157351934491 140
1725353364276 127.62844946167952 141
1725353364295 127.37590774349403 142
1725353364326 127.12379861230906 143
1725353364351 126.87225778212546 144
1725353364374 126.62117505455164 145
1725353364395 126.37056935644485 146
1725353364413 126.1205294650971 147
1725353364431 125.87099476679927 148
1725353364449 125.62186018932141 149
1725353364467 125.37329784107733 150
1725353364486 125.12521697405448 151
1725353364519 124.87764773334902 152
1725353364547 124.63054083118355 153
1725353364568 124.3839523102969 154
1725353364587 124.13778822848367 155
1725353364606 123.89216627883175 156
1725353364625 123.64704781120298 157
1725353364644 123.40241931136573 158
1725353364664 123.15829111437303 159
1725353364683 122.91456450046029 160
1725353364702 122.67136981782306 161
1725353364728 122.42866275641182 162
1725353364747 122.18647879141625 163
1725353364767 121.9447451347521 164
1725353364787 121.7034801309294 165
1725353364805 121.46273547474811 166
1725353364829 121.22236356174224 167
1725353364849 120.98257104375354 168
1725353364869 120.7432404030662 169
1725353364896 120.50437737248485 170
1725353364915 120.2660218457189 171
1725353364979 120.02806974411051 172
1725353365012 119.79062327785128 173
1725353365031 119.55364344705231 174
1725353365050 119.31719363408567 175
1725353365068 119.08116919607939 176
1725353365102 118.8455771693007 177
1725353365123 118.61051908938053 178
1725353365142 118.37590734769773 179
1725353365161 118.14174653398524 180
1725353365179 117.90811076149906 181
1725353365204 117.67483133754222 182
1725353365223 117.44207815417006 183
1725353365249 117.20977551691001 184
1725353365269 116.9779752949275 185
1725353365289 116.74665201809674 186
1725353365306 116.51573046795515 187
1725353365329 116.28526507050111 188
1725353365349 116.05524491383719 189
1725353365367 115.82574039505762 190
1725353365385 115.59671208947421 191
1725353365438 115.3680671001967 192
1725353365457 115.13990023906021 193
1725353365475 114.91221257309438 194
1725353365493 114.68497379290778 195
1725353365511 114.45814072376699 196
1725353365531 114.23179943682753 197
1725353365550 114.00587962558895 198
1725353365569 113.7804684234921 199
1725353365587 113.55545717469816 200
1725353365606 113.33093414391722 201
1725353365625 113.1067654833173 202
1725353365644 112.883146047862 203
1725353365664 112.65990322679451 204
1725353365682 112.43714487961905 205
1725353365707 112.21483003464012 206
1725353365725 111.99292742888368 207
1725353365747 111.77149513802578 208
1725353365767 111.55050698378591 209
1725353365797 111.32997866248245 210
1725353365816 111.10982683214986 211
1725353365835 110.89010515724277 212
1725353365852 110.67089969896969 213
1725353365872 110.45208697590445 214
1725353365891 110.23373542961154 215
1725353365910 110.01582571767702 216
1725353365931 109.79828285305321 217
1725353365954 109.58122200628898 218
1725353365977 109.36452673265951 219
1725353365995 109.14833352758532 220
1725353366015 108.93255383346988 221
1725353366035 108.71720898761374 222
1725353366053 108.50228625440415 223
1725353366071 108.28780182471358 224
1725353366091 108.07378358098947 225
1725353366123 107.86013072582993 226
1725353366142 107.64685457946253 227
1725353366159 107.43411314002049 228
1725353366180 107.22173066352916 229
1725353366199 107.0098277289035 230
1725353366221 106.79830736453633 231
1725353366240 106.58718813144343 232
1725353366262 106.37652751778641 233
1725353366280 106.16629139756223 234
1725353366299 105.95639858781388 235
1725353366319 105.74694040714799 236
1725353366335 105.5379837908031 237
1725353366355 105.32939284481247 238
1725353366377 105.12119412897331 239
1725353366397 104.91344942143738 240
1725353366414 104.70611097195346 241
1725353366432 104.49920364688565 242
1725353366450 104.29264444072393 243
1725353366469 104.08653662788024 244
1725353366487 103.8808336109719 245
1725353366505 103.67556340675051 246
1725353366523 103.4706809461257 247
1725353366544 103.26621737902414 248
1725353366563 103.06212118334894 249
1725353366581 102.85845161170913 250
1725353366599 102.65517531842585 251
1725353366618 102.45234465153567 252
1725353366636 102.24992246591898 253
1725353366656 102.04782185994449 254
1725353366677 101.84618275398813 255
1725353366699 101.64498654080747 256
1725353366718 101.44415012342328 257
1725353366737 101.24370957458602 258
1725353366755 101.04365483576031 259
1725353366774 100.84398030875542 260
1725353366792 100.64475969257565 261
1725353366812 100.44590989518024 262
1725353366831 100.24742858989983 263
1725353366850 100.04937258678102 264
1725353366868 99.85173874366669 265
1725353366886 99.65444372593659 266
1725353366907 99.45757565393725 267
1725353366931 99.26106422085577 268
1725353366951 99.06495873854769 269
1725353366971 98.86926394783217 270
1725353366991 98.67398148373096 271
1725353367009 98.47908384797067 272
1725353367028 98.28450059813822 273
1725353367046 98.09032095798217 274
1725353367064 97.89656025172303 275
1725353367082 97.7031928228078 276
1725353367100 97.51021427517159 277
1725353367136 97.31756991963091 278
1725353367155 97.1253358151053 279
1725353367174 96.93352398269546 280
1725353367192 96.74207155804142 281
1725353367211 96.55097975751022 282
1725353367231 96.3602583278654 283
1725353367252 96.16992575826055 284
1725353367270 95.97995563732312 285
1725353367292 95.79042762149577 286
1725353367317 95.60122441699643 287
1725353367338 95.41238208465462 288
1725353367361 95.22397337573487 289
1725353367389 95.03594545856524 290
1725353367408 94.84826769131736 291
1725353367428 94.66094587430442 292
1725353367447 94.47394335622332 293
1725353367467 94.28739982793577 294
1725353367484 94.10124431543767 295
1725353367506 93.9153630221776 296
1725353367524 93.72989293396229 297
1725353367543 93.54482631533553 298
1725353367564 93.3601166674169 299
1725353367588 93.17577185397964 300
1725353367607 92.99177856634208 301
1725353367625 92.80813221096857 302
1725353367644 92.62489365333089 303
1725353367663 92.44200692957345 304
1725353367681 92.25951013837714 305
1725353367701 92.07728342449612 306
1725353367723 91.89548587529204 307
1725353367743 91.71406172794075 308
1725353367764 91.5330148615389 309
1725353367785 91.35224685890975 310
1725353367806 91.17190296256744 311
1725353367826 90.99189117591892 312
1725353367847 90.8122592575742 313
1725353367866 90.63303594868664 314
1725353367885 90.4540420225063 315
1725353367905 90.27546546965795 316
1725353367925 90.09726331126943 317
1725353367945 89.91944013498814 318
1725353367965 89.74185713125867 319
1725353367987 89.56471481937278 320
1725353368006 89.38795683414072 321
1725353368024 89.21148858821688 322
1725353368045 89.03540278306045 323
1725353368065 88.85964878136753 324
1725353368084 88.68422160459728 325
1725353368102 88.5092025982077 326
1725353368121 88.33448904587512 327
1725353368158 88.1601234921723 328
1725353368178 87.9861142870371 329
1725353368197 87.81245943177416 330
1725353368221 87.63914042460645 331
1725353368240 87.46619476838607 332
1725353368259 87.29353322425236 333
1725353368280 87.12127222364444 334
1725353368300 86.94934942311323 335
1725353368320 86.77769674893007 336
1725353368340 86.6064728107429 337
1725353368356 86.4355229852715 338
1725353368376 86.26495506163837 339
1725353368396 86.09476079369168 340
1725353368415 85.92481822571224 341
1725353368433 85.75524469626703 342
1725353368451 85.5860350440934 343
1725353368469 85.417181867073 344
1725353368488 85.24862159971322 345
1725353368505 85.08039311104034 346
1725353368523 84.91247660622929 347
1725353368542 84.74496135130316 348
1725353368561 84.57775313314892 349
1725353368581 84.41084720496637 350
1725353368603 84.24430064749015 351
1725353368620 84.07809626885019 352
1725353368640 83.9122258986233 353
1725353368660 83.74663842708402 354
1725353368678 83.58141473189664 355
1725353368696 83.41654805325386 356
1725353368714 83.2519347255343 357
1725353368733 83.08770114800805 358
1725353368750 82.92380002502895 359
1725353368768 82.76016606599134 360
1725353368787 82.59691730034167 361
1725353368805 82.43397719675949 362
1725353368823 82.27137941108944 363
1725353368841 82.10907491540058 364
1725353368859 81.94710522840572 365
1725353368877 81.78543090426142 366
1725353368895 81.62410724276936 367
1725353368914 81.4631044892036 368
1725353368930 81.3024187981885 369
1725353368950 81.1420591815062 370
1725353368969 80.98202936837428 371
1725353368987 80.8222713802087 372
1725353369008 80.66288611970447 373
1725353369027 80.50380535151724 374
1725353369046 80.34501747059818 375
1725353369063 80.186482757705 376
1725353369081 80.02836883549897 377
1725353369099 79.87053796125686 378
1725353369117 79.71302427744992 379
1725353369133 79.55580220154442 380
1725353369167 79.39891695160817 381
1725353369187 79.24238591024462 382
1725353369206 79.08609251635738 383
1725353369227 78.93009634192269 384
1725353369243 78.77447924775396 385
1725353369262 78.61910964226203 386
1725353369281 78.4640958827317 387
1725353369299 78.30935017378992 388
1725353369317 78.15496124883708 389
1725353369335 78.00086865579539 390
1725353369353 77.84704053355075 391
1725353369370 77.69356494168578 392
1725353369388 77.54036575575608 393
1725353369406 77.38745874530667 394
1725353369425 77.2349121160682 395
1725353369444 77.08261206615545 396
1725353369461 76.93065391521522 397
1725353369479 76.7789521482365 398
1725353369497 76.62757281441411 399
1725353369517 76.4765020428171 400
1725353369536 76.32576410820407 401
1725353369556 76.17528825545286 402
1725353369577 76.02510152152311 403
1725353369596 75.87525270480042 404
1725353369612 75.72569651954652 405
1725353369631 75.57637492664524 406
1725353369651 75.42739185341111 407
1725353369672 75.27870113988146 408
1725353369692 75.13029966718449 409
1725353369711 74.98223049882615 410
1725353369729 74.83446706959504 411
1725353369749 74.68695586310187 412
1725353369768 74.53968038804926 413
1725353369792 74.3928040392289 414
1725353369810 74.24618552825763 415
1725353369828 74.09985795199633 416
1725353369845 73.95374571439588 417
1725353369864 73.80800606019187 418
1725353369882 73.66257689477872 419
1725353369900 73.51738529106947 420
1725353369917 73.37247428527512 421
1725353369936 73.22790463498384 422
1725353369954 73.08359753915694 423
1725353369972 72.93955942557822 424
1725353369991 72.79584276073788 425
1725353370009 72.65241547175243 426
1725353370028 72.50920329739722 427
1725353370046 72.36629554274576 428
1725353370064 72.22369442663465 429
1725353370082 72.08141864913617 430
1725353370101 71.93939407404602 431
1725353370117 71.79761053853206 432
1725353370137 71.65615695922172 433
1725353370157 71.51497263060926 434
1725353370190 71.37406331912277 435
1725353370208 71.23344573661062 436
1725353370226 71.09308780515215 437
1725353370247 70.95306309676906 438
1725353370268 70.81323148389036 439
1725353370287 70.67368624954102 440
1725353370309 70.53445153655862 441
1725353370328 70.39552034810713 442
1725353370355 70.25683629795554 443
1725353370374 70.11844971876154 444
1725353370397 69.98031837124702 445
1725353370415 69.84247698593416 446
1725353370437 69.70486951384062 447
1725353370457 69.56755383443276 448
1725353370478 69.43053691925546 449
1725353370498 69.29376403654723 450
1725353370518 69.15725008828852 451
1725353370537 69.02104277070099 452
1725353370556 68.88510135804081 453
1725353370578 68.7494064390786 454
1725353370597 68.614027706671 455
1725353370617 68.47889195893885 456
1725353370637 68.34399617181349 457
1725353370656 68.2094217481522 458
1725353370673 68.07507515583286 459
1725353370690 67.94101683214686 460
1725353370708 67.80715467251389 461
1725353370726 67.67361169702694 462
1725353370744 67.54039789164048 463
1725353370762 67.40741004494679 464
1725353370781 67.27458464908133 465
1725353370799 67.14213906880732 466
1725353370819 67.00993644432006 467
1725353370840 66.87800502173239 468
1725353370861 66.7463215838767 469
1725353370880 66.61486096503805 470
1725353370899 66.4837312821567 471
1725353370917 66.35279434830211 472
1725353370935 66.22211636227912 473
1725353370953 66.09172738668434 474
1725353370977 65.96161907972629 475
1725353370996 65.83170337136681 476
1725353371016 65.7021348980908 477
1725353371035 65.57276202742558 478
1725353371051 65.44369112089628 479
1725353371066 65.3148138090929 480
1725353371083 65.18626737471924 481
1725353371103 65.05793557962056 482
1725353371121 64.92989504045941 483
1725353371140 64.80201362809133 484
1725353371161 64.67441166617164 485
1725353371180 64.54711004083883 486
1725353371215 64.42004310576192 487
1725353371236 64.29325295438899 488
1725353371255 64.16667322593115 489
1725353371274 64.04039510188285 490
1725353371294 63.91433573627269 491
1725353371313 63.78854352947089 492
1725353371331 63.663022783219255 493
1725353371350 63.53771420328309 494
1725353371368 63.41260490589722 495
1725353371386 63.28778710357344 496
1725353371404 63.16322682504936 497
1725353371423 63.03895466108519 498
1725353371441 62.91485656194921 499
