1725341237323 nan 0
1725341237353 nan 1
1725341237371 nan 2
1725341237388 nan 3
1725341237405 nan 4
1725341237421 nan 5
1725341237436 nan 6
1725341237451 nan 7
1725341237467 nan 8
1725341237485 nan 9
1725341237518 nan 10
1725341237532 nan 11
1725341237547 nan 12
1725341237565 nan 13
1725341237580 nan 14
1725341237594 nan 15
1725341237609 nan 16
1725341237624 nan 17
1725341237639 nan 18
1725341237667 nan 19
1725341237691 nan 20
1725341237707 nan 21
1725341237724 nan 22
1725341237742 nan 23
1725341237760 nan 24
1725341237778 nan 25
1725341237794 nan 26
1725341237809 nan 27
1725341237827 nan 28
1725341237843 nan 29
1725341237863 nan 30
1725341237883 nan 31
1725341237900 nan 32
1725341237914 nan 33
1725341237928 nan 34
1725341237943 nan 35
1725341237958 nan 36
1725341237979 nan 37
1725341238001 nan 38
1725341238018 nan 39
1725341238034 nan 40
1725341238049 nan 41
1725341238064 nan 42
1725341238087 nan 43
1725341238103 nan 44
1725341238119 nan 45
1725341238135 nan 46
1725341238160 nan 47
1725341238178 nan 48
1725341238198 nan 49
1725341238216 nan 50
1725341238232 nan 51
1725341238255 nan 52
1725341238276 nan 53
1725341238310 nan 54
1725341238349 nan 55
1725341238377 nan 56
1725341238397 nan 57
1725341238417 nan 58
1725341238433 nan 59
1725341238449 nan 60
1725341238466 nan 61
1725341238482 nan 62
1725341238498 nan 63
1725341238538 nan 64
1725341238565 nan 65
1725341238595 nan 66
1725341238621 nan 67
1725341238645 nan 68
1725341238677 nan 69
1725341238698 nan 70
1725341238731 nan 71
1725341238761 nan 72
1725341238781 nan 73
1725341238798 nan 74
1725341238815 nan 75
1725341238845 nan 76
1725341238866 nan 77
1725341238885 nan 78
1725341238913 nan 79
1725341238944 nan 80
1725341238977 nan 81
1725341239004 nan 82
1725341239028 nan 83
1725341239049 nan 84
1725341239078 nan 85
1725341239103 nan 86
1725341239129 nan 87
1725341239144 nan 88
1725341239158 nan 89
1725341239177 nan 90
1725341239231 nan 91
1725341239256 nan 92
1725341239272 nan 93
1725341239305 nan 94
1725341239344 nan 95
1725341239371 nan 96
1725341239396 nan 97
1725341239421 nan 98
1725341239445 nan 99
1725341239471 nan 100
1725341239502 nan 101
1725341239549 nan 102
1725341239571 nan 103
1725341239594 nan 104
1725341239622 nan 105
1725341239645 nan 106
1725341239676 nan 107
1725341239702 nan 108
1725341239730 nan 109
1725341239762 nan 110
1725341239786 nan 111
1725341239804 nan 112
1725341239821 nan 113
1725341239838 nan 114
1725341239869 nan 115
1725341239890 nan 116
1725341239919 nan 117
1725341239945 nan 118
1725341239971 nan 119
1725341239994 nan 120
1725341240013 nan 121
1725341240032 nan 122
1725341240049 nan 123
1725341240064 nan 124
1725341240078 nan 125
1725341240093 nan 126
1725341240108 nan 127
1725341240122 nan 128
1725341240138 nan 129
1725341240155 nan 130
1725341240173 nan 131
1725341240193 nan 132
1725341240208 nan 133
1725341240237 nan 134
1725341240259 nan 135
1725341240276 nan 136
1725341240292 nan 137
1725341240309 nan 138
1725341240327 nan 139
1725341240343 nan 140
1725341240361 nan 141
1725341240377 nan 142
1725341240394 nan 143
1725341240409 nan 144
1725341240427 nan 145
1725341240443 nan 146
1725341240460 nan 147
1725341240477 nan 148
1725341240497 nan 149
1725341240513 nan 150
1725341240530 nan 151
1725341240559 nan 152
1725341240575 nan 153
1725341240591 nan 154
1725341240606 nan 155
1725341240621 nan 156
1725341240637 nan 157
1725341240652 nan 158
1725341240669 nan 159
1725341240687 nan 160
1725341240705 nan 161
1725341240724 nan 162
1725341240742 nan 163
1725341240763 nan 164
1725341240779 nan 165
1725341240793 nan 166
1725341240808 nan 167
1725341240823 nan 168
1725341240837 nan 169
1725341240852 nan 170
1725341240866 nan 171
1725341240883 nan 172
1725341240898 nan 173
1725341240916 nan 174
1725341240932 nan 175
1725341240949 nan 176
1725341240970 nan 177
1725341240990 nan 178
1725341241007 nan 179
1725341241023 nan 180
1725341241039 nan 181
1725341241054 nan 182
1725341241068 nan 183
1725341241082 nan 184
1725341241097 nan 185
1725341241112 nan 186
1725341241126 nan 187
1725341241140 nan 188
1725341241158 nan 189
1725341241175 nan 190
1725341241191 nan 191
1725341241209 nan 192
1725341241225 nan 193
1725341241243 nan 194
1725341241261 nan 195
1725341241279 nan 196
1725341241295 nan 197
1725341241312 nan 198
1725341241328 nan 199
1725341241345 nan 200
1725341241360 nan 201
1725341241376 nan 202
1725341241399 nan 203
1725341241417 nan 204
1725341241433 nan 205
1725341241449 nan 206
1725341241467 nan 207
1725341241482 nan 208
1725341241498 nan 209
1725341241513 nan 210
1725341241531 nan 211
1725341241545 nan 212
1725341241574 nan 213
1725341241590 nan 214
1725341241605 nan 215
1725341241620 nan 216
1725341241634 nan 217
1725341241649 nan 218
1725341241667 nan 219
1725341241685 nan 220
1725341241703 nan 221
1725341241725 nan 222
1725341241742 nan 223
1725341241760 nan 224
1725341241779 nan 225
1725341241795 nan 226
1725341241813 nan 227
1725341241829 nan 228
1725341241846 nan 229
1725341241861 nan 230
1725341241881 nan 231
1725341241902 nan 232
1725341241930 nan 233
1725341241952 nan 234
1725341241972 nan 235
1725341241988 nan 236
1725341242010 nan 237
1725341242026 nan 238
1725341242040 nan 239
1725341242056 nan 240
1725341242071 nan 241
1725341242085 nan 242
1725341242099 nan 243
1725341242114 nan 244
1725341242129 nan 245
1725341242144 nan 246
1725341242160 nan 247
1725341242175 nan 248
1725341242192 nan 249
1725341242209 nan 250
1725341242226 nan 251
1725341242245 nan 252
1725341242262 nan 253
1725341242276 nan 254
1725341242290 nan 255
1725341242305 nan 256
1725341242318 nan 257
1725341242332 nan 258
1725341242348 nan 259
1725341242363 nan 260
1725341242377 nan 261
1725341242392 nan 262
1725341242407 nan 263
1725341242422 nan 264
1725341242441 nan 265
1725341242458 nan 266
1725341242474 nan 267
1725341242489 nan 268
1725341242505 nan 269
1725341242521 nan 270
1725341242538 nan 271
1725341242555 nan 272
1725341242584 nan 273
1725341242602 nan 274
1725341242618 nan 275
1725341242633 nan 276
1725341242649 nan 277
1725341242663 nan 278
1725341242680 nan 279
1725341242695 nan 280
1725341242709 nan 281
1725341242725 nan 282
1725341242741 nan 283
1725341242785 nan 284
1725341242801 nan 285
1725341242815 nan 286
1725341242830 nan 287
1725341242845 nan 288
1725341242859 nan 289
1725341242874 nan 290
1725341242888 nan 291
1725341242904 nan 292
1725341242919 nan 293
1725341242935 nan 294
1725341242953 nan 295
1725341242969 nan 296
1725341242984 nan 297
1725341242999 nan 298
1725341243015 nan 299
1725341243031 nan 300
1725341243046 nan 301
1725341243061 nan 302
1725341243075 nan 303
1725341243090 nan 304
1725341243105 nan 305
1725341243120 nan 306
1725341243134 nan 307
1725341243148 nan 308
1725341243162 nan 309
1725341243176 nan 310
1725341243191 nan 311
1725341243204 nan 312
1725341243218 nan 313
1725341243233 nan 314
1725341243247 nan 315
1725341243261 nan 316
1725341243276 nan 317
1725341243290 nan 318
1725341243304 nan 319
1725341243318 nan 320
1725341243332 nan 321
1725341243348 nan 322
1725341243362 nan 323
1725341243376 nan 324
1725341243390 nan 325
1725341243404 nan 326
1725341243420 nan 327
1725341243436 nan 328
1725341243452 nan 329
1725341243470 nan 330
1725341243487 nan 331
1725341243504 nan 332
1725341243520 nan 333
1725341243537 nan 334
1725341243553 nan 335
1725341243570 nan 336
1725341243599 nan 337
1725341243616 nan 338
1725341243632 nan 339
1725341243648 nan 340
1725341243663 nan 341
1725341243679 nan 342
1725341243694 nan 343
1725341243708 nan 344
1725341243723 nan 345
1725341243737 nan 346
1725341243751 nan 347
1725341243765 nan 348
1725341243780 nan 349
1725341243796 nan 350
1725341243812 nan 351
1725341243828 nan 352
1725341243844 nan 353
1725341243859 nan 354
1725341243876 nan 355
1725341243893 nan 356
1725341243909 nan 357
1725341243926 nan 358
1725341243942 nan 359
1725341243961 nan 360
1725341243978 nan 361
1725341243994 nan 362
1725341244013 nan 363
1725341244029 nan 364
1725341244046 nan 365
1725341244062 nan 366
1725341244080 nan 367
1725341244094 nan 368
1725341244111 nan 369
1725341244128 nan 370
1725341244144 nan 371
1725341244162 nan 372
1725341244177 nan 373
1725341244192 nan 374
1725341244209 nan 375
1725341244224 nan 376
1725341244239 nan 377
1725341244255 nan 378
1725341244271 nan 379
1725341244285 nan 380
1725341244300 nan 381
1725341244315 nan 382
1725341244329 nan 383
1725341244344 nan 384
1725341244358 nan 385
1725341244373 nan 386
1725341244388 nan 387
1725341244403 nan 388
1725341244418 nan 389
1725341244434 nan 390
1725341244448 nan 391
1725341244463 nan 392
1725341244478 nan 393
1725341244493 nan 394
1725341244508 nan 395
1725341244522 nan 396
1725341244538 nan 397
1725341244554 nan 398
1725341244570 nan 399
1725341244586 nan 400
1725341244615 nan 401
1725341244630 nan 402
1725341244657 nan 403
1725341244671 nan 404
1725341244689 nan 405
1725341244707 nan 406
1725341244722 nan 407
1725341244737 nan 408
1725341244751 nan 409
1725341244766 nan 410
1725341244782 nan 411
1725341244804 nan 412
1725341244843 nan 413
1725341244863 nan 414
1725341244883 nan 415
1725341244901 nan 416
1725341244921 nan 417
1725341244938 nan 418
1725341244952 nan 419
1725341244966 nan 420
1725341244982 nan 421
1725341244997 nan 422
1725341245013 nan 423
1725341245028 nan 424
1725341245046 nan 425
1725341245066 nan 426
1725341245086 nan 427
1725341245101 nan 428
1725341245116 nan 429
1725341245135 nan 430
1725341245150 nan 431
1725341245166 nan 432
1725341245182 nan 433
1725341245198 nan 434
1725341245216 nan 435
1725341245234 nan 436
1725341245253 nan 437
1725341245269 nan 438
1725341245285 nan 439
1725341245300 nan 440
1725341245314 nan 441
1725341245329 nan 442
1725341245343 nan 443
1725341245358 nan 444
1725341245373 nan 445
1725341245387 nan 446
1725341245401 nan 447
1725341245416 nan 448
1725341245431 nan 449
1725341245446 nan 450
1725341245462 nan 451
1725341245478 nan 452
1725341245493 nan 453
1725341245508 nan 454
1725341245523 nan 455
1725341245538 nan 456
1725341245554 nan 457
1725341245570 nan 458
1725341245586 nan 459
1725341245603 nan 460
1725341245628 nan 461
1725341245643 nan 462
1725341245659 nan 463
1725341245674 nan 464
1725341245688 nan 465
1725341245702 nan 466
1725341245716 nan 467
1725341245731 nan 468
1725341245746 nan 469
1725341245760 nan 470
1725341245774 nan 471
1725341245790 nan 472
1725341245807 nan 473
1725341245823 nan 474
1725341245840 nan 475
1725341245857 nan 476
1725341245873 nan 477
1725341245890 nan 478
1725341245907 nan 479
1725341245921 nan 480
1725341245936 nan 481
1725341245952 nan 482
1725341245968 nan 483
1725341245984 nan 484
1725341246003 nan 485
1725341246019 nan 486
1725341246036 nan 487
1725341246050 nan 488
1725341246064 nan 489
1725341246078 nan 490
1725341246092 nan 491
1725341246106 nan 492
1725341246120 nan 493
1725341246134 nan 494
1725341246149 nan 495
1725341246163 nan 496
1725341246180 nan 497
1725341246195 nan 498
1725341246211 nan 499
