1725352173247 209.19301874026618 0
1725352173312 1581177.625752244 1
1725352173376 3448236025.964493 2
1725352173435 8852060088165.96 3
1725352173487 4.3016003163472136e+16 4
1725352173541 1.6350810689398815e+21 5
1725352173611 3.800594633504859e+23 6
1725352173689 3.315208644014813e+29 7
1725352173752 3.6325533534355885e+34 8
1725352173818 3.451661256631199e+36 9
1725352173879 2.6233630630978034e+40 10
1725352173933 3.497827539279307e+42 11
1725352173988 4.3995924865396684e+45 12
1725352174059 8.965993927011801e+51 13
1725352174109 2.0992697650278044e+56 14
1725352174177 3.565394730358139e+59 15
1725352174243 5.408600477005867e+62 16
1725352174302 3.3668049956569774e+62 17
1725352174369 4.00381134526431e+70 18
1725352174426 5.906518322027035e+74 19
1725352174488 5.255529516625489e+77 20
1725352174558 5.826794839940884e+80 21
1725352174619 9.241539046787442e+85 22
1725352174676 2.120268944838997e+91 23
1725352174733 1.3098439713278288e+93 24
1725352174784 9.014331784576444e+95 25
1725352174842 2.2923926679097487e+100 26
1725352174911 8.74534913097999e+104 27
1725352174998 4.629168241223156e+109 28
1725352175067 9.635375893930503e+111 29
1725352175139 2.8871097179551857e+116 30
1725352175212 6.052146785165906e+120 31
1725352175258 1.8805616444334564e+124 32
1725352175331 8.135409467821591e+127 33
1725352175451 1.9297210132054087e+132 34
1725352175504 3.656300239488604e+134 35
1725352175559 2.3326757628558886e+140 36
1725352175625 4.355176545823226e+143 37
1725352175682 3.657714383641591e+146 38
1725352175746 1.9637353590388427e+152 39
1725352175807 9.368156553416165e+155 40
1725352175872 1.8265641496151276e+158 41
1725352175934 1.1710170177890556e+162 42
1725352175992 1.851516435133461e+166 43
1725352176053 4.100619879678272e+170 44
1725352176111 4.206651123354975e+174 45
1725352176174 5.940783113127356e+176 46
1725352176234 3.002545565120031e+181 47
1725352176308 4.904524461789832e+182 48
1725352176369 7.170863212212183e+192 49
1725352176435 6.048672569214266e+192 50
1725352176496 1.1232108167597975e+196 51
1725352176560 1.4270882610051936e+199 52
1725352176616 2.110655126162721e+203 53
1725352176690 1.46602100655755e+208 54
1725352176753 4.6623626630808525e+211 55
1725352176815 1.036358649977667e+216 56
1725352176868 4.7039183643927415e+218 57
1725352176941 6.440226695463037e+221 58
1725352177004 7.6818939601575e+225 59
1725352177065 2.7923583968103494e+230 60
1725352177131 9.998168274663333e+233 61
1725352177198 1.970011376872487e+238 62
1725352177257 2.7521611119464046e+239 63
1725352177312 2.6200080125878213e+242 64
1725352177363 2.527570083537214e+247 65
1725352177414 6.021890998254115e+251 66
1725352177473 8.498352411206816e+254 67
1725352177566 1.4952078567410094e+257 68
1725352177639 1.1079412456601058e+262 69
1725352177700 1.0193107464378214e+263 70
1725352177768 9.189478530559257e+268 71
1725352177827 6.2888512181078e+273 72
1725352177886 7.65428459863894e+277 73
1725352177963 1.8110571052890818e+280 74
1725352178022 1.1918872522388846e+285 75
1725352178096 3.1804223957894066e+290 76
1725352178159 8.657903639657313e+293 77
1725352178215 3.8413790120778607e+295 78
1725352178277 5.472174512395912e+299 79
1725352178339 2.4036113543864927e+303 80
1725352178395 7.418649414342551e+305 81
