1725363135202 4.44810275634058 0
1725363135267 7.805015445172765 1
1725363135331 6.353447663095334 2
1725363135419 4.549177876409118 3
1725363135476 5.065938473230438 4
1725363135539 3.5049780408917797 5
1725363135617 5.9347948920376155 6
1725363135677 1.8716833517116545 7
1725363135740 5.15891073854825 8
1725363135812 13.2907779815282 9
1725363135880 0.46685650635790094 10
1725363135959 5.474534910059396 11
1725363136017 0.1795042373349288 12
1725363136084 5524.078041496378 13
1725363136143 3.0281660861778703 14
1725363136216 29.237793937088398 15
1725363136288 17701.206682628726 16
1725363136358 2962.5208433730695 17
1725363136427 1183.634391265609 18
1725363136570 1660.4550242446887 19
1725363136643 47526.11545327102 20
1725363136711 52169945.20214592 21
1725363136780 1031495.4082864071 22
1725363136843 188918144.0218584 23
1725363136910 296147278.9874636 24
1725363136986 29777532.299793124 25
1725363137047 1117235012.447075 26
1725363137115 5064139851.754834 27
1725363137174 247605643513.91577 28
1725363137240 4413529282971.619 29
1725363137300 169100409.5666529 30
1725363137364 113500315851.11748 31
1725363137416 3343240254290.3896 32
1725363137465 1911637384385.1675 33
1725363137519 30621229136689.01 34
1725363137592 3810974116045488.0 35
1725363137657 1.5963837677382878e+16 36
1725363137730 109269550572894.33 37
1725363137803 225861050628549.06 38
1725363137873 2.277116408378786e+18 39
1725363137930 1.871962569796933e+18 40
1725363137986 1.3888947806548456e+17 41
1725363138038 1.3522199357173599e+18 42
1725363138104 6.650039505266052e+18 43
1725363138176 3.618886622666287e+20 44
1725363138244 2.2714463116851565e+19 45
1725363138310 5.316967574585813e+18 46
1725363138376 1.4378783722115695e+22 47
1725363138444 1.7155437586066275e+21 48
1725363138510 1.7661842161822297e+22 49
1725363138599 3.772031203194979e+19 50
1725363138667 7.288471427927782e+22 51
1725363138737 1.328993630579932e+21 52
1725363138801 7.3379977492688226e+25 53
1725363138862 4.534212506891925e+25 54
1725363138920 1.170852754305719e+25 55
1725363138978 4.389147631784572e+26 56
1725363139033 2.2944314457901434e+27 57
1725363139102 7.296451813951074e+26 58
1725363139169 1.5965051966560682e+26 59
1725363139228 8.541069698888663e+24 60
1725363139293 8.226886243614888e+27 61
1725363139349 9.024383622796312e+24 62
1725363139412 6.752860454486548e+27 63
1725363139463 7.526706472672127e+29 64
1725363139533 1.461028323083154e+30 65
1725363139591 2.793201188233707e+30 66
1725363139654 1.1012273857545339e+32 67
1725363139717 1.3844109075090637e+33 68
1725363139783 2.4553039503354785e+33 69
1725363139850 2.4566692461962493e+32 70
1725363139907 5.335866921998713e+31 71
1725363139970 1.6382685594389458e+33 72
1725363140027 4.065580385980485e+35 73
1725363140104 1.94000773875613e+36 74
1725363140178 2.8621506105990346e+37 75
1725363140234 1.966848972086722e+36 76
1725363140311 3.231344920267896e+38 77
1725363140376 5.964001436399425e+37 78
1725363140446 9.804185111920402e+38 79
1725363140511 2.1237260770537406e+37 80
1725363140579 6.286295537317035e+37 81
1725363140648 8.08912413794322e+38 82
1725363140722 7.729477009297498e+38 83
1725363140783 1.1450322280784771e+43 84
1725363140846 1.0176111759002333e+40 85
1725363140914 9.22021935148669e+39 86
1725363140978 4.85459552699553e+44 87
1725363141048 9.698805996919957e+44 88
1725363141138 1.588010696573657e+43 89
1725363141200 1.5554683576566358e+43 90
1725363141260 3.580109792189743e+44 91
1725363141333 1.3302202062635055e+43 92
1725363141387 5.764995827808037e+45 93
1725363141456 1.7044379205893405e+43 94
1725363141514 4.738182928149703e+45 95
1725363141572 1.4616043937284136e+47 96
1725363141632 9.304294246786168e+48 97
1725363141687 9.566289477421377e+46 98
1725363141754 2.054403610517323e+50 99
1725363141827 5.235089437050351e+47 100
1725363141885 6.230845151062985e+50 101
1725363141955 3.232516392181469e+51 102
1725363142020 1.1844142184145033e+54 103
1725363142086 4.404564900044463e+50 104
1725363142153 6.200732118707148e+47 105
1725363142205 1.104535749476057e+55 106
1725363142285 4.187547892856151e+52 107
1725363142347 1.1093663124994588e+55 108
1725363142417 6.753504134418719e+55 109
1725363142476 1.0048912184990563e+55 110
1725363142548 3.473386067177172e+54 111
1725363142617 4.459198492967373e+55 112
1725363142675 2.3780744375669845e+56 113
1725363142752 8.236452426728251e+57 114
1725363142816 2.217735535736141e+58 115
1725363142894 3.781389849593897e+56 116
1725363142965 1.133967047962558e+59 117
1725363143042 1.5681162593573095e+59 118
1725363143099 5.659928026064815e+59 119
1725363143153 4.3393651613287226e+60 120
1725363143210 8.901499282534324e+57 121
1725363143266 4.0559025565518272e+62 122
1725363143337 1.014127355591499e+61 123
1725363143411 6.856967406291034e+61 124
1725363143483 1.892722665746523e+62 125
1725363143554 9.16154923217584e+61 126
1725363143609 3.92268877078446e+63 127
1725363143666 4.355488645127124e+64 128
1725363143727 7.919821186936185e+64 129
1725363143786 6.417485199545091e+62 130
1725363143869 5.401880876045237e+65 131
1725363143936 1.166769813132871e+69 132
1725363144000 4.80831375986188e+69 133
1725363144071 2.3157502795828717e+69 134
1725363144136 2.0383298968272508e+68 135
1725363144192 2.084456322649274e+68 136
1725363144251 8.856202836439814e+68 137
1725363144315 9.773733637717594e+69 138
1725363144388 1.979397147927799e+70 139
1725363144461 3.7644053777651943e+71 140
1725363144529 1.3678441431497783e+72 141
1725363144589 5.636270792376241e+73 142
1725363144652 6.24239771464495e+71 143
1725363144718 1.25549815402655e+74 144
1725363144795 2.3636213739038186e+75 145
1725363144877 2.5603284611285676e+75 146
1725363144970 1.566272590184258e+76 147
1725363145030 1.9590828901170692e+76 148
1725363145102 1.2482693862230726e+77 149
1725363145159 1.1498194186448251e+76 150
1725363145223 2.9748199381964955e+78 151
1725363145303 1.5432453552307453e+77 152
1725363145388 7.873877974128352e+79 153
1725363145464 1.8775918544798827e+79 154
1725363145533 8.770814495772031e+81 155
1725363145612 5.44342390599792e+79 156
1725363145675 5.899767174753252e+80 157
1725363145749 5.488481378285505e+78 158
1725363145810 9.150149115211373e+82 159
1725363145872 1.1315601658438559e+83 160
1725363145929 3.050286167685158e+82 161
1725363145987 1.3241188080341745e+86 162
1725363146037 6.349515472627444e+82 163
1725363146102 2.3175218360308806e+85 164
1725363146166 2.6286641843711183e+83 165
1725363146231 9.302154144385016e+86 166
1725363146302 3.2268791142436523e+86 167
1725363146354 3.7218926107135077e+86 168
1725363146410 2.964221091098485e+83 169
1725363146472 3.773004250747907e+86 170
1725363146527 1.5329729712057824e+86 171
1725363146599 1.6953163358338604e+89 172
1725363146681 4.3862419300097123e+89 173
1725363146736 9.45687199799242e+88 174
1725363146806 2.850306082158931e+88 175
1725363146862 2.843203650549332e+91 176
1725363146918 1.6378235196540173e+93 177
1725363146974 1.2917725047975176e+91 178
1725363147030 3.1398515857036025e+91 179
1725363147089 3.472484140153096e+94 180
1725363147161 2.2064959144633826e+96 181
1725363147222 4.780974435453333e+92 182
1725363147291 5.6696801192389875e+94 183
1725363147354 6.84225852691244e+96 184
1725363147429 1.2659918800731347e+97 185
1725363147498 1.383793224585262e+97 186
1725363147565 4.336859548539897e+99 187
1725363147623 8.141323258157183e+95 188
1725363147682 3.7364437019887466e+98 189
1725363147745 5.0413852118305567e+98 190
1725363147822 3.752557979668224e+100 191
1725363147884 2.9674451670720834e+100 192
1725363147955 1.4254971525070612e+101 193
1725363148028 6.811321877228219e+100 194
1725363148091 4.648135254765056e+100 195
1725363148153 4.735016163996305e+101 196
1725363148227 8.687368139573042e+102 197
1725363148284 1.4995621365149854e+103 198
1725363148351 4.320719821694643e+101 199
1725363148424 2.369302458490563e+103 200
1725363148487 3.51937676391713e+105 201
1725363148557 1.7662712387694943e+105 202
1725363148640 4.464754235455579e+104 203
1725363148706 1.7980855969316416e+108 204
1725363148755 6.623361947252439e+104 205
1725363148819 5.1444023721956925e+107 206
1725363148872 7.337621371979243e+108 207
1725363148928 9.523685024561145e+107 208
1725363148991 5.07323343968284e+108 209
1725363149056 3.871753957567267e+109 210
1725363149117 1.9765995745836953e+109 211
1725363149178 2.1030867848057776e+110 212
1725363149244 9.401351777390382e+111 213
1725363149300 5.771684064541444e+112 214
1725363149358 3.314766256998292e+113 215
1725363149423 1.547669168857038e+114 216
1725363149498 7.243560450207682e+110 217
1725363149552 8.154444884030575e+116 218
1725363149624 4.387226089199899e+113 219
1725363149687 2.554330358241784e+114 220
1725363149743 3.7911839698416453e+117 221
1725363149798 6.138300060077511e+117 222
1725363149860 1.0264843723716451e+114 223
1725363149971 2.8231755544249167e+118 224
1725363150028 1.5335802328017697e+117 225
1725363150084 1.3809914731179673e+118 226
1725363150151 9.248320400938054e+120 227
1725363150231 4.146949368666248e+119 228
1725363150286 5.013897656686957e+121 229
1725363150367 5.496276272286789e+117 230
1725363150432 6.940201168162173e+120 231
1725363150508 8.214379931823468e+121 232
1725363150578 5.943003777591074e+123 233
1725363150635 1.2902164367964133e+122 234
1725363150692 1.813031043553276e+125 235
1725363150761 3.679869678136845e+125 236
1725363150820 5.83285137229931e+122 237
1725363150876 1.0961094535837966e+126 238
1725363150932 7.81331464558922e+124 239
1725363150994 1.547364630020707e+126 240
1725363151060 1.6305649918573299e+127 241
1725363151124 3.4541899208013506e+129 242
1725363151203 6.3722001051627415e+124 243
1725363151273 8.200831624617324e+126 244
1725363151332 1.3924547004401708e+129 245
1725363151394 4.933765438051114e+128 246
1725363151460 1.875714846630883e+128 247
1725363151526 3.372892971845315e+129 248
1725363151599 1.943378806022811e+130 249
1725363151665 1.0533703804373329e+133 250
1725363151731 2.7032196844308335e+131 251
1725363151791 1.4282641842076396e+134 252
1725363151857 5.41659722175106e+132 253
1725363151926 6.936941556255192e+130 254
1725363151979 1.515752298191059e+136 255
1725363152040 1.7403938708028734e+132 256
1725363152103 3.3123009146478975e+137 257
1725363152176 1.6027291478651136e+135 258
1725363152232 1.9340176998639944e+139 259
1725363152293 7.762571403055435e+137 260
1725363152357 2.392622943821817e+139 261
1725363152433 7.527061926290671e+136 262
1725363152505 3.7610200001336027e+140 263
1725363152567 7.197772497387786e+140 264
1725363152634 1.065294992313775e+138 265
1725363152706 1.22566980601704e+140 266
1725363152765 7.813419763773209e+137 267
1725363152836 4.970519243491345e+140 268
1725363152912 1.4206495309270425e+140 269
1725363152981 7.431538959348552e+142 270
1725363153051 3.035225796835748e+144 271
1725363153116 1.8933514100931416e+145 272
1725363153179 8.968326968583761e+144 273
1725363153245 1.0776054295981978e+143 274
1725363153317 1.287966999400777e+142 275
1725363153379 9.004426410713177e+143 276
1725363153435 5.969653779748285e+147 277
1725363153500 4.90085867815785e+146 278
1725363153564 6.420276570990942e+145 279
1725363153625 2.3952181056224403e+146 280
1725363153683 3.27699815324077e+147 281
1725363153759 4.8151408131874394e+147 282
1725363153826 4.441887388224428e+148 283
1725363153893 1.5466897875904952e+150 284
1725363153965 5.091119333474964e+149 285
1725363154036 1.1136648011914489e+151 286
1725363154103 5.577494222198851e+150 287
1725363154177 3.878010430403334e+151 288
1725363154251 1.2916396345778648e+151 289
1725363154327 3.6728678136897313e+152 290
1725363154400 5.050582806352512e+152 291
1725363154475 7.311586871476054e+156 292
1725363154552 3.0717215694819845e+156 293
1725363154632 1.3622191724124555e+157 294
1725363154717 4.72714757628592e+156 295
1725363154779 3.88644735850521e+157 296
1725363154844 1.90891092865288e+158 297
1725363154917 1.0778518941369603e+158 298
1725363154982 2.5294042687135196e+157 299
1725363155045 1.1360691849145826e+159 300
1725363155100 8.035067189060354e+158 301
1725363155181 2.3904285848241315e+160 302
1725363155244 1.4468916239510005e+160 303
1725363155317 3.356131212500293e+161 304
1725363155382 2.6957057403827364e+162 305
1725363155446 5.171816027568149e+161 306
1725363155517 7.987605995149143e+162 307
1725363155584 3.0238977106873366e+161 308
1725363155663 1.3267946129413536e+165 309
1725363155744 2.216473499053894e+165 310
1725363155815 3.6393289521611905e+166 311
1725363155870 4.2848207806910535e+164 312
1725363155944 1.761787859590403e+167 313
1725363156019 1.0705379973087732e+167 314
1725363156093 6.020491822113191e+168 315
1725363156166 1.2610655102042354e+166 316
1725363156247 7.402259489349485e+169 317
1725363156305 1.921403872356028e+168 318
1725363156371 3.3967218319415962e+168 319
1725363156441 1.7437844929157532e+171 320
1725363156519 2.3283435513121764e+172 321
1725363156570 3.6472231922137475e+173 322
1725363156635 2.9204240095936956e+171 323
1725363156703 1.3900747599201353e+172 324
1725363156767 9.419393478996891e+171 325
1725363156820 1.1256319846448248e+174 326
1725363156884 1.9234070478686558e+175 327
1725363156967 7.017733408427268e+174 328
1725363157055 2.0992300055325403e+174 329
1725363157145 1.1960937247026637e+176 330
1725363157212 3.0137437470690648e+174 331
1725363157278 3.182782550675708e+175 332
1725363157344 4.636562145820807e+177 333
1725363157418 5.579622645035963e+177 334
1725363157486 1.968591105317846e+177 335
1725363157552 5.860020491326075e+178 336
1725363157626 2.646127656496467e+179 337
1725363157691 2.137607129710201e+179 338
1725363157763 3.9327026331721945e+187 339
1725363157832 7.66354495876083e+180 340
1725363157892 3.050564590780847e+182 341
1725363157937 8.458980216066477e+184 342
1725363158004 1.1987552790620162e+182 343
1725363158071 5.2382018728918634e+182 344
1725363158134 7.898848435706056e+182 345
1725363158189 1.5349015718937151e+184 346
1725363158243 4.836026961919102e+186 347
1725363158316 5.23256169921124e+186 348
1725363158389 1.6236659047788957e+187 349
1725363158445 8.231316018740533e+186 350
1725363158500 2.412836062078759e+189 351
1725363158561 8.190232819134664e+187 352
1725363158631 1.9411196460763638e+190 353
1725363158696 4.406495202114371e+188 354
1725363158757 1.4513490620668936e+190 355
1725363158817 2.8760570161782185e+189 356
1725363158886 7.077350677389203e+191 357
1725363158948 6.172786035588184e+191 358
1725363159025 2.5294929444448028e+190 359
1725363159091 1.0656183660526156e+191 360
1725363159153 1.3984858703815777e+191 361
1725363159231 7.690673818408781e+191 362
1725363159296 2.7091537279987375e+192 363
1725363159354 2.577989867111775e+190 364
1725363159411 2.1770862921516438e+195 365
1725363159471 8.888362504375462e+194 366
1725363159541 1.4071709785897684e+194 367
1725363159602 5.476497205431583e+198 368
1725363159666 1.627094605908974e+198 369
1725363159747 2.3982894103375566e+197 370
1725363159813 3.858596534374243e+196 371
1725363159877 3.929218222616605e+196 372
1725363159941 3.080234464855201e+200 373
1725363160004 5.770127656237951e+199 374
1725363160061 2.8217194551434646e+200 375
1725363160129 5.5135024812609894e+200 376
1725363160195 4.686966627812133e+202 377
1725363160291 1.2375029594500832e+200 378
1725363160367 1.485052788150396e+203 379
1725363160424 3.581843114494537e+203 380
1725363160484 1.8615954413217326e+201 381
1725363160540 7.467550385310682e+206 382
1725363160598 1.2142399937258743e+205 383
1725363160677 9.087186187756707e+205 384
1725363160737 9.922505235058573e+204 385
1725363160793 1.9332578017768565e+207 386
1725363160851 8.318926166662445e+204 387
1725363160917 1.0824688783346076e+208 388
1725363160989 2.2290078994588187e+207 389
1725363161053 2.1168917047405456e+207 390
1725363161116 2.1129104651229185e+208 391
1725363161182 4.6903691419621285e+210 392
1725363161257 2.9136850927035965e+212 393
1725363161319 3.022213056588595e+211 394
1725363161405 1.5074240706452413e+210 395
1725363161478 5.999668748337708e+213 396
1725363161547 7.612292890957573e+212 397
1725363161613 1.2524223661762774e+214 398
1725363161676 3.166780089872385e+214 399
1725363161747 4.4923149173954577e+213 400
1725363161816 3.542482352031573e+212 401
1725363161873 1.0730456137567864e+216 402
1725363161935 1.6516838777078632e+215 403
1725363162031 3.96918050444123e+215 404
1725363162084 3.5071055762448353e+217 405
1725363162156 3.8251464155235315e+218 406
1725363162218 8.831239356829901e+215 407
1725363162295 2.038506684035824e+218 408
1725363162359 4.539575794909141e+219 409
1725363162429 1.2559266162516765e+216 410
1725363162497 2.5920736212132233e+219 411
1725363162558 3.5700687082917103e+220 412
1725363162625 1.0951688500407413e+223 413
1725363162691 2.683727071843061e+222 414
1725363162757 2.167848970237334e+223 415
1725363162834 1.3199361739808355e+223 416
1725363162899 1.385057636401017e+223 417
1725363162954 2.3026362564209487e+223 418
1725363163024 3.6682532767550767e+223 419
1725363163095 3.36656956124534e+226 420
1725363163169 2.146789796013921e+224 421
1725363163245 1.409755996603556e+226 422
1725363163300 5.400060442703131e+226 423
1725363163360 1.1530870867089864e+228 424
1725363163429 1.0701919618500323e+226 425
1725363163501 4.821606098568393e+230 426
1725363163568 3.773761996216412e+229 427
1725363163649 1.0002841804603869e+228 428
1725363163714 2.247748940655203e+230 429
1725363163799 2.7385428013608496e+229 430
1725363163865 2.758839428186514e+230 431
1725363163937 1.7254068119474164e+231 432
1725363163997 4.980601459054544e+229 433
1725363164060 1.0675228654077216e+232 434
1725363164120 7.537367185283356e+225 435
1725363164185 2.6780134783985947e+233 436
1725363164248 5.391627124656596e+233 437
1725363164310 2.372321405968997e+236 438
1725363164376 1.7292709229343336e+236 439
1725363164437 5.099484813331413e+232 440
1725363164499 5.862261995777597e+235 441
1725363164563 2.678891274839777e+236 442
1725363164647 1.345275078195145e+239 443
1725363164720 5.065231201935584e+238 444
1725363164775 1.6031073489019173e+240 445
1725363164829 3.916722107746173e+236 446
1725363164889 8.957624072388957e+240 447
1725363164960 9.839043709142413e+240 448
1725363165017 1.2591177281039654e+240 449
1725363165073 5.237081748890313e+240 450
1725363165133 1.351349838334919e+241 451
1725363165191 5.995093480241266e+242 452
1725363165248 1.829130966062336e+243 453
1725363165312 2.2381800577962973e+244 454
1725363165374 7.5492627226814595e+245 455
1725363165451 2.806201663322595e+245 456
1725363165525 5.014491597143127e+247 457
1725363165593 7.517697732263199e+244 458
1725363165655 8.532257009065834e+248 459
1725363165715 4.0343363650641165e+246 460
1725363165776 4.4160475661647353e+247 461
1725363165841 6.304381043214863e+247 462
1725363165895 1.0102133756875465e+249 463
1725363165954 1.8108726548270197e+251 464
1725363166010 3.073427044624151e+249 465
1725363166071 9.119571810064823e+250 466
1725363166137 2.493863447907782e+249 467
1725363166217 3.60906271403138e+250 468
1725363166282 3.4971838763126273e+251 469
1725363166363 7.105916316595297e+252 470
1725363166420 1.7179907740523202e+255 471
1725363166493 1.1333785956632894e+253 472
1725363166560 5.420478183529365e+253 473
1725363166621 7.873317174752028e+250 474
1725363166677 1.3975926171762357e+255 475
1725363166738 3.219418546729224e+256 476
1725363166817 7.114820410477637e+255 477
1725363166876 5.431255522336385e+255 478
1725363166932 9.032346632204041e+255 479
1725363167005 4.7169942045297025e+256 480
1725363167082 8.032657257075238e+255 481
1725363167145 2.0270772387544284e+256 482
1725363167217 3.94037282851748e+260 483
1725363167277 4.599244458243121e+259 484
1725363167334 1.8512828568280564e+259 485
1725363167398 1.8332793208739002e+263 486
1725363167463 5.787471489557033e+263 487
1725363167522 3.9824810304037156e+265 488
1725363167584 1.2977524196772072e+262 489
1725363167646 4.216567023848656e+262 490
1725363167710 3.0601206532634183e+265 491
1725363167777 1.8439901012978942e+265 492
1725363167847 1.0789161639603347e+267 493
1725363167917 4.503966980161479e+264 494
1725363167979 1.032679631926565e+266 495
1725363168046 5.642432352070214e+268 496
1725363168115 2.002429422546417e+268 497
1725363168172 1.1425267789695856e+268 498
1725363168239 1.1698676370977723e+267 499
