1725360003733 169.15949537300654 0
1725360003756 165.77795425489214 1
1725360003780 162.4978593176592 2
1725360003802 159.28207548977701 3
1725360003830 156.13084493443662 4
1725360003854 153.0420704962728 5
1725360003876 150.0153449861321 6
1725360003902 147.04894610317834 7
1725360003928 144.1415883023314 8
1725360003950 141.29228088209538 9
1725360003971 138.49923858740138 10
1725360003996 135.76191812028844 11
1725360004015 133.07955284862433 12
1725360004040 130.45050123094353 13
1725360004063 127.87398446304289 14
1725360004087 125.34814544110452 15
1725360004116 122.87269444970966 16
1725360004138 120.44709207738293 17
1725360004160 118.06949075825048 18
1725360004181 115.73906991581269 19
1725360004205 113.4549852957002 20
1725360004228 111.21595099966679 21
1725360004250 109.02204050825918 22
1725360004275 106.87143797594852 23
1725360004297 104.76378629345948 24
1725360004321 102.69803944474575 25
1725360004348 100.67352697291447 26
1725360004376 98.68941257198168 27
1725360004396 96.74406933153458 28
1725360004424 94.83757642531243 29
1725360004452 92.96877883420358 30
1725360004473 91.1379030411203 31
1725360004503 89.34304461658434 32
1725360004526 87.58305207173603 33
1725360004554 85.85908725554607 34
1725360004584 84.16876858785783 35
1725360004606 82.51200250217154 36
1725360004628 80.8885252807295 37
1725360004647 79.2968598209199 38
1725360004669 77.73700675186963 39
1725360004688 76.20836003757462 40
1725360004712 74.70981702151278 41
1725360004737 73.24069798402698 42
1725360004754 71.80101871676199 43
1725360004775 70.3894552548627 44
1725360004796 69.0067067726259 45
1725360004817 67.65128551205116 46
1725360004840 66.32165147027331 47
1725360004864 65.01950049042436 48
1725360004886 63.7430244163738 49
1725360004920 62.49164129953916 50
1725360005008 61.26507671165593 51
1725360005033 60.06254048186103 52
1725360005060 58.88423357451986 53
1725360005088 57.72910916750893 54
1725360005112 56.59698108770386 55
1725360005132 55.487558776687194 56
1725360005157 54.39948882962999 57
1725360005183 53.33309371772384 58
1725360005206 52.288170756628666 59
1725360005230 51.2636049105758 60
1725360005251 50.25986824204843 61
1725360005280 49.275520381053504 62
1725360005301 48.31032309790872 63
1725360005328 47.36447389199124 64
1725360005348 46.43787227359558 65
1725360005372 45.5289493487633 66
1725360005394 44.63829416391758 67
1725360005417 43.76560141277594 68
1725360005444 42.909609988277616 69
1725360005465 42.070514097826894 70
1725360005488 41.24884113650998 71
1725360005519 40.44236345648882 72
1725360005539 39.65254624271111 73
1725360005571 38.87781492611906 74
1725360005596 38.11863888493015 75
1725360005620 37.374827838342625 76
1725360005647 36.645566320283855 77
1725360005673 35.93006296382069 78
1725360005697 35.22969072760697 79
1725360005727 34.54220915179933 80
1725360005754 33.86899113326947 81
1725360005777 33.20893978805318 82
1725360005800 32.56147744957922 83
1725360005825 31.9274386427064 84
1725360005845 31.30564965873843 85
1725360005866 30.69629289060937 86
1725360005889 30.09824522704411 87
1725360005912 29.512636323989828 88
1725360005937 28.938804250316714 89
1725360005961 28.375889179585695 90
1725360005988 27.824059806849117 91
1725360006011 27.283595174641622 92
1725360006036 26.753385935296922 93
1725360006062 26.233363725885294 94
1725360006084 25.724118812388806 95
1725360006107 25.224621788973774 96
1725360006129 24.73499073211784 97
1725360006153 24.25529671274106 98
1725360006175 23.784747217368462 99
1725360006197 23.323343694455165 100
1725360006218 22.87138703505004 101
1725360006242 22.42827025055099 102
1725360006269 21.99363451288535 103
1725360006292 21.56790354797682 104
1725360006316 21.150594581528193 105
1725360006342 20.74129281786856 106
1725360006365 20.33968237341514 107
1725360006387 19.94661349498041 108
1725360006412 19.561302867063592 109
1725360006435 19.182871778619564 110
1725360006459 18.81258967049821 111
1725360006482 18.449495783665263 112
1725360006507 18.092845130993076 113
1725360006530 17.743889888150925 114
1725360006554 17.4020929100311 115
1725360006582 17.06626994059066 116
1725360006602 16.737431788318446 117
1725360006625 16.4152109559362 118
1725360006650 16.098897660684738 119
1725360006670 15.788982260763598 120
1725360006694 15.48517656096484 121
1725360006717 15.187618368954404 122
1725360006746 14.895537408210533 123
1725360006771 14.608838738875304 124
1725360006791 14.328639730451398 125
1725360006813 14.053393520338961 126
1725360006834 13.783381373825405 127
1725360006856 13.51944642591585 128
1725360006879 13.260089789207205 129
1725360006903 13.00579668218202 130
1725360006924 12.75661951247865 131
1725360006941 12.512459018255155 132
1725360006960 12.27300350841333 133
1725360006983 12.038219594539564 134
1725360007005 11.80786140290473 135
1725360007026 11.582217443292146 136
1725360007048 11.361210569621583 137
1725360007068 11.144274856556793 138
1725360007089 10.931428609884525 139
1725360007110 10.723095218684529 140
1725360007132 10.518554011040228 141
1725360007154 10.318061528459536 142
1725360007178 10.121891770746974 143
1725360007203 9.929238192160836 144
1725360007232 9.74007617415107 145
1725360007253 9.555185105665892 146
1725360007275 9.37352880307497 147
1725360007297 9.195815266084752 148
1725360007318 9.02125431394286 149
1725360007341 8.849821153120882 150
1725360007362 8.682356279784749 151
1725360007384 8.51758718983573 152
1725360007405 8.356642814638985 153
1725360007430 8.198600720295955 154
1725360007453 8.043630467502235 155
1725360007476 7.89131025242518 156
1725360007505 7.742296975353733 157
1725360007529 7.596703124261726 158
1725360007553 7.452948196894533 159
1725360007572 7.312524280939132 160
1725360007596 7.175129933850596 161
1725360007613 7.039733470012206 162
1725360007636 6.907503976730295 163
1725360007655 6.777883023161028 164
1725360007676 6.65067447521382 165
1725360007697 6.525496505343324 166
1725360007722 6.4033016557194 167
1725360007745 6.283473952674396 168
1725360007777 6.165906474241364 169
1725360007806 6.050383833342254 170
1725360007836 5.937107826912927 171
1725360007864 5.826347148889726 172
1725360007899 5.717560780516974 173
1725360007930 5.610678827559284 174
1725360007961 5.506469756762032 175
1725360007991 5.40390499305691 176
1725360008022 5.303223326258072 177
1725360008043 5.204791596458177 178
1725360008068 5.108085733881061 179
1725360008100 5.013313906401054 180
1725360008130 4.9204943805496795 181
1725360008151 4.8292719579715735 182
1725360008172 4.740182381912688 183
1725360008196 4.6522333233064295 184
1725360008219 4.566235187151014 185
1725360008242 4.482168190521739 186
1725360008266 4.399777918764557 187
1725360008293 4.318211993041991 188
1725360008322 4.239301858351418 189
1725360008353 4.161217524435573 190
1725360008377 4.084943381069505 191
1725360008404 4.010017756853105 192
1725360008426 3.93636283366022 193
1725360008445 3.8646560486089734 194
1725360008474 3.79396368463228 195
1725360008500 3.724658239373348 196
1725360008522 3.6565671969756335 197
1725360008546 3.5903614963600385 198
1725360008580 3.5249313024961064 199
1725360008602 3.4607574672898136 200
1725360008622 3.3981788070486916 201
1725360008650 3.3366772489011542 202
1725360008674 3.2759180200213733 203
1725360008701 3.216844289484166 204
1725360008729 3.158913449541937 205
1725360008757 3.101845792698105 206
1725360008778 3.0460667524550757 207
1725360008801 2.991138430736542 208
1725360008824 2.9377136103039976 209
1725360008848 2.8850858519863323 210
1725360008871 2.8330516218814386 211
1725360008893 2.7825061558904407 212
1725360008922 2.732961693033252 213
1725360008948 2.684325340861066 214
1725360008972 2.6359962148533866 215
1725360008994 2.589336364943417 216
1725360009023 2.54370701832258 217
1725360009049 2.498504813388597 218
1725360009079 2.454399620886021 219
1725360009099 2.4107160093453763 220
1725360009123 2.3683632626234865 221
1725360009144 2.326827948062554 222
1725360009165 2.285784538709181 223
1725360009186 2.2454891329039848 224
1725360009209 2.206344906131157 225
1725360009231 2.1677650241290887 226
1725360009254 2.1298419794011356 227
1725360009274 2.0927035211242715 228
1725360009296 2.056262418101783 229
1725360009321 2.0205870721378862 230
1725360009344 1.9859042339360367 231
1725360009371 1.9512772746428058 232
1725360009394 1.9174264828956848 233
1725360009418 1.8846656315834507 234
1725360009439 1.852064931298474 235
1725360009460 1.8205092531458644 236
1725360009480 1.7889839920621442 237
1725360009501 1.7586739726496081 238
1725360009524 1.72884222109537 239
1725360009550 1.699172137936985 240
1725360009573 1.6702280478393356 241
1725360009595 1.6420330837976767 242
1725360009615 1.6143163631337354 243
1725360009640 1.5868367740059213 244
1725360009660 1.56016912939425 245
1725360009681 1.5341941687616618 246
1725360009703 1.5085037144440039 247
1725360009724 1.4829865780587905 248
1725360009745 1.4584787532357895 249
1725360009767 1.4341077120815242 250
1725360009789 1.410429939668259 251
1725360009810 1.38684547043059 252
1725360009832 1.3641616403293437 253
1725360009851 1.3414545619689504 254
1725360009878 1.319667703051856 255
1725360009903 1.2979829775459952 256
1725360009924 1.2768852230940095 257
1725360009945 1.2556607628653922 258
1725360009965 1.235432358924639 259
1725360009985 1.2156357743415023 260
1725360010007 1.1959091827518094 261
1725360010028 1.176310356141809 262
1725360010047 1.157463072517922 263
1725360010067 1.1391667973495552 264
1725360010088 1.1206678717458007 265
1725360010108 1.102963520460906 266
1725360010128 1.085523933957567 267
1725360010154 1.0682591104564745 268
1725360010175 1.0515062560579924 269
1725360010196 1.0352324193851057 270
1725360010218 1.0184002303071515 271
1725360010241 1.0026856984398167 272
1725360010267 0.9875124681039076 273
1725360010296 0.9715395318774768 274
1725360010328 0.9567186005911861 275
1725360010418 0.9419958903884926 276
1725360010446 0.9274752128501119 277
1725360010469 0.9136083010437815 278
1725360010491 0.8991290561277728 279
1725360010514 0.8855880156455773 280
1725360010538 0.8722206162674156 281
1725360010558 0.8592663815165688 282
1725360010589 0.8460340008144607 283
1725360010637 0.8333506313725142 284
1725360010661 0.8213093899693205 285
1725360010682 0.8088880983566352 286
1725360010704 0.7968440546339809 287
1725360010729 0.785106821782404 288
1725360010751 0.7734776347228668 289
1725360010772 0.7622555805770527 290
1725360010794 0.7511940396533087 291
1725360010816 0.7402399194000653 292
1725360010839 0.7293108608217103 293
1725360010860 0.7190868671524951 294
1725360010880 0.7087249042282261 295
1725360010904 0.6990077385801329 296
1725360010927 0.6885076692894033 297
1725360010955 0.6789299275860314 298
1725360010977 0.6697496185364186 299
1725360010997 0.6599957964635341 300
1725360011018 0.650753918256073 301
1725360011045 0.641908301855119 302
1725360011062 0.6327876405938245 303
1725360011088 0.6241270470729249 304
1725360011112 0.6158788487438158 305
1725360011143 0.6073294059582566 306
1725360011171 0.5989379445971653 307
1725360011205 0.5910311247048154 308
1725360011242 0.5832998055737343 309
1725360011274 0.5754428358450691 310
1725360011300 0.5676404818392705 311
1725360011334 0.5603254644884974 312
1725360011372 0.5526610656095192 313
1725360011409 0.5459016638568154 314
1725360011441 0.5384780092386525 315
1725360011463 0.531400808751322 316
1725360011485 0.524860024813548 317
1725360011513 0.5183227645893193 318
1725360011538 0.5115446636089586 319
1725360011564 0.5047164846821917 320
1725360011589 0.498651341401293 321
1725360011612 0.4927587537527587 322
1725360011643 0.48603227964860973 323
1725360011670 0.4804004987492804 324
1725360011690 0.4745334371172812 325
1725360011712 0.46881944846975565 326
1725360011734 0.4628879939206751 327
1725360011756 0.4575128062284731 328
1725360011776 0.45208406198095846 329
1725360011799 0.4464832329225892 330
1725360011821 0.4412403965955594 331
1725360011844 0.43621035047780404 332
1725360011881 0.4311475494150535 333
1725360011916 0.42602314931574176 334
1725360011950 0.42104817769782193 335
1725360011984 0.4163029558195528 336
1725360012017 0.4116959165377767 337
1725360012049 0.4071677892662159 338
1725360012073 0.40237699551638406 339
1725360012097 0.3978698196605809 340
1725360012121 0.39375177645788373 341
1725360012143 0.38953546905783887 342
1725360012165 0.3850923075009805 343
1725360012189 0.3807099848451737 344
1725360012210 0.37698575929575534 345
1725360012230 0.3728600769743041 346
1725360012254 0.36883939464691795 347
1725360012277 0.36534489684161187 348
1725360012301 0.3609090976879348 349
1725360012329 0.3575193407343213 350
1725360012353 0.3538617177062442 351
1725360012374 0.35040791844925695 352
1725360012394 0.3468263563672039 353
1725360012416 0.34328673552090255 354
1725360012441 0.33995884244119173 355
1725360012462 0.3362472423059604 356
1725360012482 0.33328004966769154 357
1725360012501 0.3303532056500296 358
1725360012520 0.32664848678156316 359
1725360012543 0.32363769007949533 360
1725360012565 0.32086675473065296 361
1725360012588 0.3177817558840199 362
1725360012612 0.31460940255464154 363
1725360012632 0.31181859741659945 364
1725360012652 0.30890431378232414 365
1725360012671 0.30631369304333456 366
1725360012693 0.30350436242789947 367
1725360012716 0.30047998512180996 368
1725360012736 0.29806932338151343 369
1725360012757 0.2955102221300149 370
1725360012775 0.2927378008429885 371
1725360012799 0.29065637229485963 372
1725360012817 0.2877981161136502 373
1725360012837 0.2857543339259002 374
1725360012860 0.2830334157990058 375
1725360012883 0.2807819074139817 376
1725360012907 0.2787421281742302 377
1725360012928 0.27635135015586343 378
1725360012949 0.2737841865534431 379
1725360012967 0.271829864129557 380
1725360012990 0.2698203077401918 381
1725360013010 0.267782700883697 382
1725360013030 0.2653112584357825 383
1725360013052 0.26343753157048766 384
1725360013074 0.2616909215552197 385
1725360013095 0.2593939183956605 386
1725360013121 0.25763028416221967 387
1725360013142 0.2556797123416835 388
1725360013162 0.25377431654003235 389
1725360013182 0.2518337526567627 390
1725360013205 0.2502362033325214 391
1725360013230 0.2485703988012374 392
1725360013251 0.24644128551583872 393
1725360013273 0.2448084591210875 394
1725360013294 0.24338359316715194 395
1725360013317 0.241725697856203 396
1725360013337 0.24017003448510715 397
1725360013360 0.23828399621871096 398
1725360013381 0.2368469727792737 399
1725360013401 0.23534377394549752 400
1725360013422 0.2337691286946255 401
1725360013443 0.23259204473351447 402
1725360013465 0.23073344976390842 403
1725360013486 0.2293078337936384 404
1725360013507 0.2282482686795485 405
1725360013529 0.22644604622958117 406
1725360013553 0.22529802919162598 407
1725360013576 0.223956466430512 408
1725360013599 0.22243534896142172 409
1725360013618 0.2212560949220672 410
1725360013640 0.22031969163367118 411
1725360013663 0.21886254538594596 412
1725360013684 0.21728941190847811 413
1725360013707 0.2162672014882731 414
1725360013728 0.21508264940867902 415
1725360013749 0.21399029600572517 416
1725360013772 0.21286132960354356 417
1725360013795 0.21156467209203747 418
1725360013821 0.21035252957771525 419
1725360013838 0.20944525730658375 420
1725360013861 0.20838686697027037 421
1725360013887 0.20766562157648188 422
1725360013910 0.20618100743971712 423
1725360013933 0.20529179277363688 424
1725360013954 0.2042542134386791 425
1725360013975 0.20323926533135084 426
1725360013996 0.20224540181670358 427
1725360014018 0.20136062285409317 428
1725360014038 0.20049389844063706 429
1725360014064 0.19922503562062535 430
1725360014090 0.19861333790167301 431
1725360014114 0.19793022471383123 432
1725360014138 0.19660528285538476 433
1725360014161 0.19579126063026459 434
1725360014185 0.19516129714079644 435
1725360014206 0.19410106223537824 436
1725360014226 0.1933856154442083 437
1725360014248 0.1924673205955596 438
1725360014273 0.1917461080107595 439
1725360014292 0.1904873543299514 440
1725360014313 0.18991916364263797 441
1725360014335 0.18916645238877824 442
1725360014357 0.1883121076390589 443
1725360014376 0.18763885562905952 444
1725360014393 0.18674333262790566 445
1725360014415 0.18622032905818595 446
1725360014437 0.18576734472063913 447
1725360014460 0.18473384984149596 448
1725360014483 0.18414208798332707 449
1725360014507 0.18365271015419873 450
1725360014529 0.18286224986096497 451
1725360014550 0.18227881365509643 452
1725360014578 0.18153609923990827 453
1725360014604 0.18043855892486443 454
1725360014622 0.1801217797657283 455
1725360014642 0.17919915514195198 456
1725360014663 0.1787558354327497 457
1725360014686 0.1785439382619655 458
1725360014710 0.17748117248371106 459
1725360014727 0.17698532237664535 460
1725360014750 0.1766220143371222 461
1725360014770 0.17631120077201134 462
1725360014791 0.17545203878699994 463
1725360014813 0.17488445083467685 464
1725360014834 0.17449049162221109 465
1725360014857 0.1739902036531261 466
1725360014879 0.17290511208615766 467
1725360014901 0.17267726120273166 468
1725360014924 0.1722163373384165 469
1725360014947 0.1714698581138584 470
1725360014972 0.1711323798344058 471
1725360014995 0.17082194581875249 472
1725360015015 0.1703983419486417 473
1725360015041 0.16968832537928916 474
1725360015063 0.16933944747376137 475
1725360015085 0.16896257567591788 476
1725360015106 0.16875381897605624 477
1725360015126 0.16815783021241934 478
1725360015147 0.1675349053879242 479
1725360015170 0.1670440179355076 480
1725360015196 0.16663266818470435 481
1725360015217 0.16611493168312477 482
1725360015239 0.16602872613465755 483
1725360015260 0.1653374761677532 484
1725360015283 0.16502926247315103 485
1725360015304 0.16467143075602308 486
1725360015327 0.1642509001560845 487
1725360015347 0.16420958470604868 488
1725360015370 0.16384650257010766 489
1725360015393 0.16303052180025307 490
1725360015420 0.16291577439195398 491
1725360015447 0.16244766153167808 492
1725360015472 0.16180359409899164 493
1725360015498 0.16174332878424044 494
1725360015522 0.16153610349652356 495
1725360015544 0.1609920381113647 496
1725360015570 0.16064149242557238 497
1725360015594 0.16047254348678353 498
1725360015619 0.16041993643768507 499
