1725358354226 174.89478914395258 0
1725358354257 174.54260427791687 1
1725358354281 174.19120120627048 2
1725358354306 173.8405781138302 3
1725358354327 173.49073318975505 4
1725358354349 173.14166462753533 5
1725358354387 172.79337062498215 6
1725358354415 172.44584938421684 7
1725358354436 172.0990991116603 8
1725358354458 171.75311801802263 9
1725358354480 171.40790431829245 10
1725358354501 171.06345623172655 11
1725358354521 170.7197719818393 12
1725358354547 170.3768497963925 13
1725358354570 170.03468790738447 14
1725358354598 169.69328455104034 15
1725358354616 169.35263796780112 16
1725358354636 169.0127464023137 17
1725358354658 168.6736081034204 18
1725358354681 168.33522132414888 19
1725358354702 167.9975843217017 20
1725358354721 167.66069535744614 21
1725358354741 167.32455269690414 22
1725358354762 166.98915460974192 23
1725358354783 166.65449936976006 24
1725358354806 166.32058525488327 25
1725358354829 165.98741054715023 26
1725358354854 165.65497353270362 27
1725358354876 165.32327250178014 28
1725358354902 164.99230574870035 29
1725358354926 164.6620715718587 30
1725358354946 164.33256827371363 31
1725358354966 164.0037941607777 32
1725358354986 163.6757475436074 33
1725358355006 163.34842673679364 34
1725358355025 163.0218300589515 35
1725358355044 162.69595583271072 36
1725358355062 162.37080238470566 37
1725358355084 162.0463680455655 38
1725358355104 161.72265114990472 39
1725358355123 161.39965003631306 40
1725358355146 161.07736304734607 41
1725358355166 160.75578852951514 42
1725358355187 160.434924833278 43
1725358355210 160.11477031302914 44
1725358355232 159.79532332708996 45
1725358355255 159.47658223769938 46
1725358355276 159.15854541100413 47
1725358355301 158.8412112170494 48
1725358355321 158.52457802976903 49
1725358355346 158.20864422697616 50
1725358355369 157.8934081903539 51
1725358355458 157.57886830544558 52
1725358355478 157.26502296164549 53
1725358355500 156.9518705521894 54
1725358355520 156.63940947414537 55
1725358355539 156.32763812840417 56
1725358355561 156.01655491966991 57
1725358355586 155.70615825645103 58
1725358355610 155.39644655105064 59
1725358355632 155.08741821955755 60
1725358355653 154.7790716818368 61
1725358355675 154.47140536152068 62
1725358355697 154.1644176859993 63
1725358355719 153.85810708641154 64
1725358355740 153.55247199763582 65
1725358355759 153.24751085828115 66
1725358355777 152.94322211067782 67
1725358355798 152.63960420086843 68
1725358355819 152.33665557859877 69
1725358355839 152.0343746973088 70
1725358355859 151.7327600141237 71
1725358355880 151.43180998984482 72
1725358355898 151.13152308894064 73
1725358355919 150.83189777953802 74
1725358355937 150.53293253341306 75
1725358355958 150.2346258259824 76
1725358355980 149.93697613629402 77
1725358356001 149.6399819470189 78
1725358356021 149.34364174444158 79
1725358356042 149.0479540184519 80
1725358356062 148.75291726253573 81
1725358356081 148.45852997376667 82
1725358356108 148.16479065279685 83
1725358356131 147.87169780384846 84
1725358356153 147.57924993470508 85
1725358356173 147.28744555670283 86
1725358356194 146.99628318472188 87
1725358356214 146.7057613371776 88
1725358356234 146.41587853601214 89
1725358356256 146.12663330668587 90
1725358356275 145.8380241781685 91
1725358356295 145.55004968293088 92
1725358356315 145.26270835693617 93
1725358356337 144.97599873963168 94
1725358356357 144.68991937394 95
1725358356377 144.40446880625072 96
1725358356397 144.11964558641208 97
1725358356431 143.83544826772234 98
1725358356453 143.55187540692148 99
1725358356471 143.26892556418287 100
1725358356489 142.9865973031048 101
1725358356511 142.70488919070212 102
1725358356532 142.4237997973981 103
1725358356554 142.14332769701588 104
1725358356573 141.8634714667705 105
1725358356592 141.58422968726026 106
1725358356613 141.30560094245885 107
1725358356632 141.02758381970685 108
1725358356651 140.75017690970367 109
1725358356670 140.47337880649943 110
1725358356693 140.19718810748665 111
1725358356718 139.9216034133922 112
1725358356735 139.6466233282692 113
1725358356756 139.3722464594888 114
1725358356777 139.09847141773238 115
1725358356801 138.82529681698315 116
1725358356826 138.55272127451843 117
1725358356850 138.2807434109013 118
1725358356874 138.00936184997292 119
1725358356894 137.7385752188444 120
1725358356923 137.46838214788892 121
1725358356943 137.19878127073363 122
1725358356962 136.92977122425194 123
1725358356981 136.66135064855544 124
1725358357000 136.39351818698626 125
1725358357019 136.12627248610892 126
1725358357038 135.85961219570277 127
1725358357059 135.59353596875388 128
1725358357078 135.32804246144758 129
1725358357098 135.0631303331604 130
1725358357116 134.79879824645244 131
1725358357137 134.53504486705955 132
1725358357158 134.27186886388586 133
1725358357182 134.0092689089956 134
1725358357205 133.74724367760598 135
1725358357229 133.48579184807897 136
1725358357252 133.22491210191419 137
1725358357274 132.9646031237408 138
1725358357295 132.7048636013103 139
1725358357315 132.4456922254887 140
1725358357334 132.18708769024894 141
1725358357353 131.92904869266357 142
1725358357372 131.67157393289688 143
1725358357392 131.41466211419768 144
1725358357411 131.15831194289171 145
1725358357445 130.90252212837413 146
1725358357465 130.647291383102 147
1725358357484 130.39261842258705 148
1725358357504 130.1385019653881 149
1725358357523 129.88494073310363 150
1725358357544 129.63193345036458 151
1725358357571 129.37947884482676 152
1725358357596 129.1275756471637 153
1725358357618 128.87622259105913 154
1725358357638 128.62541841319992 155
1725358357659 128.37516185326854 156
1725358357678 128.12545165393593 157
1725358357698 127.8762865608541 158
1725358357718 127.62766532264925 159
1725358357745 127.37958669091401 160
1725358357771 127.13204942020076 161
1725358357795 126.88505226801408 162
1725358357817 126.63859399480376 163
1725358357837 126.39267336395763 164
1725358357858 126.14728914179437 165
1725358357881 125.90244009755648 166
1725358357906 125.65812500340313 167
1725358357924 125.4143426344031 168
1725358357946 125.17109176852773 169
1725358357968 124.92837118664379 170
1725358357989 124.68617967250668 171
1725358358011 124.44451601275316 172
1725358358032 124.20337899689453 173
1725358358051 123.96276741730955 174
1725358358071 123.72268006923757 175
1725358358093 123.48311575077162 176
1725358358114 123.24407326285126 177
1725358358137 123.0055514092561 178
1725358358156 122.76754899659842 179
1725358358174 122.53006483431672 180
1725358358240 122.29309773466854 181
1725358358277 122.05664651272389 182
1725358358297 121.82070998635824 183
1725358358318 121.5852869762459 184
1725358358337 121.35037630585298 185
1725358358356 121.11597680143088 186
1725358358378 120.8820872920094 187
1725358358397 120.64870660939006 188
1725358358419 120.41583358813936 189
1725358358447 120.18346706558202 190
1725358358471 119.9516058817944 191
1725358358494 119.72024887959785 192
1725358358520 119.48939490455187 193
1725358358542 119.2590428049477 194
1725358358563 119.02919143180154 195
1725358358582 118.79983963884808 196
1725358358603 118.5709862825338 197
1725358358621 118.34263022201047 198
1725358358640 118.11477031912857 199
1725358358662 117.88740543843075 200
1725358358681 117.66053444714531 201
1725358358700 117.43415621517973 202
1725358358720 117.20826961511416 203
1725358358739 116.98287352219491 204
1725358358759 116.75796681432803 205
1725358358778 116.53354837207293 206
1725358358796 116.30961707863582 207
1725358358814 116.08617181986344 208
1725358358835 115.86321148423654 209
1725358358856 115.64073496286362 210
1725358358877 115.41874114947447 211
1725358358900 115.1972289404139 212
1725358358919 114.97619723463536 213
1725358358943 114.7556449336947 214
1725358358969 114.53557094174377 215
1725358358988 114.3159741655242 216
1725358359016 114.09685351436114 217
1725358359037 113.87820790015692 218
1725358359058 113.66003623738503 219
1725358359080 113.44233744308359 220
1725358359104 113.22511043684936 221
1725358359127 113.00835414083159 222
1725358359148 112.79206747972562 223
1725358359168 112.57624938076694 224
1725358359188 112.36089877372494 225
1725358359211 112.14601459089678 226
1725358359230 111.93159576710131 227
1725358359253 111.71764123967297 228
1725358359274 111.5041499484557 229
1725358359296 111.29112083579689 230
1725358359314 111.07855284654117 231
1725358359335 110.86644492802473 232
1725358359352 110.65479603006887 233
1725358359374 110.44360510497427 234
1725358359397 110.232871107515 235
1725358359415 110.02259299493234 236
1725358359435 109.81276972692895 237
1725358359470 109.60340026566298 238
1725358359491 109.394483575742 239
1725358359511 109.18601862421716 240
1725358359531 108.97800438057732 241
1725358359551 108.77043981674299 242
1725358359571 108.56332390706068 243
1725358359590 108.35665562829685 244
1725358359612 108.15043395963217 245
1725358359631 107.94465788265569 246
1725358359651 107.73932638135894 247
1725358359670 107.53443844213022 248
1725358359688 107.32999305374867 249
1725358359708 107.12598920737872 250
1725358359727 106.92242589656415 251
1725358359748 106.71930211722227 252
1725358359768 106.51661686763852 253
1725358359788 106.31436914846039 254
1725358359805 106.1125579626919 255
1725358359825 105.91118231568788 256
1725358359846 105.7102412151483 257
1725358359868 105.50973367111256 258
1725358359889 105.30965869595391 259
1725358359911 105.11001530437373 260
1725358359930 104.91080251339606 261
1725358359952 104.71201934236181 262
1725358359982 104.51366481292324 263
1725358360004 104.31573794903846 264
1725358360023 104.11823777696574 265
1725358360044 103.92116332525804 266
1725358360063 103.72451362475744 267
1725358360083 103.52828770858963 268
1725358360102 103.33248461215835 269
1725358360122 103.13710337314002 270
1725358360141 102.94214303147804 271
1725358360160 102.74760262937761 272
1725358360180 102.5534812113 273
1725358360198 102.3597778239572 274
1725358360220 102.1664915163066 275
1725358360241 101.97362133954547 276
1725358360262 101.78116634710548 277
1725358360282 101.58912559464753 278
1725358360302 101.39749814005611 279
1725358360324 101.20628304343418 280
1725358360350 101.01547936709765 281
1725358360371 100.82508617557018 282
1725358360398 100.63510253557764 283
1725358360419 100.44552751604307 284
1725358360444 100.25636018808125 285
1725358360473 100.06759962499326 286
1725358360497 99.87924490226158 287
1725358360519 99.69129509754448 288
1725358360545 99.503749290671 289
1725358360568 99.31660656363552 290
1725358360594 99.12986600059271 291
1725358360665 98.94352668785233 292
1725358360700 98.75758771387382 293
1725358360734 98.57204816926142 294
1725358360759 98.38690714675876 295
1725358360768 98.20216374124381 296
1725358360794 98.01781704972372 297
1725358360813 97.8338661713297 298
1725358360835 97.65031020731188 299
1725358360856 97.46714826103425 300
1725358360877 97.28437943796952 301
1725358360899 97.10200284569399 302
1725358360922 96.9200175938826 303
1725358360942 96.7384227943039 304
1725358360965 96.55721756081476 305
1725358360987 96.37640100935563 306
1725358361012 96.1959722579454 307
1725358361032 96.0159304266763 308
1725358361052 95.8362746377091 309
1725358361073 95.657004015268 310
1725358361094 95.47811768563565 311
1725358361114 95.2996147771483 312
1725358361135 95.12149442019077 313
1725358361154 94.94375574719147 314
1725358361173 94.76639789261768 315
1725358361192 94.58941999297039 316
1725358361215 94.41282118677957 317
1725358361238 94.23660061459924 318
1725358361260 94.06075741900261 319
1725358361281 93.8852907445772 320
1725358361306 93.71019973792 321
1725358361337 93.53548354763261 322
1725358361361 93.36114132431646 323
1725358361399 93.18717222056802 324
1725358361431 93.01357539097387 325
1725358361456 92.84034999210604 326
1725358361490 92.66749518251724 327
1725358361510 92.49501012273596 328
1725358361532 92.32289397526188 329
1725358361555 92.15114590456099 330
1725358361574 91.97976507706095 331
1725358361597 91.80875066114632 332
1725358361617 91.63810182715392 333
1725358361637 91.46781774736804 334
1725358361656 91.29789759601586 335
1725358361676 91.12834054926266 336
1725358361696 90.95914578520726 337
1725358361719 90.7903124838773 338
1725358361741 90.6218398272247 339
1725358361768 90.45372699912093 340
1725358361789 90.28597318535239 341
1725358361809 90.11857757361591 342
1725358361830 89.95153935351411 343
1725358361850 89.78485771655069 344
1725358361870 89.6185318561261 345
1725358361891 89.45256096753283 346
1725358361911 89.28694424795081 347
1725358361930 89.12168089644307 348
1725358361952 88.95677011395097 349
1725358361974 88.79221110328992 350
1725358361997 88.62800306914468 351
1725358362019 88.464145218065 352
1725358362042 88.30063675846112 353
1725358362061 88.13747690059921 354
1725358362081 87.974664856597 355
1725358362101 87.81219984041934 356
1725358362120 87.65008106787367 357
1725358362140 87.48830775660572 358
1725358362160 87.32687912609497 359
1725358362180 87.16579439765029 360
1725358362199 87.00505279440561 361
1725358362217 86.84465354131545 362
1725358362238 86.6845958651506 363
1725358362261 86.52487899449373 364
1725358362281 86.36550215973502 365
1725358362302 86.20646459306789 366
1725358362329 86.04776552848465 367
1725358362355 85.88940420177205 368
1725358362377 85.7313798505072 369
1725358362398 85.57369171405306 370
1725358362417 85.4163390335543 371
1725358362438 85.25932105193299 372
1725358362460 85.1026370138842 373
1725358362478 84.94628616587198 374
1725358362511 84.79026775612492 375
1725358362531 84.63458103463198 376
1725358362553 84.4792252531383 377
1725358362575 84.32419966514088 378
1725358362597 84.1695035258846 379
1725358362619 84.01513609235772 380
1725358362640 83.86109662328789 381
1725358362661 83.707384379138 382
1725358362681 83.55399862210194 383
1725358362700 83.4009386161004 384
1725358362720 83.24820362677677 385
1725358362741 83.09579292149319 386
1725358362761 82.94370576932604 387
1725358362781 82.79194144106225 388
1725358362802 82.64049920919486 389
1725358362825 82.48937834791911 390
1725358362845 82.33857813312835 391
1725358362865 82.1880978424099 392
1725358362883 82.03793675504099 393
1725358362910 81.88809415198476 394
1725358362930 81.73856931588624 395
1725358362950 81.58936153106818 396
1725358362971 81.44047008352722 397
1725358362994 81.29189426092964 398
1725358363019 81.14363335260761 399
1725358363037 80.99568664955508 400
1725358363060 80.84805344442367 401
1725358363081 80.70073303151894 402
1725358363106 80.5537247067963 403
1725358363128 80.40702776785699 404
1725358363152 80.2606415139443 405
1725358363171 80.11456524593936 406
1725358363197 79.96879826635765 407
1725358363220 79.82333987934469 408
1725358363244 79.67818939067224 409
1725358363265 79.53334610773454 410
1725358363286 79.38880933954424 411
1725358363310 79.24457839672861 412
1725358363331 79.10065259152573 413
1725358363351 78.95703123778044 414
1725358363370 78.81371365094081 415
1725358363390 78.67069914805388 416
1725358363410 78.52798704776221 417
1725358363430 78.38557667029988 418
1725358363452 78.24346733748865 419
1725358363471 78.1016583727342 420
1725358363492 77.96014910102247 421
1725358363522 77.81893884891558 422
1725358363544 77.67802694454836 423
1725358363564 77.53741271762445 424
1725358363586 77.39709549941239 425
1725358363606 77.25707462274221 426
1725358363627 77.11734942200144 427
1725358363648 76.9779192331314 428
1725358363671 76.83878339362363 429
1725358363691 76.699941242516 430
1725358363710 76.56139212038917 431
1725358363730 76.42313536936273 432
1725358363749 76.28517033309157 433
1725358363770 76.1474963567624 434
1725358363790 76.01011278708981 435
1725358363810 75.8730189723127 436
1725358363831 75.73621426219074 437
1725358363853 75.5996980080006 438
1725358363872 75.4634695625324 439
1725358363894 75.32752828008601 440
1725358363915 75.19187351646752 441
1725358363938 75.05650462898559 442
1725358363958 74.92142097644789 443
1725358363978 74.7866219191575 444
1725358363998 74.6521068189092 445
1725358364019 74.51787503898623 446
1725358364039 74.38392594415639 447
1725358364059 74.25025890066863 448
1725358364081 74.11687327624955 449
1725358364102 73.98376844009984 450
1725358364123 73.85094376289064 451
1725358364145 73.71839861676015 452
1725358364166 73.58613237531019 453
1725358364185 73.45414441360248 454
1725358364203 73.32243410815532 455
1725358364221 73.19100083694 456
1725358364243 73.05984397937756 457
1725358364263 72.9289629163349 458
1725358364285 72.79835703012174 459
1725358364308 72.66802570448698 460
1725358364330 72.53796832461525 461
1725358364350 72.40818427712347 462
1725358364370 72.2786729500576 463
1725358364393 72.14943373288894 464
1725358364413 72.02046601651102 465
1725358364433 71.89176919323592 466
1725358364452 71.76334265679111 467
1725358364472 71.63518580231599 468
1725358364492 71.50729802635843 469
1725358364513 71.37967872687148 470
1725358364544 71.25232730321011 471
1725358364563 71.12524315612768 472
1725358364587 70.99842568777265 473
1725358364609 70.87187430168537 474
1725358364630 70.74558840279457 475
1725358364654 70.61956739741426 476
1725358364673 70.49381069324016 477
1725358364695 70.36831769934663 478
1725358364713 70.24308782618328 479
1725358364733 70.11812048557158 480
1725358364752 69.9934150907019 481
1725358364769 69.86897105612985 482
1725358364788 69.74478779777336 483
1725358364807 69.62086473290908 484
1725358364831 69.49720128016959 485
1725358364853 69.37379685953968 486
1725358364875 69.25065089235342 487
1725358364895 69.1277628012909 488
1725358364919 69.00513201037492 489
1725358364940 68.88275794496796 490
1725358364959 68.76064003176877 491
1725358364980 68.63877769880929 492
1725358365002 68.51717037545143 493
1725358365019 68.395817492384 494
1725358365040 68.27471848161949 495
1725358365061 68.15387277649074 496
1725358365081 68.03327981164814 497
1725358365101 67.91293902305605 498
1725358365123 67.79284984799015 499
