1725361596892 155.8678520019243 0
1725361596910 137.22296941760092 1
1725361596923 131.6545429007718 2
1725361596934 118.80722006417403 3
1725361596948 105.94071939010831 4
1725361596963 98.0934344397175 5
1725361596979 93.64740944067383 6
1725361596995 85.02867279081399 7
1725361597006 74.92645734905966 8
1725361597016 67.64285481985469 9
1725361597027 64.47332207519196 10
1725361597039 57.47721960816311 11
1725361597052 51.932004290327185 12
1725361597065 46.27389486099345 13
1725361597092 44.79549432799704 14
1725361597103 40.46275472635752 15
1725361597119 37.08747225981254 16
1725361597166 34.93209448368352 17
1725361597212 30.7721772206631 18
1725361597247 29.010013709850835 19
1725361597267 26.275911168349683 20
1725361597283 24.156264814508905 21
1725361597298 21.802324704509484 22
1725361597323 19.94768000532009 23
1725361597333 18.17728369214749 24
1725361597344 16.582756052524307 25
1725361597354 15.220320537310656 26
1725361597364 14.531776677198941 27
1725361597380 13.969472105792693 28
1725361597398 10.845378760889751 29
1725361597413 11.304800282066923 30
1725361597429 9.880052190100143 31
1725361597440 9.731945504217926 32
1725361597450 8.531093224243792 33
1725361597461 7.919715244400761 34
1725361597472 7.041681447233255 35
1725361597483 6.602282853378126 36
1725361597494 5.911590497935889 37
1725361597516 5.53294191196661 38
1725361597533 5.012072488324529 39
1725361597558 4.676577142010903 40
1725361597576 4.060510171372928 41
1725361597594 3.640748729382711 42
1725361597616 4.100692941792036 43
1725361597642 3.4572167571546433 44
1725361597671 3.463929978151338 45
1725361597700 2.7616265174189185 46
1725361597724 2.382150820851369 47
1725361597751 2.291324073361635 48
1725361597770 2.1417358173324876 49
1725361597787 2.072466635068196 50
1725361597816 2.290969571609782 51
1725361597842 1.8091372233979983 52
1725361597855 1.7462631621913063 53
1725361597871 1.5729920591049251 54
1725361597885 1.2273722183954867 55
1725361597900 1.1445092303067272 56
1725361597915 1.1397510197731027 57
1725361597931 0.9373308702464641 58
1725361597948 1.0192751366682538 59
1725361597963 0.9125428412329946 60
1725361597976 1.022151237810276 61
1725361597986 0.7537319539579733 62
1725361598000 0.9001837083787063 63
1725361598012 0.6484701798497493 64
1725361598025 0.7049217000236361 65
1725361598038 0.5738733632487915 66
1725361598049 0.606309020286786 67
1725361598063 0.7261961106280372 68
1725361598101 0.5648735513243591 69
1725361598176 0.5036481337911319 70
1725361598193 0.5832067986172842 71
1725361598209 0.4324953846173631 72
1725361598227 0.4470403125727471 73
1725361598243 0.4795272067901967 74
1725361598263 0.40420851067281033 75
1725361598282 0.3306129805372281 76
1725361598303 0.3886435285461042 77
1725361598326 0.3954076960420472 78
1725361598349 0.32840800347673094 79
1725361598368 0.2809712711580631 80
1725361598386 0.33851100158728104 81
1725361598407 0.3447847751349835 82
1725361598425 0.21287127918380302 83
1725361598443 0.27122269139896643 84
1725361598459 0.2850040399145589 85
1725361598482 0.21690053718337723 86
1725361598505 0.29563269788341956 87
1725361598529 0.254812033476638 88
1725361598556 0.29237808386325853 89
1725361598581 0.19997061697037682 90
1725361598608 0.16963698958718984 91
1725361598629 0.1404496850497124 92
1725361598651 0.2407065055391946 93
1725361598674 0.22307745043152621 94
1725361598697 0.16430264526704566 95
1725361598720 0.2408041876538407 96
1725361598743 0.1858320181120943 97
1725361598765 0.14362678292123474 98
1725361598790 0.16500752611781544 99
1725361598815 0.16321894922189314 100
1725361598842 0.20317772058633785 101
1725361598871 0.13591160547325712 102
1725361598902 0.16987183596817615 103
1725361598930 0.13098231320229314 104
1725361598955 0.1571960610476356 105
1725361598977 0.18362490634289658 106
1725361599002 0.15883038790470816 107
1725361599027 0.1847267124704767 108
1725361599054 0.16120321456696085 109
1725361599077 0.17328503447593593 110
1725361599108 0.20661601772199914 111
1725361599133 0.26574836638774135 112
1725361599153 0.24983611288940108 113
1725361599174 0.12385747162425452 114
1725361599197 0.19771063371436276 115
1725361599225 0.19686084116229688 116
1725361599250 0.16790601991344242 117
1725361599273 0.1299617350225816 118
1725361599297 0.15871230127599945 119
1725361599319 0.13688385958549212 120
1725361599339 0.1274586835293558 121
1725361599363 0.15271315564403007 122
1725361599385 0.14270396545705202 123
1725361599415 0.16242383188393528 124
1725361599450 0.2092073207581635 125
1725361599496 0.122964577615212 126
1725361599523 0.16142589138184502 127
1725361599547 0.2011615287286504 128
1725361599571 0.129359766091593 129
1725361599598 0.11768867314260018 130
1725361599624 0.18815558489428555 131
1725361599650 0.12221809380482179 132
1725361599674 0.26118575271648686 133
1725361599698 0.16102211923685059 134
1725361599721 0.08591496697415736 135
1725361599746 0.13476560175295682 136
1725361599777 0.06936202072918327 137
1725361599811 0.1519860489745635 138
1725361599835 0.12637791855082958 139
1725361599858 0.11109065945214383 140
1725361599882 0.09707676821072263 141
1725361599905 0.1790084314999294 142
1725361599926 0.12919195352260632 143
1725361599951 0.17271480619195748 144
1725361600004 0.09520005546086653 145
1725361600037 0.14242593341659543 146
1725361600060 0.15180361346183413 147
1725361600084 0.1568825900631226 148
1725361600115 0.1263947849641553 149
1725361600145 0.10977934782982275 150
1725361600170 0.15309288582892205 151
1725361600189 0.12998780467006757 152
1725361600209 0.1473580208290057 153
1725361600231 0.12756196273111486 154
1725361600254 0.12796866039944316 155
1725361600278 0.1532912755674582 156
1725361600301 0.10445148562598508 157
1725361600325 0.1455242588224065 158
1725361600343 0.14559496414764903 159
1725361600366 0.10462670874131437 160
1725361600389 0.14672800352858167 161
1725361600411 0.1260094039025701 162
1725361600433 0.16842336058885218 163
1725361600456 0.11067000626390215 164
1725361600478 0.16442158719101949 165
1725361600502 0.14925732640444528 166
1725361600527 0.08981771914490125 167
1725361600544 0.1561871368157428 168
1725361600567 0.09336818270522182 169
1725361600592 0.162227365177455 170
1725361600616 0.2108987670337456 171
1725361600639 0.13928482192800207 172
1725361600661 0.1223014729786647 173
1725361600684 0.13067855757969454 174
1725361600707 0.16895022955438235 175
1725361600730 0.1856893476143636 176
1725361600753 0.18336811433380232 177
1725361600784 0.15250422354161874 178
1725361600807 0.15231841927384104 179
1725361600830 0.17744358680014913 180
1725361600854 0.17846163636225687 181
1725361600878 0.12341477740625 182
1725361600903 0.18253069575109618 183
1725361600932 0.14107159320205553 184
1725361600957 0.1295144295046706 185
1725361600981 0.12943388131641795 186
1725361601000 0.11299080754526679 187
1725361601021 0.13527018006216773 188
1725361601041 0.09042760697094263 189
1725361601062 0.1342964893559996 190
1725361601086 0.08544056264342702 191
1725361601113 0.13743345333843038 192
1725361601139 0.10157665277877884 193
1725361601159 0.14424293593923262 194
1725361601184 0.1548446623830952 195
1725361601210 0.22110300096809254 196
1725361601233 0.1453277853087436 197
1725361601257 0.09849544199908747 198
1725361601281 0.0826895836762724 199
1725361601313 0.13220093898321936 200
1725361601339 0.10293902342153456 201
1725361601362 0.18199462382146073 202
1725361601386 0.10117280944993126 203
1725361601417 0.10873806017731555 204
1725361601448 0.1544312084971451 205
1725361601474 0.1795319431150372 206
1725361601498 0.14506783320493066 207
1725361601522 0.12054990613747128 208
1725361601546 0.15388200216738684 209
1725361601569 0.16290251427532604 210
1725361601595 0.1650291641798782 211
1725361601618 0.16722243736708534 212
1725361601643 0.1711268789789644 213
1725361601665 0.13520947565114522 214
1725361601687 0.1620243317686577 215
1725361601710 0.20352633736275402 216
1725361601732 0.09935158443355188 217
1725361601755 0.18122934005931998 218
1725361601777 0.168464686738913 219
