1725404209777 168.8178824738289 0
1725404209818 165.58986921579228 1
1725404209851 163.95108923369477 2
1725404209882 162.3208509792904 3
1725404209910 160.70692595278373 4
1725404209945 159.1091104873064 5
1725404209978 157.52724301123544 6
1725404210009 155.96116338851914 7
1725404210038 154.41071311047753 8
1725404210068 152.87573527781643 9
1725404210100 151.35607458393326 10
1725404210128 149.8515772983971 11
1725404210159 148.3620912506075 12
1725404210185 146.88746581362966 13
1725404210213 145.4275518882037 14
1725404210237 143.98220188692693 15
1725404210269 142.55126971860605 16
1725404210300 141.1346107727777 17
1725404210330 139.73208190439595 18
1725404210359 138.34354141868377 19
1725404210393 136.9688490561477 20
1725404210422 135.60786597775285 21
1725404210458 134.2604547502571 22
1725404210490 132.92647933170238 23
1725404210519 131.60580505706122 24
1725404210553 130.29829862403687 25
1725404210581 129.00382807901534 26
1725404210611 127.72226280316708 27
1725404210641 126.45347349869763 28
1725404210670 125.19733217524445 29
1725404210699 123.9537121364189 30
1725404210729 122.72248796649158 31
1725404210758 121.50353551721955 32
1725404210792 120.29673189481315 33
1725404210817 119.1019554470421 34
1725404210843 117.91908575047805 35
1725404210875 116.74800359787255 36
1725404210906 115.58859098566933 37
1725404210935 114.44073110164851 38
1725404210965 113.304308312702 39
1725404211001 112.17920815273818 40
1725404211029 111.0653173107148 41
1725404211060 109.96252361879802 42
1725404211090 108.87071604064708 43
1725404211128 107.78978465982225 44
1725404211158 106.71962066831537 45
1725404211191 105.66011635520161 46
1725404211230 104.6111650954101 47
1725404211261 103.57266133861383 48
1725404211306 102.5445005982358 49
1725404211423 101.52657944057142 50
1725404211455 100.51879547402471 51
1725404211481 99.52104733845826 52
1725404211494 98.53323469465465 53
1725404211513 97.5552582138888 54
1725404211541 96.58701956760947 55
1725404211568 95.62842141722935 56
1725404211592 94.67936740402165 57
1725404211622 93.73976213912319 58
1725404211652 92.80951119364163 59
1725404211681 91.88852108886655 60
1725404211710 90.97669928658273 61
1725404211738 90.07395417948493 62
1725404211767 89.18019508169245 63
1725404211796 88.29533221936335 64
1725404211824 87.41927672140604 65
1725404211853 86.5519406102881 66
1725404211882 85.693236792941 67
1725404211911 84.84307905175937 68
1725404211942 84.00138203569442 69
1725404211972 83.16806125143968 70
1725404212005 82.3430330547088 71
1725404212034 81.52621464160391 72
1725404212064 80.71752404007398 73
1725404212095 79.91688010146167 74
1725404212126 79.1242024921381 75
1725404212156 78.33941168522465 76
1725404212187 77.56242895240057 77
1725404212218 76.7931763557955 78
1725404212242 76.03157673996608 79
1725404212272 75.2775537239561 80
1725404212300 74.53103169343836 81
1725404212328 73.79193579293845 82
1725404212359 73.06019191813841 83
1725404212387 72.3357267082609 84
1725404212417 71.61846753853128 85
1725404212450 70.9083425127183 86
1725404212479 70.20528045575143 87
1725404212508 69.50921090641485 88
1725404212539 68.82006411011648 89
1725404212570 68.13777101173208 90
1725404212605 67.46226324852303 91
1725404212632 66.79347314312696 92
1725404212659 66.1313336966211 93
1725404212688 65.47577858165671 94
1725404212717 64.8267421356646 95
1725404212744 64.18415935413023 96
1725404212772 63.54796588393867 97
1725404212803 62.91809801678734 98
1725404212830 62.29449268266713 99
1725404212863 61.67708744341023 100
1725404212896 61.065820486304474 101
1725404212925 60.46063061777316 102
1725404212953 59.86145725711992 103
1725404212978 59.26824043033796 104
1725404213001 58.680920763982634 105
1725404213031 58.09943947910692 106
1725404213062 57.52373838525939 107
1725404213091 56.95375987454354 108
1725404213121 56.38944691573807 109
1725404213150 55.83074304847744 110
1725404213182 55.27759237749209 111
1725404213216 54.729939566907774 112
1725404213242 54.18772983460293 113
1725404213270 53.65090894662434 114
1725404213299 53.119423211659516 115
1725404213330 52.5932194755658 116
1725404213361 52.07224511595549 117
1725404213392 51.55644803683635 118
1725404213423 51.0457766633067 119
1725404213456 50.540179936305044 120
1725404213486 50.03960730741298 121
1725404213517 49.54400873371165 122
1725404213547 49.05333467269029 123
1725404213577 48.567536077206995 124
1725404213606 48.086564390500875 125
1725404213636 47.610371541255 126
1725404213667 47.13890993870991 127
1725404213699 46.67213246782683 128
1725404213729 46.20999248450018 129
1725404213760 45.752443810818846 130
1725404213791 45.29944073037604 131
1725404213820 44.85093798362646 132
1725404213849 44.40689076329112 133
1725404213877 43.96725470980891 134
1725404213908 43.53198590683423 135
1725404213939 43.101040876780736 136
1725404213970 42.674376576410275 137
1725404214001 42.25195039246677 138
1725404214031 41.83372013735432 139
1725404214060 41.41964404485957 140
1725404214089 41.009680765917246 141
1725404214115 40.60378936441895 142
1725404214145 40.201929313064426 143
1725404214174 39.80406048925498 144
1725404214199 39.41014317102869 145
1725404214228 39.02013803303677 146
1725404214258 38.63400614256087 147
1725404214282 38.25170895557077 148
1725404214305 37.873208312822086 149
1725404214335 37.49846643599359 150
1725404214366 37.12744592386362 151
1725404214397 36.76010974852539 152
1725404214428 36.39642125164054 153
1725404214463 36.03634414073087 154
1725404214493 35.67984248550731 155
1725404214525 35.32688071423655 156
1725404214554 34.97742361014405 157
1725404214583 34.6314363078538 158
1725404214611 34.28888428986384 159
1725404214641 33.94973338305781 160
1725404214671 33.61394975525151 161
1725404214698 33.28149991177462 162
1725404214725 32.952350692086796 163
1725404214753 32.62646926642829 164
1725404214784 32.30382313250429 165
1725404214813 31.984380112202622 166
1725404214847 31.66810834834506 167
1725404214876 31.354976301471062 168
1725404214905 31.044952746654342 169
1725404214935 30.73800677035137 170
1725404214965 30.43410776728187 171
1725404214997 30.133225437340787 172
1725404215026 29.835329782541535 173
1725404215058 29.540391103989887 174
1725404215087 29.248379998888627 175
1725404215118 28.959267357572497 176
1725404215150 28.67302436057285 177
1725404215183 28.38962247571212 178
1725404215212 28.10903345522754 179
1725404215244 27.831229332923865 180
1725404215275 27.556182421354848 181
1725404215305 27.283865309033224 182
1725404215338 27.01425085766871 183
1725404215367 26.7473121994339 184
1725404215401 26.483022734257684 185
1725404215430 26.221356127146176 186
1725404215465 25.962286305530306 187
1725404215491 25.70578745664034 188
1725404215520 25.45183402490695 189
1725404215550 25.200400709388205 190
1725404215580 24.95146246122275 191
1725404215612 24.704994481108404 192
1725404215642 24.460972216806415 193
1725404215673 24.219371360670525 194
1725404215702 23.980167847201237 195
1725404215731 23.743337850624513 196
1725404215764 23.50885778249486 197
1725404215794 23.276704289322602 198
1725404215823 23.046854250224985 199
1725404215853 22.819284774600934 200
1725404215886 22.59397319982921 201
1725404215916 22.370897088989707 202
1725404215946 22.150034228607748 203
1725404215975 21.931362626420793 204
1725404216006 21.714860509168098 205
1725404216039 21.500506320402078 206
1725404216071 21.288278718322026 207
1725404216101 21.07815657362942 208
1725404216131 20.870118967404952 209
1725404216163 20.66414518900672 210
1725404216193 20.460214733989616 211
1725404216226 20.25830730204562 212
1725404216256 20.05840279496494 213
1725404216287 19.860481314617285 214
1725404216318 19.664523160953685 215
1725404216351 19.47050883002833 216
1725404216381 19.278419012040285 217
1725404216411 19.088234589394812 218
1725404216442 18.899936634784144 219
1725404216475 18.713506409287582 220
1725404216505 18.52892536049075 221
1725404216536 18.346175120623478 222
1725404216567 18.165237504716593 223
1725404216597 17.986094508777214 224
1725404216624 17.80872830798214 225
1725404216653 17.63312125488953 226
1725404216685 17.459255877668642 227
1725404216717 17.287114878347 228
1725404216748 17.11668113107546 229
1725404216779 16.947937680410437 230
1725404216808 16.780867739613612 231
1725404216842 16.615454688968356 232
1725404216872 16.451682074113474 233
1725404216901 16.289533604393057 234
1725404216928 16.12899315122364 235
1725404216959 15.970044746476963 236
1725404216990 15.812672580879445 237
1725404217020 15.656861002427547 238
1725404217052 15.502594514818933 239
1725404217082 15.349857775899585 240
1725404217113 15.1986355961261 241
1725404217145 15.048912937043843 242
1725404217176 14.900674909779958 243
1725404217207 14.75390677355172 244
1725404217236 14.608593934189694 245
1725404217268 14.4647219426758 246
1725404217295 14.32227649369584 247
1725404217325 14.181243424206809 248
1725404217355 14.04160871201817 249
1725404217381 13.90335847438776 250
1725404217410 13.766478966631304 251
1725404217441 13.630956580746293 252
1725404217478 13.496777844049298 253
1725404217509 13.363929417827007 254
1725404217539 13.23239809600103 255
1725404217571 13.102170803805553 256
1725404217601 12.97323459647872 257
1725404217632 12.845576657966776 258
1725404217663 12.719184299641451 259
1725404217692 12.594044959029862 260
1725404217724 12.470146198557378 261
1725404217754 12.34747570430301 262
1725404217785 12.226021284767128 263
1725404217818 12.105770869651618 264
1725404217847 11.986712508652243 265
1725404217872 11.868834370262967 266
1725404217901 11.752124740592443 267
1725404217931 11.636572022192087 268
1725404217958 11.5221647328961 269
1725404217983 11.408891504672848 270
1725404218011 11.296741082487978 271
1725404218042 11.185702323178752 272
1725404218073 11.07576419433962 273
1725404218104 10.966915773219014 274
1725404218135 10.859146245627107 275
1725404218166 10.752444904854528 276
1725404218191 10.646801150601894 277
1725404218217 10.542204487919903 278
1725404218249 10.438644526160244 279
1725404218280 10.336110977936851 280
1725404218311 10.234593658097467 281
1725404218337 10.134082482705704 282
1725404218366 10.034567468033076 283
1725404218395 9.936038729561114 284
1725404218423 9.838486480993614 285
1725404218453 9.741901033278591 286
1725404218488 9.646272793640016 287
1725404218515 9.55159226461934 288
1725404218546 9.45785004312636 289
1725404218575 9.365036819499934 290
1725404218604 9.27314337657766 291
1725404218634 9.182160588775185 292
1725404218663 9.092079421174386 293
1725404218692 9.002890928621031 294
1725404218722 8.914586254831121 295
1725404218754 8.827156631506353 296
1725404218784 8.740593377458199 297
1725404218815 8.654887897741135 298
1725404218845 8.570031682793989 299
1725404218878 8.486016307590292 300
1725404218908 8.402833430796873 301
1725404218938 8.320474793940969 302
1725404218967 8.238932220585593 303
1725404218996 8.158197615513156 304
1725404219025 8.078262963917147 305
1725404219055 7.999120330602058 306
1725404219087 7.920761859191154 307
1725404219118 7.843179771342113 308
1725404219149 7.766366365970704 309
1725404219179 7.690314018481925 310
1725404219208 7.615015180008997 311
1725404219237 7.540462376659971 312
1725404219266 7.466648208771719 313
1725404219300 7.393565350171424 314
1725404219330 7.3212065474455175 315
1725404219362 7.249564619215785 316
1725404219392 7.178632455422731 317
1725404219423 7.108403016616108 318
1725404219452 7.038869333252589 319
1725404219486 6.970024505000275 320
1725404219511 6.901861700050329 321
1725404219538 6.8343741544352 322
1725404219566 6.767555171354122 323
1725404219598 6.701398120504754 324
1725404219627 6.635896437421946 325
1725404219656 6.5710436228228355 326
1725404219686 6.506833241958607 327
1725404219717 6.443258923972628 328
1725404219747 6.380314361265119 329
1725404219778 6.317993308863931 330
1725404219809 6.256289583801784 331
1725404219842 6.195197064499669 332
1725404219871 6.134709690156394 333
1725404219904 6.074821460144134 334
1725404219932 6.0155264334101375 335
1725404219959 5.956818727884334 336
1725404219985 5.898692519892757 337
1725404220017 5.841142043577003 338
1725404220049 5.784161590319352 339
1725404220077 5.727745508173537 340
1725404220111 5.6718882013014165 341
1725404220141 5.616584129415087 342
1725404220170 5.561827807224492 343
1725404220198 5.5076138038908375 344
1725404220224 5.453936742485035 345
1725404220255 5.400791299451945 346
1725404220287 5.348172204079634 347
1725404220318 5.296074237974139 348
1725404220346 5.24449223453936 349
1725404220374 5.193421078462132 350
1725404220406 5.142855705202497 351
1725404220432 5.092791100488948 352
1725404220461 5.043222299818799 353
1725404220494 4.994144387963448 354
1725404220523 4.945552498478691 355
1725404220552 4.897441813219772 356
1725404220585 4.849807561861309 357
1725404220618 4.802645021422048 358
1725404220647 4.755949515794314 359
1725404220678 4.709716415278159 360
1725404220707 4.663941136120084 361
1725404220736 4.6186191400564995 362
1725404220765 4.573745933861578 363
1725404220792 4.529317068899705 364
1725404220824 4.4853281406823235 365
1725404220852 4.441774788429273 366
1725404220883 4.3986526946343965 367
1725404220914 4.355957584635535 368
1725404220945 4.313685226188817 369
1725404220976 4.271831429047149 370
1725404221006 4.230392044542836 371
1725404221037 4.18936296517459 372
1725404221067 4.14874012419831 373
1725404221095 4.1085194952222786 374
1725404221124 4.068697091806097 375
1725404221153 4.02926896706384 376
1725404221182 3.990231213271008 377
1725404221213 3.951579961475469 378
1725404221243 3.913311381112229 379
1725404221274 3.8754216796221215 380
1725404221323 3.8379071020741153 381
1725404221352 3.8007639307916037 382
1725404221381 3.7639884849822365 383
1725404221410 3.727577120371501 384
1725404221441 3.6915262288400394 385
1725404221473 3.6558322380643866 386
1725404221510 3.6204916111613845 387
1725404221539 3.5855008463362137 388
1725404221566 3.550856476533793 389
1725404221595 3.516555069093697 390
1725404221626 3.4825932254085146 391
1725404221657 3.4489675805856295 392
1725404221687 3.415674803112303 393
1725404221716 3.3827115945241784 394
1725404221745 3.3500746890769713 395
1725404221775 3.317760853421546 396
1725404221804 3.2857668862820764 397
1725404221837 3.2540896181375922 398
1725404221870 3.2227259109065765 399
1725404221899 3.191672657634633 400
1725404221940 3.1609267821854736 401
1725404221973 3.1304852389348166 402
1725404222011 3.1003450124672844 403
1725404222047 3.070503117276544 404
1725404222077 3.0409565974681514 405
1725404222109 3.011702526465562 406
1725404222139 2.9827380067190035 407
1725404222169 2.9540601694171413 408
1725404222200 2.925666174201785 409
1725404222232 2.8975532088853586 410
1725404222263 2.8697184891710785 411
1725404222293 2.8421592583760837 412
1725404222323 2.814872787157207 413
1725404222354 2.7878563732395194 414
1725404222384 2.761107341147565 415
1725404222413 2.7346230419392965 416
1725404222440 2.7084008529425057 417
1725404222471 2.6824381774941504 418
1725404222497 2.6567324446820257 419
1725404222531 2.631281109089121 420
1725404222563 2.606081650540469 421
1725404222593 2.581131573852585 422
1725404222624 2.556428408585329 423
1725404222654 2.5319697087962076 424
1725404222685 2.5077530527972294 425
1725404222715 2.483776042914122 426
1725404222748 2.460036305247862 427
1725404222776 2.4365314894386945 428
1725404222808 2.413259268432495 429
1725404222838 2.3902173382493253 430
1725404222869 2.367403417754424 431
1725404222900 2.344815248431465 432
1725404222924 2.3224505941579396 433
1725404222954 2.3003072409829635 434
1725404222986 2.278382996907093 435
1725404223015 2.256675691664526 436
1725404223046 2.235183176507295 437
1725404223075 2.2139033239917443 438
1725404223106 2.1928340277670006 439
1725404223136 2.1719732023656793 440
1725404223168 2.151318782996531 441
1725404223199 2.1308687253393312 442
1725404223230 2.110621005341564 443
1725404223263 2.0905736190173503 444
1725404223295 2.070724582248287 445
1725404223332 2.0510719305862244 446
1725404223368 2.0316137190580568 447
1725404223396 2.01234802197247 448
1725404223428 1.9932729327285224 449
1725404223454 1.9743865636262374 450
1725404223484 1.955687045679003 451
1725404223519 1.9371725284278662 452
1725404223548 1.9188411797576606 453
1725404223578 1.900691185714945 454
1725404223606 1.8827207503278023 455
1725404223638 1.8649280954274312 456
1725404223669 1.8473114604713752 457
1725404223702 1.829869102368687 458
1725404223732 1.8125992953067673 459
1725404223764 1.795500330579864 460
1725404223793 1.7785705164193135 461
1725404223835 1.7618081778255454 462
1725404223867 1.7452116564016162 463
1725404223898 1.7287793101885158 464
1725404223930 1.7125095135020523 465
1725404223959 1.696400656771329 466
1725404223989 1.6804511463789253 467
1725404224021 1.6646594045025809 468
1725404224053 1.6490238689584669 469
1725404224085 1.6335429930460177 470
1725404224116 1.6182152453943552 471
1725404224148 1.6030391098101597 472
1725404224180 1.5880130851270666 473
1725404224209 1.5731356850566323 474
1725404224240 1.5584054380406933 475
1725404224271 1.5438208871052181 476
1725404224299 1.5293805897156487 477
1725404224325 1.5150831176336415 478
1725404224357 1.5009270567751916 479
1725404224387 1.4869110070703118 480
1725404224414 1.4730335823238967 481
1725404224441 1.4592934100781652 482
1725404224473 1.445689131476324 483
1725404224503 1.4322194011276874 484
1725404224536 1.4188828869740469 485
1725404224567 1.4056782701574855 486
1725404224597 1.3926042448893572 487
1725404224631 1.3796595183206932 488
1725404224660 1.3668428104138333 489
1725404224691 1.354152853815329 490
1725404224717 1.3415883937301685 491
1725404224747 1.3291481877971532 492
1725404224776 1.3168310059655834 493
1725404224804 1.3046356303732052 494
1725404224835 1.2925608552252346 495
1725404224865 1.2806054866747107 496
1725404224894 1.2687683427039755 497
1725404224926 1.2570482530073503 498
1725404224957 1.2454440588749776 499
