1725354782292 170.48934462805695 0
1725354782312 170.60353584985899 1
1725354782336 163.73517763766836 2
1725354782365 156.84865498279322 3
1725354782387 157.86468353794913 4
1725354782410 159.83353948336193 5
1725354782431 158.68796157938522 6
1725354782464 158.00198518529507 7
1725354782486 156.2651896891554 8
1725354782509 154.2981384587302 9
1725354782546 153.76410078130047 10
1725354782568 157.90054051974678 11
1725354782601 153.92042776854575 12
1725354782632 146.27197531556246 13
1725354782660 149.21232765497086 14
1725354782690 147.73728908475792 15
1725354782720 147.756692396181 16
1725354782744 142.61233085206317 17
1725354782777 137.97894602232117 18
1725354782800 140.9466330068067 19
1725354782822 141.9258776215506 20
1725354782842 139.28286862812533 21
1725354782863 138.72991624434354 22
1725354782885 131.7410521061809 23
1725354782907 134.18602858547422 24
1725354782928 134.28263287653587 25
1725354782950 136.3716586447023 26
1725354782976 126.40693772973329 27
1725354782998 130.45958864443168 28
1725354783019 128.13499769377023 29
1725354783039 126.9188414564297 30
1725354783062 126.21438810610044 31
1725354783093 124.78085288855226 32
1725354783114 124.08353495055027 33
1725354783136 122.17579025532014 34
1725354783156 123.0540150199566 35
1725354783178 123.3794230925063 36
1725354783206 120.0551593211886 37
1725354783230 122.3232938903506 38
1725354783253 115.9136712339387 39
1725354783274 120.33755316529728 40
1725354783309 117.66226990343608 41
1725354783337 115.8766235268848 42
1725354783363 115.7388778769136 43
1725354783395 111.57763299295273 44
1725354783417 111.8963815584578 45
1725354783438 112.9511216303676 46
1725354783464 110.19808439474572 47
1725354783485 110.47931963280591 48
1725354783548 108.86126135449896 49
1725354783571 107.11160690373909 50
1725354783595 106.33205774121429 51
1725354783622 108.83578383664002 52
1725354783693 104.10452040009578 53
1725354783720 100.42219666509928 54
1725354783746 104.49649466906638 55
1725354783768 103.00456267380297 56
1725354783792 101.51396520112165 57
1725354783815 98.51953658546522 58
1725354783842 97.3247237118191 59
1725354783864 101.60508096312293 60
1725354783884 100.30004134918634 61
1725354783908 97.51923375489298 62
1725354783936 95.3539838083134 63
1725354783958 96.01893804059702 64
1725354783980 92.0184883604608 65
1725354784003 94.58357169562775 66
1725354784028 92.36256442994414 67
1725354784057 91.07994147253521 68
1725354784098 91.98321682973274 69
1725354784122 89.05662754236442 70
1725354784150 90.35576295720801 71
1725354784179 86.98597092591764 72
1725354784205 83.04151940220028 73
1725354784229 85.84781205470969 74
1725354784261 87.27461039436427 75
1725354784291 84.31840940666271 76
1725354784322 84.59846069202682 77
1725354784355 80.98756969759683 78
1725354784384 83.46905982444281 79
1725354784413 81.87857672610176 80
1725354784434 80.98639683490062 81
1725354784463 81.09523099403363 82
1725354784490 78.75472351416529 83
1725354784515 79.7765446098505 84
1725354784539 78.81708387609459 85
1725354784562 78.93860740394216 86
1725354784584 79.1911540625384 87
1725354784607 74.6678907222509 88
1725354784627 74.20103421251531 89
1725354784649 76.5921396109208 90
1725354784686 71.66834196336777 91
1725354784713 75.25737650193277 92
1725354784747 74.06494951671478 93
1725354784769 72.5141317318375 94
1725354784796 70.88395589264817 95
1725354784817 72.46265356074647 96
1725354784840 70.33360744394403 97
1725354784867 69.72705340098403 98
1725354784906 70.61278296213817 99
1725354784927 67.49984345608279 100
1725354784954 68.24865355827113 101
1725354784974 68.32739360970493 102
1725354784995 67.16805237747198 103
1725354785014 67.82914799913853 104
1725354785037 66.30947000211907 105
1725354785057 65.60269740683373 106
1725354785080 64.85063205321683 107
1725354785102 64.76933225284905 108
1725354785124 62.63596359139491 109
1725354785147 63.51452476724102 110
1725354785167 62.18835801269005 111
1725354785193 63.27883215021221 112
1725354785212 61.05623716864075 113
1725354785238 60.69887002609573 114
1725354785261 59.29392287835304 115
1725354785287 57.899971337355176 116
1725354785309 58.99211673080916 117
1725354785333 58.96598399438133 118
1725354785361 59.32916251822464 119
1725354785379 58.42068063686723 120
1725354785398 56.07696383117304 121
1725354785416 56.64099712058834 122
1725354785438 57.40669443249713 123
1725354785456 55.36102924927235 124
1725354785478 55.737065533426254 125
1725354785499 53.60391471847015 126
1725354785521 54.56216302049842 127
1725354785543 52.75803778204255 128
1725354785563 51.6156983425083 129
1725354785585 52.36868875381599 130
1725354785607 50.051487184251194 131
1725354785628 50.12396366051888 132
1725354785647 51.0667622655805 133
1725354785666 50.96741217237296 134
1725354785689 50.55714345891977 135
1725354785711 50.02890430653555 136
1725354785737 49.86361247960497 137
1725354785770 49.97091010373481 138
1725354785791 49.78006453637112 139
1725354785814 46.028496854453785 140
1725354785836 47.66142621978208 141
1725354785858 47.71976347365159 142
1725354785880 45.60380143825214 143
1725354785903 47.555691652143395 144
1725354785924 45.5111018742115 145
1725354785948 44.77510698238515 146
1725354785967 44.803331757517135 147
1725354785988 43.689057445658534 148
1725354786008 44.669114028112425 149
1725354786029 43.20974049575736 150
1725354786052 44.22287555954563 151
1725354786075 43.398421642832034 152
1725354786097 42.37638421554182 153
1725354786129 42.455256147826546 154
1725354786154 42.31585424904204 155
1725354786172 40.860465789878084 156
1725354786192 42.034004650762206 157
1725354786213 40.28614747722807 158
1725354786233 41.19261251333583 159
1725354786257 41.2322784268087 160
1725354786275 40.07485268786687 161
1725354786301 39.7626461960963 162
1725354786323 39.301367742538815 163
1725354786343 38.09118541969697 164
1725354786365 39.96194087367458 165
1725354786385 37.71019174207306 166
1725354786406 38.70604594254147 167
1725354786427 36.59609598662095 168
1725354786452 37.72938835072919 169
1725354786478 37.3747380524597 170
1725354786502 37.183931832845076 171
1725354786523 36.10653710868787 172
1725354786548 36.159391678419766 173
1725354786572 35.91900880259695 174
1725354786596 37.08021147976784 175
1725354786620 36.47459532515242 176
1725354786641 35.54296580509782 177
1725354786664 36.020550221454805 178
1725354786686 33.62541623249428 179
1725354786708 33.49243599539983 180
1725354786730 33.58783701231427 181
1725354786750 32.67545171946083 182
1725354786770 34.78742961213694 183
1725354786794 31.93099116171231 184
1725354786819 31.867683843809225 185
1725354786845 31.930056628839676 186
1725354786864 30.698473903457998 187
1725354786882 31.077622513908555 188
1725354786903 30.99498718655083 189
1725354786926 31.828214477290285 190
1725354786949 31.838675994087236 191
1725354786971 29.210421440613633 192
1725354787000 29.584867211522077 193
1725354787021 30.680180367975552 194
1725354787042 29.687619749567624 195
1725354787063 29.379097778754264 196
1725354787083 29.028097690900236 197
1725354787103 28.882222500915724 198
1725354787130 29.73002072978615 199
1725354787153 26.8245875271192 200
1725354787174 28.693211064203116 201
1725354787197 28.880901159881464 202
1725354787219 27.938025641443918 203
1725354787240 28.057032321149624 204
1725354787261 27.620652588704996 205
1725354787282 27.8301122781399 206
1725354787304 26.215682332674632 207
1725354787324 26.304234457788688 208
1725354787345 26.485016382233034 209
1725354787367 25.643643206262144 210
1725354787387 26.574355313649942 211
1725354787409 25.321019092280306 212
1725354787431 25.819729761125537 213
1725354787453 24.111646642220396 214
1725354787476 24.69172440225616 215
1725354787499 24.386985976168514 216
1725354787520 24.036354210803374 217
1725354787542 24.31764890426922 218
1725354787566 23.11279078120337 219
1725354787587 23.928610203458085 220
1725354787639 24.624018041777834 221
1725354787675 23.486014426558842 222
1725354787701 23.128755517386647 223
1725354787723 22.532829816729386 224
1725354787744 22.21466109736282 225
1725354787765 21.944129837847033 226
1725354787785 22.3091897351469 227
1725354787805 22.315603451223378 228
1725354787826 22.692689670989218 229
1725354787846 22.100236699804032 230
1725354787867 21.496934541514218 231
1725354787891 21.677474874542924 232
1725354787912 22.467056607857216 233
1725354787932 21.30979903858495 234
1725354787954 20.772150598640756 235
1725354787976 20.77690868935926 236
1725354787999 21.117908847582914 237
1725354788021 20.768171114176706 238
1725354788042 21.442630434125338 239
1725354788063 20.254864372303512 240
1725354788085 19.479575487857524 241
1725354788106 19.37961739694565 242
1725354788126 19.778660898190008 243
1725354788153 18.52525847116648 244
1725354788182 18.43499859165203 245
1725354788211 18.561101068949316 246
1725354788249 19.113164048756285 247
1725354788272 18.46570633058736 248
1725354788299 18.882197758775806 249
1725354788328 18.79524110759012 250
1725354788355 18.474392194906134 251
1725354788391 18.968480665050382 252
1725354788416 18.121741290897052 253
1725354788437 17.7732900559995 254
1725354788457 17.48889056656669 255
1725354788478 17.8655858048017 256
1725354788504 16.923712650821642 257
1725354788525 16.573513900880307 258
1725354788549 16.410965274612952 259
1725354788590 16.863665386888435 260
1725354788615 16.550768868260818 261
1725354788647 15.961912587123026 262
1725354788673 16.141688462991006 263
1725354788698 15.382307533719823 264
1725354788722 16.016727527617025 265
1725354788750 16.564059426947573 266
1725354788777 16.001798188839548 267
1725354788797 15.202569738883744 268
1725354788818 15.229907211381358 269
1725354788838 14.94177265349357 270
1725354788860 15.214488141387278 271
1725354788882 14.381881060127027 272
1725354788902 15.427391963729686 273
1725354788924 15.636554283386431 274
1725354788947 14.920887931378447 275
1725354788969 14.652140051916891 276
1725354788994 14.805098902984366 277
1725354789016 14.342131123285506 278
1725354789038 13.767398022695131 279
1725354789060 13.728932924839413 280
1725354789087 13.614453393081122 281
1725354789111 14.004557312383824 282
1725354789133 13.838533846142534 283
1725354789167 14.110189257733696 284
1725354789186 13.64873492938826 285
1725354789209 14.240824582161654 286
1725354789230 13.55564416777305 287
1725354789256 13.269774003646981 288
1725354789281 12.805088547945395 289
1725354789303 12.831385648808052 290
1725354789325 12.572964807470486 291
1725354789346 12.915497984388008 292
1725354789369 12.287572814679733 293
1725354789389 12.265505708502126 294
1725354789411 12.108746481179342 295
1725354789433 12.31028064257979 296
1725354789453 12.460711195817339 297
1725354789474 12.26220004080533 298
1725354789495 11.845995725267082 299
1725354789516 11.690407492797902 300
1725354789536 11.307577999156099 301
1725354789561 11.077038558635376 302
1725354789581 11.938658577653307 303
1725354789601 10.219259525867804 304
1725354789628 11.299858062919801 305
1725354789651 11.340033290403865 306
1725354789674 10.794798374047076 307
1725354789713 11.63368586466675 308
1725354789736 11.192900550523849 309
1725354789758 10.219151661463235 310
1725354789781 11.058633801962324 311
1725354789803 10.62295764671447 312
1725354789824 10.264103825112663 313
1725354789844 10.034586257912876 314
1725354789864 11.275381041284588 315
1725354789884 9.777963399987739 316
1725354789905 10.435870138547799 317
1725354789928 10.205047863269256 318
1725354789948 9.330441593696442 319
1725354789989 9.708009090088973 320
1725354790014 9.94371342727382 321
1725354790038 10.076422680304542 322
1725354790058 10.549702894353173 323
1725354790080 9.384844412230237 324
1725354790106 9.630107737234756 325
1725354790130 8.966105415737303 326
1725354790162 9.623771979931975 327
1725354790186 9.407056404695373 328
1725354790211 9.283770571697488 329
1725354790232 9.134248881321385 330
1725354790252 9.586099308096749 331
1725354790279 9.64297517520155 332
1725354790300 8.8781696163736 333
1725354790319 8.901650484810999 334
1725354790340 9.069596369400736 335
1725354790361 8.864165018513463 336
1725354790382 8.356367880284584 337
1725354790403 9.016772382118388 338
1725354790421 8.676599841240993 339
1725354790444 8.362800503526277 340
1725354790464 9.065522850481095 341
1725354790484 8.073800982658167 342
1725354790507 8.250889793724996 343
1725354790525 8.414811227133312 344
1725354790545 8.38844695596367 345
1725354790565 8.078450707241304 346
1725354790585 8.00863144951354 347
1725354790607 8.004702737874222 348
1725354790627 7.927000855191274 349
1725354790647 7.551003088632639 350
1725354790670 7.5132380255690085 351
1725354790696 7.171013990641235 352
1725354790719 7.505933125769867 353
1725354790743 8.548779263520341 354
1725354790764 7.381762248771089 355
1725354790786 7.344074537844774 356
1725354790851 7.319098552364839 357
1725354790930 6.763680527389416 358
1725354790961 7.102369256109032 359
1725354790981 6.805631519716494 360
1725354791003 6.47484603871858 361
1725354791027 7.283773172308156 362
1725354791048 7.017130706283611 363
1725354791068 6.86984039598254 364
1725354791088 6.880584638427404 365
1725354791107 6.812481682071943 366
1725354791128 6.438007565760798 367
1725354791151 7.151505014270161 368
1725354791178 6.90960695916553 369
1725354791201 6.765416798130729 370
1725354791224 6.5828872734635615 371
1725354791248 6.369671441267695 372
1725354791279 6.0519607367044435 373
1725354791298 6.667967194107836 374
1725354791320 6.574840076594594 375
1725354791343 6.311221204905564 376
1725354791364 5.945440572134235 377
1725354791389 6.259198696456977 378
1725354791412 6.039195551064657 379
1725354791432 5.716764824269756 380
1725354791452 5.990657701567631 381
1725354791472 5.959228460080025 382
1725354791493 5.514764288152314 383
1725354791514 5.9865826814365635 384
1725354791535 5.686047459621109 385
1725354791555 5.670529105285659 386
1725354791578 5.381634590608874 387
1725354791610 5.305513498765602 388
1725354791631 5.715040142734787 389
1725354791653 5.636976420898765 390
1725354791673 5.511749534492022 391
1725354791691 5.732754641663525 392
1725354791711 5.466694652589003 393
1725354791732 5.189216425333396 394
1725354791754 4.9340656877020574 395
1725354791774 4.933215078147639 396
1725354791795 5.298448219025853 397
1725354791817 5.031782470505915 398
1725354791841 5.326763004234994 399
1725354791863 4.771477038984828 400
1725354791882 5.286256912748086 401
1725354791903 5.060810177037639 402
1725354791922 4.960587076921865 403
1725354791943 4.802504535537404 404
1725354791963 4.816057698449321 405
1725354791984 5.117780444322802 406
1725354792004 5.037158853773826 407
1725354792026 4.83156541999303 408
1725354792057 4.812172176080326 409
1725354792096 5.019638416458446 410
1725354792142 4.578761283788339 411
1725354792163 4.774071731631817 412
1725354792194 4.481416585346421 413
1725354792218 4.720517440404402 414
1725354792242 4.328118886460248 415
1725354792263 4.278391520701958 416
1725354792285 4.705302144633882 417
1725354792306 4.235526173081433 418
1725354792330 4.266397379300864 419
1725354792354 4.126029540653712 420
1725354792376 4.1462951247895115 421
1725354792396 4.790485749892303 422
1725354792418 4.033569954304431 423
1725354792440 4.636973016415903 424
1725354792463 4.12602193464959 425
1725354792485 3.7313854048061152 426
1725354792505 4.005203888698238 427
1725354792524 4.131434964251142 428
1725354792544 3.988254419335816 429
1725354792565 4.170338103973368 430
1725354792585 4.0839645975478245 431
1725354792606 4.221798722423993 432
1725354792627 3.7480475278666785 433
1725354792649 3.802069966977864 434
1725354792672 3.8578981810242543 435
1725354792697 3.713075859160468 436
1725354792720 3.613892324341956 437
1725354792745 3.75108511763116 438
1725354792770 3.816914930582859 439
1725354792793 3.3708912434826126 440
1725354792810 3.618086386257421 441
1725354792833 3.6119388512840147 442
1725354792853 3.549761266573174 443
1725354792876 3.457685390918888 444
1725354792894 3.637046488945501 445
1725354792915 3.209317349560045 446
1725354792933 3.544402183952457 447
1725354792953 3.479164042076739 448
1725354792975 3.452597014220758 449
1725354792995 3.2455360449108386 450
1725354793017 3.443975663138969 451
1725354793051 3.5733088605351 452
1725354793147 3.1005944397245275 453
1725354793167 2.937509682635494 454
1725354793201 3.235422803238706 455
1725354793225 3.5747596950565 456
1725354793247 2.9227344198308067 457
1725354793274 3.2832571029665485 458
1725354793294 3.192376173830109 459
1725354793314 2.890069614199864 460
1725354793335 2.920172999911976 461
1725354793358 2.8165514453934737 462
1725354793379 2.9075303645579047 463
1725354793397 3.208858562999637 464
1725354793421 3.0609431628715402 465
1725354793447 2.970993794996435 466
1725354793472 3.0446205779163877 467
1725354793495 2.918641047269401 468
1725354793519 2.699377523476864 469
1725354793541 2.816382200477002 470
1725354793563 2.9219245664498223 471
1725354793591 2.565218770723048 472
1725354793612 2.5301642855883957 473
1725354793630 2.662783035428276 474
1725354793652 2.86207638988116 475
1725354793674 2.656890296687332 476
1725354793695 2.6071702432850667 477
1725354793716 2.6740762077044775 478
1725354793737 2.6156066495930537 479
1725354793757 2.8143076751046125 480
1725354793779 2.4313461613238667 481
1725354793805 2.7524521750183215 482
1725354793829 2.6052641905000744 483
1725354793857 2.3335266881870425 484
1725354793885 2.556208399738035 485
1725354793916 2.559952948407702 486
1725354793946 2.409227334741759 487
1725354793977 2.5897897549215667 488
1725354794008 2.507532900199004 489
1725354794037 2.1372503976457553 490
1725354794064 2.543593223896385 491
1725354794096 2.322317087599629 492
1725354794122 2.5703996343393634 493
1725354794145 2.264398394969158 494
1725354794170 2.278845612128756 495
1725354794200 2.0763001864361166 496
1725354794223 2.4131221371805096 497
1725354794243 2.529696354068786 498
1725354794263 2.233438622326868 499
