1725384073175 174.07635621867186 0
1725384073206 173.85349441862607 1
1725384073230 173.6778908486067 2
1725384073253 173.502454512267 3
1725384073274 173.32721421589045 4
1725384073295 173.15216971089836 5
1725384073319 172.97732076722454 6
1725384073341 172.80266715507244 7
1725384073366 172.6282086449264 8
1725384073391 172.45394500755123 9
1725384073414 172.27987601399204 10
1725384073441 172.10600143557372 11
1725384073466 171.9323210439006 12
1725384073495 171.75883461085633 13
1725384073528 171.58554190860303 14
1725384073554 171.41244270958148 15
1725384073586 171.23953678651037 16
1725384073648 171.0668239123862 17
1725384073699 170.8943038604828 18
1725384073726 170.72197640435093 19
1725384073749 170.54984131781808 20
1725384073774 170.377898374988 21
1725384073798 170.20614735024037 22
1725384073821 170.0345880182305 23
1725384073844 169.86322015388893 24
1725384073868 169.6920435324211 25
1725384073893 169.52105792930695 26
1725384073915 169.35026312030072 27
1725384073940 169.17965888143036 28
1725384073964 169.00924498899738 29
1725384073987 168.8390212195765 30
1725384074012 168.6689873500151 31
1725384074031 168.4991431574332 32
1725384074055 168.32948841922274 33
1725384074080 168.1600229130476 34
1725384074102 167.990746416843 35
1725384074124 167.82165870881516 36
1725384074146 167.65275956744114 37
1725384074167 167.48404877146837 38
1725384074189 167.31552609991425 39
1725384074212 167.14719133206597 40
1725384074234 166.97904424747998 41
1725384074257 166.81108462598186 42
1725384074280 166.64331224766576 43
1725384074302 166.47572689289424 44
1725384074324 166.3083283422978 45
1725384074365 166.1411163767746 46
1725384074424 165.97409077749006 47
1725384074444 165.8072513258767 48
1725384074466 165.6405978036336 49
1725384074488 165.47412999272612 50
1725384074517 165.30784767538557 51
1725384074540 165.14175063410886 52
1725384074562 164.9758386516583 53
1725384074585 164.810111511061 54
1725384074608 164.64456899560878 55
1725384074630 164.47921088885766 56
1725384074654 164.31403697462767 57
1725384074674 164.14904703700233 58
1725384074697 163.98424086032858 59
1725384074720 163.81961822921616 60
1725384074740 163.65517892853748 61
1725384074764 163.49092274342718 62
1725384074788 163.32684945928187 63
1725384074811 163.16295886175976 64
1725384074834 162.9992507367803 65
1725384074857 162.8357248705239 66
1725384074879 162.6723810494316 67
1725384074902 162.50921906020457 68
1725384074924 162.34623868980424 69
1725384074946 162.1834397254513 70
1725384074970 162.020821954626 71
1725384074992 161.85838516506738 72
1725384075019 161.6961291447732 73
1725384075043 161.53405368199955 74
1725384075066 161.37215856526038 75
1725384075096 161.21044358332742 76
1725384075121 161.04890852522956 77
1725384075143 160.8875531802529 78
1725384075167 160.72637733794005 79
1725384075192 160.56538078809 80
1725384075215 160.40456332075783 81
1725384075237 160.24392472625428 82
1725384075259 160.08346479514537 83
1725384075282 159.9231833182523 84
1725384075304 159.76308008665092 85
1725384075327 159.60315489167155 86
1725384075350 159.44340752489853 87
1725384075373 159.28383777817 88
1725384075399 159.12444544357757 89
1725384075422 158.96523031346575 90
1725384075455 158.80619218043222 91
1725384075477 158.6473308373268 92
1725384075500 158.48864607725167 93
1725384075532 158.3301376935608 94
1725384075555 158.1718054798596 95
1725384075577 158.01364923000475 96
1725384075599 157.85566873810384 97
1725384075621 157.69786379851504 98
1725384075649 157.54023420584667 99
1725384075669 157.38277975495706 100
1725384075694 157.2255002409541 101
1725384075715 157.06839545919502 102
1725384075736 156.91146520528605 103
1725384075759 156.75470927508204 104
1725384075783 156.59812746468626 105
1725384075803 156.44171957044998 106
1725384075829 156.2854853889722 107
1725384075852 156.12942471709934 108
1725384075875 155.9735373519249 109
1725384075897 155.81782309078923 110
1725384075919 155.66228173127914 111
1725384075942 155.50691307122747 112
1725384075964 155.35171690871314 113
1725384075990 155.19669304206042 114
1725384076011 155.04184126983895 115
1725384076041 154.8871613908632 116
1725384076067 154.73265320419233 117
1725384076092 154.57831650912973 118
1725384076114 154.42415110522282 119
1725384076136 154.2701567922627 120
1725384076159 154.11633337028388 121
1725384076182 153.9626806395639 122
1725384076203 153.8091984006231 123
1725384076230 153.6558864542242 124
1725384076253 153.50274460137223 125
1725384076278 153.34977264331386 126
1725384076300 153.1969703815375 127
1725384076324 153.04433761777264 128
1725384076348 152.89187415398982 129
1725384076374 152.73957979240006 130
1725384076399 152.58745433545488 131
1725384076423 152.4354975858457 132
1725384076450 152.28370934650366 133
1725384076474 152.13208942059933 134
1725384076504 151.98063761154242 135
1725384076533 151.8293537229815 136
1725384076564 151.6782375588034 137
1725384076588 151.5272889231335 138
1725384076610 151.37650762033485 139
1725384076633 151.2258934550082 140
1725384076658 151.0754462319915 141
1725384076688 150.92516575635983 142
1725384076714 150.77505183342498 143
1725384076737 150.62510426873504 144
1725384076761 150.47532286807427 145
1725384076787 150.3257074374628 146
1725384076812 150.1762577831561 147
1725384076840 150.0269737116451 148
1725384076873 149.87785502965548 149
1725384076902 149.7289015441475 150
1725384076927 149.58011306231595 151
1725384076951 149.43148939158954 152
1725384076974 149.28303033963064 153
1725384076998 149.1347357143352 154
1725384077022 148.9866053238322 155
1725384077044 148.8386389764836 156
1725384077069 148.69083648088383 157
1725384077092 148.5431976458596 158
1725384077118 148.39572228046964 159
1725384077138 148.24841019400432 160
1725384077166 148.10126119598536 161
1725384077199 147.95427509616567 162
1725384077222 147.80745170452897 163
1725384077247 147.66079083128938 164
1725384077268 147.5142922868914 165
1725384077292 147.3679558820093 166
1725384077316 147.22178142754717 167
1725384077338 147.07576873463833 168
1725384077361 146.92991761464523 169
1725384077380 146.784227879159 170
1725384077404 146.63869933999945 171
1725384077423 146.49333180921445 172
1725384077445 146.3481250990798 173
1725384077469 146.20307902209893 174
1725384077492 146.0581933910027 175
1725384077515 145.9134680187489 176
1725384077554 145.76890271852218 177
1725384077578 145.62449730373365 178
1725384077601 145.4802515880206 179
1725384077624 145.3361653852462 180
1725384077645 145.19223850949942 181
1725384077669 145.04847077509433 182
1725384077695 144.90486199657025 183
1725384077718 144.7614119886912 184
1725384077738 144.61812056644573 185
1725384077758 144.4749875450466 186
1725384077782 144.33201273993043 187
1725384077804 144.18919596675758 188
1725384077827 144.04653704141177 189
1725384077847 143.90403577999973 190
1725384077870 143.76169199885115 191
1725384077893 143.61950551451804 192
1725384077918 143.47747614377482 193
1725384077941 143.33560370361778 194
1725384077965 143.19388801126496 195
1725384077988 143.05232888415586 196
1725384078010 142.910926139951 197
1725384078033 142.76967959653166 198
1725384078056 142.628589072 199
1725384078078 142.48765438467822 200
1725384078102 142.3468753531086 201
1725384078126 142.20625179605327 202
1725384078149 142.06578353249364 203
1725384078173 141.9254703816305 204
1725384078198 141.78531216288343 205
1725384078221 141.6453086958907 206
1725384078241 141.5054598005089 207
1725384078260 141.3657652968128 208
1725384078284 141.22622500509493 209
1725384078304 141.08683874586535 210
1725384078330 140.9476063398514 211
1725384078356 140.8085276079974 212
1725384078379 140.66960237146452 213
1725384078402 140.5308304516302 214
1725384078423 140.39221167008813 215
1725384078447 140.25374584864792 216
1725384078470 140.11543280933492 217
1725384078492 139.97727237438963 218
1725384078514 139.83926436626777 219
1725384078534 139.70140860764 220
1725384078564 139.5637049213912 221
1725384078585 139.42615313062092 222
1725384078607 139.28875305864247 223
1725384078632 139.15150452898305 224
1725384078657 139.01440736538322 225
1725384078680 138.87746139179688 226
1725384078702 138.74066643239075 227
1725384078725 138.60402231154436 228
1725384078747 138.46752885384953 229
1725384078767 138.33118588411028 230
1725384078788 138.19499322734248 231
1725384078814 138.05895070877366 232
1725384078840 137.92305815384267 233
1725384078861 137.7873153881994 234
1725384078880 137.65172223770458 235
1725384078903 137.51627852842958 236
1725384078924 137.38098408665596 237
1725384078947 137.24583873887528 238
1725384078968 137.1108423117889 239
1725384078990 136.97599463230773 240
1725384079013 136.84129552755184 241
1725384079037 136.7067448248503 242
1725384079057 136.57234235174087 243
1725384079080 136.43808793596975 244
1725384079103 136.3039814054914 245
1725384079125 136.17002258846813 246
1725384079146 136.03621131326992 247
1725384079169 135.90254740847413 248
1725384079193 135.76903070286542 249
1725384079215 135.63566102543513 250
1725384079241 135.50243820538137 251
1725384079261 135.36936207210846 252
1725384079284 135.23643245522703 253
1725384079306 135.10364918455335 254
1725384079330 134.97101209010944 255
1725384079353 134.83852100212263 256
1725384079375 134.70617575102528 257
1725384079404 134.57397616745453 258
1725384079428 134.44192208225212 259
1725384079453 134.31001332646417 260
1725384079477 134.17824973134074 261
1725384079498 134.04663112833575 262
1725384079521 133.9151573491066 263
1725384079544 133.78382822551407 264
1725384079574 133.6526435896219 265
1725384079594 133.52160327369657 266
1725384079615 133.3907071102072 267
1725384079635 133.259954931825 268
1725384079660 133.12934657142338 269
1725384079682 132.99888186207744 270
1725384079704 132.86856063706367 271
1725384079727 132.73838272986 272
1725384079751 132.6083479741453 273
1725384079775 132.47845620379906 274
1725384079799 132.3487072529015 275
1725384079823 132.21910095573298 276
1725384079848 132.08963714677375 277
1725384079873 131.96031566070403 278
1725384079897 131.83113633240328 279
1725384079919 131.70209899695053 280
1725384079942 131.57320348962347 281
1725384079966 131.4444496458988 282
1725384079988 131.31583730145158 283
1725384080010 131.18736629215513 284
1725384080037 131.05903645408088 285
1725384080061 130.93084762349793 286
1725384080085 130.80279963687286 287
1725384080108 130.6748923308696 288
1725384080132 130.54712554234905 289
1725384080156 130.4194991083689 290
1725384080188 130.29201286618326 291
1725384080211 130.16466665324276 292
1725384080235 130.03746030719378 293
1725384080257 129.91039366587864 294
1725384080282 129.78346656733524 295
1725384080307 129.6566788497967 296
1725384080329 129.53003035169112 297
1725384080352 129.4035209116416 298
1725384080376 129.27715036846567 299
1725384080401 129.15091856117522 300
1725384080422 129.02482532897622 301
1725384080448 128.89887051126846 302
1725384080481 128.77305394764534 303
1725384080507 128.64737547789366 304
1725384080532 128.52183494199323 305
1725384080556 128.3964321801168 306
1725384080587 128.27116703262973 307
1725384080611 128.14603934008983 308
1725384080633 128.02104894324694 309
1725384080659 127.89619568304282 310
1725384080683 127.77147940061106 311
1725384080711 127.64689993727647 312
1725384080734 127.52245713455524 313
1725384080756 127.3981508341543 314
1725384080779 127.27398087797148 315
1725384080802 127.14994710809498 316
1725384080825 127.02604936680329 317
1725384080848 126.90228749656488 318
1725384080872 126.7786613400379 319
1725384080897 126.65517074007022 320
1725384080920 126.53181553969877 321
1725384080942 126.40859558214969 322
1725384080965 126.28551071083788 323
1725384080992 126.16256076936675 324
1725384081012 126.03974560152827 325
1725384081033 125.91706505130225 326
1725384081058 125.79451896285654 327
1725384081081 125.6721071805466 328
1725384081102 125.54982954891527 329
1725384081126 125.42768591269255 330
1725384081149 125.30567611679542 331
1725384081169 125.18380000632759 332
1725384081192 125.06205742657912 333
1725384081215 124.94044822302641 334
1725384081240 124.81897224133186 335
1725384081263 124.69762932734363 336
1725384081287 124.5764193270954 337
1725384081308 124.45534208680618 338
1725384081329 124.33439745288005 339
1725384081348 124.21358527190596 340
1725384081371 124.09290539065748 341
1725384081393 123.97235765609256 342
1725384081415 123.85194191535325 343
1725384081437 123.73165801576563 344
1725384081462 123.61150580483938 345
1725384081485 123.49148513026773 346
1725384081509 123.37159583992714 347
1725384081530 123.25183778187704 348
1725384081554 123.13221080435966 349
1725384081579 123.01271475579979 350
1725384081609 122.89334948480457 351
1725384081631 122.7741148401633 352
1725384081651 122.6550106708469 353
1725384081673 122.53603682600827 354
1725384081696 122.41719315498152 355
1725384081720 122.29847950728202 356
1725384081739 122.17989573260608 357
1725384081762 122.06144168083081 358
1725384081788 121.94311720201382 359
1725384081812 121.82492214639299 360
1725384081835 121.70685636438624 361
1725384081858 121.58891970659144 362
1725384081881 121.47111202378598 363
1725384081904 121.35343316692665 364
1725384081927 121.23588298714952 365
1725384081950 121.11846133576951 366
1725384081974 121.00116806428026 367
1725384081998 120.88400302435399 368
1725384082021 120.76696606784115 369
1725384082048 120.65005704677026 370
1725384082071 120.53327581334767 371
1725384082095 120.41662221995742 372
1725384082116 120.30009611916078 373
1725384082139 120.18369736369641 374
1725384082162 120.06742580647976 375
1725384082185 119.95128130060307 376
1725384082208 119.83526369933509 377
1725384082232 119.7193728561209 378
1725384082255 119.60360862458161 379
1725384082277 119.4879708585142 380
1725384082300 119.37245941189126 381
1725384082322 119.25707413886084 382
1725384082344 119.14181489374623 383
1725384082368 119.02668153104558 384
1725384082392 118.9116739054319 385
1725384082413 118.79679187175272 386
1725384082436 118.68203528502991 387
1725384082461 118.56740400045943 388
1725384082484 118.45289787341116 389
1725384082508 118.33851675942864 390
1725384082532 118.22426051422889 391
1725384082560 118.11012899370216 392
1725384082586 117.99612205391175 393
1725384082614 117.88223955109378 394
1725384082637 117.76848134165697 395
1725384082659 117.65484728218239 396
1725384082681 117.54133722942335 397
1725384082704 117.42795104030508 398
1725384082728 117.31468857192452 399
1725384082753 117.20154968155023 400
1725384082782 117.08853422662206 401
1725384082810 116.97564206475083 402
1725384082831 116.8628730537185 403
1725384082855 116.75022705147755 404
1725384082880 116.6377039161509 405
1725384082904 116.52530350603185 406
1725384082927 116.41302567958365 407
1725384082950 116.30087029543942 408
1725384082970 116.18883721240189 409
1725384082994 116.07692628944322 410
1725384083013 115.96513738570474 411
1725384083035 115.85347036049679 412
1725384083059 115.74192507329852 413
1725384083083 115.63050138375759 414
1725384083108 115.51919915169006 415
1725384083136 115.40801823708017 416
1725384083168 115.29695850008 417
1725384083196 115.1860198010095 418
1725384083228 115.07520200035604 419
1725384083254 114.96450495877438 420
1725384083278 114.85392853708636 421
1725384083301 114.7434725962807 422
1725384083322 114.63313699751285 423
1725384083344 114.52292160210472 424
1725384083366 114.41282627154456 425
1725384083389 114.30285086748664 426
1725384083412 114.19299525175113 427
1725384083436 114.0832592863238 428
1725384083459 113.97364283335597 429
1725384083483 113.86414575516417 430
1725384083506 113.75476791422997 431
1725384083534 113.6455091731998 432
1725384083559 113.53636939488469 433
1725384083579 113.42734844226015 434
1725384083610 113.31844617846592 435
1725384083634 113.20966246680571 436
1725384083655 113.10099717074709 437
1725384083682 112.9924501539213 438
1725384083706 112.8840212801229 439
1725384083728 112.77571041330968 440
1725384083745 112.66751741760255 441
1725384083769 112.55944215728506 442
1725384083794 112.4514844968035 443
1725384083819 112.3436443007665 444
1725384083841 112.23592143394491 445
1725384083875 112.12831576127158 446
1725384083904 112.02082714784116 447
1725384083928 111.9134554589099 448
1725384083950 111.80620055989544 449
1725384083974 111.69906231637668 450
1725384083996 111.59204059409343 451
1725384084019 111.48513525894634 452
1725384084042 111.37834617699666 453
1725384084066 111.27167321446606 454
1725384084089 111.16511623773643 455
1725384084112 111.05867511334954 456
1725384084134 110.9523497080071 457
1725384084159 110.8461398885704 458
1725384084185 110.74004552206013 459
1725384084207 110.63406647565616 460
1725384084228 110.52820261669741 461
1725384084254 110.42245381268158 462
1725384084275 110.31681993126504 463
1725384084297 110.21130084026258 464
1725384084319 110.10589640764718 465
1725384084342 110.00060650154988 466
1725384084366 109.89543099025957 467
1725384084389 109.79036974222274 468
1725384084411 109.68542262604332 469
1725384084435 109.58058951048254 470
1725384084458 109.47587026445866 471
1725384084481 109.3712647570468 472
1725384084504 109.26677285747873 473
1725384084524 109.16239443514273 474
1725384084547 109.05812935958336 475
1725384084572 108.9539775005012 476
1725384084597 108.84993872775277 477
1725384084628 108.74601291135033 478
1725384084649 108.64219992146153 479
1725384084673 108.53849962840948 480
1725384084695 108.43491190267227 481
1725384084718 108.33143661488303 482
1725384084742 108.22807363582953 483
1725384084765 108.12482283645419 484
1725384084789 108.02168408785369 485
1725384084810 107.91865726127894 486
1725384084831 107.81574222813478 487
1725384084851 107.71293885997984 488
1725384084874 107.61024702852636 489
1725384084898 107.50766660564 490
1725384084920 107.40519746333953 491
1725384084943 107.30283947379688 492
1725384084966 107.20059250933674 493
1725384084986 107.0984564424364 494
1725384085010 106.9964311457257 495
1725384085034 106.89451649198666 496
1725384085055 106.7927123541535 497
1725384085076 106.69101860531214 498
1725384085098 106.58943511870037 499
