1725384978487 175.99907259970718 0
1725384978513 172.4246892733597 1
1725384978540 168.92359214308797 2
1725384978575 165.54542245601803 3
1725384978607 162.23596994544175 4
1725384978642 158.9938022582251 5
1725384978670 155.8175181701088 6
1725384978700 152.70574686020407 7
1725384978724 149.65714720426467 8
1725384978746 146.67040708618146 9
1725384978786 143.7442427271643 10
1725384978814 140.87739803209513 11
1725384978850 138.06864395255153 12
1725384978893 135.3167778660174 13
1725384978922 132.6206229708144 14
1725384978946 129.97902769630093 15
1725384978975 127.39086512790257 16
1725384979004 124.85503244654998 17
1725384979031 122.3704503821164 18
1725384979061 119.93606268045755 19
1725384979091 117.55384079008078 20
1725384979124 115.21957983163212 21
1725384979151 112.93229860034704 22
1725384979179 110.69241999530493 23
1725384979203 108.49751787114401 24
1725384979230 106.34667654463355 25
1725384979255 104.23899940055581 26
1725384979278 102.17601337371175 27
1725384979311 100.15435021935906 28
1725384979338 98.17317180364309 29
1725384979365 96.23165733680449 30
1725384979398 94.3290030014092 31
1725384979419 92.4644215890483 32
1725384979454 90.63714214529486 33
1725384979489 88.8464096227121 34
1725384979521 87.09148454171195 35
1725384979549 85.37164265906932 36
1725384979577 83.68617464390283 37
1725384979603 82.03438576093777 38
1725384979636 80.41559556087275 39
1725384979668 78.82913757767584 40
1725384979695 77.27487524663154 41
1725384979719 75.75161702791324 42
1725384979744 74.25873830406613 43
1725384979766 72.79562723013764 44
1725384979793 71.36168446571023 45
1725384979817 69.95632291281808 46
1725384979842 68.57896745960905 47
1725384979873 67.2290547296151 48
1725384979896 65.90603283649995 49
1725384979928 64.60959473719821 50
1725384979961 63.338962164124055 51
1725384979993 62.093617097131656 52
1725384980020 60.87281932106056 53
1725384980056 59.6765437040066 54
1725384980083 58.50406346448442 55
1725384980109 57.35490140125004 56
1725384980136 56.2285899908071 57
1725384980159 55.12444592686384 58
1725384980185 54.04247682653737 59
1725384980207 52.982011598537625 60
1725384980261 51.94261948800474 61
1725384980356 50.92387845928057 62
1725384980390 49.925155376070286 63
1725384980407 48.9464895788989 64
1725384980432 47.987259033115116 65
1725384980465 47.04727303885135 66
1725384980502 46.12572398219296 67
1725384980517 45.22267332880312 68
1725384980546 44.33733582131752 69
1725384980579 43.469758526694875 70
1725384980608 42.61917521663459 71
1725384980639 41.785668209972236 72
1725384980666 40.96849165018578 73
1725384980690 40.16770738668892 74
1725384980728 39.38279424057956 75
1725384980759 38.61346609457395 76
1725384980789 37.85915630852833 77
1725384980818 37.1202164080331 78
1725384980843 36.39591134372486 79
1725384980866 35.68574343211801 80
1725384980896 34.98965973627343 81
1725384980922 34.30728801520699 82
1725384980949 33.638672988181604 83
1725384980977 32.98291064120948 84
1725384981011 32.340482002682236 85
1725384981033 31.710784960975555 86
1725384981069 31.093246071822282 87
1725384981111 30.487837349511274 88
1725384981140 29.894739289106557 89
1725384981168 29.31340140583049 90
1725384981199 28.743413367079835 91
1725384981228 28.18460390223835 92
1725384981259 27.636812755398726 93
1725384981290 27.10010302783555 94
1725384981320 26.57376060650484 95
1725384981347 26.057841248980374 96
1725384981389 25.55224243018837 97
1725384981428 25.05652884257988 98
1725384981450 24.57052076429045 99
1725384981472 24.094138879576363 100
1725384981493 23.6272837666874 101
1725384981520 23.169627681931907 102
1725384981545 22.72074795823596 103
1725384981578 22.28077808405484 104
1725384981603 21.849772903998183 105
1725384981627 21.426931687560124 106
1725384981651 21.01276613688211 107
1725384981687 20.606357609622293 108
1725384981713 20.208469968436127 109
1725384981737 19.818394273725023 110
1725384981762 19.43534435866461 111
1725384981786 19.060306185768148 112
1725384981810 18.692591090579374 113
1725384981833 18.331938113338744 114
1725384981854 17.978817643738303 115
1725384981880 17.632465299236387 116
1725384981904 17.2926640787293 117
1725384981935 16.960015374291654 118
1725384981960 16.633574316141402 119
1725384981987 16.313351774212048 120
1725384982023 15.99946110030041 121
1725384982046 15.692228901402286 122
1725384982075 15.390861854650792 123
1725384982099 15.095139151871566 124
1725384982120 14.80528018431625 125
1725384982145 14.521399898392316 126
1725384982169 14.24286162913576 127
1725384982192 13.969878805013666 128
1725384982215 13.702076858634896 129
1725384982238 13.439626553167349 130
1725384982261 13.182285567639372 131
1725384982287 12.929926442401124 132
1725384982318 12.682968922156856 133
1725384982348 12.440426536211612 134
1725384982374 12.202899854637382 135
1725384982399 11.969874351970407 136
1725384982438 11.741154887652842 137
1725384982461 11.517322056968876 138
1725384982490 11.297522822950397 139
1725384982513 11.081963286739795 140
1725384982538 10.87111246067165 141
1725384982570 10.664157550647761 142
1725384982599 10.461128387828262 143
1725384982634 10.262189193618664 144
1725384982665 10.067201395885498 145
1725384982691 9.876205253526095 146
1725384982716 9.688567071225718 147
1725384982742 9.504650765721987 148
1725384982766 9.324176056238784 149
1725384982789 9.147504341620698 150
1725384982814 8.974421804866562 151
1725384982839 8.80444690694111 152
1725384982864 8.638006698730763 153
1725384982897 8.474709978208928 154
1725384982933 8.314648198489987 155
1725384982957 8.15746061394272 156
1725384982982 8.003940478683083 157
1725384983005 7.853012960855342 158
1725384983027 7.70496642727283 159
1725384983051 7.559855860252924 160
1725384983084 7.4174121887334925 161
1725384983112 7.278150371210007 162
1725384983137 7.141349118910596 163
1725384983160 7.007086030173068 164
1725384983193 6.875804080829758 165
1725384983224 6.746738099960923 166
1725384983258 6.620697035294638 167
1725384983290 6.4966250343998 168
1725384983328 6.374865885977014 169
1725384983360 6.255943301887345 170
1725384983394 6.139186761208703 171
1725384983420 6.024334740518835 172
1725384983455 5.911945235599793 173
1725384983478 5.80196926899832 174
1725384983505 5.693853721769496 175
1725384983534 5.58792592147501 176
1725384983559 5.48385160091199 177
1725384983583 5.381793002268095 178
1725384983613 5.281940003565822 179
1725384983635 5.1840605769022785 180
1725384983659 5.0880706035320085 181
1725384983687 4.9939481303016375 182
1725384983717 4.901558668113138 183
1725384983743 4.8107661602132525 184
1725384983775 4.72200047535888 185
1725384983800 4.635116425237674 186
1725384983825 4.5496696201232725 187
1725384983847 4.465841552097966 188
1725384983875 4.383894152253323 189
1725384983899 4.303426258474583 190
1725384983927 4.224224657791437 191
1725384983953 4.147053952702829 192
1725384983988 4.070932625669658 193
1725384984021 3.996683092964797 194
1725384984049 3.9236885991469403 195
1725384984074 3.852119098050827 196
1725384984102 3.781771978748072 197
1725384984131 3.712880605711643 198
1725384984154 3.6456654885411397 199
1725384984178 3.5793886880552956 200
1725384984203 3.514070466633443 201
1725384984230 3.450771490322478 202
1725384984256 3.3883682153967256 203
1725384984281 3.326921416638789 204
1725384984315 3.266635647863558 205
1725384984344 3.2076888511459503 206
1725384984379 3.1498911769314426 207
1725384984404 3.0936058459052522 208
1725384984431 3.037662743140379 209
1725384984454 2.983109352337497 210
1725384984478 2.9300875412275627 211
1725384984502 2.877310278779492 212
1725384984526 2.826063680136136 213
1725384984558 2.775749975758846 214
1725384984592 2.726132272613579 215
1725384984629 2.677871800955187 216
1725384984670 2.6299775035147834 217
1725384984695 2.583446986131305 218
1725384984722 2.5378326712824655 219
1725384984744 2.4929329822641284 220
1725384984765 2.449006071751625 221
1725384984789 2.405603178617803 222
1725384984814 2.3632136385701226 223
1725384984839 2.3218814275049997 224
1725384984862 2.2811714703220534 225
1725384984904 2.241078742664932 226
1725384984937 2.2019456950683254 227
1725384984968 2.1636648973471195 228
1725384985003 2.1256452016947724 229
1725384985025 2.0888099904943966 230
1725384985047 2.0527016882515206 231
1725384985080 2.017003165713212 232
1725384985117 1.9822604279975247 233
1725384985141 1.948238194022229 234
1725384985165 1.9141841666282033 235
1725384985187 1.8815990301934198 236
1725384985214 1.849149533706526 237
1725384985244 1.8176652969945495 238
1725384985276 1.7865771393568826 239
1725384985305 1.7562255991357616 240
1725384985331 1.7260834426220104 241
1725384985357 1.6967764250396173 242
1725384985383 1.6681065839887286 243
1725384985422 1.6399613564973197 244
1725384985442 1.6121273365244053 245
1725384985477 1.5854174032551065 246
1725384985510 1.5585879350207716 247
1725384985541 1.5321082068012253 248
1725384985570 1.5067692063387284 249
1725384985611 1.4816932396026894 250
1725384985636 1.4573915616897095 251
1725384985668 1.4326620317765961 252
1725384985713 1.4090529249588775 253
1725384985755 1.386020526861968 254
1725384985782 1.3633576453902037 255
1725384985806 1.3406910879232392 256
1725384985847 1.318843758727838 257
1725384985891 1.2972268186453162 258
1725384985919 1.2761616938695315 259
1725384985949 1.255324007831463 260
1725384985974 1.235041790458117 261
1725384985999 1.2151992831615943 262
1725384986023 1.19535402228889 263
1725384986047 1.17644110016432 264
1725384986075 1.157409857807646 265
1725384986104 1.1390401322891421 266
1725384986137 1.1210161703103885 267
1725384986164 1.1030536686027002 268
1725384986191 1.0852913488457332 269
1725384986215 1.0683094936210933 270
1725384986241 1.0512278449387482 271
1725384986265 1.0349795694910753 272
1725384986289 1.018903703365342 273
1725384986315 1.0023861521141948 274
1725384986346 0.9869869576227841 275
1725384986374 0.9719738036906673 276
1725384986407 0.9566104362063431 277
1725384986431 0.941918900299372 278
1725384986457 0.9274900521172774 279
1725384986479 0.9133504288340254 280
1725384986507 0.8995899543997613 281
1725384986529 0.8857820741521306 282
1725384986557 0.8723670124200126 283
1725384986580 0.8593531629324679 284
1725384986611 0.8463543256819172 285
1725384986637 0.8333842008033053 286
1725384986664 0.8212051142400083 287
1725384986708 0.8091141774071817 288
1725384986731 0.797102812814613 289
1725384986751 0.7850706440387584 290
1725384986776 0.7735945939043262 291
1725384986801 0.7623089902497328 292
1725384986829 0.7514583114055435 293
1725384986856 0.7405726595440131 294
1725384986884 0.7295186698531035 295
1725384986913 0.7190280683580331 296
1725384986950 0.7089080633410488 297
1725384986982 0.6985914031073549 298
1725384987002 0.6886437913256523 299
1725384987028 0.6788431450681074 300
1725384987052 0.669380301573121 301
1725384987078 0.6601112685104736 302
1725384987103 0.6508933013351542 303
1725384987135 0.6417681211550931 304
1725384987162 0.6326320686327314 305
1725384987189 0.6241984697106477 306
1725384987214 0.6153064521206129 307
1725384987239 0.6070917910343696 308
1725384987270 0.5990850424861851 309
1725384987300 0.590670005047771 310
1725384987324 0.5826765895747418 311
1725384987358 0.5751450683063779 312
1725384987389 0.567432159960954 313
1725384987428 0.5599176635948657 314
1725384987453 0.5524699753275721 315
1725384987479 0.5450793195497403 316
1725384987509 0.5380876980422072 317
1725384987546 0.5315979042800839 318
1725384987574 0.5243873537235453 319
1725384987602 0.5173609825855381 320
1725384987630 0.5110511305629905 321
1725384987659 0.5046243899538412 322
1725384987686 0.4981631145830504 323
1725384987712 0.49213784766598273 324
1725384987752 0.485871513136004 325
1725384987782 0.47970135259407637 326
1725384987817 0.4738635995753185 327
1725384987844 0.4681404177160029 328
1725384987870 0.46259813766446223 329
1725384987890 0.4570737521408382 330
1725384987914 0.45126422850386494 331
1725384987952 0.44613154782093345 332
1725384987975 0.4409233713637516 333
1725384988006 0.43566883753085334 334
1725384988030 0.4306275134860224 335
1725384988060 0.42535232219589364 336
1725384988084 0.42054647188000716 337
1725384988126 0.4158985150310571 338
1725384988153 0.4113400450954811 339
1725384988181 0.40611337984995005 340
1725384988205 0.40173411254438773 341
1725384988228 0.39770957461285844 342
1725384988251 0.3927266528937522 343
1725384988274 0.38865937395697986 344
1725384988300 0.38477795776849305 345
1725384988323 0.3801571031387833 346
1725384988355 0.37599456057176484 347
1725384988384 0.37227685319341114 348
1725384988411 0.3681686233490693 349
1725384988439 0.3644072760975317 350
1725384988467 0.3604593396918383 351
1725384988496 0.35678492009702156 352
1725384988520 0.35307842001514284 353
1725384988555 0.3497988118800013 354
1725384988582 0.3460341210194653 355
1725384988614 0.34247780878816564 356
1725384988639 0.33915644853836546 357
1725384988665 0.33597355477516144 358
1725384988695 0.33251975263791994 359
1725384988719 0.32939190136033825 360
1725384988743 0.3259610621391391 361
1725384988767 0.32299248625398036 362
1725384988792 0.32012421963091 363
1725384988829 0.31698052475312427 364
1725384988851 0.3140717490726091 365
1725384988876 0.31152106906747484 366
1725384988916 0.30804707999921505 367
1725384988938 0.30546997267347703 368
1725384988963 0.3028943546225456 369
1725384988987 0.30013496533237455 370
1725384989013 0.2975101768630865 371
1725384989036 0.2948416926281816 372
1725384989061 0.2923704731914707 373
1725384989092 0.28988902671419753 374
1725384989119 0.28728456964983307 375
1725384989154 0.2850918889195034 376
1725384989207 0.2823507809323488 377
1725384989233 0.28005616864720045 378
1725384989261 0.2777340907296056 379
1725384989287 0.2756023401729854 380
1725384989314 0.27350306092928145 381
1725384989340 0.2708639568957468 382
1725384989361 0.2690400650902034 383
1725384989383 0.26682285148293405 384
1725384989407 0.26485791574280154 385
1725384989431 0.26287780176315306 386
1725384989461 0.2605666283106084 387
1725384989488 0.25891273305619605 388
1725384989521 0.25703868865163787 389
1725384989548 0.2550171318317951 390
1725384989575 0.2532176105961051 391
1725384989599 0.2511698303644861 392
1725384989625 0.24969598822801933 393
1725384989648 0.24767289443465304 394
1725384989673 0.24616548231502602 395
1725384989703 0.2445098992519944 396
1725384989730 0.24281659392600213 397
1725384989750 0.24084927249502322 398
1725384989773 0.2394278337310674 399
1725384989804 0.23770413606818633 400
1725384989838 0.2364314753759675 401
1725384989864 0.23497523825325428 402
1725384989888 0.2330428033772937 403
1725384989916 0.23165986675660358 404
1725384989949 0.23035398361327328 405
1725384989980 0.22870547125981977 406
1725384990013 0.227520384640012 407
1725384990039 0.2260149179313445 408
1725384990063 0.22466063859957625 409
1725384990087 0.22302846214821118 410
1725384990113 0.22208533150449022 411
1725384990142 0.22092114262753962 412
1725384990169 0.2190493452947569 413
1725384990199 0.21803915963775686 414
1725384990229 0.21696460133764114 415
1725384990258 0.21593953769533955 416
1725384990291 0.21449694075675124 417
1725384990318 0.21316240753845725 418
1725384990343 0.21228189515511947 419
1725384990365 0.21107034569754424 420
1725384990390 0.20982001918631324 421
1725384990416 0.20903226491767854 422
1725384990439 0.2082149664559121 423
1725384990467 0.20658493498518668 424
1725384990491 0.20566142792120584 425
1725384990513 0.2048566065695323 426
1725384990538 0.2039684054394213 427
1725384990567 0.20292053598949727 428
1725384990598 0.20166543908712517 429
1725384990631 0.20087211409598626 430
1725384990664 0.19949395060591998 431
1725384990697 0.1985821805119091 432
1725384990724 0.19798432481579387 433
1725384990749 0.1966676581629883 434
1725384990779 0.19591636044294233 435
1725384990813 0.19514488885382164 436
1725384990838 0.19424167120149033 437
1725384990865 0.19359491455957695 438
1725384990897 0.19245201358586708 439
1725384990929 0.19166054565670038 440
1725384990954 0.19100333825532032 441
1725384990980 0.190211608081134 442
1725384991006 0.18957313584290228 443
1725384991031 0.18874580666271543 444
1725384991056 0.18737202711185186 445
1725384991081 0.1869935115440748 446
1725384991104 0.18626195216964553 447
1725384991163 0.1855152546711408 448
1725384991187 0.1849250853808597 449
1725384991215 0.184032148937778 450
1725384991243 0.1833312263721089 451
1725384991263 0.1826910574990161 452
1725384991288 0.1823252568591695 453
1725384991319 0.18162617666755818 454
1725384991350 0.18075538222556028 455
1725384991379 0.18018174201567835 456
1725384991407 0.1795883936905457 457
1725384991437 0.1788477540108301 458
1725384991470 0.178438893403107 459
1725384991505 0.17726108732104415 460
1725384991527 0.17700854084518045 461
1725384991561 0.17666509212599765 462
1725384991589 0.17583259723174957 463
1725384991616 0.17545057684210963 464
1725384991647 0.1747984324488615 465
1725384991670 0.17435234225248727 466
1725384991691 0.1736119243429759 467
1725384991727 0.17344549537741574 468
1725384991753 0.17302652013637812 469
1725384991779 0.1722085096129646 470
1725384991803 0.17143550833775104 471
1725384991845 0.1710664429634965 472
1725384991874 0.17083921584069994 473
1725384991899 0.1700691924574983 474
1725384991930 0.16979557052732297 475
1725384991957 0.16932794798820142 476
1725384991976 0.16870328420594471 477
1725384992001 0.16823331514099996 478
1725384992028 0.1681083020732323 479
1725384992053 0.16775737940675947 480
1725384992078 0.1668034822407569 481
1725384992102 0.1667581556099627 482
1725384992129 0.16603689585512285 483
1725384992163 0.16577707990378668 484
1725384992187 0.16518153352024464 485
1725384992214 0.1647532391817236 486
1725384992245 0.16453354272306803 487
1725384992273 0.16407155136912602 488
1725384992295 0.16375218873159458 489
1725384992328 0.16349406943921285 490
1725384992353 0.16322710502079507 491
1725384992378 0.1628072961458293 492
1725384992400 0.16247406171866666 493
1725384992429 0.16213591238931657 494
1725384992461 0.1614459559002396 495
1725384992485 0.1612144632948637 496
1725384992509 0.16061519834372284 497
1725384992533 0.16058152551563754 498
1725384992561 0.16031497805721756 499
