1725404160451 61.2180320719459 0
1725404160528 26.30982775499144 1
1725404160607 13.646448440924612 2
1725404160673 4.518623098324149 3
1725404160756 1.0697174883905216 4
1725404160839 1.2235184906453627 5
1725404160915 0.587770514586269 6
1725404160989 0.16184217819092758 7
1725404161051 0.17663619301957525 8
1725404161122 0.005000024368773526 9
1725404161194 0.24086254029930976 10
1725404161304 0.04902265055812043 11
1725404161377 0.10264862287963948 12
1725404161450 0.16010428996699486 13
1725404161517 0.20184398233254836 14
1725404161580 0.04342544424508094 15
1725404161649 0.09427408907148734 16
1725404161718 0.04712525452301465 17
1725404161787 0.18024925450706736 18
1725404161865 0.028290439817603055 19
1725404161945 0.016707609631920934 20
1725404162012 0.04781353096227648 21
1725404162072 0.047138139776826994 22
1725404162143 0.009264882621539145 23
1725404162210 0.0502875544050209 24
1725404162282 0.024846616204505383 25
1725404162387 0.0003882790771633966 26
1725404162458 0.0005880481660884379 27
1725404162532 0.2852712716308344 28
1725404162601 0.020128228186655786 29
1725404162674 0.01729164125185174 30
1725404162745 0.024947677546962505 31
1725404162804 0.06678905094124976 32
1725404162878 0.19950875911765106 33
1725404162946 0.027964243937936326 34
1725404163045 0.1467569920003545 35
1725404163129 0.009169945748084336 36
1725404163201 0.02209961640584889 37
1725404163272 0.012521917756339894 38
1725404163338 0.06504940804238203 39
1725404163405 0.06452139429016218 40
1725404163465 0.1511656012789277 41
1725404163535 0.21947332317283214 42
1725404163601 0.0008134109818182259 43
1725404163674 0.003249564538311898 44
1725404163730 0.02939398333434583 45
1725404163795 0.05534045565474345 46
1725404163857 0.010761961284161821 47
1725404163931 0.03381275520320169 48
1725404164004 0.13569757186103346 49
1725404164074 0.03339567324706605 50
1725404164147 0.01912052639514706 51
1725404164225 0.09110956537395239 52
1725404164295 0.24400923580322445 53
1725404164361 0.019857281871338252 54
1725404164440 0.01586722144344747 55
