1725395573478 64.1892641627113 0
1725395573533 34.34793711335552 1
1725395573622 12.297811572592853 2
1725395573702 4.628337905479883 3
1725395573760 2.0697287945160516 4
1725395573828 0.5311598794604471 5
1725395573911 0.2921666524951241 6
1725395573966 0.2902436367267697 7
1725395574019 0.33704427378021606 8
1725395574089 0.008745397046265249 9
1725395574148 0.8400540316095334 10
1725395574200 0.07607505090979176 11
1725395574253 0.012795091581174627 12
1725395574315 0.006870199931701373 13
1725395574370 0.14204608825671033 14
1725395574429 0.0013795563721350924 15
1725395574478 0.0005699532456462403 16
1725395574531 0.048887938913698775 17
1725395574599 0.1336834383977335 18
1725395574668 0.3655239959219183 19
1725395574746 2.5457178378514258e-05 20
1725395574875 0.17129520800953216 21
1725395574969 0.0149195426421883 22
1725395575027 0.12398222291942398 23
1725395575078 0.03356146259425351 24
1725395575131 0.11645767260194657 25
1725395575206 0.20612765185364523 26
1725395575283 0.02789898550178902 27
1725395575372 0.06700789097329107 28
1725395575445 0.004315050520953246 29
1725395575523 0.13958394875718605 30
1725395575595 0.6870946767166877 31
1725395575672 0.42048617908825525 32
1725395575748 2.072133931974225e-05 33
1725395575821 0.06691722620602118 34
1725395575893 0.4076976420994818 35
1725395575960 0.017170899852035102 36
1725395576024 0.15858807529809368 37
1725395576103 0.00018724809548593355 38
1725395576178 0.0006712100810292062 39
1725395576252 0.02343248059683103 40
1725395576327 0.6220334249430408 41
1725395576403 0.0013692986735992455 42
1725395576469 0.24004629172674288 43
1725395576541 0.040324190704786225 44
1725395576615 0.00043969076805055546 45
1725395576681 0.17723086607574837 46
1725395576753 0.0013549891618283778 47
1725395576833 0.027358234314629117 48
1725395576904 1.0451139222008368 49
1725395576972 0.34796930703388307 50
1725395577045 0.07135908758323788 51
1725395577109 0.9833090881223971 52
1725395577178 0.027411262678232656 53
1725395577249 0.04224211181140208 54
1725395577314 0.04433585803234982 55
1725395577382 0.605256658770742 56
1725395577455 0.010693106252516377 57
1725395577528 0.1362442186081657 58
1725395577592 0.123878682496061 59
1725395577656 0.033556553854822514 60
1725395577739 0.0007561014805786296 61
1725395577819 0.19694744099193306 62
1725395577889 0.25227990714959353 63
1725395577961 0.6310105823787507 64
1725395578024 0.05683335267550536 65
1725395578097 0.3474466127275981 66
1725395578172 0.020794138887796264 67
1725395578237 0.2553556114606464 68
1725395578314 0.03244120661308207 69
1725395578399 0.09992331399268777 70
1725395578464 0.01164528752634779 71
1725395578529 0.11449231395336035 72
1725395578585 0.18579504334975208 73
1725395578649 0.1123327560762209 74
1725395578730 0.04881054402071046 75
1725395578799 0.10829797590955725 76
1725395578873 0.05022513385199608 77
1725395578951 0.00801203974712669 78
1725395579026 0.005798574359849134 79
1725395579092 0.2803738316516587 80
1725395579152 0.005465958467641692 81
1725395579229 0.06944017292784056 82
1725395579304 0.1706600555601656 83
1725395579385 0.40233137710417777 84
1725395579460 0.005596241658818686 85
1725395579540 0.289919097839539 86
1725395579604 0.2890071832416804 87
1725395579672 0.002207381182157833 88
1725395579746 0.10608748386412953 89
1725395579815 0.0004166690326001361 90
1725395579881 0.5352785530651412 91
1725395579956 0.4266887561598527 92
1725395580027 0.026130449568876297 93
1725395580100 0.3211970294557769 94
1725395580177 0.20322211785740138 95
1725395580239 0.04057447941037973 96
1725395580302 0.3636355438912397 97
1725395580375 0.444851305828871 98
1725395580453 0.021267428250597766 99
1725395580515 0.0768473780697329 100
1725395580575 0.0914116794369407 101
1725395580638 0.0010271508044190413 102
1725395580709 0.25264172554188424 103
1725395580788 1.1239916160455214 104
1725395580850 0.4456402984721806 105
1725395580913 0.027552601156546095 106
1725395580987 0.02096836875214026 107
1725395581051 0.11963222801248849 108
1725395581122 0.17983748416676237 109
1725395581197 0.006756467569063101 110
1725395581267 0.008881655687802257 111
1725395581340 0.03288960713286226 112
1725395581409 0.9156680811918546 113
1725395581465 0.14862852822280506 114
1725395581528 0.02745348199079509 115
1725395581603 0.09190304895448789 116
1725395581671 0.04541979361859411 117
1725395581748 0.13746485547201956 118
1725395581811 0.07508212674953374 119
1725395581887 0.024378190282322902 120
1725395581956 0.09413510984434102 121
1725395582024 0.695338474472992 122
1725395582095 0.21193180562118685 123
1725395582159 0.04310614669412028 124
1725395582234 0.00013193383372512026 125
1725395582310 0.023301989704161506 126
1725395582385 0.019513548050765238 127
1725395582459 0.008073397848096407 128
1725395582534 0.37798249671974293 129
1725395582605 0.4220298190451148 130
1725395582678 0.008081158167700178 131
1725395582785 0.2649926854854526 132
1725395582866 0.01888664677017675 133
1725395582946 0.16022910736249552 134
1725395583008 3.281320937144314e-07 135
1725395583067 0.13489784751636696 136
1725395583135 0.1537581326230261 137
1725395583197 0.22122985415497093 138
1725395583244 0.015767259995816064 139
1725395583296 0.1318444884236937 140
1725395583368 0.1740734166544004 141
1725395583444 0.11973515884191903 142
1725395583530 0.011279495065269618 143
1725395583590 0.017898479980744612 144
1725395583644 0.06963855778006639 145
1725395583707 0.0013228427499287353 146
1725395583793 7.165290090299874e-06 147
1725395583856 0.04133816871097267 148
1725395583913 0.014741042234120223 149
1725395583986 0.00019415094911889638 150
1725395584065 0.21185907374796692 151
1725395584121 3.7364741301388475e-05 152
1725395584168 0.1266950882075994 153
1725395584241 0.017610872633427758 154
1725395584325 0.008567988912797102 155
1725395584397 0.015133811000374866 156
1725395584479 0.014245288331245934 157
1725395584555 1.1802356476141123e-05 158
1725395584649 0.04660877140013211 159
1725395584734 0.10309658555694323 160
1725395584817 0.3864495658068056 161
1725395584869 0.0024112068047753136 162
1725395584934 0.19597178621805922 163
1725395585015 0.02912396615646586 164
1725395585105 6.14464335982033e-05 165
1725395585201 0.9548270165862884 166
1725395585283 0.13401751548296867 167
1725395585361 0.010010617218164177 168
1725395585419 0.37578190857141297 169
1725395585472 0.0031514251144705474 170
1725395585526 0.10112095731727827 171
1725395585597 0.06399555542436458 172
1725395585674 0.0006850026863213276 173
1725395585745 0.10686753115795276 174
1725395585809 0.023503535729869875 175
1725395585870 0.003313953483267624 176
1725395585929 0.14104522942758116 177
1725395585978 0.10578290281910219 178
1725395586029 0.05697309014748344 179
1725395586098 0.3420973630562289 180
1725395586183 0.010547337445212369 181
1725395586242 0.08291497225238909 182
1725395586296 0.00014569014659752448 183
1725395586366 0.00034884599217367473 184
1725395586450 0.0710009250547662 185
1725395586521 0.0848588989092945 186
1725395586592 0.057604570488534367 187
1725395586676 0.03630804029017096 188
1725395586763 0.11964871356043816 189
1725395586853 0.5694858706297526 190
1725395586930 0.011531038567334654 191
1725395587006 0.24719335008383686 192
1725395587070 0.005954515943917157 193
1725395587153 0.04308950291677001 194
1725395587231 5.71381466553603e-08 195
1725395587297 0.24038425033027755 196
1725395587363 0.16786582905071346 197
1725395587441 0.014867538624154417 198
1725395587522 0.04091247268523382 199
1725395587606 0.005616267637667419 200
1725395587688 0.0712265380948669 201
1725395587784 0.164770791521122 202
1725395587850 0.35096622558445656 203
1725395587909 0.0016075259174874832 204
1725395587967 0.018110788751093197 205
1725395588042 9.745057243703631e-05 206
1725395588111 0.04074612261949877 207
1725395588168 0.09042033403947414 208
1725395588222 0.3720475836220364 209
1725395588284 0.14544900630898844 210
1725395588366 0.5403298714802354 211
1725395588459 0.1473386189417865 212
1725395588552 0.004442966686553542 213
1725395588632 0.28754706907371264 214
1725395588722 0.3442496831867827 215
1725395588800 0.0014120188689996092 216
1725395588862 0.020336052004140463 217
1725395588915 0.005587108001936572 218
1725395588968 0.029302816339670017 219
1725395589029 0.053248538730231804 220
1725395589103 0.002099695060805795 221
1725395589192 0.001971646032023238 222
1725395589274 0.24094191501452808 223
1725395589340 0.21258316027592103 224
1725395589386 0.005031215205935053 225
1725395589429 0.014019399345432705 226
1725395589507 0.05901722545100937 227
1725395589580 0.41879703244453004 228
1725395589633 0.000963402347383148 229
1725395589681 0.06162283568700121 230
1725395589767 0.10958053967153476 231
1725395589842 0.0007985164391965708 232
1725395589924 0.12905553711452536 233
1725395589981 0.22347392360014587 234
1725395590041 0.0002033280825135606 235
1725395590115 0.05752195440263881 236
1725395590187 0.145641191092299 237
1725395590251 0.01602624349418906 238
1725395590313 0.3038837672273216 239
1725395590400 0.0159131416996235 240
1725395590473 0.03425730350704613 241
1725395590544 0.17818272239727487 242
1725395590615 0.013660283528404218 243
1725395590679 0.20946949268168608 244
1725395590752 0.0021569548974997533 245
1725395590817 0.015111042344807852 246
1725395590876 0.055509767698214425 247
1725395590954 0.2804079143807967 248
1725395591021 0.0001516478027385895 249
1725395591093 0.5380212957844173 250
1725395591165 0.07368012974419239 251
1725395591239 0.14378380904444657 252
1725395591302 0.007883421989032679 253
1725395591372 0.01357205164052062 254
1725395591445 0.03161576073152195 255
1725395591519 0.06442277303980093 256
1725395591589 0.0008162753459066542 257
1725395591659 0.5330955352306198 258
1725395591728 0.06007186843450797 259
1725395591798 0.001307444649383562 260
1725395591871 0.01623625428321212 261
1725395591945 0.04572962353578889 262
1725395592015 0.08560186385450928 263
1725395592079 0.02142620823819797 264
1725395592153 0.1499449256284292 265
1725395592220 0.0021817927203927226 266
1725395592285 0.06552179198083724 267
1725395592361 0.010005403368833099 268
1725395592425 0.5831441984098817 269
1725395592501 0.014558349836206907 270
1725395592574 0.04161623224004228 271
1725395592645 0.011896366641905166 272
1725395592710 0.018310553097469495 273
1725395592790 0.16348816645487954 274
1725395592863 0.017374622869845754 275
1725395592928 0.15135550414665846 276
1725395592991 0.03857779915588577 277
1725395593055 0.34621038294737516 278
1725395593129 0.11242725401975993 279
1725395593193 0.05004348287280457 280
1725395593266 0.008653129163670148 281
1725395593328 0.0028260945911521692 282
1725395593398 0.03749788649640082 283
1725395593471 0.040428473343296384 284
1725395593533 0.31998483281959045 285
1725395593606 0.10063199464929722 286
1725395593681 0.0022660532408435227 287
1725395593756 0.03962619991656544 288
1725395593840 0.01188100181723962 289
1725395593913 0.23714683167882306 290
1725395593988 0.06460606896538842 291
