1725385806992 3566321.7222485123 0
1725385807064 3.1711265793701007e+18 1
1725385807146 8.119039685475477e+32 2
1725385807265 9.237058396475824e+44 3
1725385807342 2.142826399030295e+58 4
1725385807426 2.465446674580461e+66 5
1725385807494 2.973138605479992e+80 6
1725385807572 1.6393524138984295e+93 7
1725385807646 1.7411187528155182e+106 8
1725385807720 1.5732105989516272e+120 9
1725385807796 1.3163268231379457e+131 10
1725385807869 4.049150274685103e+142 11
1725385807949 2.74905341831155e+156 12
1725385808007 3.725985244133528e+165 13
1725385808067 2.3105434242768786e+180 14
1725385808141 6.878956845765229e+192 15
1725385808223 9.215532282136523e+206 16
1725385808300 8.791154340750548e+220 17
1725385808401 1.5061392821008289e+233 18
1725385808474 8.631471922228809e+244 19
1725385808554 2.2871807786652996e+255 20
1725385808652 9.157331855643051e+268 21
1725385808715 7.452265218283594e+282 22
1725385808775 3.8156442834837427e+294 23
1725385808849 3.903247831551955e+305 24
1725385808924 inf 25
