1725390648644 164.35065276887875 0
1725390648660 163.0055382539938 1
1725390648677 157.58643588626597 2
1725390648696 155.62837899675142 3
1725390648714 160.23494696277328 4
1725390648732 150.48797010570013 5
1725390648750 150.4971311963106 6
1725390648773 142.4073299274899 7
1725390648796 138.27634623832884 8
1725390648825 137.61666641095408 9
1725390648847 139.7594327222373 10
1725390648875 134.4489206501536 11
1725390648897 134.9200831267381 12
1725390648918 131.8557557315076 13
1725390648944 130.9594695803612 14
1725390648967 127.25374419001722 15
1725390648983 125.11195499491572 16
1725390648997 125.6527835102357 17
1725390649013 121.50126794463328 18
1725390649033 119.56180312265747 19
1725390649049 117.76039770849174 20
1725390649073 111.5451531516146 21
1725390649097 112.8388917044559 22
1725390649123 109.46492091811253 23
1725390649145 109.06915508387345 24
1725390649166 106.69165003041915 25
1725390649183 103.37195281181333 26
1725390649209 101.19392025805925 27
1725390649230 99.04525779387534 28
1725390649243 98.56518371133652 29
1725390649255 97.40933511931942 30
1725390649267 96.28317495268114 31
1725390649279 93.41412195807294 32
1725390649291 88.52079713052417 33
1725390649303 88.84075219698177 34
1725390649315 89.29464568093603 35
1725390649327 87.70493108183818 36
1725390649343 86.70130914841822 37
1725390649355 84.37816759158454 38
1725390649379 81.84858200319253 39
1725390649397 82.40574335596936 40
1725390649410 78.43899297279242 41
1725390649422 77.68988647981024 42
1725390649434 76.59032586872887 43
1725390649446 75.92181976989528 44
1725390649458 74.38551815894999 45
1725390649470 73.68359873827353 46
1725390649484 72.51260671902112 47
1725390649515 72.65140271085201 48
1725390649527 68.99348903527068 49
1725390649539 66.13353267993188 50
1725390649551 66.70469188299384 51
1725390649567 66.37515618053145 52
1725390649583 64.2364041958195 53
1725390649595 64.1550243864717 54
1725390649618 63.253552526381 55
1725390649646 62.3121958730131 56
1725390649671 59.32850466418505 57
1725390649699 60.34569358745179 58
1725390649725 57.799286368692954 59
1725390649749 58.26296612313921 60
1725390649770 57.926603261184404 61
1725390649792 55.23631045998249 62
1725390649816 53.747449186322534 63
1725390649836 54.4006686249082 64
1725390649856 52.86032703860969 65
1725390649880 53.31622497590202 66
1725390649923 50.21925924884901 67
1725390649948 50.34136356378056 68
1725390649963 50.61630288192586 69
1725390649976 50.65893268335774 70
1725390649991 47.376902573421205 71
1725390650010 47.79693689501908 72
1725390650036 45.93974602409248 73
1725390650059 46.70312506858945 74
1725390650083 44.688075860401796 75
1725390650110 42.971052924880446 76
1725390650128 41.54544368235068 77
1725390650146 41.79390051630985 78
1725390650164 42.85373558778604 79
1725390650181 41.295352701310335 80
1725390650198 38.747413608368376 81
1725390650215 40.076750986429865 82
1725390650233 38.94551182690053 83
1725390650251 39.34710685582271 84
1725390650268 37.2153853397798 85
1725390650285 38.08998885832136 86
1725390650302 36.85138566194062 87
1725390650323 35.0839537902339 88
1725390650340 34.9558640379889 89
1725390650358 34.74400289149859 90
1725390650376 34.87307027383998 91
1725390650393 33.51738215983105 92
1725390650411 33.71913272823607 93
1725390650428 32.613213800002946 94
1725390650447 32.084410593233585 95
1725390650463 30.263746891185157 96
1725390650481 31.01032903099197 97
1725390650505 31.607408842837437 98
1725390650540 30.73923512713955 99
1725390650560 29.152297951215825 100
1725390650583 28.17369520309068 101
1725390650608 28.61219044160997 102
1725390650634 28.206230519661545 103
1725390650659 27.67031268238539 104
1725390650678 27.303761250569252 105
1725390650701 27.01500853720471 106
1725390650727 26.209960833487095 107
1725390650742 26.501685143941348 108
1725390650760 24.121785495526158 109
1725390650778 25.309614893069426 110
1725390650794 25.310653532356675 111
1725390650812 25.09502329111985 112
1725390650830 24.016410577319473 113
1725390650848 22.40391049675889 114
1725390650867 22.584028145651075 115
1725390650886 23.742091670866632 116
1725390650911 23.10365978788221 117
1725390650937 21.518485630645174 118
1725390650954 20.922412815955074 119
1725390650980 21.570377044906472 120
1725390651010 19.6203915576114 121
1725390651034 20.390900986723686 122
1725390651066 20.251798013711763 123
1725390651088 18.957693766301485 124
1725390651111 19.489340513820828 125
1725390651129 19.55337787777106 126
1725390651146 18.00838915202115 127
1725390651164 18.052360585163864 128
1725390651180 17.989172156320816 129
1725390651195 18.168509299479553 130
1725390651210 18.570009585353358 131
1725390651228 17.151478772692133 132
1725390651253 16.962144568222616 133
1725390651279 16.87916337595905 134
1725390651306 16.52386824782658 135
1725390651329 16.243522242075777 136
1725390651356 15.994768390533027 137
1725390651374 16.429031346259645 138
1725390651392 14.763909102942533 139
1725390651407 15.464903108072985 140
1725390651424 14.94595004530346 141
1725390651441 14.370456764929466 142
1725390651458 15.190609689559535 143
1725390651476 14.74045774255571 144
1725390651501 14.201902794767534 145
1725390651522 14.167615460099768 146
1725390651553 14.207729236643281 147
1725390651571 13.700650043997031 148
1725390651587 13.557463203890974 149
1725390651606 13.60677970506734 150
1725390651629 12.787367512940921 151
1725390651649 11.964761272682656 152
1725390651674 12.891914910192067 153
1725390651698 12.577687401100516 154
1725390651726 11.76227708592674 155
1725390651745 12.418547999896639 156
1725390651788 12.567328879721906 157
1725390651814 12.794768582148029 158
1725390651830 11.246981232473338 159
1725390651847 10.997962950211848 160
1725390651865 12.14838083361859 161
1725390651887 10.68033580870798 162
1725390651908 11.376818257603079 163
1725390651927 10.820509080381179 164
1725390651947 10.910868091105826 165
1725390651968 10.538297947383473 166
1725390651988 10.213285479035473 167
1725390652008 10.073495073429989 168
1725390652035 10.220111285538785 169
1725390652057 9.65382381491502 170
1725390652080 9.754217643597741 171
1725390652105 9.028524069727721 172
1725390652123 9.301198857954173 173
1725390652141 9.63052158338198 174
1725390652158 8.926321773176857 175
1725390652176 8.485477477190127 176
1725390652194 8.997693526477631 177
1725390652211 8.550225944902495 178
1725390652229 9.080817804755263 179
1725390652249 8.130234907559595 180
1725390652270 8.112551813220609 181
1725390652298 7.714521076813037 182
1725390652321 8.166359029932527 183
1725390652344 8.000298931100328 184
1725390652368 7.8741136227805475 185
1725390652390 7.415515354101915 186
1725390652408 7.51608197300781 187
1725390652430 7.865812179454354 188
1725390652452 7.304900906452772 189
1725390652477 7.593120544880222 190
1725390652519 7.202148253711455 191
1725390652556 7.273178918256238 192
1725390652582 7.04672181881668 193
1725390652607 7.101431389325383 194
1725390652634 6.739654848491344 195
1725390652665 6.421161220728573 196
1725390652697 6.461742174925964 197
1725390652728 6.504285518405934 198
1725390652756 6.653070171198378 199
1725390652783 6.5256883186994 200
1725390652810 6.4936619537869396 201
1725390652838 6.143956176788988 202
1725390652866 6.083729670553926 203
1725390652893 6.234061237601327 204
1725390652922 5.893737008785149 205
1725390652952 5.693110325330284 206
1725390652980 5.917490895171467 207
1725390653009 5.813582350094778 208
1725390653036 5.336946795183736 209
1725390653064 5.61462041206301 210
1725390653094 5.3659185993974825 211
1725390653122 5.333959606985123 212
1725390653156 5.5543019700510445 213
1725390653180 5.557109322127524 214
1725390653202 4.9683837273816875 215
1725390653228 4.726513372520339 216
1725390653254 5.522041448155556 217
1725390653282 5.237649012442082 218
1725390653314 5.099222495874287 219
1725390653345 4.690612317737799 220
1725390653375 4.809589794328741 221
1725390653408 4.696580462363514 222
1725390653428 4.779385322928069 223
1725390653458 4.61544215596302 224
1725390653488 4.411836974702561 225
1725390653526 4.5954512917666825 226
1725390653552 4.323116964801863 227
1725390653580 4.072206878931295 228
1725390653605 4.377043762278543 229
1725390653630 4.23540740430245 230
1725390653659 4.140809152779388 231
1725390653687 4.198055886653539 232
1725390653714 3.9689331663748875 233
1725390653741 3.5944200014040164 234
1725390653770 4.086282247888431 235
1725390653795 4.1752742478273195 236
1725390653829 4.079146462528117 237
1725390653859 4.121922710544354 238
1725390653889 4.307477218076484 239
1725390653915 4.001039150542839 240
1725390653944 3.9851110092482247 241
1725390653974 4.017004477922975 242
1725390654001 3.809795803615263 243
1725390654028 3.775341889075822 244
1725390654055 3.5266423714771045 245
1725390654082 3.8650889679044287 246
1725390654110 3.603472207733751 247
1725390654136 3.352144792541956 248
1725390654169 3.2754558999996997 249
1725390654198 3.4946592065054793 250
1725390654233 3.1559169343769744 251
1725390654258 3.0131917296897734 252
1725390654283 3.333661585630309 253
1725390654310 3.066169588270994 254
1725390654339 3.148745170054362 255
1725390654371 3.158053946165941 256
1725390654393 3.318408516130114 257
1725390654416 3.0359264634730447 258
1725390654442 3.0999099916634854 259
1725390654470 3.0398573803330318 260
1725390654500 2.8897201049891286 261
1725390654531 3.1118690056908287 262
1725390654565 2.794000604387899 263
1725390654588 2.8402179950018276 264
1725390654615 2.666197569203426 265
1725390654642 2.992017620882221 266
1725390654669 2.770225248652944 267
1725390654697 2.812483856654126 268
1725390654725 2.4954723983312213 269
1725390654753 2.779807735843499 270
1725390654783 2.3555739288288633 271
1725390654814 2.6835191134195666 272
1725390654846 2.271768266721269 273
1725390654870 2.6124639973735135 274
1725390654895 2.738382677101949 275
1725390654923 2.5010671689584054 276
1725390654949 2.32941758157961 277
1725390654979 2.3675893415009828 278
1725390655007 2.5064755535058962 279
1725390655032 2.5841762293745347 280
1725390655056 2.3459680186877283 281
1725390655082 2.41166744853654 282
1725390655111 2.2559301638933063 283
1725390655143 2.3700824338151514 284
1725390655177 2.3711006426838246 285
1725390655207 2.212119858765941 286
1725390655238 2.0720982642324777 287
1725390655269 1.9010797142617009 288
1725390655300 2.4503717774116827 289
1725390655329 2.309943218369422 290
1725390655358 2.1880157181822257 291
1725390655384 2.1160198563483115 292
1725390655418 2.1793043396359337 293
1725390655446 2.3451439845809405 294
1725390655479 1.9931062812577547 295
1725390655507 2.300561190838555 296
1725390655535 2.028646452309322 297
1725390655571 2.0522872187425936 298
1725390655607 2.1250830819911948 299
1725390655633 2.1197724243599154 300
1725390655660 1.8352641332150665 301
1725390655689 1.8602078861819795 302
1725390655721 1.9107130095666613 303
1725390655751 1.9345427640586839 304
1725390655775 1.9294192319402388 305
1725390655801 1.9240661920149573 306
1725390655829 1.9612482380102216 307
1725390655858 1.9337657279981073 308
1725390655888 1.85684519245937 309
1725390655911 1.8803900898848502 310
1725390655942 1.8643083610475268 311
1725390655972 1.7114782964206414 312
1725390656003 1.9228880065589637 313
1725390656034 1.855875188138643 314
1725390656062 1.754831668997976 315
1725390656095 1.7738978308831554 316
1725390656125 1.880135818934035 317
1725390656153 1.8060240502858658 318
1725390656181 1.9961685023179676 319
1725390656208 1.628805117649333 320
1725390656236 1.6608513770676387 321
1725390656264 1.772981047849591 322
1725390656294 1.650262701727238 323
1725390656322 1.7466738526124248 324
1725390656352 1.8576148068658598 325
1725390656386 1.538801511278207 326
1725390656414 1.4560531835150685 327
1725390656442 1.5300567904665978 328
1725390656468 1.627456054374396 329
1725390656493 1.696421430426455 330
1725390656520 1.7674718012324229 331
1725390656546 1.18746701613115 332
1725390656572 1.6977587005136738 333
1725390656605 1.624514303655825 334
1725390656632 1.5534195495607863 335
1725390656660 1.4694404571560729 336
1725390656688 1.3111110377944042 337
1725390656716 1.5484606857883056 338
1725390656743 1.4520067785830995 339
1725390656771 1.1957454903129903 340
1725390656802 1.52696896753492 341
1725390656831 1.3699568623704208 342
1725390656863 1.504521421792725 343
1725390656893 1.399893626113447 344
1725390656920 1.494997590808333 345
1725390656947 1.3139299874803878 346
1725390656974 1.3323213413544799 347
1725390657001 1.5048101478114253 348
1725390657029 1.6151919027836192 349
1725390657056 1.3303769546756865 350
1725390657083 1.3562620519915298 351
1725390657110 1.469561197862274 352
1725390657136 1.2940610358398899 353
1725390657164 1.3313381125266692 354
1725390657196 1.4518474083660589 355
1725390657225 1.1964531364171835 356
1725390657256 1.3587829831883311 357
1725390657283 1.0975835427025666 358
1725390657310 1.2050515945537918 359
1725390657337 1.3589677876358395 360
1725390657364 1.4983269610847565 361
1725390657388 1.2119724963943768 362
1725390657409 1.2153950098084123 363
1725390657436 1.2082952507545281 364
1725390657462 1.195441636262017 365
1725390657494 1.1174404862093712 366
1725390657519 1.2345562302527682 367
1725390657549 1.1005420480078547 368
1725390657575 1.1518783582827457 369
1725390657608 1.2539646886025169 370
1725390657636 1.1218865885959888 371
1725390657667 1.2189902715946634 372
1725390657696 1.1031233792091741 373
1725390657730 1.1116323296431905 374
1725390657761 1.1139220585885068 375
1725390657787 1.0898801964955103 376
1725390657815 1.173115729153432 377
1725390657844 1.0754843716527511 378
1725390657872 1.0322984082477535 379
1725390657902 1.0154620982385367 380
1725390657934 1.1861101868565354 381
1725390657965 1.2328581560126723 382
1725390657997 1.0246124477699983 383
1725390658025 1.1506329976764285 384
1725390658054 1.0727477594351653 385
1725390658082 1.0405875476931974 386
1725390658115 1.1438283371070992 387
1725390658142 1.0106703854183539 388
1725390658178 1.060571263629182 389
1725390658209 0.9698284500633788 390
1725390658236 1.1197702025647014 391
1725390658263 0.931730981464839 392
1725390658290 1.2369162821301103 393
1725390658320 0.8535073623565901 394
1725390658352 0.9721162075220356 395
1725390658373 1.1026812229416088 396
1725390658399 1.1480112519211474 397
1725390658427 1.1084721328037193 398
1725390658454 1.0756568467429037 399
1725390658482 0.9495661990287723 400
1725390658510 0.8928769004162345 401
1725390658537 1.0628335437771061 402
1725390658565 0.8825560054692321 403
1725390658600 0.8782990265655428 404
1725390658628 0.919322956229147 405
1725390658656 1.1040569637137896 406
1725390658683 0.9589482578133223 407
1725390658710 1.1101641471117552 408
1725390658737 0.9101369157847281 409
1725390658763 0.97062050585181 410
1725390658791 0.8887668272568332 411
1725390658821 0.9824558948304956 412
1725390658851 1.0806546896692997 413
1725390658877 0.9669546857037208 414
1725390658902 0.9235601189898636 415
1725390658929 1.0463657207438444 416
1725390658958 1.0486977815330603 417
1725390658989 0.9063520536124474 418
1725390659021 0.8808489124160088 419
1725390659048 0.8642036602527247 420
1725390659075 1.0633698349278309 421
1725390659102 0.8948654138279146 422
1725390659129 0.943582727275304 423
1725390659162 0.9204842025616974 424
1725390659192 0.8773238038193243 425
1725390659222 0.8879715566328845 426
1725390659253 0.9107380414776391 427
1725390659283 1.0468001336406974 428
1725390659313 0.9537095950483293 429
1725390659337 0.8302992195663712 430
1725390659359 0.9233804077584341 431
1725390659386 0.8924979022981581 432
1725390659417 0.9682918686260187 433
1725390659445 0.8970081144202969 434
1725390659473 0.7925933154912295 435
1725390659501 0.8181777590383347 436
1725390659529 0.9008141954457569 437
1725390659562 0.719671611223458 438
1725390659591 0.8417227282958635 439
1725390659631 0.7582807262517006 440
1725390659659 0.9732366569621446 441
1725390659687 0.8908706830604751 442
1725390659714 0.8081421781432657 443
1725390659743 0.8492169750506269 444
1725390659774 0.8135008330344149 445
1725390659803 1.0133152956671732 446
1725390659829 0.945310737478256 447
1725390659855 0.8154923478722793 448
1725390659886 0.7543107561607484 449
1725390659917 0.8899576564250159 450
1725390659945 0.7944423387745576 451
1725390659973 0.879216791630875 452
1725390660004 0.9569113411455931 453
1725390660031 0.7681636859996183 454
1725390660060 0.9064946466104854 455
1725390660090 0.7084384677927079 456
1725390660122 0.7765951201741104 457
1725390660150 0.8624608210875029 458
1725390660177 0.9739591489117785 459
1725390660204 0.832710371161972 460
1725390660230 0.7846503436017666 461
1725390660258 0.7373632698289952 462
1725390660285 0.7869586661867752 463
1725390660316 0.6856874887571234 464
1725390660339 0.702340242426174 465
1725390660367 0.7824402800517761 466
1725390660387 0.7962961620157878 467
1725390660408 0.6964965882517362 468
1725390660437 0.8007943537605723 469
1725390660470 0.7145897062391733 470
1725390660495 0.5362796559573002 471
1725390660520 0.6962111164204585 472
1725390660549 0.6630997013831755 473
1725390660583 0.6895465333346363 474
1725390660620 0.8457576215949386 475
1725390660643 0.9116261073208455 476
1725390660667 0.720568677166004 477
1725390660696 0.8404628010133491 478
1725390660728 0.7720862648638624 479
1725390660758 0.6824041658038386 480
1725390660787 0.8547666593046573 481
1725390660812 0.7911300397343003 482
1725390660840 0.8033582714768375 483
1725390660867 0.6750487180502868 484
1725390660896 0.7286592985048858 485
1725390660924 0.5938320473756501 486
1725390660950 0.7560810208620381 487
1725390660979 0.7910698526438229 488
1725390661009 0.7880927649128336 489
1725390661038 0.7268513004117425 490
1725390661066 0.6326721019348821 491
1725390661093 0.6134398342570522 492
1725390661121 0.6798492301637136 493
1725390661150 0.7746823932829667 494
1725390661166 0.7888461799436737 495
1725390661182 0.5363099641897897 496
1725390661198 0.7861490832325922 497
1725390661215 0.77189362636653 498
1725390661233 0.6805234723924729 499
