1725351570407 168.79801204511594 0
1725351570425 168.76421203667948 1
1725351570444 168.73041948548808 2
1725351570467 168.69663438982644 3
1725351570491 168.6628567479797 4
1725351570513 168.62908655823338 5
1725351570538 168.59532381887342 6
1725351570557 168.56156852818617 7
1725351570580 168.5278206844584 8
1725351570600 168.4940802859772 9
1725351570618 168.4603473310302 10
1725351570636 168.42662181790527 11
1725351570656 168.39290374489087 12
1725351570674 168.35919311027567 13
1725351570691 168.32548991234893 14
1725351570708 168.29179414940015 15
1725351570728 168.2581058197194 16
1725351570746 168.2244249215969 17
1725351570766 168.19075145332351 18
1725351570787 168.15708541319043 19
1725351570805 168.12342679948924 20
1725351570824 168.08977561051194 21
1725351570845 168.05613184455086 22
1725351570878 168.02249549989884 23
1725351570898 167.988866574849 24
1725351570928 167.95524506769505 25
1725351570951 167.9216309767309 26
1725351570972 167.88802430025098 27
1725351570998 167.8544250365501 28
1725351571026 167.82083318392344 29
1725351571064 167.78724874066663 30
1725351571098 167.75367170507562 31
1725351571123 167.72010207544687 32
1725351571155 167.68653985007714 33
1725351571183 167.6529850272637 34
1725351571204 167.61943760530409 35
1725351571226 167.58589758249636 36
1725351571247 167.55236495713896 37
1725351571274 167.51883972753063 38
1725351571298 167.4853218919706 39
1725351571320 167.45181144875852 40
1725351571337 167.41830839619436 41
1725351571362 167.38481273257855 42
1725351571387 167.3513244562119 43
1725351571407 167.31784356539566 44
1725351571435 167.28437005843136 45
1725351571459 167.25090393362115 46
1725351571482 167.21744518926732 47
1725351571503 167.1839938236727 48
1725351571525 167.15054983514057 49
1725351571545 167.1171132219745 50
1725351571563 167.0836839824785 51
1725351571580 167.050262114957 52
1725351571600 167.0168476177148 53
1725351571618 166.9834404890571 54
1725351571637 166.95004072728955 55
1725351571654 166.91664833071806 56
1725351571673 166.88326329764917 57
1725351571697 166.8498856263896 58
1725351571754 166.81651531524662 59
1725351571792 166.78315236252777 60
1725351571823 166.7497967665411 61
1725351571850 166.71644852559496 62
1725351571881 166.6831076379982 63
1725351571912 166.64977410205998 64
1725351571937 166.61644791608992 65
1725351571962 166.583129078398 66
1725351571980 166.54981758729465 67
1725351571999 166.51651344109064 68
1725351572018 166.4832166380971 69
1725351572039 166.4499271766257 70
1725351572066 166.41664505498835 71
1725351572090 166.38337027149748 72
1725351572121 166.35010282446586 73
1725351572139 166.3168427122067 74
1725351572177 166.28358993303348 75
1725351572206 166.25034448526023 76
1725351572225 166.21710636720132 77
1725351572245 166.1838755771715 78
1725351572270 166.150652113486 79
1725351572293 166.11743597446022 80
1725351572322 166.08422715841021 81
1725351572412 166.05102566365233 82
1725351572435 166.01783148850333 83
1725351572456 165.98464463128033 84
1725351572478 165.95146509030087 85
1725351572494 165.9182928638829 86
1725351572514 165.88512795034472 87
1725351572538 165.85197034800512 88
1725351572555 165.81882005518312 89
1725351572572 165.78567707019835 90
1725351572589 165.75254139137073 91
1725351572606 165.71941301702043 92
1725351572624 165.6862919454683 93
1725351572641 165.65317817503535 94
1725351572661 165.62007170404314 95
1725351572681 165.58697253081354 96
1725351572698 165.55388065366887 97
1725351572717 165.5207960709317 98
1725351572736 165.48771878092523 99
1725351572753 165.45464878197294 100
1725351572771 165.42158607239858 101
1725351572789 165.3885306505265 102
1725351572806 165.3554825146813 103
1725351572823 165.3224416631881 104
1725351572840 165.28940809437233 105
1725351572859 165.25638180655977 106
1725351572876 165.22336279807672 107
1725351572893 165.19035106724976 108
1725351572909 165.15734661240595 109
1725351572927 165.12434943187267 110
1725351572950 165.0913595239778 111
1725351572970 165.05837688704946 112
1725351572990 165.02540151941625 113
1725351573007 164.99243341940723 114
1725351573024 164.95947258535176 115
1725351573045 164.92651901557954 116
1725351573069 164.8935727084209 117
1725351573088 164.86063366220623 118
1725351573106 164.8277018752666 119
1725351573124 164.79477734593328 120
1725351573142 164.76186007253813 121
1725351573169 164.72895005341317 122
1725351573186 164.69604728689094 123
1725351573205 164.66315177130443 124
1725351573229 164.63026350498697 125
1725351573253 164.59738248627212 126
1725351573280 164.5645087134941 127
1725351573305 164.5316421849874 128
1725351573325 164.49878289908682 129
1725351573345 164.46593085412772 130
1725351573362 164.43308604844572 131
1725351573384 164.40024848037692 132
1725351573402 164.36741814825768 133
1725351573421 164.334595050425 134
1725351573441 164.30177918521593 135
1725351573464 164.26897055096822 136
1725351573483 164.23616914601988 137
1725351573506 164.20337496870926 138
1725351573526 164.1705880173752 139
1725351573545 164.13780829035684 140
1725351573568 164.1050357859938 141
1725351573586 164.07227050262608 142
1725351573612 164.039512438594 143
1725351573631 164.0067615922383 144
1725351573666 163.9740179619002 145
1725351573687 163.94128154592113 146
1725351573709 163.9085523426431 147
1725351573726 163.87583035040836 148
1725351573747 163.8431155675597 149
1725351573768 163.8104079924401 150
1725351573787 163.77770762339316 151
1725351573807 163.7450144587627 152
1725351573828 163.71232849689298 153
1725351573852 163.6796497361287 154
1725351573872 163.64697817481482 155
1725351573892 163.61431381129688 156
1725351573911 163.58165664392064 157
1725351573930 163.5490066710323 158
1725351573949 163.51636389097854 159
1725351573968 163.48372830210627 160
1725351573990 163.4510999027629 161
1725351574009 163.41847869129623 162
1725351574029 163.38586466605437 163
1725351574053 163.3532578253859 164
1725351574073 163.32065816763978 165
1725351574091 163.2880656911653 166
1725351574114 163.25548039431214 167
1725351574134 163.22290227543047 168
1725351574152 163.19033133287078 169
1725351574184 163.15776756498394 170
1725351574205 163.12521097012112 171
1725351574222 163.09266154663413 172
1725351574240 163.06011929287496 173
1725351574261 163.02758420719599 174
1725351574278 162.9950562879501 175
1725351574297 162.96253553349044 176
1725351574319 162.9300219421707 177
1725351574337 162.89751551234474 178
1725351574355 162.86501624236706 179
1725351574373 162.83252413059228 180
1725351574394 162.80003917537567 181
1725351574415 162.76756137507272 182
1725351574434 162.73509072803932 183
1725351574456 162.70262723263178 184
1725351574473 162.67017088720684 185
1725351574492 162.63772169012154 186
1725351574521 162.60527963973337 187
1725351574541 162.57284473440015 188
1725351574579 162.5404169724802 189
1725351574613 162.50799635233204 190
1725351574637 162.47558287231473 191
1725351574666 162.44317653078767 192
1725351574689 162.4107773261107 193
1725351574712 162.37838525664387 194
1725351574730 162.34600032074786 195
1725351574749 162.3136225167835 196
1725351574771 162.28125184311224 197
1725351574790 162.24888829809575 198
1725351574810 162.21653188009608 199
1725351574833 162.18418258747576 200
1725351574861 162.15184041859766 201
1725351574884 162.11950537182503 202
1725351574912 162.08717744552152 203
1725351574934 162.05485663805115 204
1725351574955 162.02254294777833 205
1725351574973 161.9902363730679 206
1725351574995 161.957936912285 207
1725351575019 161.92564456379517 208
1725351575041 161.8933593259644 209
1725351575066 161.86108119715902 210
1725351575087 161.82881017574582 211
1725351575154 161.7965462600918 212
1725351575200 161.76428944856448 213
1725351575231 161.73203973953173 214
1725351575255 161.69979713136186 215
1725351575283 161.66756162242348 216
1725351575307 161.63533321108557 217
1725351575332 161.60311189571763 218
1725351575354 161.57089767468938 219
1725351575375 161.53869054637107 220
1725351575394 161.5064905091332 221
1725351575413 161.47429756134673 222
1725351575431 161.442111701383 223
1725351575450 161.4099329276137 224
1725351575478 161.37776123841093 225
1725351575500 161.34559663214722 226
1725351575520 161.31343910719536 227
1725351575542 161.28128866192867 228
1725351575562 161.24914529472068 229
1725351575584 161.2170090039455 230
1725351575603 161.18487978797745 231
1725351575630 161.15275764519134 232
1725351575661 161.12064257396233 233
1725351575681 161.0885345726659 234
1725351575702 161.05643363967806 235
1725351575753 161.02433977337512 236
1725351575773 160.99225297213366 237
1725351575794 160.96017323433082 238
1725351575818 160.9281005583441 239
1725351575841 160.89603494255127 240
1725351575859 160.86397638533052 241
1725351575878 160.8319248850605 242
1725351575897 160.7998804401202 243
1725351575917 160.7678430488889 244
1725351575940 160.73581270974643 245
1725351575959 160.70378942107286 246
1725351575981 160.6717731812487 247
1725351576003 160.63976398865486 248
1725351576028 160.60776184167256 249
1725351576050 160.5757667386835 250
1725351576075 160.5437786780697 251
1725351576095 160.5117976582135 252
1725351576118 160.4798236774978 253
1725351576141 160.4478567343057 254
1725351576164 160.41589682702076 255
1725351576187 160.3839439540269 256
1725351576218 160.35199811370845 257
1725351576241 160.32005930445013 258
1725351576264 160.28812752463693 259
1725351576288 160.25620277265435 260
1725351576306 160.22428504688827 261
1725351576326 160.19237434572483 262
1725351576345 160.1604706675506 263
1725351576365 160.1285740107527 264
1725351576384 160.09668437371832 265
1725351576404 160.06480175483526 266
1725351576423 160.03292615249163 267
1725351576442 160.00105756507585 268
1725351576462 159.96919599097689 269
1725351576479 159.93734142858395 270
1725351576497 159.90549387628664 271
1725351576515 159.87365333247502 272
1725351576535 159.84181979553944 273
1725351576552 159.80999326387064 274
1725351576569 159.77817373585978 275
1725351576591 159.7463612098984 276
1725351576621 159.71455568437838 277
1725351576640 159.682757157692 278
1725351576665 159.65096562823194 279
1725351576695 159.6191810943912 280
1725351576726 159.5874035545632 281
1725351576748 159.55563300714175 282
1725351576765 159.52386945052098 283
1725351576782 159.49211288309547 284
1725351576799 159.46036330326015 285
1725351576829 159.42862070941027 286
1725351576846 159.39688509994158 287
1725351576862 159.36515647325007 288
1725351576882 159.33343482773225 289
1725351576902 159.30172016178486 290
1725351576926 159.2700124738051 291
1725351576946 159.23831176219062 292
1725351576963 159.20661802533925 293
1725351576983 159.17493126164936 294
1725351577005 159.14325146951967 295
1725351577051 159.1115786473492 296
1725351577076 159.0799127935374 297
1725351577095 159.04825390648418 298
1725351577121 159.0166019845897 299
1725351577140 158.98495702625453 300
1725351577172 158.9533190298796 301
1725351577210 158.92168799386624 302
1725351577232 158.89006391661624 303
1725351577254 158.85844679653164 304
1725351577278 158.82683663201487 305
1725351577297 158.79523342146882 306
1725351577318 158.76363716329666 307
1725351577338 158.73204785590204 308
1725351577355 158.7004654976888 309
1725351577373 158.66889008706138 310
1725351577390 158.63732162242454 311
1725351577405 158.60576010218327 312
1725351577423 158.57420552474306 313
1725351577441 158.54265788850978 314
1725351577464 158.51111719188964 315
1725351577484 158.4795834332892 316
1725351577515 158.44805661111545 317
1725351577542 158.41653672377575 318
1725351577566 158.3850237696778 319
1725351577589 158.35351774722966 320
1725351577609 158.32201865483987 321
1725351577633 158.29052649091716 322
1725351577655 158.25904125387083 323
1725351577678 158.22756294211047 324
1725351577699 158.196091554046 325
1725351577716 158.16462708808777 326
1725351577735 158.13316954264653 327
1725351577756 158.1017189161333 328
1725351577775 158.07027520695956 329
1725351577794 158.03883841353715 330
1725351577815 158.00740853427828 331
1725351577838 157.97598556759556 332
1725351577868 157.94456951190188 333
1725351577889 157.9131603656106 334
1725351577912 157.88175812713544 335
1725351577936 157.85036279489043 336
1725351577959 157.81897436729 337
1725351577977 157.78759284274906 338
1725351578000 157.75621821968272 339
1725351578020 157.72485049650658 340
1725351578059 157.6934896716366 341
1725351578080 157.66213574348905 342
1725351578103 157.6307887104806 343
1725351578127 157.59944857102835 344
1725351578153 157.5681153235497 345
1725351578183 157.5367889664625 346
1725351578207 157.50546949818482 347
1725351578238 157.4741569171353 348
1725351578271 157.44285122173284 349
1725351578288 157.4115524103967 350
1725351578314 157.38026048154654 351
1725351578341 157.34897543360242 352
1725351578367 157.31769726498476 353
1725351578391 157.28642597411428 354
1725351578418 157.25516155941216 355
1725351578442 157.22390401929994 356
1725351578465 157.19265335219947 357
1725351578488 157.16140955653302 358
1725351578513 157.13017263072325 359
1725351578535 157.09894257319314 360
1725351578557 157.06771938236608 361
1725351578582 157.03650305666577 362
1725351578606 157.00529359451644 363
1725351578635 156.97409099434242 364
1725351578659 156.9428952545687 365
1725351578681 156.91170637362043 366
1725351578701 156.88052434992326 367
1725351578734 156.84934918190316 368
1725351578753 156.81818086798643 369
1725351578775 156.7870194065998 370
1725351578796 156.75586479617033 371
1725351578817 156.7247170351255 372
1725351578839 156.69357612189316 373
1725351578861 156.66244205490142 374
1725351578882 156.6313148325789 375
1725351578900 156.6001944533545 376
1725351578924 156.56908091565754 377
1725351578942 156.53797421791768 378
1725351578964 156.50687435856494 379
1725351578984 156.4757813360298 380
1725351579003 156.44469514874294 381
1725351579029 156.41361579513557 382
1725351579047 156.38254327363916 383
1725351579069 156.35147758268562 384
1725351579086 156.32041872070727 385
1725351579104 156.2893666861366 386
1725351579124 156.2583214774067 387
1725351579141 156.22728309295084 388
1725351579161 156.19625153120285 389
1725351579180 156.16522679059673 390
1725351579199 156.13420886956703 391
1725351579217 156.10319776654856 392
1725351579247 156.07219347997648 393
1725351579279 156.04119600828642 394
1725351579304 156.01020534991426 395
1725351579339 155.9792215032963 396
1725351579360 155.94824446686926 397
1725351579382 155.91727423907022 398
1725351579408 155.88631081833648 399
1725351579432 155.85535420310586 400
1725351579459 155.82440439181653 401
1725351579480 155.793461382907 402
1725351579506 155.7625251748161 403
1725351579536 155.73159576598312 404
1725351579558 155.70067315484766 405
1725351579578 155.66975733984967 406
1725351579606 155.63884831942957 407
1725351579626 155.607946092028 408
1725351579645 155.57705065608607 409
1725351579666 155.5461620100452 410
1725351579688 155.5152801523473 411
1725351579713 155.48440508143443 412
1725351579734 155.4535367957492 413
1725351579759 155.42267529373447 414
1725351579779 155.3918205738336 415
1725351579802 155.3609726344902 416
1725351579825 155.33013147414823 417
1725351579850 155.29929709125219 418
1725351579871 155.2684694842467 419
1725351579887 155.2376486515769 420
1725351579906 155.2068345916883 421
1725351579925 155.17602730302673 422
1725351579945 155.14522678403839 423
1725351579965 155.11443303316983 424
1725351579987 155.083646048868 425
1725351580007 155.05286582958024 426
1725351580031 155.02209237375416 427
1725351580094 154.99132567983781 428
1725351580115 154.96056574627966 429
1725351580134 154.92981257152837 430
1725351580153 154.8990661540331 431
1725351580177 154.86832649224334 432
1725351580195 154.83759358460898 433
1725351580218 154.80686742958025 434
1725351580251 154.77614802560765 435
1725351580268 154.7454353711422 436
1725351580289 154.7147294646352 437
1725351580312 154.68403030453834 438
1725351580330 154.65333788930366 439
1725351580353 154.62265221738355 440
1725351580375 154.59197328723081 441
1725351580397 154.56130109729855 442
1725351580423 154.5306356460403 443
1725351580445 154.49997693190986 444
1725351580475 154.46932495336154 445
1725351580501 154.43867970884986 446
1725351580522 154.4080411968298 447
1725351580542 154.3774094157567 448
1725351580567 154.3467843640862 449
1725351580592 154.31616604027437 450
1725351580617 154.2855544427776 451
1725351580638 154.2549495700527 452
1725351580668 154.22435142055673 453
1725351580695 154.1937599927473 454
1725351580715 154.1631752850821 455
1725351580732 154.13259729601953 456
1725351580751 154.10202602401807 457
1725351580770 154.0714614675367 458
1725351580787 154.0409036250347 459
1725351580804 154.01035249497178 460
1725351580825 153.97980807580794 461
1725351580847 153.94927036600356 462
1725351580878 153.91873936401944 463
1725351580902 153.88821506831673 464
1725351580923 153.85769747735685 465
1725351580941 153.8271865896016 466
1725351580958 153.79668240351333 467
1725351580974 153.76618491755448 468
1725351580991 153.73569413018802 469
1725351581008 153.70521003987724 470
1725351581025 153.67473264508584 471
1725351581044 153.64426194427773 472
1725351581063 153.61379793591738 473
1725351581082 153.5833406184695 474
1725351581104 153.5528899903991 475
1725351581133 153.52244605017174 476
1725351581168 153.49200879625323 477
1725351581190 153.46157822710973 478
1725351581246 153.43115434120773 479
1725351581276 153.40073713701423 480
1725351581299 153.37032661299642 481
1725351581322 153.3399227676219 482
1725351581347 153.30952559935872 483
1725351581372 153.2791351066752 484
1725351581396 153.24875128804 485
1725351581418 153.21837414192223 486
1725351581439 153.18800366679127 487
1725351581461 153.157639861117 488
1725351581487 153.12728272336943 489
1725351581509 153.09693225201917 490
1725351581528 153.066588445537 491
1725351581546 153.0362513023942 492
1725351581566 153.00592082106232 493
1725351581593 152.9755970000133 494
1725351581613 152.94527983771945 495
1725351581637 152.91496933265344 496
1725351581732 152.88466548328825 497
1725351581761 152.8543682880973 498
1725351581776 152.82407774555426 499
