1725422737855 169.25480595599967 0
1725422737918 165.86681412879662 1
1725422737972 164.25524223920587 2
1725422738003 162.63188602728255 3
1725422738052 161.02660408861504 4
1725422738085 159.43568833781634 5
1725422738149 157.86214705118164 6
1725422738184 156.30313975096485 7
1725422738219 154.7602172201337 8
1725422738254 153.23217388490627 9
1725422738282 151.72001985623916 10
1725422738310 150.2223249567629 11
1725422738338 148.73976829778863 12
1725422738388 147.27214148892998 13
1725422738455 145.81875043478172 14
1725422738508 144.37995031958945 15
1725422738578 142.95573032191467 16
1725422738626 141.54495410108953 17
1725422738655 140.14871277977397 18
1725422738693 138.76683466361968 19
1725422738731 137.39811517173203 20
1725422738771 136.04238211527826 21
1725422738806 134.70114912621656 22
1725422738832 133.37312131781007 23
1725422738871 132.0579898469484 24
1725422738908 130.75614891419997 25
1725422738950 129.4670423321628 26
1725422738989 128.19107981407404 27
1725422739027 126.92766309179704 28
1725422739063 125.67671009557036 29
1725422739107 124.43777449949349 30
1725422739132 123.2118747671762 31
1725422739178 121.9979222222955 32
1725422739217 120.79544767283195 33
1725422739252 119.60562533408303 34
1725422739286 118.42755815359801 35
1725422739324 117.26088869490567 36
1725422739371 116.1060165361761 37
1725422739411 114.96236705274696 38
1725422739443 113.83070919788648 39
1725422739479 112.70960015883064 40
1725422739512 111.60025055555916 41
1725422739550 110.50139878560101 42
1725422739582 109.41330692119121 43
1725422739619 108.33667579881214 44
1725422739661 107.26997380756097 45
1725422739695 106.2140249503464 46
1725422739738 105.16897406274148 47
1725422739778 104.13454970259042 48
1725422739816 103.10950122002414 49
1725422739848 102.09536503119038 50
1725422739881 101.09086084925637 51
1725422739914 100.09656507579359 52
1725422739945 99.11185706886123 53
1725422740020 98.13718227551877 54
1725422740050 97.17190922209222 55
1725422740072 96.21666468985288 56
1725422740103 95.2699222077168 57
1725422740139 94.33342497415157 58
1725422740190 93.40637093851323 59
1725422740228 92.48829029800736 60
1725422740281 91.57909221231984 61
1725422740312 90.67922975035745 62
1725422740338 89.78787701881905 63
1725422740366 88.90521420809166 64
1725422740393 88.03123476328878 65
1725422740423 87.1669946698537 66
1725422740455 86.3106398580865 67
1725422740491 85.46270254767023 68
1725422740527 84.62335654112387 69
1725422740570 83.79243565825165 70
1725422740608 82.9695703851015 71
1725422740642 82.15399087618815 72
1725422740679 81.34782943597503 73
1725422740721 80.54885859735847 74
1725422740756 79.75828356693513 75
1725422740792 78.97526272855328 76
1725422740838 78.2004577071299 77
1725422740871 77.43245906070972 78
1725422740906 76.67220458517424 79
1725422740946 75.92024693737467 80
1725422740988 75.1753907054568 81
1725422741022 74.43780450407671 82
1725422741053 73.70764009503633 83
1725422741093 72.98474945414429 84
1725422741133 72.26846164159387 85
1725422741164 71.55973298417477 86
1725422741197 70.85789223314609 87
1725422741234 70.16333525231245 88
1725422741284 69.47546309887358 89
1725422741325 68.79387096572044 90
1725422741371 68.11973946401069 91
1725422741412 67.45202958427919 92
1725422741449 66.79064265167578 93
1725422741488 66.13652514569549 94
1725422741520 65.48830185034424 95
1725422741557 64.8464991216107 96
1725422741596 64.2116911166135 97
1725422741638 63.58217445815045 98
1725422741671 62.959043543325926 99
1725422741704 62.34290028906583 100
1725422741727 61.731996189562516 101
1725422741762 61.12778293412856 102
1725422741802 60.5289990558764 103
1725422741836 59.936322850801126 104
1725422741873 59.34956806393526 105
1725422741905 58.76878774687202 106
1725422741961 58.1931695771485 107
1725422741994 57.62409358940828 108
1725422742015 57.06018825852683 109
1725422742038 56.501841172425074 110
1725422742056 55.94864419146564 111
1725422742077 55.40123175261912 112
1725422742094 54.8594587240987 113
1725422742138 54.323073921626076 114
1725422742186 53.7915675324452 115
1725422742227 53.2657276773866 116
1725422742250 52.74497080783195 117
1725422742271 52.229072460472985 118
1725422742288 51.718622849881 119
1725422742306 51.21344024174359 120
1725422742321 50.71195703992946 121
1725422742338 50.21691450515926 122
1725422742356 49.72639812454398 123
1725422742381 49.24019167879445 124
1725422742405 48.75946725015369 125
1725422742422 48.28292148066437 126
1725422742442 47.81117388537721 127
1725422742465 47.34445599211524 128
1725422742503 46.882276652582604 129
1725422742524 46.424258708319904 130
1725422742552 45.971100279443874 131
1725422742574 45.52252823331808 132
1725422742595 45.078209615722436 133
1725422742622 44.63805630348612 134
1725422742643 44.20227498480522 135
1725422742664 43.77115343315923 136
1725422742682 43.344555999748266 137
1725422742703 42.92085812051119 138
1725422742724 42.50267081376877 139
1725422742747 42.08788538417795 140
1725422742770 41.677350238985724 141
1725422742788 41.27154355244442 142
1725422742811 40.86868891510523 143
1725422742827 40.47073214081695 144
1725422742849 40.07560931524057 145
1725422742881 39.68556736124951 146
1725422742905 39.298712550296536 147
1725422742927 38.91558453339872 148
1725422742946 38.537091058690734 149
1725422742967 38.16132313959814 150
1725422742990 37.789386159060136 151
1725422743011 37.4218138394036 152
1725422743027 37.05672570286773 153
1725422743047 36.6962872466221 154
1725422743067 36.33876146018101 155
1725422743084 35.985302421580464 156
1725422743104 35.635044439124435 157
1725422743138 35.28824671678323 158
1725422743185 34.94462453643642 159
1725422743222 34.604977226532554 160
1725422743256 34.268296291725 161
1725422743284 33.93469943289753 162
1725422743312 33.60467678779529 163
1725422743331 33.27832212487168 164
1725422743351 32.95456057648924 165
1725422743384 32.634443824590974 166
1725422743419 32.31709274332186 167
1725422743454 32.002008354870455 168
1725422743494 31.69184070412955 169
1725422743547 31.38409426921637 170
1725422743590 31.078632931086766 171
1725422743631 30.776965444365405 172
1725422743654 30.478363339691423 173
1725422743676 30.182231100889457 174
1725422743693 29.88909919531939 175
1725422743715 29.598678185012815 176
1725422743737 29.311551966648615 177
1725422743763 29.02733777492617 178
1725422743783 28.745890704173895 179
1725422743803 28.46639875064203 180
1725422743821 28.190443210689036 181
1725422743841 27.917014201499647 182
1725422743863 27.64648908902585 183
1725422743894 27.377469887758032 184
1725422743919 27.11265311408723 185
1725422743955 26.849929094693064 186
1725422743986 26.589858257595797 187
1725422744006 26.331437972637744 188
1725422744024 26.076816313527818 189
1725422744044 25.824107965212608 190
1725422744067 25.57405240881198 191
1725422744087 25.326203165547984 192
1725422744106 25.081093934826608 193
1725422744129 24.838287829211286 194
1725422744151 24.59784401051285 195
1725422744170 24.359390390760694 196
1725422744188 24.124242163535012 197
1725422744209 23.890393590329836 198
1725422744226 23.659402018572756 199
1725422744262 23.430441689564766 200
1725422744305 23.203579164440562 201
1725422744342 22.979568048720868 202
1725422744371 22.757228223641345 203
1725422744393 22.53719833869238 204
1725422744414 22.31978931372222 205
1725422744437 22.103615879569777 206
1725422744455 21.890149369892093 207
1725422744473 21.678900400913715 208
1725422744496 21.469648805230207 209
1725422744553 21.262222637034224 210
1725422744603 21.056595764795382 211
1725422744623 20.853624238437543 212
1725422744643 20.652512971893724 213
1725422744668 20.452818726542112 214
1725422744687 20.255658149194804 215
1725422744710 20.060732822513636 216
1725422744727 19.866641776515962 217
1725422744753 19.675238052190345 218
1725422744774 19.485476800844182 219
1725422744794 19.297600854554016 220
1725422744813 19.111882335806857 221
1725422744830 18.927544491935247 222
1725422744848 18.744966711282363 223
1725422744871 18.56470310596052 224
1725422744904 18.38613729444085 225
1725422744926 18.20861558078976 226
1725422744955 18.03373962095098 227
1725422744981 17.860095243936836 228
1725422745022 17.687816466393624 229
1725422745057 17.518044743727764 230
1725422745092 17.349761228867038 231
1725422745124 17.182715776098778 232
1725422745149 17.017262831292292 233
1725422745171 16.853883199843523 234
1725422745188 16.69194667130241 235
1725422745205 16.531284363018237 236
1725422745223 16.372271305844023 237
1725422745249 16.214958893877615 238
1725422745273 16.059571569754944 239
1725422745291 15.90515604949062 240
1725422745316 15.752331159285239 241
1725422745336 15.601550853173672 242
1725422745353 15.451391867956671 243
1725422745383 15.303466308571622 244
1725422745411 15.156440237737826 245
1725422745444 15.011399186746276 246
1725422745480 14.867162836181727 247
1725422745520 14.724737935233492 248
1725422745556 14.58388657236358 249
1725422745602 14.443690334413018 250
1725422745629 14.305641007712769 251
1725422745650 14.16864604330028 252
1725422745670 14.032844724027012 253
1725422745688 13.89834055979202 254
1725422745710 13.765784313523776 255
1725422745726 13.633507227935358 256
1725422745753 13.503179279172672 257
1725422745793 13.374357644214193 258
1725422745837 13.245974020117874 259
1725422745867 13.119723219321505 260
1725422745904 12.994239763916966 261
1725422745946 12.869934098672406 262
1725422745978 12.747211967391676 263
1725422746003 12.625435095565617 264
1725422746024 12.50485865823054 265
1725422746050 12.385604464225915 266
1725422746071 12.267178252186804 267
1725422746088 12.150132654022425 268
1725422746110 12.03446383065329 269
1725422746136 11.919802746216824 270
1725422746158 11.805810706602488 271
1725422746183 11.69332871841082 272
1725422746204 11.582264118354889 273
1725422746225 11.471865282387796 274
1725422746255 11.362007724391386 275
1725422746278 11.25428135476848 276
1725422746301 11.1467806716314 277
1725422746319 11.041103050992804 278
1725422746338 10.93625172456578 279
1725422746362 10.831628220942068 280
1725422746412 10.728934472619317 281
1725422746449 10.627153660269169 282
1725422746489 10.526083327975549 283
1725422746513 10.425711840154712 284
1725422746537 10.32693278866481 285
1725422746562 10.228909783364044 286
1725422746582 10.131755360300623 287
1725422746603 10.035311359642145 288
1725422746629 9.940397274197956 289
1725422746662 9.846281845605855 290
1725422746682 9.7524134275271 291
1725422746702 9.66020558231866 292
1725422746721 9.568681361283275 293
1725422746748 9.47763593879833 294
1725422746788 9.388332843209849 295
1725422746830 9.299113909723292 296
1725422746879 9.2110013382446 297
1725422746923 9.124211633134005 298
1725422746966 9.037602066644483 299
1725422747012 8.952128448339531 300
1725422747056 8.867516089607713 301
1725422747090 8.783634855932435 302
1725422747138 8.700963729691916 303
1725422747181 8.6185744328365 304
1725422747222 8.537065443324627 305
1725422747251 8.456833252306017 306
1725422747270 8.376846564252624 307
1725422747289 8.29774520093537 308
1725422747310 8.219727553684162 309
1725422747332 8.141701550195231 310
1725422747353 8.065560975762276 311
1725422747390 7.989598228965465 312
1725422747423 7.913327247770511 313
1725422747473 7.839630682479397 314
1725422747513 7.765962765898907 315
1725422747550 7.692418808834853 316
1725422747602 7.619819914170616 317
1725422747637 7.5489137705239004 318
1725422747656 7.477518954064803 319
1725422747680 7.407181560562673 320
1725422747702 7.3378877141444026 321
1725422747722 7.268844416029225 322
1725422747754 7.200745221687915 323
1725422747802 7.1329799011636394 324
1725422747836 7.065972443063272 325
1725422747869 7.000015427418163 326
1725422747903 6.934555535327339 327
1725422747936 6.869327326567555 328
1725422747975 6.80487221848121 329
1725422748003 6.741158387168718 330
1725422748021 6.678386499865927 331
1725422748042 6.615328748087306 332
1725422748061 6.553801296738255 333
1725422748080 6.492602847806678 334
1725422748102 6.43169891353097 335
1725422748126 6.371744386938987 336
1725422748150 6.312209225076222 337
1725422748171 6.2530822007932505 338
1725422748195 6.195217038859945 339
1725422748215 6.137155726847267 340
1725422748233 6.080046315415443 341
1725422748252 6.0231814263141015 342
1725422748270 5.967451207003611 343
1725422748285 5.911401799984717 344
1725422748302 5.856797256175317 345
1725422748322 5.802499700071941 346
1725422748344 5.748348038084635 347
1725422748362 5.694802795382837 348
1725422748406 5.641975294779859 349
1725422748441 5.58950722023439 350
1725422748474 5.537539103283042 351
1725422748501 5.48627647738322 352
1725422748524 5.435025997371217 353
1725422748548 5.38498636041029 354
1725422748570 5.335209952349604 355
1725422748594 5.285571407667995 356
1725422748615 5.2367460861801725 357
1725422748643 5.188539272298537 358
1725422748667 5.139937444473053 359
1725422748691 5.092629889074148 360
1725422748717 5.0459101311168215 361
1725422748735 4.999187779367134 362
1725422748762 4.952925526293724 363
1725422748784 4.907125562670943 364
1725422748805 4.862322848752485 365
1725422748832 4.817055116611485 366
1725422748852 4.772850815852525 367
1725422748887 4.729279301394245 368
1725422748921 4.685400274850312 369
1725422748953 4.641516153039833 370
1725422748986 4.599542482932917 371
1725422749009 4.556967490746147 372
1725422749035 4.515419080507629 373
1725422749057 4.4739466422787535 374
1725422749082 4.432686898220936 375
1725422749103 4.392124376689752 376
1725422749136 4.351552246762244 377
1725422749169 4.311925235684209 378
1725422749194 4.27249628640313 379
1725422749236 4.2332534792239365 380
1725422749261 4.194556876717595 381
1725422749288 4.15618594238824 382
1725422749312 4.118202164790186 383
1725422749335 4.080858469606998 384
1725422749356 4.043025936705381 385
1725422749388 4.00620353623635 386
1725422749407 3.9701524211086516 387
1725422749432 3.9336050772352835 388
1725422749456 3.8975757250895806 389
1725422749473 3.862022855545217 390
1725422749494 3.8272302932152593 391
1725422749519 3.7920161613402357 392
1725422749544 3.7579013263814374 393
1725422749562 3.723656049483444 394
1725422749581 3.6892688793574564 395
1725422749600 3.6562157676525984 396
1725422749622 3.623400979239315 397
1725422749645 3.590009264891054 398
1725422749669 3.5580779409545764 399
1725422749690 3.525598894074918 400
1725422749713 3.4932769689242558 401
1725422749732 3.462113747697082 402
1725422749769 3.4307110453018765 403
1725422749812 3.39977669544444 404
1725422749866 3.369217046389756 405
1725422749900 3.33870079112596 406
1725422749935 3.3088846574089024 407
1725422749972 3.2784234712300715 408
1725422750010 3.2489055314092803 409
1725422750044 3.220094460564353 410
1725422750091 3.190880229279479 411
1725422750123 3.1624409282262347 412
1725422750169 3.134186104866823 413
1725422750211 3.1055384439364584 414
1725422750242 3.0781550870815386 415
1725422750260 3.0501423224975603 416
1725422750280 3.0230116338186113 417
1725422750301 2.9961734936037523 418
1725422750319 2.9693023011583866 419
1725422750337 2.942516595268737 420
1725422750356 2.916210509600383 421
1725422750400 2.890754555090764 422
1725422750434 2.86410871636953 423
1725422750468 2.8389351110743584 424
1725422750495 2.8140670667876875 425
1725422750518 2.788361694375306 426
1725422750538 2.763727216447699 427
1725422750568 2.739330174624427 428
1725422750589 2.714797981090453 429
1725422750611 2.690475350101313 430
1725422750635 2.667117920549907 431
1725422750655 2.6432371989468657 432
1725422750678 2.6197036085864682 433
1725422750701 2.596631387013065 434
1725422750719 2.5741527532561754 435
1725422750740 2.550303455584564 436
1725422750768 2.528128988261135 437
1725422750789 2.5062734658294006 438
1725422750814 2.484165316587785 439
1725422750835 2.462171981937926 440
1725422750851 2.440597139199098 441
1725422750869 2.4191917512243775 442
1725422750887 2.397228859156259 443
1725422750918 2.3765400775831518 444
1725422750936 2.3559280456686227 445
1725422750952 2.3342803637621556 446
1725422750971 2.3147715354875156 447
1725422751001 2.2940227168116447 448
1725422751035 2.274095020272821 449
1725422751069 2.2543506291410207 450
1725422751102 2.2341224774203265 451
1725422751140 2.2151113537343705 452
1725422751177 2.195931460108565 453
1725422751217 2.1767001930379584 454
1725422751248 2.1576033901555407 455
1725422751269 2.1384381007284246 456
1725422751289 2.120647073894351 457
1725422751310 2.1022803145765168 458
1725422751335 2.083186328029049 459
1725422751359 2.0655343601741727 460
1725422751400 2.047844395107037 461
1725422751434 2.03001963979397 462
1725422751467 2.0125762714470214 463
1725422751497 1.9945293724690913 464
1725422751515 1.9778166719292287 465
1725422751535 1.9605197592665902 466
1725422751550 1.9438070496655964 467
1725422751569 1.9272132435351956 468
1725422751586 1.9102919882110754 469
1725422751615 1.8942785175621257 470
1725422751634 1.8779271686487968 471
1725422751650 1.8619731378495556 472
1725422751669 1.845952423158332 473
1725422751688 1.8299592188778238 474
1725422751710 1.814372857260181 475
1725422751728 1.7990371703866403 476
1725422751752 1.7837557692282942 477
1725422751798 1.7686576844177202 478
1725422751836 1.7536971155748176 479
1725422751868 1.7379277101567612 480
1725422751886 1.7240535658437999 481
1725422751906 1.7089593309844964 482
1725422751922 1.6945824655085358 483
1725422751944 1.6804104747009367 484
1725422751967 1.6659877419804168 485
1725422751991 1.6516312568598783 486
1725422752037 1.6379860734017442 487
1725422752070 1.6241714437091377 488
1725422752101 1.6106573019986565 489
1725422752122 1.5970997424965692 490
1725422752149 1.5837746193372377 491
1725422752169 1.5701364623725973 492
1725422752188 1.5570727404630218 493
1725422752211 1.5443414245526448 494
1725422752235 1.5309826750674163 495
1725422752278 1.5185862914872943 496
1725422752318 1.5061212744661332 497
1725422752350 1.4931905328083945 498
1725422752380 1.4809941589862867 499
