1725388129519 2224013.0189192165 0
1725388129588 2.183762318951331e+19 1
1725388129665 3.6941817806116367e+27 2
1725388129733 1.22356231410439e+41 3
1725388129799 1.4926214934841268e+52 4
1725388129868 3.0814329497795804e+64 5
1725388129934 9.793112342366986e+71 6
1725388130007 1.1009285973236865e+83 7
1725388130074 4.6203613125601306e+92 8
1725388130141 2.3787154216818077e+106 9
1725388130207 1.7751312458823523e+117 10
1725388130277 9.310824369290383e+129 11
1725388130336 2.15644916776497e+142 12
1725388130398 5.305522968716461e+155 13
1725388130472 5.428123762506265e+163 14
1725388130541 5.263651875060041e+172 15
1725388130610 2.9961812161621737e+189 16
1725388130683 8.394981407060156e+200 17
1725388130755 2.987305008536647e+210 18
1725388130814 1.0476170235474498e+226 19
1725388130871 9.333137326227555e+227 20
1725388130937 1.0903834547074222e+241 21
1725388131000 4.579316192704545e+250 22
1725388131069 5.6293630428360746e+262 23
1725388131135 9.372629196871099e+273 24
1725388131213 2.0425270173949155e+282 25
1725388131352 1.4183800196284827e+296 26
1725388131419 4.180872262538973e+307 27
1725388131490 inf 28
