1725386629720 159.3898245935913 0
1725386629740 140.17409573491187 1
1725386629764 136.21520408031031 2
1725386629776 119.8506090101465 3
1725386629790 112.16426346100802 4
1725386629802 101.9182048831506 5
1725386629813 96.60314444896856 6
1725386629830 87.36069899647757 7
1725386629847 80.02244293714608 8
1725386629867 67.9061111378465 9
1725386629883 66.51323211582279 10
1725386629909 58.6431211264452 11
1725386629927 56.306442641218645 12
1725386629952 47.31426172345301 13
1725386629970 45.32158088166985 14
1725386629985 40.854404851943855 15
1725386630006 39.287530227552445 16
1725386630024 35.55379749606192 17
1725386630047 32.903245202379935 18
1725386630070 29.988582113211038 19
1725386630084 26.48391546499058 20
1725386630098 25.064055079835654 21
1725386630110 22.453171141452653 22
1725386630128 21.601468897469058 23
1725386630146 18.47844679016714 24
1725386630158 17.392577545268846 25
1725386630174 15.643693913008489 26
1725386630188 14.867622411234194 27
1725386630202 12.594655993570381 28
1725386630216 11.850342335775228 29
1725386630242 11.179092090813965 30
1725386630260 10.43586227668839 31
1725386630277 9.007410110899583 32
1725386630294 9.49508035617717 33
1725386630312 7.865979936052207 34
1725386630331 7.08770452340257 35
1725386630350 6.527680233573038 36
1725386630368 6.224994548056572 37
1725386630384 6.224479649780714 38
1725386630404 5.049307316393849 39
1725386630423 5.051743142289425 40
1725386630445 4.4057531287237985 41
1725386630470 4.327301515185586 42
1725386630496 3.725164137266844 43
1725386630512 3.273518229005532 44
1725386630531 3.2586184838782066 45
1725386630549 3.371716576869009 46
1725386630562 2.903924828620165 47
1725386630576 2.538665875913957 48
1725386630590 2.7607460303014855 49
1725386630616 2.157000302645217 50
1725386630639 1.9566568449719686 51
1725386630660 1.9379060308563316 52
1725386630677 1.5192981211318537 53
1725386630691 1.6394078729343136 54
1725386630707 1.3707839479461486 55
1725386630727 1.3069788041170765 56
1725386630746 1.4866840428633128 57
1725386630762 1.3229313866322288 58
1725386630782 1.1001495070361875 59
1725386630802 1.0483532783254799 60
1725386630822 0.9824342673585045 61
1725386630844 0.9780141160877001 62
1725386630874 0.8674191586767284 63
1725386630913 0.8241129362329891 64
1725386630943 0.7427355032871844 65
1725386630972 0.7115791194635954 66
1725386630987 0.7039793719404427 67
1725386631005 0.6690946541893033 68
1725386631018 0.5232496412537965 69
1725386631030 0.5964599159901502 70
1725386631045 0.45920939476590156 71
1725386631061 0.5221730319533926 72
1725386631084 0.44718611819428955 73
1725386631105 0.43072035000214964 74
1725386631122 0.4251642749894866 75
1725386631142 0.36553341904992376 76
1725386631160 0.4697741974006036 77
1725386631177 0.3367615806845941 78
1725386631198 0.33749379630723925 79
1725386631249 0.3198656981072588 80
1725386631271 0.3154942303657082 81
1725386631289 0.2770564029238237 82
1725386631307 0.29656606254077444 83
1725386631326 0.22249772411467678 84
1725386631341 0.28051255695452865 85
1725386631355 0.17300406205197227 86
1725386631369 0.31852632316049595 87
1725386631391 0.2667708357497368 88
1725386631402 0.23553140327616784 89
1725386631414 0.21855731014428592 90
1725386631426 0.2059622822507946 91
1725386631439 0.27305851538921716 92
1725386631452 0.3008338288245543 93
1725386631466 0.25421504450144994 94
1725386631484 0.22089733982961654 95
1725386631502 0.16955760957981053 96
1725386631522 0.18769796446965503 97
1725386631538 0.2744461088863966 98
1725386631550 0.14767179951248985 99
1725386631564 0.18752569929997967 100
1725386631576 0.18537870868174633 101
1725386631596 0.2521104325414687 102
1725386631620 0.2527434142338202 103
1725386631640 0.14829790773561788 104
1725386631669 0.1226171991305027 105
1725386631686 0.20814063484262305 106
1725386631702 0.17667787660677872 107
1725386631722 0.19763565389663995 108
1725386631748 0.15387995894959158 109
1725386631769 0.13290258634897997 110
1725386631793 0.15482039277704515 111
1725386631805 0.1612144915044856 112
1725386631818 0.11870345777641372 113
1725386631834 0.17935688897559288 114
1725386631858 0.20102725629536927 115
1725386631875 0.11657870652531199 116
1725386631895 0.0933159813291678 117
1725386631914 0.11357401278479987 118
1725386631930 0.24068251501688415 119
1725386631946 0.09820255943240253 120
1725386631957 0.18223520655405379 121
1725386632018 0.10889421294948913 122
1725386632077 0.10950769312150992 123
1725386632106 0.15787991006042318 124
1725386632123 0.17479047988061477 125
1725386632141 0.15221751229996283 126
1725386632159 0.1097593869226758 127
1725386632174 0.133431285543957 128
1725386632189 0.1330212875168031 129
1725386632201 0.15696891117574474 130
1725386632213 0.14233761605915252 131
1725386632237 0.1523167276772555 132
1725386632254 0.10866253572314086 133
1725386632275 0.12973403818926288 134
1725386632301 0.08348124105355191 135
1725386632343 0.12934690988269884 136
1725386632374 0.13116293625086747 137
1725386632419 0.26812299194039224 138
1725386632448 0.2160856164211202 139
1725386632474 0.12680705261277503 140
1725386632508 0.18106281275765082 141
1725386632539 0.15871405169547476 142
1725386632565 0.10042576150650781 143
1725386632591 0.18881125284150949 144
1725386632614 0.13865666846689292 145
1725386632640 0.1295134772936149 146
1725386632665 0.18298030675298577 147
1725386632690 0.1156526649922426 148
1725386632715 0.16025770131964256 149
1725386632742 0.11301809907566632 150
1725386632768 0.17071772363028656 151
1725386632794 0.12888998805038684 152
1725386632823 0.12342114333581908 153
1725386632850 0.15596224634231765 154
1725386632876 0.15183162343220136 155
1725386632905 0.15941731803054965 156
1725386632935 0.14712792651903953 157
1725386632964 0.13547851468097447 158
1725386632995 0.14443046376509194 159
1725386633022 0.1314894330035743 160
1725386633052 0.17883358213797493 161
1725386633079 0.10483633003816989 162
1725386633106 0.1301307480805764 163
1725386633131 0.09425099196885897 164
1725386633156 0.1261028169797074 165
1725386633182 0.15815629635452766 166
1725386633207 0.17116264087329747 167
1725386633233 0.11598499138905388 168
1725386633259 0.12119296609657104 169
1725386633287 0.1312618529920385 170
1725386633313 0.18151438863900438 171
1725386633337 0.10103017329542442 172
1725386633362 0.13542384463118023 173
1725386633387 0.17049442111416807 174
1725386633413 0.07863339077835012 175
1725386633440 0.07951233470895144 176
1725386633465 0.09681645640579081 177
1725386633489 0.15211615918913463 178
1725386633514 0.1648307709679537 179
1725386633538 0.1682927893407101 180
1725386633563 0.09774324287146299 181
1725386633590 0.11859984106820562 182
1725386633621 0.0754218472893386 183
1725386633645 0.1407757581629414 184
1725386633675 0.11259099847338293 185
1725386633705 0.14562980143851875 186
1725386633736 0.16101222642520657 187
1725386633762 0.10437665074132825 188
1725386633792 0.1750095099386863 189
1725386633816 0.1662175136016101 190
1725386633842 0.12062720971059725 191
1725386633867 0.166035051215699 192
1725386633892 0.12516484671104117 193
1725386633917 0.09925741426496128 194
1725386633942 0.2078694120683409 195
1725386633968 0.1237271951240059 196
1725386634003 0.14702033899071212 197
1725386634029 0.13180146938897558 198
1725386634054 0.0964994493756469 199
1725386634081 0.12713554919221146 200
1725386634105 0.09773612237266777 201
1725386634137 0.14863871920712554 202
1725386634166 0.14970621268847825 203
1725386634195 0.13162460506778498 204
1725386634222 0.14401697373014313 205
1725386634247 0.16605882875440467 206
1725386634271 0.1371036189508233 207
1725386634296 0.14398417647415934 208
1725386634320 0.15195457129854653 209
1725386634349 0.15418464846201124 210
1725386634379 0.09291621334938209 211
1725386634408 0.14704544506195807 212
1725386634434 0.12614638200265277 213
1725386634456 0.11313727738702507 214
1725386634483 0.17218138865959873 215
1725386634509 0.09541594318889869 216
1725386634534 0.19639515766694535 217
1725386634559 0.14467806624632218 218
1725386634585 0.09967736569729937 219
1725386634611 0.06985477521227391 220
1725386634635 0.10465213001950716 221
1725386634661 0.1639386348688497 222
1725386634693 0.1828758650416322 223
1725386634720 0.09142239838546636 224
1725386634750 0.13791332664198605 225
1725386634779 0.18964452888483452 226
1725386634804 0.18307845164243813 227
1725386634830 0.09728879523886326 228
1725386634858 0.12363257550868284 229
1725386634887 0.1365101475241716 230
1725386634912 0.15260114392062868 231
1725386634936 0.1230451220332131 232
1725386634962 0.098687342966157 233
1725386634987 0.10984120197684874 234
1725386635019 0.12553563526048542 235
1725386635051 0.14579092331654664 236
1725386635082 0.16788048391471502 237
1725386635110 0.11237631573402053 238
1725386635135 0.16058488374198154 239
1725386635161 0.16855150986841783 240
1725386635188 0.09795743509530769 241
1725386635210 0.19795582282472085 242
1725386635232 0.12983710981151297 243
1725386635256 0.11824537158172246 244
1725386635282 0.20347974891248155 245
1725386635307 0.09271092019957544 246
1725386635333 0.10943660759936251 247
1725386635374 0.14416218780953136 248
1725386635400 0.13123499852479623 249
1725386635423 0.13370388576093895 250
1725386635446 0.12635300645596337 251
1725386635468 0.17564215305666542 252
1725386635491 0.14405092557062044 253
1725386635516 0.1556142567891288 254
1725386635544 0.12491648962074103 255
1725386635567 0.11834191862794327 256
1725386635595 0.2597222840628469 257
1725386635620 0.12318121773611077 258
1725386635645 0.13996591916315837 259
1725386635668 0.18062135424703313 260
1725386635694 0.06464196124505296 261
1725386635719 0.10576769974056598 262
1725386635746 0.13077392431574433 263
1725386635773 0.1526775822127451 264
1725386635799 0.15957829609893648 265
1725386635826 0.1353270245727275 266
1725386635854 0.08035514377349921 267
1725386635879 0.10814447306662157 268
1725386635903 0.12306352481344884 269
1725386635929 0.12894198429478293 270
1725386635953 0.16158520052793685 271
1725386635981 0.17226354422479506 272
1725386636014 0.10668042919217721 273
1725386636033 0.20404432682384196 274
1725386636060 0.15803861468234792 275
1725386636083 0.192311320606816 276
1725386636113 0.10719561144765898 277
1725386636143 0.1358715022576209 278
1725386636169 0.12533856585859132 279
1725386636194 0.12277087873170255 280
1725386636220 0.17111527150003378 281
1725386636246 0.14386646863851216 282
1725386636272 0.13065313968174067 283
1725386636298 0.11485162354005454 284
1725386636324 0.15467359412400636 285
1725386636350 0.15594646801475961 286
1725386636375 0.1348690280615215 287
1725386636401 0.11955255468461573 288
1725386636426 0.19225311020847727 289
1725386636451 0.12849476779375818 290
1725386636484 0.13036127666152453 291
1725386636509 0.12853749221181981 292
1725386636535 0.15148854382186572 293
1725386636561 0.12746101151361708 294
1725386636591 0.2118326600270598 295
1725386636616 0.26243189201391515 296
1725386636642 0.15134288694671522 297
1725386636667 0.162324275640519 298
1725386636693 0.1839293549137226 299
1725386636718 0.14108163918690828 300
1725386636745 0.14766895909970254 301
1725386636772 0.16940761132106524 302
1725386636800 0.1500776497954705 303
