1725352537785 168.79801204511594 0
1725352537811 168.78058632654268 1
1725352537830 168.763688872251 2
1725352537850 168.74679324919663 3
1725352537868 168.72989948989726 4
1725352537888 168.71300759413649 5
1725352537909 168.69611756170005 6
1725352537933 168.67922939237354 7
1725352537971 168.66234308594287 8
1725352538022 168.64545864219366 9
1725352538054 168.6285760609118 10
1725352538082 168.61169534188303 11
1725352538102 168.5948164848932 12
1725352538122 168.5779394897282 13
1725352538150 168.56106435617394 14
1725352538169 168.54419108401626 15
1725352538192 168.52731967304118 16
1725352538220 168.5104501230346 17
1725352538242 168.49358243378256 18
1725352538259 168.47671660507106 19
1725352538278 168.45985263668615 20
1725352538296 168.44299052841387 21
1725352538315 168.4261302800403 22
1725352538335 168.40927189135164 23
1725352538356 168.39241536213393 24
1725352538378 168.37556069217342 25
1725352538398 168.3587078812562 26
1725352538426 168.3418569291686 27
1725352538470 168.32500783569682 28
1725352538490 168.3081606006271 29
1725352538513 168.29131522374576 30
1725352538534 168.27447170483913 31
1725352538554 168.25763004369352 32
1725352538574 168.24079024009532 33
1725352538595 168.22395229383088 34
1725352538617 168.20711620468668 35
1725352538633 168.19028197244916 36
1725352538651 168.1734495969048 37
1725352538674 168.15661907784002 38
1725352538691 168.13979041504135 39
1725352538712 168.1229636082954 40
1725352538734 168.1061386573887 41
1725352538757 168.08931556210786 42
1725352538777 168.07249432223946 43
1725352538794 168.05567493757022 44
1725352538813 168.03885740788675 45
1725352538834 168.02204173297577 46
1725352538853 168.00522791262395 47
1725352538872 167.98841594661812 48
1725352538894 167.971605834745 49
1725352538913 167.95479757679135 50
1725352538938 167.9379911725441 51
1725352538974 167.92118662179 52
1725352539007 167.90438392431597 53
1725352539030 167.8875830799088 54
1725352539052 167.87078408835558 55
1725352539075 167.85398694944317 56
1725352539098 167.8371916629585 57
1725352539125 167.82039822868867 58
1725352539146 167.8036066464206 59
1725352539181 167.7868169159414 60
1725352539205 167.7700290370381 61
1725352539245 167.75324300949782 62
1725352539318 167.7364588331077 63
1725352539337 167.71967650765484 64
1725352539355 167.70289603292647 65
1725352539376 167.68611740870975 66
1725352539398 167.6693406347919 67
1725352539416 167.65256571096015 68
1725352539437 167.63579263700186 69
1725352539458 167.6190214127042 70
1725352539480 167.60225203785456 71
1725352539504 167.5854845122403 72
1725352539526 167.56871883564878 73
1725352539547 167.55195500786738 74
1725352539567 167.53519302868352 75
1725352539588 167.5184328978847 76
1725352539607 167.50167461525834 77
1725352539625 167.48491818059196 78
1725352539646 167.46816359367307 79
1725352539673 167.4514108542892 80
1725352539693 167.43465996222798 81
1725352539713 167.41791091727697 82
1725352539737 167.40116371922377 83
1725352539759 167.38441836785609 84
1725352539780 167.3676748629615 85
1725352539797 167.35093320432784 86
1725352539817 167.3341933917427 87
1725352539836 167.3174554249939 88
1725352539854 167.30071930386922 89
1725352539873 167.28398502815642 90
1725352539891 167.26725259764328 91
1725352539908 167.25052201211778 92
1725352539929 167.2337932713677 93
1725352539955 167.21706637518093 94
1725352539976 167.2003413233454 95
1725352539995 167.1836181156491 96
1725352540016 167.16689675187996 97
1725352540038 167.150177231826 98
1725352540059 167.13345955527527 99
1725352540076 167.11674372201574 100
1725352540098 167.10002973183555 101
1725352540116 167.08331758452275 102
1725352540134 167.06660727986548 103
1725352540154 167.04989881765192 104
1725352540172 167.0331921976702 105
1725352540193 167.0164874197085 106
1725352540218 166.99978448355512 107
1725352540247 166.98308338899827 108
1725352540289 166.96638413582616 109
1725352540312 166.94968672382714 110
1725352540340 166.93299115278955 111
1725352540361 166.91629742250174 112
1725352540385 166.89960553275202 113
1725352540426 166.88291548332884 114
1725352540446 166.86622727402056 115
1725352540465 166.84954090461574 116
1725352540483 166.83285637490272 117
1725352540500 166.8161736846701 118
1725352540521 166.79949283370638 119
1725352540542 166.78281382180006 120
1725352540560 166.7661366487397 121
1725352540580 166.74946131431398 122
1725352540602 166.73278781831144 123
1725352540626 166.71611616052078 124
1725352540653 166.69944634073065 125
1725352540678 166.68277835872973 126
1725352540700 166.66611221430674 127
1725352540720 166.64944790725048 128
1725352540739 166.63278543734964 129
1725352540762 166.61612480439305 130
1725352540785 166.5994660081696 131
1725352540804 166.58280904846802 132
1725352540829 166.5661539250772 133
1725352540856 166.54950063778608 134
1725352540878 166.53284918638354 135
1725352540902 166.51619957065859 136
1725352540923 166.49955179040012 137
1725352540953 166.48290584539717 138
1725352540978 166.46626173543876 139
1725352541001 166.44961946031387 140
1725352541024 166.43297901981165 141
1725352541044 166.41634041372114 142
1725352541067 166.39970364183148 143
1725352541088 166.3830687039318 144
1725352541113 166.3664355998113 145
1725352541131 166.34980432925914 146
1725352541156 166.33317489206456 147
1725352541175 166.31654728801678 148
1725352541195 166.29992151690504 149
1725352541256 166.2832975785187 150
1725352541278 166.26667547264702 151
1725352541300 166.25005519907938 152
1725352541325 166.23343675760512 153
1725352541352 166.21682014801365 154
1725352541378 166.20020537009435 155
1725352541405 166.1835924236367 156
1725352541427 166.16698130843017 157
1725352541449 166.1503720242642 158
1725352541463 166.13376457092835 159
1725352541487 166.11715894821214 160
1725352541513 166.10055515590514 161
1725352541535 166.08395319379696 162
1725352541557 166.06735306167715 163
1725352541584 166.05075475933543 164
1725352541609 166.0341582865614 165
1725352541630 166.01756364314477 166
1725352541682 166.00097082887527 167
1725352541730 165.9843798435426 168
1725352541771 165.96779068693658 169
1725352541795 165.95120335884693 170
1725352541812 165.9346178590635 171
1725352541835 165.91803418737612 172
1725352541857 165.90145234357468 173
1725352541877 165.884872327449 174
1725352541898 165.868294138789 175
1725352541923 165.85171777738472 176
1725352541942 165.83514324302598 177
1725352541962 165.81857053550286 178
1725352541980 165.80199965460534 179
1725352541999 165.78543060012345 180
1725352542021 165.76886337184723 181
1725352542041 165.75229796956683 182
1725352542061 165.73573439307228 183
1725352542077 165.71917264215378 184
1725352542092 165.70261271660144 185
1725352542111 165.68605461620544 186
1725352542129 165.66949834075604 187
1725352542157 165.6529438900434 188
1725352542178 165.63639126385786 189
1725352542201 165.61984046198964 190
1725352542224 165.60329148422903 191
1725352542244 165.58674433036646 192
1725352542272 165.57019900019216 193
1725352542289 165.55365549349662 194
1725352542310 165.53711381007014 195
1725352542336 165.52057394970322 196
1725352542358 165.50403591218634 197
1725352542378 165.48749969730991 198
1725352542400 165.47096530486445 199
1725352542424 165.45443273464053 200
1725352542444 165.43790198642864 201
1725352542470 165.42137306001942 202
1725352542496 165.40484595520343 203
1725352542520 165.38832067177128 204
1725352542542 165.37179720951374 205
1725352542562 165.35527556822132 206
1725352542583 165.33875574768481 207
1725352542607 165.32223774769497 208
1725352542626 165.30572156804246 209
1725352542655 165.2892072085181 210
1725352542679 165.27269466891272 211
1725352542700 165.25618394901707 212
1725352542728 165.23967504862208 213
1725352542746 165.22316796751855 214
1725352542766 165.20666270549742 215
1725352542785 165.19015926234962 216
1725352542804 165.17365763786609 217
1725352542822 165.15715783183776 218
1725352542845 165.14065984405568 219
1725352542868 165.1241636743109 220
1725352542889 165.10766932239434 221
1725352542911 165.09117678809721 222
1725352542935 165.07468607121046 223
1725352542957 165.05819717152536 224
1725352542976 165.04171008883299 225
1725352542996 165.0252248229245 226
1725352543016 165.00874137359108 227
1725352543037 164.99225974062395 228
1725352543057 164.97577992381443 229
1725352543078 164.95930192295364 230
1725352543097 164.94282573783306 231
1725352543116 164.92635136824381 232
1725352543137 164.90987881397737 233
1725352543159 164.89340807482503 234
1725352543178 164.8769391505782 235
1725352543201 164.86047204102832 236
1725352543230 164.84400674596685 237
1725352543252 164.82754326518517 238
1725352543282 164.8110815984748 239
1725352543303 164.79462174562732 240
1725352543323 164.77816370643413 241
1725352543342 164.76170748068694 242
1725352543361 164.74525306817725 243
1725352543385 164.72880046869665 244
1725352543407 164.71234968203686 245
1725352543431 164.6959007079895 246
1725352543457 164.6794535463462 247
1725352543479 164.66300819689874 248
1725352543497 164.64656465943884 249
1725352543517 164.63012293375826 250
1725352543542 164.61368301964876 251
1725352543567 164.59724491690213 252
1725352543595 164.58080862531025 253
1725352543618 164.56437414466498 254
1725352543637 164.54794147475815 255
1725352543655 164.53151061538168 256
1725352543678 164.5150815663275 257
1725352543707 164.49865432738758 258
1725352543726 164.4822288983539 259
1725352543746 164.46580527901847 260
1725352543764 164.44938346917328 261
1725352543787 164.4329634686104 262
1725352543807 164.41654527712194 263
1725352543827 164.40012889449994 264
1725352543848 164.38371432053654 265
1725352543872 164.36730155502394 266
1725352543891 164.35089059775427 267
1725352543916 164.33448144851974 268
1725352543937 164.31807410711255 269
1725352543957 164.301668573325 270
1725352543975 164.28526484694927 271
1725352543994 164.26886292777777 272
1725352544013 164.25246281560277 273
1725352544032 164.23606451021655 274
1725352544057 164.2196680114116 275
1725352544075 164.20327331898025 276
1725352544097 164.1868804327149 277
1725352544120 164.17048935240805 278
1725352544145 164.15410007785212 279
1725352544171 164.1377126088396 280
1725352544190 164.12132694516308 281
1725352544207 164.10494308661498 282
1725352544226 164.08856103298797 283
1725352544253 164.0721807840746 284
1725352544282 164.05580233966742 285
1725352544304 164.03942569955922 286
1725352544326 164.02305086354252 287
1725352544345 164.0066778314101 288
1725352544364 163.9903066029546 289
1725352544384 163.9739371779688 290
1725352544406 163.95756955624546 291
1725352544425 163.94120373757733 292
1725352544445 163.92483972175725 293
1725352544467 163.90847750857807 294
1725352544490 163.89211709783262 295
1725352544510 163.8757584893138 296
1725352544533 163.85940168281445 297
1725352544561 163.84304667812762 298
1725352544586 163.82669347504614 299
1725352544612 163.8103420733631 300
1725352544637 163.79399247287145 301
1725352544655 163.77764467336422 302
1725352544675 163.76129867463447 303
1725352544695 163.74495447647524 304
1725352544732 163.72861207867973 305
1725352544760 163.71227148104094 306
1725352544789 163.69593268335214 307
1725352544810 163.6795956854064 308
1725352544836 163.66326048699702 309
1725352544861 163.64692708791713 310
1725352544883 163.63059548796005 311
1725352544907 163.61426568691897 312
1725352544926 163.5979376845873 313
1725352544955 163.58161148075826 314
1725352544994 163.56528707522523 315
1725352545017 163.5489644677816 316
1725352545037 163.53264365822074 317
1725352545056 163.51632464633607 318
1725352545079 163.50000743192103 319
1725352545106 163.48369201476913 320
1725352545127 163.46737839467374 321
1725352545152 163.45106657142856 322
1725352545178 163.43475654482697 323
1725352545198 163.4184483146626 324
1725352545218 163.40214188072906 325
1725352545244 163.38583724281992 326
1725352545266 163.36953440072884 327
1725352545299 163.35323335424945 328
1725352545324 163.33693410317548 329
1725352545338 163.3206366473006 330
1725352545348 163.30434098641857 331
1725352545357 163.28804712032314 332
1725352545367 163.27175504880807 333
1725352545376 163.25546477166722 334
1725352545385 163.2391762886944 335
1725352545394 163.22288959968344 336
1725352545405 163.20660470442823 337
1725352545413 163.1903216027227 338
1725352545422 163.17404029436074 339
1725352545429 163.15776077913628 340
1725352545440 163.14148305684338 341
1725352545455 163.125207127276 342
1725352545471 163.10893299022817 343
1725352545487 163.09266064549388 344
1725352545509 163.0763900928673 345
1725352545527 163.0601213321425 346
1725352545553 163.04385436311358 347
1725352545582 163.02758918557464 348
1725352545602 163.01132579931996 349
1725352545623 162.99506420414366 350
1725352545640 162.97880439983993 351
1725352545660 162.96254638620312 352
1725352545677 162.9462901630274 353
1725352545697 162.93003573010714 354
1725352545709 162.91378308723657 355
1725352545720 162.8975322342101 356
1725352545729 162.8812831708221 357
1725352545741 162.86503589686686 358
1725352545755 162.84879041213887 359
1725352545766 162.83254671643257 360
1725352545778 162.8163048095424 361
1725352545793 162.80006469126292 362
1725352545802 162.7838263613885 363
1725352545812 162.76758981971375 364
1725352545824 162.75135506603323 365
1725352545834 162.73512210014155 366
1725352545844 162.71889092183324 367
1725352545854 162.702661530903 368
1725352545863 162.68643392714543 369
1725352545871 162.67020811035528 370
1725352545879 162.65398408032715 371
1725352545887 162.63776183685587 372
1725352545895 162.62154137973616 373
1725352545903 162.60532270876274 374
1725352545914 162.58910582373048 375
1725352545928 162.57289072443416 376
1725352545937 162.55667741066864 377
1725352545957 162.5404658822288 378
1725352545982 162.52425613890955 379
1725352546005 162.50804818050577 380
1725352546026 162.49184200681245 381
1725352546045 162.4756376176245 382
1725352546065 162.45943501273698 383
1725352546089 162.44323419194487 384
1725352546114 162.4270351550432 385
1725352546147 162.41083790182702 386
1725352546168 162.3946424320915 387
1725352546194 162.3784487456317 388
1725352546215 162.36225684224274 389
1725352546233 162.3460667217198 390
1725352546251 162.32987838385807 391
1725352546277 162.31369182845276 392
1725352546307 162.29750705529912 393
1725352546327 162.28132406419235 394
1725352546348 162.2651428549278 395
1725352546363 162.2489634273007 396
1725352546381 162.2327857811065 397
1725352546395 162.21660991614044 398
1725352546414 162.2004358321979 399
1725352546440 162.18426352907437 400
1725352546461 162.16809300656524 401
1725352546480 162.15192426446592 402
1725352546502 162.13575730257193 403
1725352546527 162.11959212067873 404
1725352546546 162.10342871858188 405
1725352546573 162.0872670960769 406
1725352546596 162.07110725295942 407
1725352546617 162.05494918902494 408
1725352546639 162.03879290406914 409
1725352546658 162.02263839788765 410
1725352546679 162.00648567027613 411
1725352546702 161.99033472103028 412
1725352546716 161.9741855499458 413
1725352546726 161.95803815681845 414
1725352546736 161.941892541444 415
1725352546747 161.9257487036182 416
1725352546756 161.90960664313693 417
1725352546766 161.89346635979595 418
1725352546775 161.87732785339114 419
1725352546784 161.86119112371838 420
1725352546793 161.84505617057363 421
1725352546805 161.82892299375277 422
1725352546816 161.81279159305177 423
1725352546829 161.79666196826662 424
1725352546839 161.78053411919325 425
1725352546849 161.7644080456278 426
1725352546864 161.74828374736623 427
1725352546876 161.7321612242047 428
1725352546888 161.71604047593925 429
1725352546901 161.699921502366 430
1725352546910 161.68380430328114 431
1725352546919 161.66768887848082 432
1725352546928 161.6515752277612 433
1725352546941 161.63546335091857 434
1725352546959 161.6193532477491 435
1725352546981 161.60324491804914 436
1725352547006 161.5871383616149 437
1725352547027 161.57103357824278 438
1725352547048 161.554930567729 439
1725352547066 161.53882932987003 440
1725352547081 161.5227298644622 441
1725352547094 161.50663217130196 442
1725352547104 161.49053625018573 443
1725352547116 161.47444210090995 444
1725352547127 161.45834972327114 445
1725352547139 161.44225911706576 446
1725352547151 161.4261702820904 447
1725352547162 161.41008321814155 448
1725352547171 161.39399792501584 449
1725352547182 161.37791440250984 450
1725352547198 161.3618326504202 451
1725352547215 161.34575266854358 452
1725352547235 161.32967445667663 453
1725352547253 161.31359801461608 454
1725352547268 161.29752334215854 455
1725352547315 161.28145043910092 456
1725352547334 161.2653793052399 457
1725352547354 161.24930994037229 458
1725352547383 161.23324234429487 459
1725352547407 161.21717651680456 460
1725352547428 161.2011124576982 461
1725352547447 161.18505016677264 462
1725352547458 161.1689896438248 463
1725352547472 161.15293088865167 464
1725352547483 161.13687390105014 465
1725352547493 161.12081868081728 466
1725352547505 161.10476522775002 467
1725352547515 161.08871354164546 468
1725352547530 161.0726636223006 469
1725352547545 161.05661546951256 470
1725352547554 161.04056908307842 471
1725352547563 161.0245244627953 472
1725352547576 161.0084816084604 473
1725352547589 160.99244051987088 474
1725352547604 160.97640119682387 475
1725352547622 160.9603636391167 476
1725352547642 160.94432784654657 477
1725352547659 160.92829381891076 478
1725352547678 160.9122615560065 479
1725352547698 160.89623105763127 480
1725352547720 160.88020232358224 481
1725352547743 160.86417535365686 482
1725352547763 160.84815014765252 483
1725352547787 160.83212670536662 484
1725352547809 160.81610502659663 485
1725352547827 160.80008511113996 486
1725352547844 160.78406695879414 487
1725352547863 160.76805056935663 488
1725352547882 160.752035942625 489
1725352547902 160.73602307839684 490
1725352547920 160.72001197646972 491
1725352547938 160.70400263664118 492
1725352547959 160.6879950587089 493
1725352547988 160.67198924247054 494
1725352548020 160.6559851877238 495
1725352548035 160.63998289426627 496
1725352548065 160.62398236189583 497
1725352548080 160.60798359041013 498
1725352548093 160.5919865796069 499
