1725384870493 168.79801204511594 0
1725384870524 168.4601645563825 1
1725384870555 168.12628434469812 2
1725384870580 167.792955182967 3
1725384870604 167.4603358282001 4
1725384870628 167.12835230916897 5
1725384870652 166.79705612032367 6
1725384870674 166.46644192394047 7
1725384870700 166.13647974768142 8
1725384870725 165.8071922714954 9
1725384870751 165.4785070053384 10
1725384870783 165.15051031373955 11
1725384870813 164.8231764696718 12
1725384870840 164.49646124887033 13
1725384870866 164.1704222411889 14
1725384870892 163.84501713826467 15
1725384870914 163.52027507545938 16
1725384870936 163.19620166150293 17
1725384870960 162.87271238974833 18
1725384870984 162.5499600289778 19
1725384871008 162.22780404686927 20
1725384871031 161.90621694051242 21
1725384871055 161.58538000530203 22
1725384871089 161.26511340704047 23
1725384871116 160.94549279948544 24
1725384871174 160.62655296804974 25
1725384871196 160.30824600250156 26
1725384871222 159.99054305546133 27
1725384871248 159.67344109023733 28
1725384871273 159.35703337266253 29
1725384871292 159.04128157520705 30
1725384871314 158.72606466415513 31
1725384871338 158.4115015014868 32
1725384871361 158.0975835823093 33
1725384871383 157.78434450844452 34
1725384871406 157.47167475253696 35
1725384871430 157.1596155662448 36
1725384871459 156.84819932013554 37
1725384871484 156.5374056420901 38
1725384871508 156.2271849741141 39
1725384871532 155.9176803499139 40
1725384871556 155.6087173625501 41
1725384871578 155.3003733932364 42
1725384871602 154.99268039068278 43
1725384871636 154.68558096080406 44
1725384871660 154.3790823422593 45
1725384871684 154.07321050218653 46
1725384871709 153.76794822728507 47
1725384871734 153.46330633274832 48
1725384871755 153.15920991584838 49
1725384871779 152.855774524197 50
1725384871814 152.552918844323 51
1725384871840 152.25072142042353 52
1725384871862 151.94908624994284 53
1725384871885 151.64806845736237 54
1725384871910 151.3476214140537 55
1725384871933 151.04773798575218 56
1725384871956 150.7484869040586 57
1725384871979 150.44987876625962 58
1725384872003 150.15186840305276 59
1725384872026 149.85440600655264 60
1725384872051 149.55753269881936 61
1725384872085 149.2612267617907 62
1725384872107 148.96556076059065 63
1725384872132 148.67049689968601 64
1725384872163 148.37596344337732 65
1725384872193 148.08209470538432 66
1725384872224 147.78875840758403 67
1725384872263 147.49601320424878 68
1725384872308 147.2038673012473 69
1725384872332 146.91224355886985 70
1725384872355 146.62126547620633 71
1725384872377 146.3308590986084 72
1725384872401 146.04102901820218 73
1725384872424 145.75173539610515 74
1725384872448 145.46306202358926 75
1725384872473 145.17497242119663 76
1725384872498 144.887421023214 77
1725384872522 144.60045806255044 78
1725384872546 144.31407174375022 79
1725384872569 144.02826653102036 80
1725384872592 143.74299453457758 81
1725384872618 143.45835545677363 82
1725384872643 143.174235786763 83
1725384872667 142.8906534901848 84
1725384872691 142.60765593994478 85
1725384872714 142.32525177325238 86
1725384872738 142.04341823608598 87
1725384872762 141.76214161021014 88
1725384872787 141.4813425618592 89
1725384872817 141.2012179081797 90
1725384872847 140.92158872129124 91
1725384872870 140.64252566833287 92
1725384872901 140.3640036687601 93
1725384872926 140.0860955345654 94
1725384872950 139.8086666045722 95
1725384872980 139.53183191778953 96
1725384873001 139.25558065402947 97
1725384873025 138.97976894231513 98
1725384873053 138.7046285373092 99
1725384873078 138.42999716151374 100
1725384873109 138.1558684750242 101
1725384873132 137.88232784054617 102
1725384873156 137.60931715600523 103
1725384873185 137.33686944848424 104
1725384873214 137.06495499408342 105
1725384873248 136.7935676704813 106
1725384873276 136.5227604992277 107
1725384873294 136.2524314289611 108
1725384873321 135.98267472050478 109
1725384873349 135.71349233984978 110
1725384873374 135.44479279978935 111
1725384873394 135.17665600051237 112
1725384873418 134.90900139981466 113
1725384873441 134.64190408240515 114
1725384873464 134.37539539688368 115
1725384873487 134.10941208013176 116
1725384873511 133.84391588340725 117
1725384873534 133.57894448031053 118
1725384873559 133.31449435651697 119
1725384873581 133.05059514342926 120
1725384873604 132.78721505255808 121
1725384873629 132.52435886651634 122
1725384873655 132.26207651141524 123
1725384873678 132.0002461042488 124
1725384873701 131.73895696111904 125
1725384873724 131.47814898949372 126
1725384873747 131.2179349750888 127
1725384873770 130.95820332194384 128
1725384873794 130.69902017511282 129
1725384873818 130.44031821566827 130
1725384873841 130.18211544013505 131
1725384873863 129.92447651237103 132
1725384873887 129.6673139113534 133
1725384873916 129.41066716545987 134
1725384873940 129.15456823292118 135
1725384873957 128.89896674740223 136
1725384873980 128.64381674240084 137
1725384874002 128.38922981403485 138
1725384874033 128.13515222347596 139
1725384874057 127.88157351934488 140
1725384874082 127.62844946167952 141
1725384874115 127.37590774349405 142
1725384874135 127.12379861230909 143
1725384874160 126.87225778212546 144
1725384874184 126.62117505455161 145
1725384874216 126.37056935644485 146
1725384874240 126.1205294650971 147
1725384874263 125.87099476679927 148
1725384874286 125.62186018932141 149
1725384874312 125.3732978410773 150
1725384874333 125.12521697405448 151
1725384874357 124.87764773334902 152
1725384874381 124.63054083118352 153
1725384874405 124.3839523102969 154
1725384874429 124.13778822848367 155
1725384874453 123.89216627883174 156
1725384874477 123.64704781120298 157
1725384874502 123.40241931136568 158
1725384874528 123.15829111437303 159
1725384874554 122.91456450046029 160
1725384874578 122.67136981782303 161
1725384874602 122.42866275641182 162
1725384874624 122.18647879141626 163
1725384874646 121.9447451347521 164
1725384874667 121.70348013092938 165
1725384874691 121.46273547474816 166
1725384874714 121.22236356174224 167
1725384874739 120.98257104375354 168
1725384874763 120.7432404030662 169
1725384874787 120.50437737248488 170
1725384874813 120.2660218457189 171
1725384874843 120.02806974411048 172
1725384874873 119.79062327785128 173
1725384874906 119.55364344705231 174
1725384874938 119.3171936340857 175
1725384874958 119.08116919607939 176
1725384874986 118.84557716930073 177
1725384875009 118.61051908938053 178
1725384875032 118.3759073476977 179
1725384875056 118.1417465339853 180
1725384875077 117.90811076149907 181
1725384875110 117.67483133754223 182
1725384875137 117.44207815417006 183
1725384875160 117.20977551691001 184
1725384875184 116.9779752949275 185
1725384875214 116.74665201809677 186
1725384875237 116.51573046795517 187
1725384875268 116.28526507050114 188
1725384875292 116.0552449138372 189
1725384875315 115.82574039505762 190
1725384875339 115.59671208947424 191
1725384875362 115.36806710019671 192
1725384875385 115.13990023906021 193
1725384875409 114.91221257309441 194
1725384875430 114.68497379290778 195
1725384875452 114.458140723767 196
1725384875482 114.23179943682754 197
1725384875513 114.00587962558897 198
1725384875544 113.78046842349211 199
1725384875568 113.55545717469816 200
1725384875588 113.33093414391723 201
1725384875611 113.10676548331732 202
1725384875633 112.883146047862 203
1725384875654 112.65990322679453 204
1725384875677 112.43714487961907 205
1725384875701 112.21483003464012 206
1725384875723 111.99292742888369 207
1725384875750 111.7714951380258 208
1725384875773 111.55050698378591 209
1725384875804 111.32997866248246 210
1725384875834 111.10982683214986 211
1725384875854 110.89010515724279 212
1725384875881 110.6708996989697 213
1725384875901 110.45208697590444 214
1725384875921 110.23373542961154 215
1725384875945 110.01582571767702 216
1725384875969 109.79828285305321 217
1725384875993 109.581222006289 218
1725384876012 109.36452673265951 219
1725384876040 109.14833352758534 220
1725384876068 108.9325538334699 221
1725384876096 108.71720898761374 222
1725384876123 108.50228625440417 223
1725384876152 108.28780182471358 224
1725384876183 108.07378358098948 225
1725384876210 107.86013072582995 226
1725384876243 107.64685457946253 227
1725384876272 107.4341131400205 228
1725384876295 107.22173066352916 229
1725384876319 107.0098277289035 230
1725384876342 106.79830736453634 231
1725384876366 106.58718813144343 232
1725384876389 106.37652751778641 233
1725384876413 106.16629139756223 234
1725384876436 105.95639858781388 235
1725384876465 105.746940407148 236
1725384876487 105.5379837908031 237
1725384876509 105.32939284481247 238
1725384876534 105.12119412897331 239
1725384876559 104.91344942143738 240
1725384876586 104.70611097195346 241
1725384876606 104.49920364688563 242
1725384876633 104.29264444072392 243
1725384876658 104.08653662788024 244
1725384876682 103.88083361097189 245
1725384876706 103.67556340675051 246
1725384876729 103.4706809461257 247
1725384876756 103.26621737902414 248
1725384876779 103.06212118334894 249
1725384876801 102.85845161170913 250
1725384876826 102.65517531842585 251
1725384876850 102.45234465153567 252
1725384876873 102.24992246591898 253
1725384876901 102.04782185994448 254
1725384876932 101.84618275398813 255
1725384876954 101.64498654080747 256
1725384876975 101.44415012342328 257
1725384877000 101.24370957458603 258
1725384877026 101.04365483576031 259
1725384877050 100.84398030875542 260
1725384877073 100.64475969257565 261
1725384877096 100.44590989518025 262
1725384877127 100.24742858989983 263
1725384877151 100.04937258678102 264
1725384877175 99.85173874366669 265
1725384877202 99.65444372593659 266
1725384877228 99.45757565393725 267
1725384877256 99.26106422085577 268
1725384877288 99.06495873854769 269
1725384877316 98.86926394783217 270
1725384877350 98.67398148373096 271
1725384877377 98.47908384797068 272
1725384877403 98.28450059813822 273
1725384877425 98.09032095798219 274
1725384877447 97.89656025172306 275
1725384877471 97.70319282280781 276
1725384877493 97.5102142751716 277
1725384877518 97.31756991963094 278
1725384877547 97.12533581510532 279
1725384877568 96.93352398269549 280
1725384877592 96.74207155804142 281
1725384877614 96.55097975751025 282
1725384877638 96.36025832786541 283
1725384877660 96.16992575826056 284
1725384877692 95.97995563732312 285
1725384877716 95.79042762149578 286
1725384877741 95.60122441699644 287
1725384877765 95.41238208465462 288
1725384877792 95.2239733757349 289
1725384877817 95.03594545856527 290
1725384877843 94.84826769131739 291
1725384877865 94.66094587430443 292
1725384877889 94.47394335622332 293
1725384877915 94.2873998279358 294
1725384877941 94.10124431543768 295
1725384877966 93.91536302217763 296
1725384877992 93.72989293396229 297
1725384878020 93.54482631533554 298
1725384878046 93.36011666741693 299
1725384878069 93.17577185397965 300
1725384878092 92.9917785663421 301
1725384878115 92.80813221096857 302
1725384878143 92.62489365333089 303
1725384878167 92.44200692957348 304
1725384878194 92.25951013837715 305
1725384878210 92.07728342449612 306
1725384878239 91.89548587529207 307
1725384878266 91.71406172794077 308
1725384878290 91.53301486153892 309
1725384878318 91.35224685890977 310
1725384878342 91.17190296256746 311
1725384878369 90.99189117591894 312
1725384878391 90.81225925757421 313
1725384878414 90.63303594868667 314
1725384878440 90.45404202250631 315
1725384878464 90.27546546965797 316
1725384878488 90.09726331126946 317
1725384878512 89.91944013498816 318
1725384878536 89.7418571312587 319
1725384878558 89.56471481937281 320
1725384878582 89.38795683414072 321
1725384878605 89.21148858821688 322
1725384878628 89.03540278306048 323
1725384878649 88.85964878136754 324
1725384878671 88.68422160459731 325
1725384878694 88.50920259820772 326
1725384878717 88.33448904587513 327
1725384878740 88.16012349217232 328
1725384878763 87.98611428703713 329
1725384878784 87.81245943177419 330
1725384878806 87.63914042460647 331
1725384878834 87.46619476838609 332
1725384878856 87.29353322425236 333
1725384878885 87.12127222364447 334
1725384878918 86.94934942311325 335
1725384878946 86.7776967489301 336
1725384878970 86.60647281074294 337
1725384878993 86.43552298527153 338
1725384879014 86.2649550616384 339
1725384879037 86.0947607936917 340
1725384879060 85.92481822571226 341
1725384879082 85.75524469626704 342
1725384879108 85.58603504409342 343
1725384879132 85.41718186707301 344
1725384879161 85.24862159971325 345
1725384879192 85.08039311104038 346
1725384879215 84.91247660622932 347
1725384879236 84.74496135130319 348
1725384879262 84.57775313314895 349
1725384879289 84.4108472049664 350
1725384879319 84.24430064749018 351
1725384879342 84.07809626885022 352
1725384879365 83.91222589862333 353
1725384879387 83.74663842708404 354
1725384879410 83.58141473189667 355
1725384879433 83.41654805325389 356
1725384879458 83.25193472553433 357
1725384879483 83.08770114800808 358
1725384879502 82.92380002502898 359
1725384879522 82.76016606599138 360
1725384879545 82.5969173003417 361
1725384879568 82.43397719675951 362
1725384879590 82.27137941108946 363
1725384879614 82.1090749154006 364
1725384879636 81.94710522840575 365
1725384879660 81.78543090426143 366
1725384879683 81.62410724276937 367
1725384879710 81.46310448920362 368
1725384879733 81.30241879818854 369
1725384879756 81.14205918150621 370
1725384879778 80.98202936837431 371
1725384879800 80.82227138020873 372
1725384879824 80.66288611970448 373
1725384879854 80.50380535151729 374
1725384879883 80.34501747059821 375
1725384879905 80.18648275770504 376
1725384879936 80.028368835499 377
1725384879957 79.87053796125689 378
1725384879978 79.71302427744995 379
1725384880005 79.55580220154442 380
1725384880025 79.3989169516082 381
1725384880044 79.24238591024465 382
1725384880073 79.08609251635744 383
1725384880100 78.93009634192273 384
1725384880126 78.774479247754 385
1725384880161 78.61910964226206 386
1725384880188 78.46409588273171 387
1725384880223 78.30935017378997 388
1725384880247 78.1549612488371 389
1725384880279 78.00086865579541 390
1725384880313 77.84704053355078 391
1725384880338 77.6935649416858 392
1725384880363 77.54036575575613 393
1725384880394 77.38745874530672 394
1725384880421 77.23491211606822 395
1725384880454 77.0826120661555 396
1725384880483 76.93065391521525 397
1725384880509 76.77895214823654 398
1725384880539 76.62757281441414 399
1725384880572 76.47650204281715 400
1725384880592 76.32576410820408 401
1725384880619 76.17528825545288 402
1725384880644 76.02510152152313 403
1725384880668 75.87525270480046 404
1725384880693 75.72569651954653 405
1725384880716 75.57637492664527 406
1725384880745 75.42739185341115 407
1725384880772 75.27870113988149 408
1725384880794 75.13029966718452 409
1725384880817 74.9822304988262 410
1725384880839 74.83446706959505 411
1725384880860 74.68695586310191 412
1725384880886 74.5396803880493 413
1725384880911 74.39280403922893 414
1725384880935 74.24618552825766 415
1725384880967 74.09985795199637 416
1725384881001 73.95374571439592 417
1725384881031 73.8080060601919 418
1725384881065 73.66257689477877 419
1725384881095 73.51738529106952 420
1725384881119 73.37247428527516 421
1725384881144 73.22790463498389 422
1725384881178 73.08359753915698 423
1725384881205 72.93955942557827 424
1725384881231 72.79584276073793 425
1725384881255 72.65241547175248 426
1725384881284 72.50920329739726 427
1725384881311 72.36629554274582 428
1725384881336 72.22369442663468 429
1725384881360 72.08141864913621 430
1725384881383 71.93939407404606 431
1725384881406 71.7976105385321 432
1725384881430 71.65615695922175 433
1725384881453 71.51497263060931 434
1725384881478 71.37406331912281 435
1725384881503 71.23344573661066 436
1725384881525 71.09308780515221 437
1725384881547 70.95306309676909 438
1725384881576 70.8132314838904 439
1725384881599 70.67368624954108 440
1725384881625 70.53445153655868 441
1725384881648 70.39552034810717 442
1725384881676 70.25683629795559 443
1725384881699 70.1184497187616 444
1725384881722 69.98031837124708 445
1725384881746 69.8424769859342 446
1725384881770 69.70486951384066 447
1725384881800 69.56755383443279 448
1725384881825 69.43053691925552 449
1725384881848 69.29376403654727 450
1725384881871 69.15725008828858 451
1725384881893 69.02104277070104 452
1725384881919 68.88510135804087 453
1725384881942 68.74940643907863 454
1725384881965 68.61402770667104 455
1725384881988 68.47889195893887 456
1725384882012 68.34399617181353 457
1725384882042 68.20942174815224 458
1725384882067 68.0750751558329 459
1725384882091 67.94101683214691 460
1725384882117 67.80715467251395 461
1725384882143 67.67361169702698 462
1725384882164 67.54039789164054 463
1725384882197 67.40741004494684 464
1725384882222 67.27458464908138 465
1725384882249 67.14213906880737 466
1725384882278 67.00993644432009 467
1725384882302 66.87800502173243 468
1725384882325 66.74632158387675 469
1725384882349 66.61486096503809 470
1725384882374 66.48373128215674 471
1725384882398 66.35279434830215 472
1725384882423 66.22211636227915 473
1725384882447 66.09172738668437 474
1725384882468 65.9616190797263 475
1725384882489 65.83170337136683 476
1725384882515 65.70213489809083 477
1725384882538 65.5727620274256 478
1725384882559 65.4436911208963 479
1725384882582 65.31481380909294 480
1725384882607 65.18626737471926 481
1725384882629 65.0579355796206 482
1725384882652 64.92989504045944 483
1725384882675 64.80201362809136 484
1725384882696 64.67441166617166 485
1725384882718 64.54711004083886 486
1725384882743 64.42004310576195 487
1725384882768 64.29325295438903 488
1725384882792 64.16667322593118 489
1725384882819 64.04039510188291 490
1725384882842 63.91433573627272 491
1725384882864 63.788543529470914 492
1725384882887 63.663022783219276 493
1725384882913 63.53771420328311 494
1725384882936 63.41260490589723 495
1725384882960 63.28778710357347 496
1725384882984 63.163226825049385 497
1725384883006 63.038954661085214 498
1725384883035 62.91485656194923 499
