1725303099347 169.25480595599964 0
1725303099383 43400.64480367425 1
1725303099419 8129928326.943286 2
1725303099460 3423370365615378.0 3
1725303099504 1.634350292423262e+21 4
1725303099540 7.984138495322171e+26 5
1725303099572 3.919576881598407e+32 6
1725303099600 1.926385281617497e+38 7
1725303099629 9.470346594793969e+43 8
1725303099650 4.656051131097988e+49 9
1725303099678 2.2891635421105857e+55 10
1725303099699 1.1254797661124879e+61 11
1725303099754 5.533488458079098e+66 12
1725303099771 2.7205733289452054e+72 13
1725303099797 1.3375865451375183e+78 14
1725303099832 6.576326302475362e+83 15
1725303099853 3.2332911813922724e+89 16
1725303099877 1.5896674515708292e+95 17
1725303099918 7.815697583150772e+100 18
1725303099932 3.8426356817356455e+106 19
1725303099949 1.8892554152306688e+112 20
1725303099964 9.288640192868081e+117 21
1725303099980 4.5668169553512134e+123 22
1725303099995 2.245303582724826e+129 23
1725303100011 1.1039172859095906e+135 24
1725303100029 5.427477083749859e+140 25
1725303100051 2.6684524167367135e+146 26
1725303100081 1.3119610070225317e+152 27
1725303100107 6.45033680627714e+157 28
1725303100141 3.171347676623294e+163 29
1725303100175 1.5592125478217737e+169 30
1725303100239 7.665964180481959e+174 31
1725303100298 3.7690183354752137e+180 32
1725303100321 1.8530609951604824e+186 33
1725303100342 9.110688105347562e+191 34
1725303100373 4.47932571942842e+197 35
1725303100394 2.2022879796484893e+203 36
1725303100420 1.0827684006697054e+209 37
1725303100437 5.323497291557537e+214 38
1725303100457 2.6173301137798226e+220 39
1725303100471 1.286826413035411e+226 40
1725303100485 6.326761032425374e+231 41
1725303100506 3.110590889022627e+237 42
1725303100521 1.529341100332568e+243 43
1725303100547 7.519099375685733e+248 44
1725303100571 3.6968113528855364e+254 45
1725303100596 1.817559989034878e+260 46
1725303100614 8.936145230028752e+265 47
1725303100628 4.393510643605593e+271 48
1725303100650 2.160096470971754e+277 49
1725303100664 1.0620246864988457e+283 50
1725303100705 5.221509547791613e+288 51
1725303100725 2.567187213656917e+294 52
1725303100743 1.2621733484622422e+300 53
1725303100759 inf 54
1725303100779 inf 55
