1725418450938 71.44921975016884 0
1725418450973 30.777601118364437 1
1725418451017 14.261491579823733 2
1725418451098 6.551076940088433 3
1725418451129 3.8965343639472123 4
1725418451164 2.2224316854124138 5
1725418451198 1.3628712199255137 6
1725418451252 0.9707198328474408 7
1725418451289 0.7759612880580876 8
1725418451319 0.91054894041415 9
1725418451354 0.7427883692984002 10
1725418451399 0.5939054519522167 11
1725418451454 0.6218443590175247 12
1725418451487 0.4932715403474825 13
1725418451513 0.6792380698244037 14
1725418451538 0.4192573687705513 15
1725418451567 0.5903943493722164 16
1725418451594 0.5254814221817686 17
1725418451644 0.6536859393845135 18
1725418451700 0.518805330637106 19
1725418451737 0.7296545175386075 20
1725418451795 0.5538669646462766 21
1725418451856 0.6087585882397717 22
1725418451887 0.5894779321198229 23
1725418451918 0.5821762488905324 24
1725418451955 0.6137901713827169 25
1725418452073 0.6542212951778231 26
1725418452169 0.514032110966748 27
1725418452225 0.4868766029469647 28
1725418452262 0.5982639173804725 29
1725418452295 0.5543864498168598 30
1725418452326 0.5727494104054697 31
1725418452363 0.6085251691998285 32
1725418452394 0.5358695843784433 33
1725418452425 0.5480363833039563 34
1725418452459 0.5869275919755486 35
1725418452496 0.5200027139440359 36
1725418452530 0.5944813868966705 37
1725418452565 0.5054965371306231 38
1725418452597 0.5480827747627605 39
1725418452634 0.636025046642341 40
1725418452668 0.6602831234086678 41
1725418452700 0.5313161340539374 42
1725418452733 0.47694995606105006 43
1725418452764 0.5511035277170417 44
1725418452802 0.47307348464262977 45
1725418452844 0.46070875194606914 46
1725418452867 0.558750789061953 47
1725418452889 0.5468256048960037 48
1725418452919 0.4537243021689984 49
1725418452945 0.6038210396604277 50
1725418452997 0.6376276092122559 51
1725418453052 0.575813661771563 52
1725418453108 0.4195212610146214 53
1725418453184 0.6714760251274716 54
1725418453234 0.4585659115663292 55
1725418453282 0.5745919420928014 56
1725418453316 0.6487624795028928 57
1725418453343 0.6103612452305045 58
1725418453363 0.48462889474604487 59
1725418453385 0.5471287360814379 60
1725418453405 0.4718775554151884 61
1725418453446 0.5420315868584371 62
1725418453479 0.48986274156977616 63
1725418453579 0.5330151721080877 64
1725418453619 0.4887121509033025 65
1725418453647 0.63195174025392 66
1725418453668 0.5444550971899631 67
1725418453684 0.48221979045624075 68
1725418453699 0.5165368295648043 69
1725418453715 0.5635556030110412 70
1725418453734 0.5324157378143615 71
1725418453754 0.5915729882251712 72
1725418453774 0.5769095688571833 73
1725418453801 0.5545203732917311 74
1725418453821 0.6208940172549202 75
1725418453839 0.5340023158843454 76
1725418453867 0.4851181751838143 77
1725418453896 0.7027348484194462 78
1725418453924 0.5197934464770692 79
1725418453947 0.5164278561235872 80
1725418453974 0.5300524868643679 81
1725418453994 0.5877110316847666 82
1725418454012 0.4882268464758687 83
1725418454030 0.5978054572351761 84
1725418454048 0.5675311058681771 85
1725418454064 0.5697753095361606 86
1725418454080 0.43879610717716805 87
1725418454103 0.5343247380553866 88
1725418454134 0.5708013018206572 89
1725418454169 0.5687625301016044 90
1725418454199 0.5844530453237281 91
1725418454226 0.6049955022593916 92
1725418454258 0.4402106033521532 93
1725418454293 0.43441455888047026 94
1725418454325 0.4914788027221444 95
1725418454354 0.5713306345620808 96
1725418454373 0.5870768291747541 97
1725418454393 0.6242853341074246 98
1725418454412 0.48243868009514074 99
1725418454428 0.46814670500387184 100
1725418454449 0.6514295256966574 101
1725418454470 0.604934409080684 102
1725418454496 0.5145983546783656 103
1725418454527 0.520590105840891 104
1725418454559 0.49850654610450273 105
1725418454597 0.5044560549122689 106
1725418454613 0.5503346439158467 107
1725418454633 0.6254742257041587 108
1725418454653 0.6493092165584244 109
1725418454673 0.5179243397233106 110
1725418454705 0.5793528183620563 111
1725418454727 0.6129545180136453 112
1725418454763 0.6351957275675169 113
1725418454785 0.613282661988672 114
1725418454811 0.5427315271937733 115
1725418454829 0.5457699411546222 116
1725418454846 0.5701242531710027 117
1725418454866 0.5507099037780564 118
1725418454890 0.5198455924564415 119
1725418454916 0.45877265462290395 120
1725418454936 0.4280181423556874 121
1725418454953 0.5323029750798443 122
1725418454975 0.5962537744109718 123
1725418454996 0.5292058657060713 124
1725418455016 0.5443456812815337 125
1725418455042 0.575312431496461 126
1725418455062 0.5896680858273364 127
1725418455082 0.5792186522120325 128
1725418455108 0.6489227969350443 129
1725418455136 0.5023180971842095 130
1725418455164 0.6214982167482745 131
1725418455183 0.5712865204061053 132
1725418455202 0.5755310449521733 133
1725418455234 0.6622176195361413 134
1725418455260 0.6163191716871365 135
1725418455274 0.5835568588776381 136
1725418455290 0.5449002107177153 137
1725418455307 0.620211105730489 138
1725418455322 0.5445177562116105 139
1725418455336 0.5636877620194225 140
1725418455353 0.6251740401131332 141
1725418455372 0.5232966350514321 142
1725418455393 0.4416196525579025 143
1725418455415 0.626585422486906 144
1725418455433 0.5486315756685131 145
1725418455449 0.5673317466432527 146
1725418455472 0.6278265405918236 147
1725418455490 0.4344517607961813 148
1725418455515 0.6558406058586401 149
1725418455531 0.4834299088704976 150
1725418455546 0.495949832548727 151
1725418455567 0.6411041948047169 152
1725418455586 0.5864567417022591 153
1725418455606 0.567149182011773 154
1725418455622 0.6617439265515034 155
1725418455638 0.5902829721228613 156
1725418455654 0.5448108888638767 157
1725418455670 0.4985471663579248 158
1725418455689 0.4677573393907897 159
1725418455705 0.5975448951837525 160
1725418455724 0.4738707347303206 161
1725418455747 0.4548873628842573 162
1725418455768 0.39852315157577234 163
1725418455786 0.5570800492351521 164
1725418455808 0.49275368553685583 165
1725418455827 0.49434146901056647 166
1725418455843 0.4201404977442746 167
1725418455865 0.663834803811755 168
1725418455888 0.5452761409342703 169
1725418455912 0.5935590697187207 170
1725418455927 0.5497388776515805 171
1725418455943 0.6045289460121096 172
1725418455958 0.6123313144145149 173
1725418455985 0.6322188173751015 174
1725418456011 0.4651412999085952 175
1725418456032 0.46909391919233595 176
1725418456057 0.5658064977780802 177
1725418456079 0.6667460640907735 178
1725418456101 0.5521936415297436 179
1725418456117 0.47902345631973015 180
1725418456132 0.6845108590997828 181
1725418456146 0.6002793020920763 182
1725418456162 0.42870091704396357 183
1725418456178 0.631302808046105 184
1725418456194 0.5607690667478153 185
1725418456209 0.4845935666855356 186
1725418456232 0.5375314431154591 187
1725418456256 0.49385098444926206 188
1725418456275 0.5721456997919476 189
1725418456294 0.4750092264392102 190
1725418456310 0.55085796231726 191
1725418456328 0.5063451286445702 192
1725418456348 0.5408579793582369 193
1725418456369 0.526895588201014 194
1725418456389 0.5034252653720551 195
1725418456409 0.5500936109095405 196
1725418456430 0.5744477297107374 197
1725418456451 0.5546296532654311 198
1725418456474 0.5107896559228988 199
1725418456498 0.5491832288934917 200
1725418456519 0.43540150020039103 201
1725418456534 0.5346576022485737 202
1725418456553 0.44741544225278695 203
1725418456567 0.42900426469747244 204
1725418456588 0.5900787241637218 205
1725418456609 0.5984824227061327 206
1725418456629 0.4816659592182152 207
1725418456651 0.5035112134553772 208
1725418456674 0.5711896923232698 209
1725418456692 0.6003291815628619 210
1725418456711 0.6147119090691535 211
1725418456735 0.44303475968748846 212
1725418456756 0.6196788092338164 213
1725418456777 0.4721126296176055 214
1725418456795 0.5737001581868719 215
1725418456812 0.49754502947429746 216
1725418456830 0.5674797024879966 217
1725418456861 0.5502180485181257 218
1725418456886 0.6307645258818377 219
1725418456908 0.48926227564723995 220
1725418456925 0.5021096338214381 221
1725418456943 0.500929498304364 222
1725418456960 0.5614481157439875 223
1725418456979 0.6024642628242902 224
1725418457041 0.5706449283789854 225
1725418457058 0.6306166113953042 226
1725418457075 0.5352973818449608 227
1725418457096 0.5873089681427907 228
1725418457129 0.5476518732799148 229
1725418457156 0.5712124206180089 230
1725418457180 0.5444174893631384 231
1725418457196 0.542871723766802 232
1725418457213 0.4692195208353125 233
1725418457234 0.6206339095017133 234
1725418457260 0.6639561681334535 235
1725418457282 0.6113343132924407 236
1725418457305 0.4790898851359653 237
1725418457326 0.6291093429809332 238
1725418457348 0.4668392290966644 239
1725418457366 0.515446595774926 240
1725418457389 0.6376437783796981 241
1725418457411 0.49514567482747374 242
1725418457432 0.5422605064873931 243
1725418457456 0.6206825871058567 244
1725418457475 0.5389301067460744 245
1725418457500 0.6413054983781479 246
1725418457521 0.5729152370851989 247
1725418457538 0.43184119913109936 248
1725418457554 0.6192468630907513 249
1725418457568 0.496757061397514 250
1725418457583 0.45001997001450866 251
1725418457603 0.4429386930468682 252
1725418457628 0.540720103812124 253
1725418457652 0.5359861835419962 254
1725418457673 0.6474145986363515 255
1725418457689 0.45687365993441165 256
1725418457706 0.5669839457403977 257
1725418457723 0.4769212827778671 258
1725418457746 0.6465651695043703 259
1725418457774 0.5164069771203132 260
1725418457798 0.5835411287393547 261
1725418457823 0.4727129977583821 262
1725418457839 0.5122757698657086 263
1725418457868 0.564111131146633 264
1725418457891 0.5702713539540955 265
1725418457906 0.5989732087024815 266
1725418457930 0.5075940201189278 267
1725418457952 0.5978162363676941 268
1725418457972 0.5688977609457394 269
1725418458000 0.5978694826283588 270
1725418458023 0.5024991250267247 271
1725418458043 0.6561709534241937 272
1725418458066 0.495088452984221 273
1725418458089 0.4916407654795327 274
1725418458114 0.4256292448296738 275
1725418458134 0.48395984558601435 276
1725418458155 0.6345318025384294 277
1725418458177 0.6425023709041293 278
1725418458192 0.5800598830063866 279
1725418458215 0.5246710552393924 280
1725418458238 0.6418825937958043 281
1725418458257 0.4670364284593509 282
1725418458273 0.6272432280114043 283
1725418458292 0.5915452924714777 284
1725418458308 0.5868032874543444 285
1725418458322 0.5799724784358493 286
1725418458336 0.5993038390695983 287
1725418458355 0.6164282135310213 288
1725418458375 0.5588070084035675 289
1725418458395 0.5478118673025828 290
1725418458416 0.616107682593638 291
1725418458438 0.5354347889782354 292
1725418458459 0.6324183080466026 293
1725418458482 0.5067878212346238 294
1725418458503 0.5151167908420738 295
1725418458525 0.6817346000031717 296
1725418458547 0.5519563892746981 297
1725418458568 0.5015614120359404 298
1725418458586 0.5717019559312955 299
1725418458607 0.44634810689786825 300
1725418458630 0.5737258190706154 301
1725418458650 0.44455005311083595 302
1725418458672 0.5655572137458483 303
1725418458689 0.6240414725633927 304
1725418458711 0.4864878722233258 305
1725418458737 0.5338627955676742 306
1725418458762 0.5887459228968409 307
1725418458786 0.6028680009294312 308
1725418458807 0.5485774980759449 309
1725418458842 0.6556778659120762 310
1725418458875 0.5040831625018032 311
1725418458900 0.7257068902357369 312
1725418458923 0.6212554146153905 313
1725418458949 0.6144036968867519 314
1725418458966 0.6105942682531088 315
1725418458996 0.5487749746380776 316
1725418459027 0.5250547105328043 317
1725418459045 0.6341070477054325 318
1725418459061 0.40730090585032475 319
1725418459077 0.659538964181314 320
1725418459093 0.52675134146114 321
1725418459115 0.6125079195388189 322
1725418459142 0.5927701056853134 323
1725418459167 0.5114257643725564 324
1725418459192 0.6031873930877021 325
1725418459215 0.5353876291884025 326
1725418459242 0.626419082257388 327
1725418459269 0.4578337523571014 328
1725418459292 0.5767400352489248 329
1725418459317 0.5303387929865455 330
1725418459339 0.5304771931360496 331
1725418459357 0.4927523411542029 332
1725418459382 0.5928417236963319 333
1725418459404 0.5242623995971994 334
1725418459423 0.5083525484015368 335
1725418459441 0.6510830924539872 336
1725418459463 0.6603606761000828 337
1725418459484 0.5451270114534363 338
1725418459507 0.522530777740647 339
1725418459530 0.49948786597390926 340
1725418459556 0.527409706530742 341
1725418459581 0.6528075520318093 342
1725418459603 0.546336843387451 343
1725418459625 0.5306332521973433 344
1725418459640 0.562102489184902 345
1725418459660 0.4565953066112055 346
1725418459687 0.5198364370252484 347
1725418459706 0.6323809058221282 348
1725418459734 0.6351226031768492 349
1725418459757 0.5936460066460647 350
