1725414625163 168.8178824738289 0
1725414625194 165.57275384471671 1
1725414625230 163.95234904876867 2
1725414625262 162.33181630682398 3
1725414625303 160.72769929832955 4
1725414625336 159.14011036518684 5
1725414625385 157.56864334309677 6
1725414625420 156.01310702073624 7
1725414625456 154.4734049282655 8
1725414625487 152.94942437266548 9
1725414625519 151.44097950410014 10
1725414625552 149.94787625403498 11
1725414625583 148.46980624721158 12
1725414625614 147.0069005962609 13
1725414625645 145.5588875726474 14
1725414625680 144.12540798708295 15
1725414625712 142.70670830909373 16
1725414625737 141.3023070160975 17
1725414625762 139.91219407306525 18
1725414625793 138.53623504757272 19
1725414625827 137.17422175130628 20
1725414625860 135.82594099817592 21
1725414625889 134.49147268880668 22
1725414625919 133.1704922077131 23
1725414625950 131.86301307731165 24
1725414625981 130.56866927152686 25
1725414626007 129.28744263373943 26
1725414626038 128.01939187750682 27
1725414626067 126.76398524234793 28
1725414626091 125.52154674641531 29
1725414626113 124.29141468367325 30
1725414626140 123.07389688467373 31
1725414626168 121.86884459567305 32
1725414626206 120.67572403447785 33
1725414626238 119.49485629218127 34
1725414626270 118.32592300085209 35
1725414626300 117.16884351781692 36
1725414626331 116.02347679561886 37
1725414626364 114.88966226427978 38
1725414626395 113.76732827457957 39
1725414626426 112.65636582599501 40
1725414626455 111.55665038017821 41
1725414626486 110.4679978767659 42
1725414626516 109.39039798697367 43
1725414626547 108.32370023528047 44
1725414626572 107.2678593223983 45
1725414626613 106.22250898867769 46
1725414626673 105.18777799852052 47
1725414626700 104.1636235808889 48
1725414626732 103.14971066089987 49
1725414626763 102.14598617734603 50
1725414626793 101.1525851789661 51
1725414626824 100.16899540799868 52
1725414626855 99.19541491670607 53
1725414626890 98.2317457386622 54
1725414626921 97.27768579231926 55
1725414626948 96.33326896970065 56
1725414626971 95.39845754968205 57
1725414626999 94.4729131736067 58
1725414627027 93.55689297824836 59
1725414627051 92.64998846018564 60
1725414627074 91.75226220026292 61
1725414627108 90.86349202473338 62
1725414627140 89.98378444970653 63
1725414627172 89.11292441400803 64
1725414627203 88.25076208285 65
1725414627233 87.39741407087189 66
1725414627266 86.55242609509911 67
1725414627296 85.71608702380459 68
1725414627327 84.88814417428016 69
1725414627359 84.06859727908251 70
1725414627389 83.25723831140917 71
1725414627420 82.45398113130717 72
1725414627451 81.6588462201369 73
1725414627483 80.8717860510657 74
1725414627515 80.09251053579459 75
1725414627543 79.32113287054969 76
1725414627595 78.5575053855205 77
1725414627627 77.80140016648998 78
1725414627661 77.05298074833394 79
1725414627692 76.31219058040872 80
1725414627725 75.57875178291886 81
1725414627764 74.85251798636051 82
1725414627793 74.13385412147372 83
1725414627827 73.42224532250448 84
1725414627857 72.71779675566424 85
1725414627884 72.0203685436578 86
1725414627918 71.32987892893803 87
1725414627948 70.64642811277635 88
1725414627979 69.96981238568523 89
1725414628011 69.29995895471725 90
1725414628045 68.63680671866625 91
1725414628076 67.98018373420518 92
1725414628107 67.33038371414926 93
1725414628142 66.68687580156123 94
1725414628170 66.0498117929117 95
1725414628211 65.41925609157772 96
1725414628245 64.79484829111155 97
1725414628279 64.1768382204281 98
1725414628318 63.564888566344415 99
1725414628352 62.95915825715219 100
1725414628383 62.359410878621716 101
1725414628412 61.765628282129086 102
1725414628444 61.17781636399265 103
1725414628479 60.595837308064716 104
1725414628509 60.01981081143394 105
1725414628540 59.44937757350519 106
1725414628572 58.88473681835486 107
1725414628602 58.32555177892983 108
1725414628637 57.77204650038589 109
1725414628670 57.22418884014786 110
1725414628700 56.6817039979934 111
1725414628734 56.14453129393429 112
1725414628759 55.61288998721555 113
1725414628787 55.08630314648511 114
1725414628816 54.56513570377145 115
1725414628847 54.049202166295274 116
1725414628877 53.538270479595134 117
1725414628908 53.03253934167843 118
1725414628941 52.531693840987735 119
1725414628974 52.03595323183941 120
1725414629004 51.545060314471456 121
1725414629034 51.059114608177055 122
1725414629064 50.578051464529636 123
1725414629093 50.10169940647018 124
1725414629121 49.62998923822001 125
1725414629158 49.163056614609395 126
1725414629191 48.700769576843705 127
1725414629223 48.24310420045026 128
1725414629253 47.78996949679085 129
1725414629283 47.34117903515008 130
1725414629313 46.89703626395024 131
1725414629343 46.457150431929655 132
1725414629375 46.021757737921384 133
1725414629404 45.59061841775585 134
1725414629431 45.16370613999851 135
1725414629462 44.74116907525347 136
1725414629495 44.32264884602957 137
1725414629525 43.908297649166876 138
1725414629553 43.498141700395585 139
1725414629582 43.09196212199911 140
1725414629611 42.68992413803684 141
1725414629639 42.291744708941806 142
1725414629675 41.89751606514881 143
1725414629705 41.50721817121594 144
1725414629736 41.120717564874695 145
1725414629767 40.73813692998484 146
1725414629794 40.35920542777582 147
1725414629826 39.98419333429537 148
1725414629851 39.61273589812968 149
1725414629880 39.245001019141704 150
1725414629911 38.88088303455954 151
1725414629938 38.520265166457044 152
1725414629966 38.16341553714432 153
1725414629999 37.809943891649134 154
1725414630029 37.460045554608946 155
1725414630060 37.11327375334392 156
1725414630092 36.770352779981955 157
1725414630122 36.43062812743295 158
1725414630152 36.09417255355054 159
1725414630184 35.76110378416384 160
1725414630215 35.43140915700393 161
1725414630247 35.104876207899586 162
1725414630277 34.78135474551534 163
1725414630303 34.46130472976957 164
1725414630331 34.14431178500355 165
1725414630361 33.83034072849999 166
1725414630394 33.51959080113693 167
1725414630424 33.21188503571748 168
1725414630457 32.90707462020782 169
1725414630490 32.605341678190236 170
1725414630522 32.30655262838745 171
1725414630552 32.01072682644771 172
1725414630580 31.71757694735164 173
1725414630611 31.427680745425913 174
1725414630640 31.140398348512146 175
1725414630674 30.855985524412638 176
1725414630708 30.574312370870683 177
1725414630740 30.2954687477632 178
1725414630770 30.019333354803056 179
1725414630800 29.745881244796852 180
1725414630828 29.47506186763275 181
1725414630856 29.206890974583448 182
1725414630886 28.9413609849988 183
1725414630916 28.678516102159726 184
1725414630946 28.418164428787136 185
1725414630981 28.160431743148784 186
1725414631010 27.90507117979594 187
1725414631032 27.652276359671237 188
1725414631051 27.40190371192187 189
1725414631077 27.15409427783123 190
1725414631107 26.908610975409015 191
1725414631139 26.665563508897755 192
1725414631170 26.42487534877874 193
1725414631202 26.186476845968606 194
1725414631235 25.950412453843317 195
1725414631265 25.71676128712274 196
1725414631295 25.485199626992667 197
1725414631325 25.25605733975662 198
1725414631356 25.02902375022209 199
1725414631387 24.804258850682785 200
1725414631418 24.581663352084114 201
1725414631449 24.361304743365757 202
1725414631482 24.143007497461493 203
1725414631513 23.926797108873682 204
1725414631552 23.712629684349572 205
1725414631580 23.50067107394232 206
1725414631613 23.290774938738267 207
1725414631643 23.082818154007786 208
1725414631673 22.8769356141936 209
1725414631708 22.67309142637893 210
1725414631740 22.471205513865073 211
1725414631771 22.27119875569874 212
1725414631802 22.073109998167062 213
1725414631833 21.877016152804 214
1725414631863 21.682840369705822 215
1725414631895 21.490517261093476 216
1725414631926 21.30009183554788 217
1725414631957 21.111413951007574 218
1725414631989 20.924495620296096 219
1725414632023 20.739633561969924 220
1725414632049 20.556448716613428 221
1725414632073 20.37478478437812 222
1725414632106 20.19520003643751 223
1725414632137 20.01719169919973 224
1725414632170 19.841032727779922 225
1725414632205 19.66640485264796 226
1725414632236 19.493495508742 227
1725414632267 19.322311272718455 228
1725414632298 19.152798938904905 229
1725414632329 18.984789288486866 230
1725414632360 18.818434060055225 231
1725414632391 18.653802107453533 232
1725414632423 18.490552659652447 233
1725414632454 18.329077152908262 234
1725414632484 18.16906423277111 235
1725414632515 18.0105898708756 236
1725414632547 17.853506134529734 237
1725414632575 17.69819142188046 238
1725414632607 17.544231420609396 239
1725414632641 17.391620730536676 240
1725414632672 17.24063394134939 241
1725414632715 17.0910147356971 242
1725414632745 16.942940377442305 243
1725414632777 16.79615941065513 244
1725414632808 16.650825512513578 245
1725414632838 16.50688119190029 246
1725414632870 16.364346852597343 247
1725414632900 16.223143021377194 248
1725414632934 16.083260011708376 249
1725414632965 15.944694901077115 250
1725414632996 15.807511533345286 251
1725414633028 15.671687752856865 252
1725414633059 15.537088212855394 253
1725414633089 15.403664958972827 254
1725414633120 15.271708967204127 255
1725414633151 15.14097956494731 256
1725414633181 15.011398508028947 257
1725414633212 14.88308275957845 258
1725414633240 14.75591224163216 259
1725414633270 14.630111469746696 260
1725414633299 14.505418340982198 261
1725414633331 14.381941323303126 262
1725414633361 14.259594029673089 263
1725414633392 14.138389420284977 264
1725414633425 14.018475386592934 265
1725414633454 13.899542429126305 266
1725414633488 13.78181985821937 267
1725414633517 13.665133794402424 268
1725414633540 13.549636971388598 269
1725414633566 13.435141127856618 270
1725414633598 13.321862744184749 271
1725414633627 13.209579768941822 272
1725414633657 13.09831036915512 273
1725414633692 12.988151106343855 274
1725414633722 12.879104775636494 275
1725414633752 12.77097149560258 276
1725414633784 12.663823301265142 277
1725414633815 12.557748765514344 278
1725414633845 12.452738388897785 279
1725414633876 12.34860282638565 280
1725414633906 12.24561086368275 281
1725414633936 12.143387048454281 282
1725414633966 12.042324150989804 283
1725414634000 11.941991295154171 284
1725414634031 11.842835141540169 285
1725414634063 11.74449431982249 286
1725414634093 11.646980686591146 287
1725414634118 11.550608814303757 288
1725414634147 11.454872077050863 289
1725414634177 11.36019265684913 290
1725414634207 11.266424055707775 291
1725414634239 11.17355663742425 292
1725414634261 11.081373624046456 293
1725414634288 10.990263169197297 294
1725414634321 10.89998557484248 295
1725414634352 10.81038742434907 296
1725414634380 10.721759646407012 297
1725414634411 10.633954449554007 298
1725414634443 10.546799313511833 299
1725414634472 10.460641891471168 300
1725414634503 10.375275776019514 301
1725414634534 10.290676860263222 302
1725414634562 10.206773691246726 303
1725414634594 10.123845417899869 304
1725414634621 10.041549002781387 305
1725414634654 9.960090042133013 306
1725414634677 9.879248704027072 307
1725414634713 9.799334314823092 308
1725414634743 9.72006972862867 309
1725414634774 9.641476054661956 310
1725414634803 9.563791553574099 311
1725414634834 9.48670346396267 312
1725414634865 9.410404386369226 313
1725414634895 9.334767451866613 314
1725414634925 9.259800361304405 315
1725414634957 9.18558507521526 316
1725414634988 9.112061405414705 317
1725414635022 9.039154707702151 318
1725414635053 8.96696722964057 319
1725414635083 8.895407302319505 320
1725414635114 8.82451580470533 321
1725414635144 8.75432550015525 322
1725414635174 8.68482971616947 323
1725414635205 8.615829476618899 324
1725414635235 8.547586230920869 325
1725414635267 8.479985469822447 326
1725414635297 8.41292102630071 327
1725414635324 8.34640151625142 328
1725414635347 8.280618721105775 329
1725414635382 8.215475466394961 330
1725414635419 8.150939792587707 331
1725414635454 8.086784946292322 332
1725414635486 8.023324593337364 333
1725414635516 7.960558150964728 334
1725414635551 7.898230321352547 335
1725414635580 7.836637547784343 336
1725414635613 7.775554051157014 337
1725414635652 7.714845990466654 338
1725414635687 7.654831448764591 339
1725414635712 7.59548740243234 340
1725414635750 7.536566830293834 341
1725414635774 7.478123484245222 342
1725414635804 7.420259910448579 343
1725414635833 7.3629168833181815 344
1725414635862 7.306067245289941 345
1725414635891 7.2499036551500735 346
1725414635920 7.1941005191074225 347
1725414635949 7.138763097626527 348
1725414635978 7.084108543568485 349
1725414636001 7.0298151168157 350
1725414636030 6.976071187641326 351
1725414636057 6.922764919573916 352
1725414636086 6.8700080594117185 353
1725414636115 6.817703005474651 354
1725414636147 6.7658840856838465 355
1725414636177 6.714422729268767 356
1725414636208 6.663526062024917 357
1725414636237 6.613056132254354 358
1725414636268 6.563174636494534 359
1725414636298 6.513643448685391 360
1725414636328 6.464461055095792 361
1725414636358 6.4159609919057505 362
1725414636386 6.367597319446623 363
1725414636411 6.3198869291842845 364
1725414636439 6.27255061429462 365
1725414636463 6.225725813685138 366
1725414636493 6.179191825122863 367
1725414636524 6.133123837082622 368
1725414636554 6.087328115504827 369
1725414636581 6.042143115053877 370
1725414636608 5.9974050279206566 371
1725414636636 5.952926208827565 372
1725414636658 5.908827890902776 373
1725414636684 5.86526898937576 374
1725414636716 5.822039422514719 375
1725414636749 5.779077803539742 376
1725414636777 5.736680822920323 377
1725414636809 5.694547615659746 378
1725414636837 5.652814852429462 379
1725414636869 5.611579796233703 380
1725414636897 5.57051609402021 381
1725414636928 5.5297811443433 382
1725414636959 5.489613676745045 383
1725414636991 5.449736107235601 384
1725414637023 5.4101823725170055 385
1725414637053 5.371050581696121 386
1725414637085 5.332236189800702 387
1725414637108 5.293688792550231 388
1725414637131 5.2554666604280715 389
1725414637154 5.217782437853667 390
1725414637181 5.180249751847422 391
1725414637212 5.143170446482471 392
1725414637239 5.106290785967988 393
1725414637270 5.069845497608492 394
1725414637300 5.033703104318089 395
1725414637330 4.997861649447773 396
1725414637364 4.962207892343881 397
1725414637386 4.927082276327331 398
1725414637414 4.8921807106859925 399
1725414637445 4.857540303069154 400
1725414637479 4.823325057048299 401
1725414637510 4.789380082156012 402
1725414637540 4.755660935248623 403
1725414637569 4.722160933193991 404
1725414637596 4.689158638499318 405
1725414637623 4.656357488362986 406
1725414637652 4.623868056515921 407
1725414637677 4.591596860948942 408
1725414637700 4.559629122167698 409
1725414637728 4.528048636155186 410
1725414637757 4.4965355246097065 411
1725414637787 4.4653774225382765 412
1725414637819 4.434666272444807 413
1725414637849 4.404009341756188 414
1725414637877 4.373686853944558 415
1725414637904 4.343719360345279 416
1725414637937 4.313985650088787 417
1725414637970 4.284417128900205 418
1725414637999 4.255023892521774 419
1725414638033 4.226145037290822 420
1725414638059 4.1973831433874045 421
1725414638088 4.168870938319977 422
1725414638123 4.140594946513961 423
1725414638156 4.112665806398567 424
1725414638180 4.084810711253417 425
1725414638213 4.057308136135983 426
1725414638245 4.029985946832546 427
1725414638272 4.00290691119108 428
1725414638301 3.97610502715258 429
1725414638326 3.9494563277667494 430
1725414638349 3.9231951230068542 431
1725414638378 3.8970680628593346 432
1725414638409 3.8711275981233 433
1725414638440 3.8455336063850973 434
1725414638460 3.819908252961854 435
1725414638481 3.7947383024291983 436
1725414638496 3.7697755738209184 437
1725414638513 3.744905148319243 438
1725414638530 3.720373609283962 439
1725414638544 3.6958949933152216 440
1725414638558 3.671798541658896 441
1725414638572 3.6478742535349453 442
1725414638587 3.623970996405191 443
1725414638600 3.6004313848855602 444
1725414638616 3.5771492142056327 445
1725414638630 3.5538396720453385 446
1725414638644 3.5310435189128238 447
1725414638665 3.5082177828640897 448
1725414638680 3.485700328490506 449
1725414638695 3.463313573113143 450
1725414638709 3.4410409748748134 451
1725414638723 3.4191033741336128 452
1725414638745 3.3972589495207863 453
1725414638773 3.3756667262201243 454
1725414638847 3.3542736642627458 455
1725414638886 3.3329117343698718 456
1725414638911 3.3119144755190306 457
1725414638935 3.2910115890338894 458
1725414638959 3.2702821870163863 459
1725414638976 3.249748458452562 460
1725414639000 3.229355922007982 461
1725414639021 3.209014891545337 462
1725414639045 3.189046386346832 463
1725414639069 3.1692229634736857 464
1725414639101 3.1495355016710342 465
1725414639131 3.1299563326933173 466
1725414639162 3.1105840868458836 467
1725414639192 3.091396120902889 468
1725414639219 3.072376157030769 469
1725414639248 3.053434055693837 470
1725414639280 3.0347727333181784 471
1725414639313 3.0161929185933714 472
1725414639344 2.997679385587491 473
1725414639373 2.9795310800633494 474
1725414639405 2.961371728135446 475
1725414639434 2.943464682062478 476
1725414639465 2.925694229252331 477
1725414639496 2.9079925728680855 478
1725414639526 2.890430784082526 479
1725414639556 2.8730445276970342 480
1725414639586 2.8557993319335635 481
1725414639616 2.838783709451841 482
1725414639650 2.8218637059032123 483
1725414639680 2.8050534104706295 484
1725414639710 2.788360762977543 485
1725414639744 2.77194837142975 486
1725414639775 2.755472936737395 487
1725414639807 2.7392020374263355 488
1725414639837 2.723088389688535 489
1725414639868 2.7071788293259114 490
1725414639900 2.6913198765545 491
1725414639932 2.675632800305427 492
1725414639964 2.6600781187647478 493
1725414639993 2.644551826832317 494
1725414640026 2.629229765289843 495
1725414640056 2.6140767159735288 496
1725414640087 2.5988910312773457 497
1725414640119 2.5840587641554986 498
1725414640150 2.569214298719564 499
