1725412347174 1.2570862260221094 0
1725412347278 0.6795614012724814 1
1725412347353 0.4981189189601583 2
1725412347446 0.553676630093587 3
1725412347531 0.00046310004482725154 4
1725412347613 2.838594750449736 5
1725412347683 1.1078425831608094 6
1725412347769 0.28642922289912265 7
1725412347838 0.48033833396654624 8
1725412347904 1.0233176178400363 9
1725412347986 0.7995907447870099 10
1725412348061 0.44539213067485833 11
1725412348135 0.2507941916488745 12
1725412348214 0.27233440374946727 13
1725412348297 1.319303469482431 14
1725412348375 1.2030035754939974 15
1725412348454 0.16094425502991136 16
1725412348542 0.739381964675469 17
1725412348617 1.089556089497439 18
1725412348687 0.7647473307988786 19
1725412348765 0.5046363860749502 20
1725412348835 0.5051196071709421 21
1725412348924 0.07557149384993558 22
1725412349007 0.22810416429144037 23
1725412349078 0.3630466929360776 24
1725412349193 1.8494087169232671 25
1725412349285 0.24656577357519516 26
1725412349370 0.0819600885711641 27
1725412349451 0.15835395848206568 28
1725412349549 0.16286200213152854 29
1725412349631 0.8244792050053267 30
1725412349713 0.010048307409187699 31
1725412349792 0.8060604041985775 32
1725412349878 0.01627205504240129 33
1725412349959 0.9832338487235842 34
1725412350039 1.3443603986155785 35
1725412350121 0.43065779950083394 36
1725412350212 0.11133314527383421 37
1725412350299 0.8983685706533087 38
1725412350366 0.18464720607895588 39
1725412350437 1.1155676553714515 40
1725412350518 0.10331021702887365 41
1725412350601 0.008775113050804507 42
1725412350678 0.16930971613736107 43
1725412350765 0.33272058979593044 44
1725412350842 0.3531814368673745 45
1725412350919 0.6838417951395394 46
1725412350990 1.1632464998157814 47
1725412351059 0.11700628324252664 48
1725412351139 0.3351681153278395 49
1725412351214 0.19300894868518845 50
1725412351290 0.43425224247554994 51
1725412351368 0.3211766071541718 52
1725412351433 0.3612606792417924 53
1725412351512 0.39168296052608176 54
1725412351590 0.05553264809304185 55
1725412351669 0.16900267169978087 56
1725412351748 0.14170579782742382 57
1725412351834 0.9201838671507558 58
1725412351902 0.4296360465729968 59
1725412351978 0.26771906474279744 60
1725412352055 0.7375824004573817 61
1725412352127 0.5900324196647021 62
1725412352197 0.2549645705607949 63
1725412352277 0.6454702851249895 64
1725412352346 0.3645387574611687 65
1725412352415 0.05966668998158352 66
1725412352483 0.6790816663568592 67
1725412352551 0.25885705600492037 68
1725412352633 0.6020976806377765 69
1725412352712 0.06986351942381011 70
1725412352783 1.152404459585987 71
1725412352860 0.4534717083043061 72
1725412352933 1.0008038859023094 73
1725412353006 0.569509088961819 74
1725412353086 1.447828187873298 75
1725412353166 0.1909190446919973 76
1725412353228 0.25121953822900445 77
1725412353305 0.005729962178207092 78
1725412353386 0.4439047040664858 79
1725412353460 0.404982591374544 80
1725412353535 0.2053517476168189 81
1725412353616 0.41919549823979424 82
1725412353689 0.8144739477672709 83
1725412353760 0.24691380795676376 84
1725412353847 0.002093227379323343 85
1725412353919 0.9379854753371584 86
1725412353986 0.20932112058065558 87
1725412354063 0.46638155839751533 88
1725412354136 0.5724328432537004 89
1725412354216 0.2221037820425036 90
1725412354284 0.7662388732176443 91
1725412354357 0.6422641463209816 92
1725412354435 0.7745590687678467 93
1725412354519 0.12177406445104538 94
1725412354600 0.09569336759101377 95
1725412354693 0.8088545530853891 96
1725412354760 0.7055422934739365 97
1725412354829 0.3188098933098252 98
1725412354914 0.3745349406931265 99
1725412354989 0.0014163661163462131 100
1725412355062 1.0566866766163303 101
1725412355144 1.0327679071795448 102
1725412355237 0.13405736357601097 103
1725412355321 0.1720292811181353 104
1725412355397 0.42866055720779905 105
1725412355474 0.8868896625808849 106
1725412355554 0.35825430748867504 107
1725412355622 0.4427452048278957 108
1725412355692 0.001446016201848082 109
1725412355778 0.03603830195881287 110
1725412355857 0.7202784997421549 111
1725412355938 0.14505221657240094 112
1725412356023 0.22155964786919055 113
1725412356101 0.5124925552740566 114
1725412356177 1.4604878051649124 115
1725412356251 0.5633768093755023 116
1725412356327 0.0638206889626142 117
1725412356426 0.73514430662725 118
1725412356495 0.5951237913911394 119
1725412356564 0.17261578200054864 120
1725412356649 0.31837827073450303 121
1725412356738 0.46398995885044425 122
1725412356818 0.22788944504550238 123
1725412356896 0.11766088430672655 124
1725412356975 0.1602973777500068 125
1725412357053 0.8419744590294845 126
1725412357133 0.466869803978273 127
1725412357205 0.014458554307848455 128
1725412357274 0.5744462767667535 129
1725412357345 1.0990071334315052 130
1725412357425 0.11276797929881047 131
1725412357506 0.3615904884399917 132
1725412357582 0.6677047237414708 133
1725412357648 0.24682964571907695 134
1725412357726 0.7300743504587824 135
1725412357809 0.3904894022602169 136
1725412357889 1.2055768521309003 137
1725412357963 0.728639087748619 138
1725412358043 0.8126179232585273 139
1725412358126 0.5370959043679256 140
1725412358201 0.6792921099921345 141
1725412358272 0.9049460829486451 142
1725412358341 0.06916940197995042 143
1725412358421 1.0391430689508072 144
1725412358499 1.3220256468303404 145
1725412358574 0.6815337152111622 146
1725412358666 0.7169910058606456 147
1725412358742 0.13106267705778168 148
1725412358821 0.8125732926286988 149
1725412358894 1.3130144290129895 150
1725412358963 0.17391318922168675 151
1725412359040 0.37627999396924 152
1725412359117 0.875233973428431 153
1725412359199 0.7102175732788824 154
1725412359257 0.3532876843097715 155
1725412359326 1.2141194358497178 156
1725412359405 0.12189883818532717 157
1725412359484 0.6218716368723222 158
1725412359558 0.00040998463564225493 159
1725412359632 0.33676297543817096 160
1725412359708 0.18109604521504866 161
1725412359783 1.0823381295378716 162
1725412359851 0.8214885643573988 163
1725412359923 0.3838787599003318 164
1725412360003 0.36833568020059887 165
1725412360082 0.3289566924819899 166
1725412360161 0.6913204418895038 167
1725412360236 0.20533900569780542 168
1725412360331 0.006035694669288683 169
1725412360411 0.0665894442404208 170
1725412360485 0.5022827334442351 171
1725412360556 0.4365377492922026 172
1725412360640 0.9077124079779442 173
1725412360709 0.3661883033832959 174
1725412360782 0.32903210972303454 175
1725412360848 0.35551678670849174 176
1725412360925 0.2520365020383787 177
1725412361007 0.3021627427717447 178
1725412361081 0.8183621616986071 179
1725412361170 0.7560278648642503 180
1725412361244 0.7181901594244187 181
1725412361318 1.5248366530444113 182
1725412361393 1.5010914111818066 183
1725412361461 0.30036364522826575 184
1725412361538 0.0011414420965171895 185
1725412361608 0.21816655293750428 186
1725412361679 0.9548972532536986 187
1725412361752 0.19282436351128449 188
1725412361826 0.16667933512718552 189
1725412361897 0.6828780937909068 190
1725412361974 0.1398825493900519 191
1725412362042 0.15659099898749693 192
1725412362109 0.3408571422952974 193
1725412362190 0.25001846965092495 194
1725412362275 0.4155066987773881 195
1725412362353 0.04498695963012574 196
1725412362437 0.08030217034668392 197
1725412362506 0.37735845229587156 198
1725412362588 0.3571017708607491 199
1725412362675 1.6343275928845522 200
1725412362745 1.129935150546552 201
1725412362823 0.4599008754778988 202
1725412362891 0.6929949686918833 203
1725412362959 0.5645626521352779 204
1725412363040 0.12641719513926553 205
1725412363123 0.7430946491515521 206
1725412363205 1.0912593860122655 207
1725412363280 0.24086151889441446 208
1725412363361 0.5842473562894154 209
1725412363437 1.1882298871634118 210
1725412363510 1.0166090622271375 211
1725412363577 0.7695054219161179 212
1725412363658 0.7599706604058593 213
1725412363733 0.5235150769828689 214
1725412363814 1.5595663071409476 215
1725412363895 0.10318895826300223 216
1725412363976 0.49735482421797567 217
1725412364052 0.0008950448490235615 218
1725412364119 0.15894606735549607 219
1725412364182 1.2268232555278935 220
1725412364263 0.09683483369072646 221
1725412364336 0.8946568030063801 222
1725412364414 0.12430673635564085 223
1725412364482 0.4109896187511387 224
1725412364562 0.45382139349856365 225
1725412364637 0.5006266492588036 226
1725412364717 0.09931971007473561 227
1725412364798 0.7412799125607944 228
1725412364878 0.13997207720579707 229
1725412364945 0.15070264483392362 230
1725412365025 0.6014378003044785 231
1725412365094 0.7896149493685707 232
1725412365174 0.0025323315431089784 233
1725412365258 0.6498268249225714 234
1725412365327 0.25002806284656626 235
1725412365408 0.0005744926244105807 236
1725412365488 0.6255313462970132 237
1725412365571 0.606839085076092 238
1725412365647 0.6659810168515119 239
1725412365727 0.22678023749735488 240
1725412365812 0.6964744898707919 241
1725412365881 0.3739983659732348 242
1725412365961 0.14641067483359696 243
1725412366036 0.9635804992051398 244
1725412366111 0.002742947526596143 245
1725412366180 0.31096680836650276 246
1725412366248 0.010540177284091247 247
1725412366329 0.6887935176649472 248
1725412366411 0.0763443941425389 249
1725412366486 1.3931490104314865 250
1725412366567 0.5905762476354597 251
1725412366635 0.4884155191323877 252
1725412366712 0.36365141112952176 253
1725412366779 0.7839189935862099 254
1725412366862 0.39152852953249473 255
1725412366931 0.3157631880222631 256
1725412367001 0.3904159724517628 257
1725412367094 0.6254324166538063 258
1725412367168 0.5871596555168094 259
1725412367245 0.596166011465879 260
1725412367343 1.7017715718111572 261
1725412367418 0.5236430515592062 262
1725412367490 0.0981633241244434 263
1725412367557 0.5946361849783712 264
1725412367626 0.33865274360238473 265
1725412367704 1.2198701493933446 266
1725412367781 0.8265054761669284 267
1725412367864 0.6842209802392041 268
1725412367943 0.04616969495266617 269
1725412368033 0.19072700884519114 270
1725412368101 0.214962726411773 271
1725412368182 0.4255194565054524 272
1725412368261 0.3440803281055075 273
1725412368330 0.09046181709161116 274
1725412368408 1.0321482075754829 275
1725412368486 0.02131591764087621 276
1725412368567 0.4844894104170699 277
1725412368650 0.04006110679806237 278
1725412368731 1.4841366301756587 279
1725412368807 0.1910183104304213 280
1725412368883 0.2963485473004541 281
1725412368954 0.758312784325506 282
1725412369020 0.4464858708505112 283
1725412369099 1.2094943496173312 284
1725412369176 1.0833732756260637 285
1725412369247 0.27713411959180434 286
1725412369326 0.2768996867555456 287
1725412369412 0.511410221580318 288
1725412369493 0.1721159397728783 289
1725412369566 0.25588124150855923 290
1725412369642 0.34853696276166113 291
1725412369721 0.6987528263380215 292
1725412369791 1.1771974802302336 293
1725412369864 0.07535097203195903 294
1725412369941 0.6790659719200165 295
1725412370013 0.1239113197039505 296
1725412370092 0.7128305885582495 297
1725412370179 0.9058710450405137 298
1725412370261 0.23405272543438865 299
1725412370334 0.0002560564237732043 300
1725412370410 1.5959123188930708 301
1725412370488 0.3500497469008881 302
1725412370567 0.8830186940396467 303
1725412370655 1.1480263602003966 304
1725412370731 0.24394782350694544 305
1725412370802 1.8610044709647848 306
1725412370884 0.18032307202464928 307
1725412370949 1.1938477168478154 308
1725412371018 0.3051462403265293 309
1725412371094 1.4894411482629244 310
1725412371172 0.16532472659075023 311
1725412371247 1.048399217252973 312
1725412371316 0.3430696456311377 313
1725412371397 1.3097383485997613 314
1725412371469 0.32644268120165293 315
1725412371538 0.41454474326863183 316
1725412371623 0.06671437929895835 317
1725412371704 0.5376434183384022 318
1725412371779 0.8900999434791882 319
1725412371845 0.08156338992124489 320
1725412371923 0.005835647838622613 321
1725412371990 0.381677823384291 322
1725412372069 0.1714560725028937 323
1725412372134 1.1094922628052153 324
1725412372211 0.5938330935707856 325
1725412372280 0.5568613202338303 326
1725412372355 0.7496450095684818 327
1725412372428 0.8137025833263718 328
1725412372502 0.00814544660785655 329
1725412372582 0.29201743514950895 330
1725412372664 1.852193567230799 331
1725412372727 0.8747587084574487 332
1725412372800 0.23551818710011946 333
1725412372878 1.3719123824974093 334
1725412372956 0.007657285746148276 335
1725412373034 0.25589361024159296 336
1725412373102 1.256098763064343 337
1725412373169 0.4813748715309874 338
1725412373249 0.46985193653752205 339
1725412373334 0.35393982684863795 340
1725412373408 1.3033015857809984 341
1725412373477 0.8901318730316823 342
1725412373557 0.37314891235246284 343
1725412373621 0.6065981896155122 344
1725412373700 0.4221398615888932 345
1725412373773 1.0532083106122894 346
1725412373864 0.08365362970761563 347
1725412373944 0.6253281245355428 348
1725412374013 1.0632071437977673 349
1725412374094 2.236667858931385 350
1725412374169 0.5007401619027545 351
1725412374246 0.5331943337003072 352
1725412374329 0.01080856772622078 353
1725412374398 0.9205074771678602 354
1725412374484 1.253082979323398 355
1725412374557 0.06221934088010731 356
1725412374630 0.4607938272235002 357
1725412374709 0.10008355181346712 358
1725412374791 0.46985341231895045 359
1725412374867 0.1846313804681244 360
1725412374945 0.05853751591676857 361
1725412375020 0.8006182069314469 362
1725412375093 0.1902132580147478 363
1725412375168 0.9243811824829496 364
1725412375236 0.9011369117330695 365
1725412375310 0.5654728858272168 366
1725412375382 0.10057688806810369 367
1725412375458 0.1929909068978575 368
1725412375524 0.9203245426572506 369
1725412375604 0.3537271448908105 370
1725412375675 0.272466774265894 371
1725412375744 0.2959699440425375 372
1725412375813 0.581608282394644 373
1725412375884 0.04190705251184997 374
1725412375960 1.0769094511083668 375
1725412376034 0.03848537938938478 376
1725412376107 0.02965434855176969 377
1725412376184 1.1932764886319753 378
1725412376249 0.3095089400878212 379
1725412376333 0.013448871645417035 380
1725412376418 0.28955052401287656 381
1725412376486 0.6096552813881945 382
1725412376555 0.4968464425912603 383
1725412376627 0.6691010837272121 384
1725412376708 0.12481754065675524 385
1725412376784 1.5972071602500995 386
1725412376857 0.7988899906661103 387
1725412376940 0.5636197121388313 388
1725412377024 1.2554919204586055 389
1725412377089 1.1004112095341447 390
1725412377157 0.7351546049015097 391
1725412377233 0.5042483800253651 392
1725412377323 0.6858215430061474 393
1725412377409 0.21670172119310713 394
1725412377488 0.14229263614619564 395
1725412377574 0.4449647141125065 396
1725412377655 0.09925401358522205 397
1725412377725 1.4718651209707143 398
1725412377809 0.3539458722061203 399
1725412377879 0.10769426328101266 400
1725412377956 1.4662624805524413 401
1725412378038 0.23998706653130278 402
1725412378111 0.2795299307698358 403
1725412378181 0.8394766372886271 404
1725412378259 0.35192607713384155 405
1725412378331 0.2823360294622022 406
1725412378419 0.5310455351005476 407
1725412378493 0.3449767456950926 408
1725412378563 0.15424561428043135 409
1725412378640 0.35572700694171183 410
1725412378722 1.09362134831246 411
1725412378792 0.9235867424310168 412
1725412378863 0.0603346042307795 413
1725412378931 1.0043308977621346 414
1725412379010 0.23057831925042943 415
1725412379084 1.6383945623559177 416
1725412379166 0.7687608796782472 417
1725412379244 0.5942060606629702 418
1725412379316 1.1429354039885788 419
1725412379390 0.5895920689167582 420
1725412379468 0.8371397106198402 421
1725412379537 0.7726178551657766 422
1725412379614 0.0603691376125254 423
1725412379683 0.004853411899207368 424
1725412379760 0.18631568455302674 425
1725412379831 0.1936086088299214 426
1725412379901 0.09465657042764021 427
1725412379980 0.3897318624321745 428
1725412380064 0.14609076589776976 429
1725412380129 0.0318506922291258 430
1725412380213 0.6652810655857397 431
1725412380290 0.5827950204132919 432
1725412380359 0.2974756433951981 433
1725412380428 0.8702756427002916 434
1725412380511 0.19936164799932082 435
1725412380581 0.3221803179761508 436
1725412380657 0.9569639628153342 437
1725412380722 1.0969058796279088 438
1725412380797 0.9932693919239269 439
1725412380871 0.12146116755581333 440
1725412380946 0.30008178699690724 441
1725412381013 0.5536527279193021 442
1725412381081 0.4845343653308991 443
1725412381159 0.7066001694880267 444
1725412381237 0.13902015881111604 445
1725412381316 0.05284854987064011 446
1725412381389 0.3906654234826474 447
1725412381459 1.0380065196031778 448
1725412381525 0.8711575480330777 449
1725412381599 0.8820290890881685 450
1725412381668 0.9677285398758827 451
1725412381741 1.0365480650152152 452
1725412381817 0.04934267985959007 453
1725412381900 0.6936963325798507 454
1725412381986 1.10673674965415 455
1725412382067 0.6318009719969303 456
1725412382134 0.28109665958384467 457
1725412382202 0.1286358907640268 458
1725412382280 0.018000518586823666 459
1725412382363 0.08197117168307988 460
1725412382441 0.6581361758577756 461
1725412382513 0.44367897132962664 462
1725412382580 0.43942360300276 463
1725412382660 0.19718620758394956 464
1725412382728 0.23519840983817117 465
1725412382809 0.5411224434208115 466
1725412382890 1.5479903525046907 467
1725412382966 1.8302572411822484 468
1725412383033 1.167642688506137 469
1725412383106 1.3129861393958948 470
1725412383182 0.48352050841639393 471
1725412383289 0.3621146283504643 472
1725412383365 1.0126528632907488 473
1725412383434 1.38375378632412 474
1725412383492 0.049219106853837194 475
1725412383565 0.16687577400763356 476
1725412383647 1.1115901861437398 477
1725412383726 0.09250150976047909 478
1725412383796 0.5003615807370141 479
1725412383871 0.6406616410109061 480
1725412383939 0.6730928845886548 481
1725412384018 0.5633155844665005 482
1725412384107 0.6293177164191667 483
1725412384188 0.0002262528775203278 484
1725412384282 0.25863887713506717 485
1725412384358 0.6491238361526568 486
1725412384430 0.8188805803755426 487
1725412384504 0.48614405578736225 488
1725412384573 0.26858466424081345 489
1725412384639 2.3916827786126973 490
1725412384720 0.029194925148056643 491
1725412384791 0.2519492215161449 492
1725412384863 0.6678109500310994 493
1725412384931 1.271910647165355 494
1725412384995 0.41245240854604714 495
1725412385071 0.2445827771060885 496
1725412385141 0.677134596984721 497
1725412385211 0.03867631540535476 498
1725412385280 0.16442018558898358 499
