1725386266727 174.4296130030893 0
1725386266741 171.03707989239692 1
1725386266755 169.31793891803338 2
1725386266771 167.6594244009215 3
1725386266784 165.9916803322236 4
1725386266797 164.3408832966187 5
1725386266808 162.70672864057806 6
1725386266819 161.08904607568104 7
1725386266830 159.4876664637686 8
1725386266844 157.90242246393356 9
1725386266861 156.3331485090205 10
1725386266879 154.7796807857406 11
1725386266898 153.24185721501414 12
1725386266915 151.71951743255516 13
1725386266930 150.21250276969403 14
1725386266946 148.72065623443433 15
1725386266962 147.2438224927421 16
1725386266980 145.78184785006295 17
1725386266996 144.33458023306423 18
1725386267009 142.90186917159977 19
1725386267021 141.48356578089317 20
1725386267037 140.07952274393742 21
1725386267050 138.6895942941073 22
1725386267062 137.31363619798228 23
1725386267075 135.9515057383762 24
1725386267090 134.60619223576938 25
1725386267103 133.27274867648353 26
1725386267114 131.95268340083317 27
1725386267127 130.64584437575357 28
1725386267137 129.35209746569979 29
1725386267150 128.07130976277702 30
1725386267162 126.80334974053473 31
1725386267174 125.54808723730619 32
1725386267185 124.30539344148914 33
1725386267196 123.07514087697872 34
1725386267207 121.85720338876861 35
1725386267233 120.65145612871859 36
1725386267255 119.45777554148586 37
1725386267283 118.27603935061869 38
1725386267305 117.10612654480938 39
1725386267332 115.94791736430557 40
1725386267352 114.80129328747712 41
1725386267368 113.66613701753674 42
1725386267385 112.54233246941283 43
1725386267400 111.42976475677185 44
1725386267413 110.32832017918915 45
1725386267430 109.23788620946594 46
1725386267446 108.15835148109032 47
1725386267463 107.08960577584116 48
1725386267483 106.03154001153285 49
1725386267502 104.98404622989857 50
1725386267525 103.94701758461133 51
1725386267554 102.92034832944033 52
1725386267573 101.9039338065411 53
1725386267593 100.8976704348781 54
1725386267615 99.90145569877757 55
1725386267635 98.91518813660961 56
1725386267659 97.93876732959745 57
1725386267682 96.97209389075245 58
1725386267707 96.0150694539334 59
1725386267733 95.06759666302868 60
1725386267757 94.13157476281721 61
1725386267780 93.20387291656414 62
1725386267802 92.28542488334818 63
1725386267822 91.37613147108306 64
1725386267847 90.47590053826804 65
1725386267859 89.58464084556374 66
1725386267871 88.70226208708715 67
1725386267885 87.82867488028643 68
1725386267896 86.96379075623744 69
1725386267908 86.10752215004473 70
1725386267919 85.25978239134831 71
1725386267930 84.42048569493572 72
1725386267941 83.58954715145697 73
1725386267953 82.766882718242 74
1725386267966 81.95240921021917 75
1725386267990 81.14604429093339 76
1725386268007 80.34770646366286 77
1725386268028 79.55731506263338 78
1725386268076 78.77479024432895 79
1725386268104 78.00005297889716 80
1725386268121 77.23302504164913 81
1725386268139 76.4736290046519 82
1725386268154 75.72178822841272 83
1725386268165 74.97742685365438 84
1725386268177 74.24046979317964 85
1725386268190 73.51084272382471 86
1725386268221 72.78847207850013 87
1725386268257 72.07328503831813 88
1725386268347 71.36520952480556 89
1725386268389 70.66417419220132 90
1725386268438 69.97010841983735 91
1725386268466 69.28294230460226 92
1725386268488 68.6028822735768 93
1725386268511 67.92916030662415 94
1725386268535 67.26254865660125 95
1725386268558 66.60214677801994 96
1725386268581 65.94871363876629 97
1725386268605 65.30163099948636 98
1725386268629 64.66097603211105 99
1725386268652 64.02693107400448 100
1725386268692 63.399272746140426 101
1725386268712 62.777655660377704 102
1725386268735 62.162305631633515 103
1725386268759 61.553675724134195 104
1725386268782 60.95073885903466 105
1725386268806 60.35354180454683 106
1725386268830 59.76261898723305 107
1725386268854 59.177168156102326 108
1725386268877 58.597907840912214 109
1725386268900 58.024251295550876 110
1725386268924 57.45604534540437 111
1725386268946 56.893816560384515 112
1725386268969 56.33703528211397 113
1725386268993 55.785514724928895 114
1725386269017 55.23961040318628 115
1725386269043 54.699323024147866 116
1725386269071 54.16426874649903 117
1725386269094 53.63451242467696 118
1725386269118 53.1097506442831 119
1725386269140 52.59033632450463 120
1725386269167 52.076270380433655 121
1725386269188 51.567178843229144 122
1725386269218 51.063126705437 123
1725386269242 50.56359952971388 124
1725386269265 50.069713376355004 125
1725386269291 49.58047571098658 126
1725386269315 49.09671762214085 127
1725386269338 48.61677692092779 128
1725386269364 48.14208838883212 129
1725386269388 47.67219927717307 130
1725386269413 47.20710106585574 131
1725386269437 46.74647278084809 132
1725386269462 46.29018779495917 133
1725386269487 45.83812272292993 134
1725386269513 45.39108137798154 135
1725386269537 44.948849668540475 136
1725386269570 44.51015714670248 137
1725386269591 44.076606210624035 138
1725386269615 43.64682740261802 139
1725386269638 43.221704634202055 140
1725386269662 42.800365991061824 141
1725386269685 42.38382319365597 142
1725386269709 41.97113190556845 143
1725386269733 41.56195869572631 144
1725386269762 41.15774759546056 145
1725386269788 40.75657129603291 146
1725386269815 40.36047968731507 147
1725386269840 39.967889559090125 148
1725386269864 39.57872987783307 149
1725386269888 39.1937826606667 150
1725386269911 38.812569474186475 151
1725386269937 38.43535930955103 152
1725386269962 38.06089274685995 153
1725386269986 37.69080226484364 154
1725386270009 37.324473066850935 155
1725386270032 36.96144859198889 156
1725386270056 36.60240786365896 157
1725386270080 36.24672303174412 158
1725386270101 35.89476203173879 159
1725386270125 35.54617428202529 160
1725386270149 35.200287977917235 161
1725386270172 34.85863579118818 162
1725386270191 34.520150686651654 163
1725386270213 34.18521160485725 164
1725386270244 33.853260958438064 165
1725386270268 33.52431063728868 166
1725386270295 33.198790677360776 167
1725386270320 32.87630126420971 168
1725386270346 32.55778967576008 169
1725386270372 32.24206065747666 170
1725386270397 31.928976858195664 171
1725386270423 31.619494130925194 172
1725386270452 31.312725916611342 173
1725386270476 31.009176832084062 174
1725386270503 30.708529942810674 175
1725386270529 30.410205384883803 176
1725386270553 30.116082889932496 177
1725386270579 29.824068087808165 178
1725386270607 29.535228894494196 179
1725386270630 29.249034752680792 180
1725386270664 28.96577865119082 181
1725386270690 28.68540685489817 182
1725386270713 28.407668781902316 183
1725386270739 28.13282794224301 184
1725386270767 27.86057103162039 185
1725386270789 27.590392705649055 186
1725386270810 27.32375784232149 187
1725386270828 27.059298862773694 188
1725386270852 26.79731594075189 189
1725386270877 26.538699586239893 190
1725386270901 26.28179024138343 191
1725386270928 26.027775431575957 192
1725386270956 25.776400202089533 193
1725386270979 25.527566207391132 194
1725386271002 25.28081566721912 195
1725386271026 25.035595170516604 196
1725386271050 24.794301630340055 197
1725386271075 24.555201175739498 198
1725386271099 24.318284546301783 199
1725386271123 24.08316967853256 200
1725386271148 23.850427604428898 201
1725386271169 23.620825228974677 202
1725386271193 23.392410936010624 203
1725386271216 23.166792477016745 204
1725386271242 22.943542088042115 205
1725386271270 22.722209152244584 206
1725386271294 22.502730493443256 207
1725386271322 22.28617046507302 208
1725386271354 22.07152008667503 209
1725386271386 21.858856149203163 210
1725386271431 21.64813556981113 211
1725386271466 21.43963268544983 212
1725386271514 21.233124320164332 213
1725386271545 21.0291961793611 214
1725386271580 20.826381005784544 215
1725386271606 20.625588735732293 216
1725386271629 20.427334518580828 217
1725386271660 20.23125467078322 218
1725386271691 20.035852905319107 219
1725386271722 19.84326811726897 220
1725386271757 19.653002399985617 221
1725386271783 19.464061503240004 222
1725386271818 19.2771348888579 223
1725386271849 19.091788747470627 224
1725386271877 18.908067219373294 225
1725386271909 18.726777223801683 226
1725386271931 18.54637868719055 227
1725386271955 18.368623949218538 228
1725386271977 18.192493393211677 229
1725386272000 18.017286642717735 230
1725386272023 17.844802219471877 231
1725386272048 17.67351136679962 232
1725386272072 17.504350700889876 233
1725386272096 17.33603288336199 234
1725386272124 17.170431324954514 235
1725386272149 17.005739814963295 236
1725386272173 16.842494089605786 237
1725386272198 16.680876816117426 238
1725386272229 16.52124231418109 239
1725386272259 16.363380650879122 240
1725386272286 16.206410386655698 241
1725386272315 16.05163809107007 242
1725386272339 15.897422323561972 243
1725386272362 15.745934462941502 244
1725386272387 15.59511229942211 245
1725386272413 15.445550282606993 246
1725386272437 15.298220657733236 247
1725386272460 15.151841525107189 248
1725386272483 15.00724117447992 249
1725386272508 14.863878898439522 250
1725386272532 14.721727128293205 251
1725386272556 14.580703069892305 252
1725386272581 14.442191681546488 253
1725386272605 14.304163632896405 254
1725386272628 14.167731121706396 255
1725386272652 14.031461327301068 256
1725386272676 13.897952305572062 257
1725386272700 13.765768559693958 258
1725386272724 13.634595917860953 259
1725386272749 13.504696367897424 260
1725386272772 13.375686407250454 261
1725386272795 13.24829849518402 262
1725386272821 13.122238427760463 263
1725386272843 12.997228791213812 264
1725386272867 12.873769313419945 265
1725386272893 12.750214794642986 266
1725386272916 12.629051253767487 267
1725386272940 12.509565908348074 268
1725386272964 12.39023430701395 269
1725386272988 12.272775532280638 270
1725386273013 12.156005701752518 271
1725386273031 12.04005653858747 272
1725386273054 11.926004142110806 273
1725386273079 11.81277248863194 274
1725386273102 11.699706976698387 275
1725386273125 11.5892038122624 276
1725386273151 11.478730230627884 277
1725386273175 11.370347328471746 278
1725386273199 11.262509845782336 279
1725386273228 11.155624490609929 280
1725386273251 11.04985365832491 281
1725386273280 10.944843992689655 282
1725386273301 10.84119485879877 283
1725386273326 10.738442605096335 284
1725386273349 10.636389064033343 285
1725386273375 10.535905761633842 286
1725386273401 10.436487203988662 287
1725386273426 10.337833553449023 288
1725386273450 10.239340010629109 289
1725386273474 10.143134058247389 290
1725386273493 10.04704596268892 291
1725386273517 9.951853550278836 292
1725386273544 9.857741564382701 293
1725386273573 9.764655005034061 294
1725386273599 9.672689081529587 295
1725386273628 9.581387048839842 296
1725386273653 9.490789791710212 297
1725386273680 9.401671493270323 298
1725386273704 9.312433962498401 299
1725386273730 9.224837279394231 300
1725386273756 9.137695836437286 301
1725386273780 9.0516726471995 302
1725386273805 8.966505342273924 303
1725386273829 8.882016475740487 304
1725386273852 8.798541872865636 305
1725386273875 8.715663624448178 306
1725386273898 8.633571215859117 307
1725386273923 8.551976849047026 308
1725386273953 8.471922661456485 309
1725386273979 8.392550548368513 310
1725386274001 8.313592357954274 311
1725386274021 8.23545142298945 312
1725386274050 8.157834483298961 313
1725386274076 8.081608930427189 314
1725386274098 8.005428424275834 315
1725386274121 7.930244680162312 316
1725386274156 7.855988332555644 317
1725386274212 7.782556444070589 318
1725386274237 7.709881220582063 319
1725386274276 7.637279394584059 320
1725386274308 7.565532228652639 321
1725386274337 7.4952380623498875 322
1725386274363 7.424554117985479 323
1725386274391 7.354886570645946 324
1725386274417 7.286227633398895 325
1725386274447 7.21868427634246 326
1725386274478 7.1506284015500166 327
1725386274503 7.08434322788123 328
1725386274531 7.017766717378053 329
1725386274561 6.952520986932743 330
1725386274586 6.887535342679453 331
1725386274611 6.823117391801562 332
1725386274639 6.759798044120703 333
1725386274671 6.696204927516587 334
1725386274694 6.634534234966864 335
1725386274719 6.572750523284033 336
1725386274746 6.5112479247731265 337
1725386274770 6.450701214846848 338
1725386274793 6.390912402607577 339
1725386274824 6.331053263433475 340
1725386274856 6.272511502334961 341
1725386274886 6.214043103943402 342
1725386274911 6.156568817564301 343
1725386274941 6.0994967333678884 344
1725386274965 6.042712898040083 345
1725386274992 5.986763434150064 346
1725386275015 5.930666724344785 347
1725386275040 5.876354484510775 348
1725386275063 5.821900277571722 349
1725386275088 5.768114776617653 350
1725386275114 5.714452233568418 351
1725386275137 5.6618157368230655 352
1725386275157 5.609280723922746 353
1725386275184 5.557390402861752 354
1725386275211 5.5061872661560205 355
1725386275232 5.455549569950703 356
1725386275253 5.404973362324996 357
1725386275283 5.355037137821237 358
1725386275309 5.305724622714764 359
1725386275335 5.256384778731792 360
1725386275365 5.208275721599641 361
1725386275388 5.160044745900146 362
1725386275420 5.112987860341 363
1725386275442 5.066031804836596 364
1725386275470 5.019012283074525 365
1725386275495 4.972992765811144 366
1725386275518 4.926676095872207 367
1725386275541 4.882131609139023 368
1725386275578 4.8375919404461465 369
1725386275603 4.79195213263081 370
1725386275632 4.748782112154784 371
1725386275660 4.7054441143097785 372
1725386275686 4.661875992865253 373
1725386275709 4.619232023667337 374
1725386275743 4.57736669060593 375
1725386275767 4.535604983809881 376
1725386275792 4.493324434136463 377
1725386275814 4.4524951058745375 378
1725386275838 4.412281164061057 379
1725386275862 4.3713248946883 380
1725386275886 4.331718186787058 381
1725386275909 4.291951238095644 382
1725386275933 4.253194111039912 383
1725386275957 4.214525169691164 384
1725386275981 4.176225568758644 385
1725386276003 4.138328977377304 386
1725386276025 4.100323227234055 387
1725386276052 4.063263778620786 388
1725386276072 4.025739050901298 389
1725386276091 3.989489033878021 390
1725386276114 3.9534628579344973 391
1725386276137 3.917779095647021 392
1725386276162 3.881725372392383 393
1725386276190 3.847116892191245 394
1725386276231 3.8119554303695034 395
1725386276265 3.7776720912126995 396
1725386276296 3.7438624604265347 397
1725386276321 3.709578574171737 398
1725386276352 3.6761816679402064 399
1725386276378 3.6426893019498983 400
1725386276401 3.609983618668101 401
1725386276427 3.577415501863977 402
1725386276451 3.545607742951376 403
1725386276471 3.5133334724313885 404
1725386276496 3.481594804352359 405
1725386276519 3.4505494400950236 406
1725386276545 3.4195810159027378 407
1725386276568 3.3885380662658897 408
1725386276590 3.3582610222034797 409
1725386276611 3.328437687114875 410
1725386276632 3.2985834448698017 411
1725386276655 3.268867100689866 412
1725386276676 3.2395965037324594 413
1725386276704 3.2111310488405755 414
1725386276730 3.1817566623279614 415
1725386276753 3.1532737105739947 416
1725386276778 3.1254443773477503 417
1725386276802 3.0973670231955515 418
1725386276829 3.06990413032716 419
1725386276857 3.042584418271872 420
1725386276880 3.0156189026362448 421
1725386276914 2.988757073009162 422
1725386276946 2.962549270286676 423
1725386276980 2.9360367113127865 424
1725386277011 2.909615920062419 425
1725386277048 2.8839382104195335 426
1725386277093 2.858577902271454 427
1725386277121 2.8335048249003436 428
1725386277174 2.8083003196365652 429
1725386277217 2.7829110568059376 430
1725386277249 2.7585487359166976 431
1725386277313 2.734618432042654 432
1725386277357 2.7102580146525295 433
1725386277397 2.686112992701843 434
1725386277428 2.66282682466938 435
1725386277460 2.6390509025421083 436
1725386277494 2.616152791215613 437
1725386277517 2.593101120986669 438
1725386277543 2.570217038019395 439
1725386277561 2.5476946792709687 440
1725386277577 2.5256640302872886 441
1725386277595 2.50368322196189 442
1725386277616 2.480641916300277 443
1725386277643 2.459663969107659 444
1725386277666 2.438463639910432 445
1725386277686 2.4168779555659956 446
1725386277713 2.39579742942088 447
1725386277736 2.3747808984222094 448
1725386277752 2.3541724419648093 449
1725386277768 2.333477400850131 450
1725386277783 2.3133383793981706 451
1725386277798 2.293394012623488 452
1725386277814 2.2730936709687413 453
1725386277830 2.253604634930199 454
1725386277845 2.233957318508241 455
1725386277856 2.214970585632432 456
1725386277871 2.195714171815673 457
1725386277891 2.176575095484483 458
1725386277907 2.1581602200532526 459
1725386277924 2.13917246073882 460
1725386277939 2.1204983400426536 461
1725386277954 2.1028769516151233 462
1725386277968 2.084586346712196 463
1725386277983 2.0662112696605384 464
1725386278001 2.0490621711625336 465
1725386278019 2.0316469176190632 466
1725386278042 2.0139082542010738 467
1725386278061 1.9963686292877634 468
1725386278078 1.9793265892244487 469
1725386278093 1.9625255773526198 470
1725386278115 1.9460284735273876 471
1725386278131 1.9290601803677738 472
1725386278146 1.912537558633625 473
1725386278161 1.8966494913208476 474
1725386278177 1.8805388857523075 475
1725386278194 1.864745055013716 476
1725386278211 1.8489389234541724 477
1725386278227 1.8323736954528667 478
1725386278242 1.8176359936779918 479
1725386278258 1.802330237118065 480
1725386278280 1.7869889285400182 481
1725386278295 1.7719808473236829 482
1725386278319 1.7568997348069653 483
1725386278335 1.7423005163864342 484
1725386278351 1.7275938530083326 485
1725386278367 1.713327587262809 486
1725386278388 1.6982691052158776 487
1725386278411 1.6846574461546213 488
1725386278436 1.6701035039622651 489
1725386278462 1.6565880306211849 490
1725386278487 1.642567763436369 491
1725386278518 1.6288600521482255 492
1725386278540 1.6154400683835217 493
1725386278564 1.6019717543479712 494
1725386278589 1.5885023024178384 495
1725386278611 1.5750785997995789 496
1725386278627 1.5616338466261521 497
1725386278641 1.54959602342431 498
1725386278652 1.5367026432438435 499
