1725343029160 nan 0
1725343029177 nan 1
1725343029197 nan 2
1725343029214 nan 3
1725343029233 nan 4
1725343029250 nan 5
1725343029266 nan 6
1725343029282 nan 7
1725343029299 nan 8
1725343029318 nan 9
1725343029337 nan 10
1725343029356 nan 11
1725343029379 nan 12
1725343029403 nan 13
1725343029453 nan 14
1725343029480 nan 15
1725343029507 nan 16
1725343029533 nan 17
1725343029561 nan 18
1725343029585 nan 19
1725343029605 nan 20
1725343029620 nan 21
1725343029636 nan 22
1725343029653 nan 23
1725343029669 nan 24
1725343029684 nan 25
1725343029699 nan 26
1725343029715 nan 27
1725343029731 nan 28
1725343029751 nan 29
1725343029767 nan 30
1725343029785 nan 31
1725343029799 nan 32
1725343029822 nan 33
1725343029841 nan 34
1725343029866 nan 35
1725343029927 nan 36
1725343029944 nan 37
1725343029962 nan 38
1725343029977 nan 39
1725343030001 nan 40
1725343030020 nan 41
1725343030040 nan 42
1725343030056 nan 43
1725343030073 nan 44
1725343030086 nan 45
1725343030102 nan 46
1725343030119 nan 47
1725343030136 nan 48
1725343030150 nan 49
1725343030166 nan 50
1725343030182 nan 51
1725343030199 nan 52
1725343030214 nan 53
1725343030230 nan 54
1725343030246 nan 55
1725343030261 nan 56
1725343030276 nan 57
1725343030291 nan 58
1725343030306 nan 59
1725343030321 nan 60
1725343030336 nan 61
1725343030351 nan 62
1725343030367 nan 63
1725343030385 nan 64
1725343030406 nan 65
1725343030424 nan 66
1725343030441 nan 67
1725343030475 nan 68
1725343030490 nan 69
1725343030510 nan 70
1725343030532 nan 71
1725343030552 nan 72
1725343030570 nan 73
1725343030585 nan 74
1725343030602 nan 75
1725343030616 nan 76
1725343030631 nan 77
1725343030645 nan 78
1725343030660 nan 79
1725343030674 nan 80
1725343030694 nan 81
1725343030708 nan 82
1725343030723 nan 83
1725343030739 nan 84
1725343030757 nan 85
1725343030773 nan 86
1725343030788 nan 87
1725343030805 nan 88
1725343030820 nan 89
1725343030836 nan 90
1725343030853 nan 91
1725343030869 nan 92
1725343030886 nan 93
1725343030902 nan 94
1725343030918 nan 95
1725343030934 nan 96
1725343030951 nan 97
1725343030967 nan 98
1725343030986 nan 99
1725343031001 nan 100
1725343031015 nan 101
1725343031030 nan 102
1725343031044 nan 103
1725343031059 nan 104
1725343031073 nan 105
1725343031090 nan 106
1725343031104 nan 107
1725343031120 nan 108
1725343031136 nan 109
1725343031153 nan 110
1725343031169 nan 111
1725343031185 nan 112
1725343031200 nan 113
1725343031216 nan 114
1725343031231 nan 115
1725343031246 nan 116
1725343031264 nan 117
1725343031284 nan 118
1725343031368 nan 119
1725343031387 nan 120
1725343031398 nan 121
1725343031412 nan 122
1725343031427 nan 123
1725343031442 nan 124
1725343031456 nan 125
1725343031484 nan 126
1725343031500 nan 127
1725343031539 nan 128
1725343031558 nan 129
1725343031573 nan 130
1725343031591 nan 131
1725343031608 nan 132
1725343031622 nan 133
1725343031639 nan 134
1725343031655 nan 135
1725343031672 nan 136
1725343031690 nan 137
1725343031706 nan 138
1725343031722 nan 139
1725343031737 nan 140
1725343031753 nan 141
1725343031768 nan 142
1725343031783 nan 143
1725343031797 nan 144
1725343031813 nan 145
1725343031828 nan 146
1725343031844 nan 147
1725343031860 nan 148
1725343031877 nan 149
1725343031894 nan 150
1725343031910 nan 151
1725343031927 nan 152
1725343031943 nan 153
1725343031963 nan 154
1725343031980 nan 155
1725343031997 nan 156
1725343032013 nan 157
1725343032030 nan 158
1725343032048 nan 159
1725343032065 nan 160
1725343032082 nan 161
1725343032111 nan 162
1725343032128 nan 163
1725343032149 nan 164
1725343032166 nan 165
1725343032183 nan 166
1725343032200 nan 167
1725343032216 nan 168
1725343032234 nan 169
1725343032251 nan 170
1725343032267 nan 171
1725343032285 nan 172
1725343032306 nan 173
1725343032322 nan 174
1725343032338 nan 175
1725343032355 nan 176
1725343032373 nan 177
1725343032389 nan 178
1725343032405 nan 179
1725343032420 nan 180
1725343032436 nan 181
1725343032455 nan 182
1725343032472 nan 183
1725343032504 nan 184
1725343032521 nan 185
1725343032538 nan 186
1725343032555 nan 187
1725343032570 nan 188
1725343032588 nan 189
1725343032604 nan 190
1725343032620 nan 191
1725343032635 nan 192
1725343032651 nan 193
1725343032666 nan 194
1725343032681 nan 195
1725343032696 nan 196
1725343032711 nan 197
1725343032725 nan 198
1725343032741 nan 199
1725343032758 nan 200
1725343032774 nan 201
1725343032791 nan 202
1725343032806 nan 203
1725343032823 nan 204
1725343032839 nan 205
1725343032855 nan 206
1725343032872 nan 207
1725343032889 nan 208
1725343032905 nan 209
1725343032921 nan 210
1725343032938 nan 211
1725343032954 nan 212
1725343032971 nan 213
1725343032988 nan 214
1725343033004 nan 215
1725343033020 nan 216
1725343033036 nan 217
1725343033052 nan 218
1725343033068 nan 219
1725343033085 nan 220
1725343033101 nan 221
1725343033116 nan 222
1725343033132 nan 223
1725343033150 nan 224
1725343033165 nan 225
1725343033183 nan 226
1725343033201 nan 227
1725343033218 nan 228
1725343033234 nan 229
1725343033249 nan 230
1725343033265 nan 231
1725343033280 nan 232
1725343033295 nan 233
1725343033311 nan 234
1725343033326 nan 235
1725343033341 nan 236
1725343033358 nan 237
1725343033372 nan 238
1725343033387 nan 239
1725343033402 nan 240
1725343033416 nan 241
1725343033430 nan 242
1725343033444 nan 243
1725343033460 nan 244
1725343033474 nan 245
1725343033488 nan 246
1725343033527 nan 247
1725343033545 nan 248
1725343033562 nan 249
1725343033578 nan 250
1725343033595 nan 251
1725343033612 nan 252
1725343033626 nan 253
1725343033641 nan 254
1725343033655 nan 255
1725343033671 nan 256
1725343033685 nan 257
1725343033700 nan 258
1725343033714 nan 259
1725343033729 nan 260
1725343033743 nan 261
1725343033758 nan 262
1725343033773 nan 263
1725343033787 nan 264
1725343033801 nan 265
1725343033815 nan 266
1725343033830 nan 267
1725343033844 nan 268
1725343033859 nan 269
1725343033875 nan 270
1725343033891 nan 271
1725343033908 nan 272
1725343033923 nan 273
1725343033939 nan 274
1725343033955 nan 275
1725343033971 nan 276
1725343033989 nan 277
1725343034006 nan 278
1725343034022 nan 279
1725343034037 nan 280
1725343034053 nan 281
1725343034069 nan 282
1725343034084 nan 283
1725343034100 nan 284
1725343034116 nan 285
1725343034130 nan 286
1725343034144 nan 287
1725343034159 nan 288
1725343034173 nan 289
1725343034188 nan 290
1725343034203 nan 291
1725343034217 nan 292
1725343034232 nan 293
1725343034249 nan 294
1725343034266 nan 295
1725343034283 nan 296
1725343034300 nan 297
1725343034316 nan 298
1725343034333 nan 299
1725343034350 nan 300
1725343034366 nan 301
1725343034382 nan 302
1725343034398 nan 303
1725343034414 nan 304
1725343034430 nan 305
1725343034447 nan 306
1725343034465 nan 307
1725343034480 nan 308
1725343034496 nan 309
1725343034512 nan 310
1725343034548 nan 311
1725343034563 nan 312
1725343034580 nan 313
1725343034597 nan 314
1725343034614 nan 315
1725343034628 nan 316
1725343034642 nan 317
1725343034656 nan 318
1725343034671 nan 319
1725343034685 nan 320
1725343034700 nan 321
1725343034714 nan 322
1725343034728 nan 323
1725343034745 nan 324
1725343034761 nan 325
1725343034777 nan 326
1725343034794 nan 327
1725343034814 nan 328
1725343034832 nan 329
1725343034848 nan 330
1725343034864 nan 331
1725343034880 nan 332
1725343034897 nan 333
1725343034913 nan 334
1725343034931 nan 335
1725343034946 nan 336
1725343034963 nan 337
1725343034978 nan 338
1725343034994 nan 339
1725343035008 nan 340
1725343035023 nan 341
1725343035037 nan 342
1725343035052 nan 343
1725343035066 nan 344
1725343035080 nan 345
1725343035095 nan 346
1725343035109 nan 347
1725343035123 nan 348
1725343035142 nan 349
1725343035158 nan 350
1725343035174 nan 351
1725343035190 nan 352
1725343035210 nan 353
1725343035226 nan 354
1725343035242 nan 355
1725343035258 nan 356
1725343035274 nan 357
1725343035291 nan 358
1725343035307 nan 359
1725343035323 nan 360
1725343035340 nan 361
1725343035356 nan 362
1725343035374 nan 363
1725343035395 nan 364
1725343035411 nan 365
1725343035428 nan 366
1725343035448 nan 367
1725343035465 nan 368
1725343035482 nan 369
1725343035499 nan 370
1725343035514 nan 371
1725343035528 nan 372
1725343035560 nan 373
1725343035575 nan 374
1725343035590 nan 375
1725343035605 nan 376
1725343035620 nan 377
1725343035634 nan 378
1725343035649 nan 379
1725343035664 nan 380
1725343035678 nan 381
1725343035692 nan 382
1725343035707 nan 383
1725343035722 nan 384
1725343035737 nan 385
1725343035754 nan 386
1725343035769 nan 387
1725343035785 nan 388
1725343035801 nan 389
1725343035817 nan 390
1725343035835 nan 391
1725343035856 nan 392
1725343035871 nan 393
1725343035886 nan 394
1725343035900 nan 395
1725343035914 nan 396
1725343035930 nan 397
1725343035944 nan 398
1725343035960 nan 399
1725343035974 nan 400
1725343035990 nan 401
1725343036010 nan 402
1725343036027 nan 403
1725343036043 nan 404
1725343036068 nan 405
1725343036084 nan 406
1725343036100 nan 407
1725343036118 nan 408
1725343036133 nan 409
1725343036148 nan 410
1725343036163 nan 411
1725343036177 nan 412
1725343036192 nan 413
1725343036206 nan 414
1725343036221 nan 415
1725343036235 nan 416
1725343036253 nan 417
1725343036269 nan 418
1725343036286 nan 419
1725343036302 nan 420
1725343036319 nan 421
1725343036344 nan 422
1725343036360 nan 423
1725343036375 nan 424
1725343036390 nan 425
1725343036404 nan 426
1725343036418 nan 427
1725343036433 nan 428
1725343036447 nan 429
1725343036462 nan 430
1725343036477 nan 431
1725343036490 nan 432
1725343036506 nan 433
1725343036523 nan 434
1725343036539 nan 435
1725343036554 nan 436
1725343036587 nan 437
1725343036608 nan 438
1725343036624 nan 439
1725343036638 nan 440
1725343036653 nan 441
1725343036666 nan 442
1725343036681 nan 443
1725343036695 nan 444
1725343036710 nan 445
1725343036724 nan 446
1725343036739 nan 447
1725343036758 nan 448
1725343036797 nan 449
1725343036828 nan 450
1725343036845 nan 451
1725343036860 nan 452
1725343036877 nan 453
1725343036896 nan 454
1725343036913 nan 455
1725343036932 nan 456
1725343036948 nan 457
1725343036964 nan 458
1725343036984 nan 459
1725343036999 nan 460
1725343037016 nan 461
1725343037032 nan 462
1725343037049 nan 463
1725343037065 nan 464
1725343037086 nan 465
1725343037104 nan 466
1725343037121 nan 467
1725343037140 nan 468
1725343037160 nan 469
1725343037175 nan 470
1725343037207 nan 471
1725343037236 nan 472
1725343037265 nan 473
1725343037288 nan 474
1725343037309 nan 475
1725343037330 nan 476
1725343037345 nan 477
1725343037362 nan 478
1725343037379 nan 479
1725343037395 nan 480
1725343037411 nan 481
1725343037428 nan 482
1725343037443 nan 483
1725343037460 nan 484
1725343037476 nan 485
1725343037493 nan 486
1725343037510 nan 487
1725343037527 nan 488
1725343037543 nan 489
1725343037561 nan 490
1725343037576 nan 491
1725343037608 nan 492
1725343037625 nan 493
1725343037642 nan 494
1725343037660 nan 495
1725343037677 nan 496
1725343037694 nan 497
1725343037708 nan 498
1725343037724 nan 499
