1725363792365 175.26809304363118 0
1725363792391 171.82226928362053 1
1725363792421 170.1105866017073 2
1725363792444 168.40756900665647 3
1725363792476 166.72350012507897 4
1725363792502 165.05809450152867 5
1725363792526 163.4111346637002 6
1725363792548 161.7824053798217 7
1725363792574 160.17169403891896 8
1725363792597 158.57879061485735 9
1725363792619 157.00348763354555 10
1725363792642 155.44558014056008 11
1725363792665 153.90486566920507 12
1725363792686 152.38114420899896 13
1725363792715 150.87421817458326 14
1725363792761 149.38389237504674 15
1725363792780 147.90997398365926 16
1725363792799 146.45227250800906 17
1725363792831 145.01059976053816 18
1725363792858 143.58476982946985 19
1725363792890 142.1745990501229 20
1725363792938 140.77990597660667 21
1725363792967 139.40051135389183 22
1725363792991 138.03623809025146 23
1725363793020 136.68691123006735 24
1725363793046 135.35235792699547 25
1725363793069 134.03240741748706 26
1725363793094 132.7268909946587 27
1725363793120 131.43564198250732 28
1725363793144 130.15849571046533 29
1725363793168 128.8952894882906 30
1725363793192 127.64586258128668 31
1725363793215 126.41005618584911 32
1725363793237 125.18771340533262 33
1725363793261 123.97867922623465 34
1725363793287 122.78280049469184 35
1725363793312 121.5999258932837 36
1725363793334 120.42990591813965 37
1725363793358 119.2725928563462 38
1725363793381 118.12784076364811 39
1725363793402 116.9955054424416 40
1725363793432 115.8754444200535 41
1725363793452 114.76751692730419 42
1725363793475 113.67158387734901 43
1725363793513 112.58750784479517 44
1725363793574 111.51515304508965 45
1725363793596 110.45438531417507 46
1725363793618 109.40507208840924 47
1725363793641 108.36708238474482 48
1725363793665 107.34028678116621 49
1725363793691 106.32455739737885 50
1725363793720 105.31976787574861 51
1725363793743 104.32579336248753 52
1725363793770 103.34251048908197 53
1725363793797 102.36979735396055 54
1725363793825 101.40753350439857 55
1725363793853 100.45559991865484 56
1725363793876 99.513878988339 57
1725363793899 98.58225450100501 58
1725363793922 97.66061162296872 59
1725363793947 96.74883688234569 60
1725363793972 95.8468181523066 61
1725363793994 94.95444463454768 62
1725363794020 94.07160684297216 63
1725363794058 93.19819658758128 64
1725363794091 92.3341069585708 65
1725363794115 91.47923231063109 66
1725363794137 90.63346824744745 67
1725363794160 89.79671160639839 68
1725363794184 88.96886044344903 69
1725363794209 88.14981401823685 70
1725363794232 87.3394727793475 71
1725363794259 86.53773834977798 72
1725363794287 85.74451351258445 73
1725363794311 84.95970219671267 74
1725363794339 84.18320946300831 75
1725363794360 83.41494149040453 76
1725363794384 82.65480556228513 77
1725363794408 81.90271005302019 78
1725363794430 81.15856441467218 79
1725363794453 80.42227916387068 80
1725363794476 79.69376586885271 81
1725363794496 78.97293713666697 82
1725363794521 78.2597066005397 83
1725363794547 77.55398890740018 84
1725363794571 76.85569970556314 85
1725363794594 76.16475563256704 86
1725363794616 75.48107430316486 87
1725363794641 74.80457429746691 88
1725363794666 74.13517514923198 89
1725363794692 73.4727973343064 90
1725363794717 72.81736225920787 91
1725363794743 72.16879224985314 92
1725363794768 71.5270105404266 93
1725363794792 70.89194126238918 94
1725363794818 70.26350943362436 95
1725363794851 69.64164094772073 96
1725363794874 69.02626256338814 97
1725363794897 68.41730189400702 98
1725363794919 67.81468739730774 99
1725363794943 67.21834836517941 100
1725363794967 66.62821491360566 101
1725363794991 66.0442179727264 102
1725363795015 65.46628927702339 103
1725363795039 64.89436135562796 104
1725363795062 64.32836752275024 105
1725363795083 63.76824186822686 106
1725363795107 63.21391924818668 107
1725363795135 62.66533527583273 108
1725363795162 62.12242631233866 109
1725363795184 61.58512945785822 110
1725363795205 61.05338254264668 111
1725363795227 60.52712411829252 112
1725363795253 60.0062934490575 113
1725363795275 59.49083050332465 114
1725363795311 58.980675945152015 115
1725363795342 58.47577112593101 116
1725363795370 57.97605807614826 117
1725363795397 57.481479497249204 118
1725363795422 56.99197875360261 119
1725363795446 56.5074998645641 120
1725363795467 56.02798749663806 121
1725363795490 55.553386955736336 122
1725363795515 55.08364417953226 123
1725363795541 54.618705729909294 124
1725363795564 54.158518785502785 125
1725363795587 53.70303113433344 126
1725363795612 53.25219116653192 127
1725363795641 52.80594786715274 128
1725363795665 52.36425080907673 129
1725363795692 51.92705014600102 130
1725363795717 51.49429660551479 131
1725363795744 51.065941482260754 132
1725363795768 50.64193663118001 133
1725363795790 50.22223446084048 134
1725363795814 49.80678792684674 135
1725363795837 49.39555052533099 136
1725363795868 48.988476286523806 137
1725363795892 48.58551976840377 138
1725363795916 48.186636050424745 139
1725363795940 47.791780727320095 140
1725363795966 47.40090990298282 141
1725363795985 47.01398018442044 142
1725363796011 46.63094867578392 143
1725363796044 46.25177297246966 144
1725363796068 45.87641115529332 145
1725363796096 45.5048217847352 146
1725363796119 45.136963895255576 147
1725363796143 44.77279698967948 148
1725363796167 44.412281033650146 149
1725363796190 44.05537645015 150
1725363796213 43.70204411408838 151
1725363796238 43.352245346955286 152
1725363796263 43.005941911540305 153
1725363796286 42.66309600671571 154
1725363796313 42.32367026228313 155
1725363796334 41.98762773388291 156
1725363796365 41.654931897965426 157
1725363796390 41.32554664682337 158
1725363796411 40.99943628368454 159
1725363796438 40.67656551786431 160
1725363796461 40.35689945997672 161
1725363796484 40.0404036172038 162
1725363796508 39.72704388862251 163
1725363796538 39.416786560587894 164
1725363796561 39.10959830217269 165
1725363796585 38.80544616066179 166
1725363796614 38.504297557101616 167
1725363796639 38.20612028190319 168
1725363796664 37.910882490498444 169
1725363796688 37.61855269904917 170
1725363796711 37.32909978020783 171
1725363796735 37.04249295892959 172
1725363796759 36.75870180833503 173
1725363796785 36.4776962456229 174
1725363796809 36.19944652803195 175
1725363796833 35.923923248851885 176
1725363796853 35.65109733348232 177
1725363796884 35.38094003553923 178
1725363796909 35.113422933008366 179
1725363796933 34.848517924445034 180
1725363796956 34.58619722521991 181
1725363796978 34.32643336380973 182
1725363797000 34.06919917813276 183
1725363797025 33.81446781192866 184
1725363797049 33.56221271118154 185
1725363797078 33.312407620586235 186
1725363797101 33.065026580057086 187
1725363797125 32.82004392127862 188
1725363797146 32.57743426429775 189
1725363797171 32.33717251415691 190
1725363797192 32.09923385756763 191
1725363797215 31.86359375962398 192
1725363797242 31.63022796055555 193
1725363797269 31.399112472519356 194
1725363797293 31.17022357643021 195
1725363797316 30.94353781882915 196
1725363797341 30.719032008789362 197
1725363797370 30.496683214859036 198
1725363797394 30.276468762041286 199
1725363797419 30.058366228809636 200
1725363797447 29.842353444159734 201
1725363797470 29.628408484696052 202
1725363797493 29.41650967175355 203
1725363797519 29.206635568553803 204
1725363797544 28.998764977394995 205
1725363797567 28.79287693687567 206
1725363797612 28.588950719151445 207
1725363797640 28.38696582722474 208
1725363797662 28.18690199226655 209
1725363797688 27.988739170970632 210
1725363797715 27.792457542938713 211
1725363797738 27.598037508097395 212
1725363797771 27.40545968414554 213
1725363797799 27.214704904032242 214
1725363797828 27.025754213464815 215
1725363797855 26.838588868446372 216
1725363797888 26.653190332843014 217
1725363797911 26.46954027597966 218
1725363797934 26.28762057026463 219
1725363797957 26.107413288842565 220
1725363797981 25.928900703275193 221
1725363798003 25.752065281249706 222
1725363798029 25.576889684314256 223
1725363798059 25.403356765640655 224
1725363798082 25.231449567813346 225
1725363798107 25.06115132064477 226
1725363798132 24.89244543901677 227
1725363798159 24.725315520747404 228
1725363798183 24.559745344483325 229
1725363798211 24.395718867616896 230
1725363798237 24.233220224228276 231
1725363798259 24.072233723051724 232
1725363798293 23.912743845466046 233
1725363798323 23.75473524350893 234
1725363798353 23.598192737914754 235
1725363798376 23.443101316175465 236
1725363798399 23.289446130624885 237
1725363798424 23.137212496545136 238
1725363798451 22.986385890295765 239
1725363798476 22.836951947465067 240
1725363798504 22.688896461043125 241
1725363798529 22.542205379616433 242
1725363798552 22.396864805583917 243
1725363798578 22.252860993394044 244
1725363798602 22.110180347802814 245
1725363798626 21.96880942215219 246
1725363798652 21.82873491666885 247
1725363798676 21.68994367678315 248
1725363798699 21.552422691467928 249
1725363798721 21.416159091596608 250
1725363798742 21.28114014832122 251
1725363798770 21.147353271468777 252
1725363798797 21.014786007957355 253
1725363798822 20.883426040230265 254
1725363798846 20.753261184708894 255
1725363798874 20.62427939026376 256
1725363798904 20.496468736703576 257
1725363798931 20.369817433281877 258
1725363798960 20.24431381722172 259
1725363798986 20.119946352257053 260
1725363799010 19.996703627191852 261
1725363799036 19.87457435447584 262
1725363799061 19.753547368797058 263
1725363799084 19.633611625690953 264
1725363799107 19.514756200165838 265
1725363799136 19.3969702853445 266
1725363799162 19.28024319112153 267
1725363799187 19.164564342836858 268
1725363799213 19.049923279964332 269
1725363799239 18.936309654816196 270
1725363799270 18.823713231262314 271
1725363799292 18.712123883464553 272
1725363799324 18.601531594626273 273
1725363799349 18.49192645575596 274
1725363799376 18.3832986644458 275
1725363799401 18.27563852366429 276
1725363799425 18.168936440563044 277
1725363799449 18.0631829252976 278
1725363799474 17.958368589862022 279
1725363799499 17.854484146937065 280
1725363799521 17.751520408751855 281
1725363799545 17.649468285958992 282
1725363799570 17.548318786522422 283
1725363799595 17.448063014618786 284
1725363799624 17.348692169551324 285
1725363799651 17.250197544676467 286
1725363799671 17.152570526343023 287
1725363799694 17.055802592843666 288
1725363799719 16.959885313378802 289
1725363799742 16.864810347032442 290
1725363799768 16.770569441759843 291
1725363799793 16.67715443338729 292
1725363799819 16.584557244623287 293
1725363799843 16.49276988408129 294
1725363799868 16.40178444531388 295
1725363799903 16.311593105858265 296
1725363799925 16.22218812629267 297
1725363799951 16.13356184930382 298
1725363799977 16.04570669876548 299
1725363800007 15.958615178827213 300
1725363800030 15.872279873014397 301
1725363800056 15.786693443337848 302
1725363800077 15.701848629414815 303
1725363800102 15.617738247599327 304
1725363800125 15.534355190122968 305
1725363800149 15.45169242424577 306
1725363800180 15.369742991416734 307
1725363800213 15.288500006444114 308
1725363800245 15.207956656675515 309
1725363800277 15.128106201187235 310
1725363800302 15.048941969983263 311
1725363800324 14.970457363203309 312
1725363800346 14.892645850340227 313
1725363800369 14.815500969466374 314
1725363800387 14.739016326469 315
1725363800410 14.66318559429434 316
1725363800434 14.588002512200799 317
1725363800459 14.513460885020258 318
1725363800486 14.439554582428423 319
1725363800509 14.366277538223338 320
1725363800530 14.293623749612276 321
1725363800551 14.221587276506966 322
1725363800584 14.150162240826784 323
1725363800609 14.079342825810148 324
1725363800642 14.009123275333856 325
1725363800668 13.939497893240214 326
1725363800691 13.87046104267192 327
1725363800719 13.802007145414674 328
1725363800736 13.73413068124732 329
1725363800763 13.66682618729955 330
1725363800790 13.600088257417017 331
1725363800818 13.533911541533579 332
1725363800846 13.468290745050934 333
1725363800867 13.403220628225558 334
1725363800893 13.338696005562243 335
1725363800921 13.274711745215109 336
1725363800946 13.21126276839511 337
1725363800970 13.14834404878464 338
1725363800992 13.085950611958776 339
1725363801016 13.024077534812992 340
1725363801036 12.962719944997795 341
1725363801064 12.901873020359591 342
1725363801084 12.841531988387999 343
1725363801108 12.78169212566971 344
1725363801133 12.722348757348296 345
1725363801160 12.66349725659045 346
1725363801184 12.605133044058356 347
1725363801208 12.54725158738792 348
1725363801231 12.48984840067313 349
1725363801254 12.432919043956323 350
1725363801282 12.376459122724263 351
1725363801305 12.320464287409946 352
1725363801328 12.264930232900108 353
1725363801356 12.209852698048513 354
1725363801386 12.155227465194612 355
1725363801408 12.101050359687806 356
1725363801434 12.047317249417263 357
1725363801460 11.994024044346773 358
1725363801477 11.94116669605524 359
1725363801501 11.88874119728237 360
1725363801521 11.836743581479377 361
1725363801542 11.78516992236494 362
1725363801566 11.73401633348633 363
1725363801594 11.683278967785295 364
1725363801618 11.632954017168982 365
1725363801644 11.58303771208602 366
1725363801668 11.533526321106962 367
1725363801692 11.484416150509988 368
1725363801717 11.43570354387078 369
1725363801742 11.387384881657683 370
1725363801765 11.339456580831012 371
1725363801792 11.291915094447086 372
1725363801817 11.244756911266725 373
1725363801843 11.197978555368303 374
1725363801871 11.151576585765012 375
1725363801896 11.105547596026735 376
1725363801928 11.059888213905849 377
1725363801956 11.014595100967679 378
1725363801979 10.969664952224841 379
1725363802003 10.925094495775818 380
1725363802031 10.880880492447805 381
1725363802053 10.837019735443327 382
1725363802075 10.793509049991064 383
1725363802100 10.750345293000487 384
1725363802130 10.70752535272058 385
1725363802151 10.665046148402254 386
1725363802176 10.622904629964674 387
1725363802199 10.581097777665393 388
1725363802223 10.539622601774065 389
1725363802246 10.498476142249993 390
1725363802268 10.457655468423319 391
1725363802294 10.417157678679722 392
1725363802317 10.376979900148717 393
1725363802346 10.337119288395506 394
1725363802371 10.297573027116321 395
1725363802395 10.258338327837045 396
1725363802421 10.219412429615481 397
1725363802442 10.18079259874679 398
1725363802466 10.1424761284723 399
1725363802490 10.10446033869161 400
1725363802517 10.066742575677912 401
1725363802543 10.029320211796607 402
1725363802562 9.992190645226906 403
1725363802588 9.95535129968669 404
1725363802609 9.918799624160568 405
1725363802634 9.88253309263066 406
1725363802658 9.846549203810758 407
1725363802681 9.810845480883298 408
1725363802704 9.775419471239253 409
1725363802729 9.740268746221096 410
1725363802754 9.705390900868464 411
1725363802777 9.670783553666798 412
1725363802805 9.636444346298799 413
1725363802826 9.602370943398572 414
1725363802848 9.568561032308663 415
1725363802880 9.535012322839677 416
1725363802901 9.501722547032637 417
1725363802936 9.468689458924073 418
1725363802956 9.43591083431371 419
1725363802975 9.40338447053456 420
1725363802994 9.371108186225934 421
1725363803020 9.339079821108697 422
1725363803043 9.307297235763098 423
1725363803062 9.275758311409305 424
1725363803086 9.244460949689929 425
1725363803113 9.213403072455419 426
1725363803136 9.18258262155172 427
1725363803161 9.151997558610041 428
1725363803184 9.12164586483945 429
1725363803208 9.09152554082123 430
1725363803234 9.061634606305974 431
1725363803260 9.031971100012715 432
1725363803284 9.002533079430327 433
1725363803305 8.973318620621093 434
1725363803327 8.944325818026604 435
1725363803351 8.915552784275647 436
1725363803376 8.886997649994253 437
1725363803400 8.858658563617992 438
1725363803425 8.830533691206158 439
1725363803449 8.802621216258176 440
1725363803472 8.774919339531882 441
1725363803496 8.747426278863989 442
1725363803518 8.720140268992381 443
1725363803543 8.69305956138059 444
1725363803567 8.666182424043834 445
1725363803596 8.639507141377438 446
1725363803617 8.613032013986896 447
1725363803635 8.586755358519724 448
1725363803658 8.560675507499408 449
1725363803681 8.53479080916104 450
1725363803703 8.509099627288752 451
1725363803726 8.48360034105507 452
1725363803748 8.458291344861875 453
1725363803770 8.433171048183247 454
1725363803793 8.40823787540996 455
1725363803819 8.383490265695755 456
1725363803842 8.358926672805268 457
1725363803866 8.334545564963527 458
1725363803889 8.310345424707338 459
1725363803910 8.286324748738163 460
1725363803936 8.262482047776514 461
1725363803960 8.238815846418145 462
1725363803982 8.21532468299174 463
1725363804005 8.19200710941809 464
1725363804024 8.168861691070932 465
1725363804049 8.145887006639228 466
1725363804067 8.123081647991015 467
1725363804090 8.100444220038671 468
1725363804116 8.077973340605716 469
1725363804136 8.055667640295011 470
1725363804161 8.033525762358574 471
1725363804184 8.0115463625685 472
1725363804208 7.989728109089576 473
1725363804233 7.968069682353198 474
1725363804252 7.9465697749325575 475
1725363804276 7.925227091419388 476
1725363804304 7.904040348301827 477
1725363804337 7.88300827384383 478
1725363804361 7.862129607965772 479
1725363804387 7.841403102126334 480
1725363804418 7.820827519205754 481
1725363804444 7.800401633390225 482
1725363804470 7.780124230057776 483
1725363804494 7.759994105665061 484
1725363804515 7.740010067635737 485
1725363804545 7.72017093424976 486
1725363804567 7.700475534534067 487
1725363804595 7.680922708154259 488
1725363804618 7.661511305307755 489
1725363804649 7.642240186617766 490
1725363804671 7.623108223028654 491
1725363804693 7.6041142957022725 492
1725363804717 7.58525729591559 493
1725363804741 7.56653612495919 494
1725363804767 7.547949694037119 495
1725363804788 7.52949692416773 496
1725363804811 7.511176746085373 497
1725363804834 7.492988100143514 498
1725363804854 7.4749299362186274 499
