1725399849473 175.03056400749225 0
1725399849505 174.67789996284765 1
1725399849532 174.32595310876778 2
1725399849560 173.97472196196236 3
1725399849592 173.62420504230977 4
1725399849622 173.2744008728499 5
1725399849653 172.92530797977685 6
1725399849677 172.57692489243195 7
1725399849706 172.22925014329635 8
1725399849739 171.88228226798438 9
1725399849770 171.53601980523598 10
1725399849805 171.19046129690994 11
1725399849834 170.84560528797667 12
1725399849857 170.50145032651122 13
1725399849881 170.15799496368632 14
1725399849909 169.81523775376516 15
1725399849941 169.47317725409468 16
1725399849969 169.13181202509844 17
1725399849996 168.7911406302697 18
1725399850025 168.45116163616441 19
1725399850056 168.11187361239448 20
1725399850086 167.77327513162066 21
1725399850116 167.43536476954574 22
1725399850147 167.09814110490788 23
1725399850174 166.76160271947327 24
1725399850199 166.42574819802985 25
1725399850230 166.09057612838018 26
1725399850259 165.7560851013347 27
1725399850290 165.42227371070487 28
1725399850321 165.08914055329657 29
1725399850349 164.7566842289034 30
1725399850376 164.4249033402995 31
1725399850405 164.0937964932334 32
1725399850434 163.763362296421 33
1725399850467 163.433599361539 34
1725399850499 163.10450630321802 35
1725399850532 162.77608173903636 36
1725399850560 162.44832428951298 37
1725399850591 162.1212325781011 38
1725399850622 161.7948052311814 39
1725399850655 161.46904087805584 40
1725399850685 161.14393815094056 41
1725399850714 160.8194956849597 42
1725399850745 160.49571211813867 43
1725399850772 160.1725860913979 44
1725399850806 159.85011624854593 45
1725399850834 159.52830123627334 46
1725399850864 159.20713970414596 47
1725399850889 158.8866303045985 48
1725399850916 158.56677169292828 49
1725399850944 158.24756252728864 50
1725399850971 157.9290014686825 51
1725399850995 157.61108718095602 52
1725399851030 157.29381833079233 53
1725399851091 156.9771935877051 54
1725399851120 156.66121162403203 55
1725399851152 156.34587111492874 56
1725399851181 156.03117073836248 57
1725399851219 155.71710917510552 58
1725399851250 155.4036851087293 59
1725399851291 155.09089722559776 60
1725399851328 154.77874421486135 61
1725399851361 154.46722476845073 62
1725399851404 154.15633758107052 63
1725399851433 153.84608135019306 64
1725399851462 153.53645477605232 65
1725399851492 153.2274565616376 66
1725399851527 152.91908541268754 67
1725399851556 152.6113400376838 68
1725399851585 152.30421914784495 69
1725399851617 151.99772145712052 70
1725399851647 151.6918456821847 71
1725399851681 151.38659054243033 72
1725399851710 151.081954759963 73
1725399851743 150.77793705959456 74
1725399851772 150.47453616883757 75
1725399851878 150.17175081789892 76
1725399851967 149.86957973967407 77
1725399851997 149.56802166974083 78
1725399852023 149.2670753463535 79
1725399852052 148.96673951043692 80
1725399852075 148.66701290558046 81
1725399852109 148.3678942780321 82
1725399852141 148.06938237669252 83
1725399852180 147.7714759531091 84
1725399852212 147.47417376147024 85
1725399852242 147.1774745585992 86
1725399852270 146.88137710394838 87
1725399852302 146.58588015959356 88
1725399852335 146.29098249022792 89
1725399852367 145.9966828631562 90
1725399852399 145.70298004828896 91
1725399852432 145.40987281813685 92
1725399852465 145.1173599478046 93
1725399852495 144.82544021498552 94
1725399852534 144.5341123999556 95
1725399852563 144.2433752855677 96
1725399852587 143.95322765724606 97
1725399852621 143.66366830298037 98
1725399852650 143.37469601332006 99
1725399852682 143.08630958136888 100
1725399852712 142.7985078027789 101
1725399852748 142.5112894757451 102
1725399852775 142.2246534009995 103
1725399852831 141.93859838180583 104
1725399852860 141.65312322395357 105
1725399852892 141.3682267357527 106
1725399852924 141.0839077280277 107
1725399852954 140.80016501411242 108
1725399852984 140.51699740984418 109
1725399853016 140.2344037335584 110
1725399853053 139.95238280608294 111
1725399853078 139.67093345073266 112
1725399853109 139.39005449330398 113
1725399853149 139.10974476206917 114
1725399853182 138.8300030877711 115
1725399853207 138.55082830361764 116
1725399853237 138.27221924527615 117
1725399853267 137.99417475086824 118
1725399853299 137.71669366096418 119
1725399853329 137.4397748185775 120
1725399853361 137.16341706915952 121
1725399853394 136.88761926059425 122
1725399853426 136.61238024319258 123
1725399853457 136.33769886968742 124
1725399853484 136.0635739952278 125
1725399853522 135.79000447737394 126
1725399853549 135.5169891760918 127
1725399853588 135.24452695374765 128
1725399853620 134.972616675103 129
1725399853659 134.70125720730908 130
1725399853693 134.43044741990178 131
1725399853724 134.1601861847961 132
1725399853759 133.89047237628122 133
1725399853786 133.6213048710151 134
1725399853811 133.35268254801926 135
1725399853844 133.08460428867357 136
1725399853878 132.81706897671106 137
1725399853905 132.5500754982127 138
1725399853934 132.28362274160233 139
1725399853965 132.01770959764136 140
1725399853990 131.75233495942376 141
1725399854022 131.48749772237073 142
1725399854053 131.2231967842258 143
1725399854083 130.9594310450495 144
1725399854111 130.6961994072145 145
1725399854139 130.43350077540026 146
1725399854169 130.17133405658817 147
1725399854197 129.90969816005628 148
1725399854225 129.64859199737447 149
1725399854249 129.38801448239926 150
1725399854277 129.1279645312688 151
1725399854307 128.86844106239786 152
1725399854338 128.60944299647295 153
1725399854372 128.35096925644703 154
1725399854404 128.09301876753486 155
1725399854433 127.83559045720783 156
1725399854459 127.57868325518902 157
1725399854488 127.32229609344837 158
1725399854515 127.06642790619762 159
1725399854544 126.81107762988542 160
1725399854603 126.55624420319246 161
1725399854634 126.30192656702651 162
1725399854663 126.04812366451765 163
1725399854696 125.79483444101314 164
1725399854725 125.54205784407296 165
1725399854758 125.28979282346451 166
1725399854788 125.0380383311581 167
1725399854817 124.78679332132198 168
1725399854849 124.53605675031753 169
1725399854877 124.28582757669444 170
1725399854909 124.03610476118604 171
1725399854939 123.78688726670428 172
1725399854969 123.53817405833527 173
1725399855000 123.28996410333413 174
1725399855029 123.04225637112067 175
1725399855061 122.79504983327423 176
1725399855090 122.54834346352932 177
1725399855115 122.30213623777067 178
1725399855141 122.05642713402855 179
1725399855168 121.81121513247423 180
1725399855197 121.56649921541512 181
1725399855226 121.32227836729015 182
1725399855248 121.07855157466513 183
1725399855277 120.83531782622815 184
1725399855308 120.59257611278481 185
1725399855340 120.35032542725368 186
1725399855372 120.1085647646617 187
1725399855398 119.86729312213959 188
1725399855422 119.62650949891706 189
1725399855449 119.38621289631845 190
1725399855478 119.14640231775815 191
1725399855509 118.9070767687358 192
1725399855540 118.66823525683208 193
1725399855573 118.42987679170388 194
1725399855602 118.19200038507982 195
1725399855634 117.95460505075603 196
1725399855667 117.7176898045911 197
1725399855700 117.48125366450208 198
1725399855730 117.24529565045967 199
1725399855765 117.00981478448395 200
1725399855797 116.77481009063982 201
1725399855835 116.54028059503247 202
1725399855869 116.30622532580307 203
1725399855907 116.07264331312429 204
1725399855937 115.83953358919577 205
1725399855967 115.60689518823989 206
1725399855994 115.37472714649721 207
1725399856026 115.1430285022222 208
1725399856056 114.91179829567866 209
1725399856081 114.68103556913562 210
1725399856111 114.4507393668627 211
1725399856202 114.22090873512599 212
1725399856234 113.99154272218355 213
1725399856264 113.76264037828112 214
1725399856297 113.53420075564783 215
1725399856331 113.30622290849188 216
1725399856364 113.07870589299614 217
1725399856395 112.85164876731402 218
1725399856424 112.62505059156508 219
1725399856454 112.39891042783071 220
1725399856484 112.17322734015009 221
1725399856513 111.94800039451563 222
1725399856543 111.72322865886892 223
1725399856573 111.49891120309653 224
1725399856613 111.27504709902564 225
1725399856645 111.05163542041988 226
1725399856672 110.82867524297524 227
1725399856701 110.60616564431572 228
1725399856730 110.38410570398916 229
1725399856759 110.16249450346322 230
1725399856798 109.94133112612106 231
1725399856831 109.72061465725717 232
1725399856862 109.50034418407341 233
1725399856892 109.28051879567468 234
1725399856925 109.06113758306482 235
1725399856956 108.84219963914265 236
1725399856989 108.62370405869767 237
1725399857020 108.4056499384061 238
1725399857052 108.18803637682666 239
1725399857075 107.97086247439667 240
1725399857103 107.75412733342779 241
1725399857131 107.53783005810212 242
1725399857161 107.32196975446799 243
1725399857187 107.10654553043611 244
1725399857222 106.89155649577543 245
1725399857253 106.677001762109 246
1725399857281 106.46288044291026 247
1725399857309 106.24919165349873 248
1725399857338 106.0359345110362 249
1725399857365 105.82310813452271 250
1725399857392 105.61071164479246 251
1725399857423 105.39874416451009 252
1725399857450 105.18720481816642 253
1725399857479 104.97609273207476 254
1725399857507 104.76540703436682 255
1725399857537 104.55514685498883 256
1725399857567 104.34531132569765 257
1725399857597 104.13589958005674 258
1725399857628 103.92691075343242 259
1725399857663 103.71834398298988 260
1725399857693 103.51019840768929 261
1725399857726 103.30247316828194 262
1725399857757 103.09516740730639 263
1725399857792 102.88828026908467 264
1725399857824 102.68181089971827 265
1725399857858 102.4757584470844 266
1725399857890 102.27012206083221 267
1725399857918 102.06490089237884 268
1725399857947 101.86009409490575 269
1725399857976 101.65570082335479 270
1725399858005 101.45172023442447 271
1725399858035 101.24815148656617 272
1725399858063 101.04499373998033 273
1725399858091 100.8422461566127 274
1725399858118 100.63990790015062 275
1725399858147 100.43797813601914 276
1725399858173 100.23645603137749 277
1725399858200 100.03534075511507 278
1725399858225 99.83463147784798 279
1725399858251 99.63432737191516 280
1725399858277 99.4344276113747 281
1725399858309 99.23493137200018 282
1725399858342 99.03583783127695 283
1725399858369 98.83714616839839 284
1725399858401 98.63885556426234 285
1725399858443 98.44096520146739 286
1725399858473 98.24347426430919 287
1725399858504 98.04638193877683 288
1725399858539 97.8496874125492 289
1725399858580 97.6533898749913 290
1725399858614 97.45748851715076 291
1725399858644 97.26198253175407 292
1725399858674 97.06687111320298 293
1725399858712 96.87215345757107 294
1725399858744 96.67782876259987 295
1725399858774 96.48389622769561 296
1725399858807 96.29035505392538 297
1725399858837 96.09720444401366 298
1725399858869 95.90444360233877 299
1725399858899 95.71207173492935 300
1725399858926 95.52008804946068 301
1725399858956 95.32849175525135 302
1725399858988 95.13728206325952 303
1725399859019 94.94645818607958 304
1725399859051 94.75601933793853 305
1725399859083 94.56596473469251 306
1725399859113 94.37629359382328 307
1725399859138 94.18700513443483 308
1725399859167 93.99809857724973 309
1725399859198 93.80957314460586 310
1725399859233 93.62142806045276 311
1725399859265 93.43366255034832 312
1725399859294 93.24627584145522 313
1725399859325 93.05926716253758 314
1725399859356 92.87263574395752 315
1725399859387 92.68638081767163 316
1725399859416 92.50050161722766 317
1725399859447 92.3149973777611 318
1725399859479 92.12986733599178 319
1725399859509 91.94511073022042 320
1725399859540 91.7607268003253 321
1725399859571 91.57671478775887 322
1725399859603 91.39307393554441 323
1725399859632 91.20980348827254 324
1725399859662 91.02690269209809 325
1725399859688 90.8443707947365 326
1725399859712 90.66220704546072 327
1725399859739 90.4804106950977 328
1725399859765 90.29898099602515 329
1725399859799 90.11791720216816 330
1725399859828 89.93721856899602 331
1725399859857 89.75688435351877 332
1725399859886 89.57691381428397 333
1725399859911 89.39730621137349 334
1725399859942 89.21806080640002 335
1725399859972 89.03917686250408 336
1725399859996 88.8606536443505 337
1725399860026 88.68249041812538 338
1725399860057 88.50468645153256 339
1725399860088 88.32724101379078 340
1725399860116 88.15015337562998 341
1725399860146 87.97342280928852 342
1725399860180 87.79704858850964 343
1725399860208 87.62102998853834 344
1725399860238 87.44536628611826 345
1725399860267 87.27005675948834 346
1725399860294 87.0951006883798 347
1725399860320 86.92049735401281 348
1725399860353 86.74624603909328 349
1725399860410 86.57234602780993 350
1725399860435 86.39879660583081 351
1725399860473 86.22559706030046 352
1725399860515 86.05274667983652 353
1725399860546 85.88024475452667 354
1725399860575 85.70809057592552 355
1725399860605 85.53628343705151 356
1725399860633 85.36482263238369 357
1725399860662 85.1937074578587 358
1725399860693 85.02293721086758 359
1725399860728 84.85251119025281 360
1725399860761 84.68242869630504 361
1725399860794 84.51268903076013 362
1725399860823 84.34329149679607 363
1725399860854 84.17423539902983 364
1725399860886 84.00552004351435 365
1725399860921 83.83714473773549 366
1725399860950 83.66910879060899 367
1725399860989 83.5014115124773 368
1725399861029 83.33405221510682 369
1725399861070 83.16703021168456 370
1725399861103 83.00034481681524 371
1725399861137 82.83399534651844 372
1725399861176 82.66798111822527 373
1725399861207 82.50230145077562 374
1725399861246 82.33695566441511 375
1725399861275 82.171943080792 376
1725399861305 82.00726302295436 377
1725399861335 81.84291481534692 378
1725399861364 81.6788977838083 379
1725399861396 81.51521125556786 380
1725399861427 81.35185455924288 381
1725399861469 81.18882702483556 382
1725399861502 81.02612798373006 383
1725399861535 80.8637567686896 384
1725399861564 80.70171271385351 385
1725399861595 80.53999515473426 386
1725399861625 80.37860342821467 387
1725399861655 80.21753687254494 388
1725399861687 80.05679482733963 389
1725399861718 79.89637663357497 390
1725399861747 79.73628163358588 391
1725399861775 79.57650917106294 392
1725399861809 79.41705859104981 393
1725399861838 79.25792923994005 394
1725399861869 79.09912046547453 395
1725399861901 78.94063161673839 396
1725399861933 78.78246204415822 397
1725399861966 78.62461109949929 398
1725399861997 78.46707813586264 399
1725399862026 78.30986250768227 400
1725399862055 78.15296357072228 401
1725399862090 77.99638068207418 402
1725399862120 77.84011320015385 403
1725399862151 77.68416048469902 404
1725399862184 77.52852189676614 405
1725399862215 77.3731967987279 406
1725399862244 77.21818455427024 407
1725399862284 77.06348452838964 408
1725399862319 76.90909608739031 409
1725399862348 76.75501859888148 410
1725399862382 76.60125143177461 411
1725399862414 76.44779395628058 412
1725399862442 76.29464554390697 413
1725399862473 76.1418055674554 414
1725399862506 75.98927340101868 415
1725399862538 75.8370484199781 416
1725399862568 75.68513000100077 417
1725399862593 75.53351752203677 418
1725399862620 75.38221036231663 419
1725399862651 75.23120790234839 420
1725399862683 75.08050952391501 421
1725399862715 74.93011461007184 422
1725399862748 74.78002254514358 423
1725399862778 74.63023271472191 424
1725399862816 74.48074450566259 425
1725399862847 74.33155730608297 426
1725399862875 74.18267050535917 427
1725399862900 74.03408349412354 428
1725399862929 73.88579566426185 429
1725399862958 73.73780640891087 430
1725399862987 73.59011512245554 431
1725399863014 73.4427212005264 432
1725399863044 73.29562403999691 433
1725399863073 73.14882303898091 434
1725399863103 73.00231759682995 435
1725399863135 72.85610711413072 436
1725399863174 72.71019099270227 437
1725399863203 72.56456863559372 438
1725399863234 72.41923944708137 439
1725399863275 72.27420283266628 440
1725399863308 72.12945819907158 441
1725399863340 71.98500495423994 442
1725399863373 71.84084250733108 443
1725399863405 71.69697026871908 444
1725399863435 71.55338764998982 445
1725399863467 71.41009406393846 446
1725399863501 71.26708892456702 447
1725399863540 71.12437164708149 448
1725399863571 70.9819416478897 449
1725399863603 70.83979834459848 450
1725399863632 70.69794115601134 451
1725399863681 70.55636950212575 452
1725399863715 70.41508280413075 453
1725399863744 70.27408048440458 454
1725399863774 70.13336196651173 455
1725399863805 69.99292667520088 456
1725399863838 69.85277403640222 457
1725399863869 69.71290347722505 458
1725399863900 69.57331442595513 459
1725399863934 69.43400631205232 460
1725399863960 69.29497856614812 461
1725399863992 69.15623062004317 462
1725399864029 69.01776190670482 463
1725399864060 68.8795718602645 464
1725399864092 68.74165991601564 465
1725399864122 68.6040255104108 466
1725399864156 68.46666808105954 467
1725399864187 68.32958706672584 468
1725399864220 68.19278190732567 469
1725399864251 68.05625204392466 470
1725399864280 67.91999691873556 471
1725399864312 67.78401597511595 472
1725399864344 67.64830865756574 473
1725399864388 67.51287441172474 474
1725399864409 67.37771268437042 475
1725399864427 67.24282292341532 476
1725399864445 67.10820457790484 477
1725399864461 66.9738570980147 478
1725399864476 66.83977993504875 479
1725399864490 66.70597254143632 480
1725399864510 66.57243437073022 481
1725399864525 66.43916487760404 482
1725399864540 66.30616351785001 483
1725399864564 66.17342974837653 484
1725399864587 66.04096302720588 485
1725399864609 65.90876281347192 486
1725399864633 65.77682856741765 487
1725399864655 65.64515975039293 488
1725399864675 65.51375582485225 489
1725399864689 65.38261625435217 490
1725399864703 65.25174050354933 491
1725399864719 65.12112803819784 492
1725399864734 64.9907783251472 493
1725399864752 64.86069083233977 494
1725399864766 64.73086502880875 495
1725399864779 64.60130038467564 496
1725399864792 64.47199637114821 497
1725399864814 64.34295246051792 498
1725399864844 64.2141681261579 499
