1725397289945 3.2682946033932927 0
1725397290032 0.23252522131396244 1
1725397290078 0.09894388797263277 2
1725397290140 0.3782292162740044 3
1725397290215 0.23942459778565833 4
1725397290283 0.05854145627506488 5
1725397290370 0.013137565166984918 6
1725397290424 0.02279172658935706 7
1725397290477 0.13190207894249914 8
1725397290545 0.3005053578509994 9
1725397290640 0.18629655332759001 10
1725397290699 0.4498216209111911 11
1725397290745 0.06755732563357747 12
1725397290806 0.00013525220162387971 13
1725397290859 0.1892320028901219 14
1725397290931 0.030509123527495206 15
1725397291005 0.08706296051889685 16
1725397291073 0.04005072126972064 17
1725397291127 0.018162768807802702 18
1725397291179 0.17747599524190313 19
1725397291231 0.03055068661207828 20
1725397291305 0.13864013572098266 21
1725397291387 0.12803252028660103 22
1725397291467 0.0031115111119879393 23
1725397291537 0.0905644375397767 24
1725397291613 0.41795493214627716 25
1725397291682 0.36649448317419103 26
1725397291756 0.0014556986068882984 27
1725397291827 0.01960778442102368 28
1725397291894 0.014294438955261248 29
1725397291972 0.04997062049575857 30
1725397292035 4.827880225788059e-06 31
1725397292113 0.8960282608100788 32
1725397292257 0.34256791936209 33
1725397292322 0.009227915630365305 34
1725397292394 0.016046484319325992 35
1725397292456 0.04649119939298775 36
1725397292522 0.008036777369438357 37
1725397292592 0.0011815588804113362 38
1725397292663 0.34750453900014233 39
1725397292729 0.0057683514851967045 40
1725397292800 0.3941492527345904 41
1725397292876 0.02037522753760193 42
1725397292942 0.3870991378897677 43
1725397293006 0.3449604734317822 44
1725397293079 0.30544813894834755 45
1725397293143 0.026343295755309467 46
1725397293211 0.31442690020250613 47
1725397293288 0.10141533559589572 48
1725397293357 0.6626842499576733 49
1725397293427 0.008531310355398978 50
1725397293488 0.03646857649622892 51
1725397293559 0.02901480455557518 52
1725397293625 0.05532117742822976 53
1725397293697 0.04386059192151718 54
1725397293761 0.01546422481832198 55
1725397293825 0.00820755893859 56
1725397293888 0.036024567601319564 57
1725397293954 0.19323339487725358 58
1725397294032 0.09555859009081935 59
1725397294104 0.029251297944148505 60
1725397294172 0.16796553902985234 61
1725397294253 0.2752868132260912 62
1725397294318 0.41180844552536855 63
1725397294381 0.015216873680204884 64
1725397294452 0.023922197982794085 65
1725397294528 0.016477671209813825 66
1725397294600 1.3496533047555892 67
1725397294677 0.5291521767354467 68
1725397294747 0.015067368273725063 69
1725397294817 0.01094889367627587 70
1725397294893 0.053357600080074785 71
1725397294957 0.002126246353213798 72
1725397295021 0.5865221004936598 73
1725397295089 0.061179386490925254 74
1725397295162 0.0665146803086675 75
1725397295229 0.21374488099724231 76
1725397295303 0.0357901097679391 77
1725397295374 0.16716044450708492 78
1725397295453 0.24540979099108137 79
1725397295528 0.07015676884072426 80
1725397295591 0.02608667533089129 81
1725397295662 0.0005318203105794315 82
1725397295723 0.04467915229160472 83
1725397295796 0.06253531009809081 84
1725397295867 0.0009916233264264933 85
1725397295945 0.2766153584942485 86
1725397296020 0.0012215903986814848 87
1725397296094 0.14652383253286347 88
1725397296172 0.012962364661088032 89
1725397296260 0.025865513762547882 90
1725397296338 0.004253204863743913 91
1725397296416 0.011800305150195832 92
1725397296489 0.10349696294522946 93
1725397296554 0.3608760806853424 94
1725397296618 0.24829438504874238 95
1725397296685 0.01937829925618982 96
1725397296770 8.292839710797151e-05 97
1725397296844 0.12436980537218305 98
1725397296919 0.04444894171240992 99
1725397296995 0.03197903093746172 100
1725397297063 0.061991545047285705 101
1725397297129 0.015317470501626478 102
1725397297214 0.0030686986413103433 103
1725397297278 0.11357704963263436 104
1725397297351 0.017265654643487054 105
1725397297419 0.01453289920782842 106
1725397297491 0.22503616713647023 107
1725397297563 0.021932267273875507 108
1725397297630 0.022122277520748176 109
1725397297701 0.017201101422630205 110
1725397297775 0.013914274140503159 111
1725397297868 0.059814602887476455 112
1725397297940 0.48620741880211377 113
1725397298011 0.0006304289866715482 114
1725397298084 0.28059905518683215 115
1725397298153 0.2203918009344724 116
1725397298223 0.010523472407018303 117
1725397298295 0.5758886618561376 118
1725397298369 0.0012447603526998907 119
1725397298430 0.024063914713965896 120
1725397298492 0.3039586528849343 121
1725397298560 0.15227962235805237 122
1725397298632 0.008667431931031814 123
1725397298704 0.02096687540702163 124
1725397298787 0.02808580249934818 125
1725397298867 0.0001279709653677374 126
1725397298940 0.43848366479637757 127
1725397299010 0.008388047508171329 128
1725397299089 0.4589331451235067 129
1725397299150 0.059945706474310606 130
1725397299219 0.042501109906348374 131
1725397299301 0.08934777749648402 132
1725397299353 0.17269019723893425 133
1725397299410 0.23008880255928116 134
1725397299462 0.02096870163251354 135
1725397299524 0.005070587319795382 136
1725397299598 0.3247192383699049 137
1725397299675 0.26311999495762134 138
1725397299763 0.016558714033742185 139
1725397299847 8.631609132622954e-05 140
1725397299926 0.023702716495139442 141
1725397299985 0.09897951538445482 142
1725397300038 0.20130027994257302 143
1725397300129 0.2837206011521429 144
1725397300204 0.8165982033702164 145
1725397300266 0.030520122655503832 146
1725397300325 0.5374672675356277 147
1725397300395 0.07232535217140501 148
1725397300454 0.23973332447000406 149
1725397300513 0.006278743792979196 150
1725397300567 0.008241560426868855 151
1725397300628 0.0474655612480127 152
1725397300684 0.0027793726885779403 153
1725397300781 0.21682519708061457 154
1725397300870 0.5266561531001529 155
1725397300955 0.2617040919202842 156
1725397301026 0.10404565710707421 157
1725397301101 0.06479637933690734 158
1725397301158 0.044472118181039244 159
1725397301234 0.9620886967669926 160
1725397301299 0.1944255016640617 161
1725397301384 0.0004465782887399401 162
1725397301446 0.34599103770959694 163
1725397301491 0.1347645190522701 164
1725397301536 0.2906242420533865 165
1725397301603 0.5249996806438586 166
1725397301685 0.01096018314129745 167
1725397301765 0.0009954607130546393 168
1725397301856 0.04119407896546616 169
1725397301933 0.006296494439637171 170
1725397302044 0.008981570683626242 171
1725397302233 5.646190149722108e-05 172
1725397302327 0.015685364704352164 173
1725397302423 0.10073512950665833 174
1725397302512 0.5049435318346731 175
1725397302588 0.1283144052909573 176
1725397302638 0.09323342094485226 177
1725397302689 0.08762403511354074 178
1725397302736 0.7963042823622529 179
1725397302825 0.257074761285435 180
1725397302947 0.20016834053592894 181
1725397303032 0.398454143179254 182
1725397303080 0.0011790002482368381 183
1725397303153 0.005110374738919691 184
1725397303209 0.009174100143215274 185
1725397303290 0.013952030497427187 186
1725397303362 0.002864223182008951 187
1725397303440 0.2311972145235708 188
1725397303532 0.03355706044041444 189
1725397303585 0.04488873509085779 190
1725397303643 0.06779370048513143 191
1725397303693 0.5150380855649417 192
1725397303746 0.031390967192318556 193
1725397303814 0.0290011178722292 194
1725397303888 0.19096971484324562 195
1725397303979 0.025414017984860798 196
1725397304048 0.1832112487022145 197
1725397304101 0.05889865525950037 198
1725397304171 0.7458940343358257 199
1725397304247 0.2660220614225716 200
1725397304344 0.01921509165420917 201
1725397304411 0.11282379858503491 202
1725397304481 0.02117232066488674 203
1725397304540 0.038225044233180606 204
1725397304599 0.35450450600781847 205
1725397304672 0.1036908509009827 206
1725397304729 0.08333259794204921 207
1725397304802 0.00942642755731922 208
1725397304863 0.09550416224900986 209
1725397304943 0.048415016240871404 210
1725397305032 0.6230186370296923 211
1725397305112 0.12555521612859202 212
1725397305175 0.09903581534644187 213
1725397305233 0.004466277128813792 214
1725397305315 0.03411609723417151 215
1725397305387 0.037117541731298456 216
1725397305461 0.44598314220692176 217
1725397305530 0.0007807249592200945 218
1725397305579 0.046296105289309275 219
1725397305632 0.0001765484785086194 220
1725397305718 0.16149178097318942 221
1725397305794 0.0572211731649369 222
1725397305869 0.0009594410725210384 223
1725397305953 0.8370624841606237 224
1725397306030 0.2933672641627513 225
1725397306084 0.14878177479880755 226
1725397306137 0.07728233280904134 227
1725397306189 0.028605775023001136 228
1725397306238 0.002533078860235936 229
1725397306291 0.00311481804501762 230
1725397306343 0.003289776735408808 231
1725397306410 0.0007566860418177027 232
1725397306480 0.42451278789440594 233
1725397306555 0.0014808267122685226 234
1725397306623 0.1714086139385002 235
1725397306699 0.22972370590626312 236
1725397306760 0.04853382141018793 237
1725397306823 0.019484269875449062 238
1725397306891 0.005534107502848186 239
1725397306965 0.03875998786542113 240
1725397307039 0.2425156903297623 241
1725397307103 0.0281289056146763 242
1725397307163 0.03204047778160997 243
1725397307241 0.43444134061894807 244
1725397307362 0.17168918770134012 245
1725397307429 0.015228015375947222 246
1725397307490 0.15512981926145758 247
1725397307562 0.17693150128480883 248
1725397307634 0.06607516442864493 249
1725397307699 0.0386528715680512 250
1725397307767 0.04129619660261922 251
1725397307836 0.04321986003261232 252
1725397307920 0.3540094708771153 253
1725397307995 0.10895307840086614 254
1725397308067 1.8185374756923762e-05 255
1725397308129 8.921590541750045e-05 256
1725397308197 0.014175278761900565 257
1725397308261 0.013045813753014304 258
1725397308323 8.141248501160681e-10 259
1725397308397 0.3512473551116514 260
1725397308464 0.007291869637021474 261
1725397308526 0.0032731108762348586 262
1725397308588 0.016682025683687554 263
1725397308657 0.13277248218023616 264
1725397308731 0.0035853200075977817 265
1725397308801 0.050311388989902985 266
1725397311716 0.245893986974725 267
1725397311948 0.30802717803836194 268
1725397312054 0.15459339147830262 269
1725397312164 0.2202763519276839 270
1725397312242 0.01936544081447246 271
1725397312368 0.04327010170898563 272
1725397312445 0.15624066943381967 273
1725397312519 0.013639052847359695 274
1725397312631 0.06536411583999022 275
1725397312701 0.018332887560872105 276
1725397312781 0.004370451383987967 277
1725397312853 0.015361088016719971 278
1725397312918 0.6567060214376121 279
1725397312980 0.06690949463700427 280
1725397313052 0.1280017412414129 281
1725397313134 0.0005166406204040367 282
1725397313211 0.22179755480433433 283
1725397313292 0.0793238345569869 284
1725397313361 0.03306213792755245 285
1725397313427 0.27276933748586146 286
1725397313497 0.09698430510257668 287
1725397313575 0.22454249674297744 288
1725397313646 0.34196067381401596 289
1725397313717 0.007426952232937447 290
1725397313785 0.19764236886581804 291
1725397313856 0.004725220834120571 292
1725397313928 0.6261089444021855 293
1725397314001 4.018569233844507e-05 294
1725397314072 0.002576466858871017 295
1725397314142 0.2986109836954029 296
1725397314209 0.0002250457210688011 297
1725397314294 0.0028041565834242077 298
1725397314358 0.0073390108152446825 299
1725397314426 0.039032801996906674 300
1725397314489 0.000945036067759346 301
1725397314557 0.04040073200815182 302
1725397314628 0.04218255408820044 303
1725397314695 0.02865680767941631 304
1725397314771 0.1024733906369004 305
1725397314831 0.006827344207700924 306
1725397314904 0.01105140612884927 307
1725397314968 0.008606503733129002 308
1725397315041 0.20968372806145066 309
1725397315104 0.07339308192106755 310
1725397315168 0.012656415843158285 311
1725397315240 0.01703053725453253 312
1725397315309 0.07558875921046622 313
1725397315379 0.17751921713130417 314
1725397315449 0.039494244847686245 315
1725397315520 0.17613139464191263 316
1725397315606 0.1936847620763427 317
1725397315666 0.19897119385307668 318
1725397315735 0.13950054260647005 319
1725397315797 0.03944947514811343 320
1725397315860 0.12387597458012789 321
1725397315944 0.342154415839593 322
1725397316011 0.000867171726370344 323
1725397316085 0.0020541146469019098 324
1725397316160 0.06628022906952062 325
1725397316218 0.21999695372766565 326
1725397316283 0.04943372584637136 327
1725397316385 0.2169082979459013 328
1725397316454 0.08859752733978701 329
1725397316500 0.004148994353780689 330
1725397316555 0.6849411936163472 331
1725397316607 0.16767925268963194 332
1725397316680 0.9403618243673393 333
1725397316756 0.07464026838703615 334
1725397316814 0.03420657923253139 335
1725397316860 0.47847610404355434 336
1725397316939 0.16903631429667937 337
1725397317017 0.0009401789683186084 338
1725397317104 0.012628803115882131 339
1725397317188 0.11200768504767915 340
1725397317242 0.0011211958060372703 341
1725397317292 0.010454988140959949 342
1725397317350 0.027917044986020427 343
1725397317416 0.19869042606293105 344
1725397317482 0.1546258190177685 345
1725397317562 0.08137461932766565 346
1725397317642 0.6360780317001902 347
1725397317721 0.06828306416230351 348
1725397317805 0.05255110257311639 349
1725397317859 0.20737219126547454 350
1725397317912 0.44776163547987285 351
1725397317970 0.002891488026025881 352
1725397318040 0.020736019958329754 353
1725397318108 0.1463768459476155 354
1725397318182 0.00693951847137432 355
1725397318256 0.24876190973279355 356
1725397318311 0.07922855221332287 357
1725397318365 0.25936853184309155 358
1725397318443 0.16944673752988285 359
1725397318515 0.16542274217358 360
1725397318569 0.07696601973037781 361
1725397318622 0.04877773059008585 362
1725397318701 0.18989561238988403 363
1725397318783 0.002207542727114042 364
1725397318927 0.0004360820475150796 365
1725397319224 0.2331531139287428 366
1725397319477 0.025918633854076046 367
1725397319732 0.01269064799254218 368
1725397319981 0.25544822748810836 369
1725397320239 0.07024610234345924 370
1725397320559 0.0412184004064659 371
1725397320834 0.08747768950878955 372
1725397321104 0.17954657576689328 373
1725397321357 0.08406650950799048 374
1725397321658 0.04966365846809823 375
1725397321857 0.004243226526376855 376
1725397321925 0.07020255805873667 377
1725397322008 0.18164175533546653 378
1725397322064 0.08025762143497085 379
1725397322114 0.19684675966120913 380
1725397322186 0.2313498882035048 381
1725397322276 0.012878777678497065 382
1725397322339 0.031031651932446357 383
1725397322396 0.0665108767109234 384
1725397322476 0.0015357554296479925 385
1725397322535 0.0014188875345823844 386
1725397322580 0.031627948127405006 387
1725397322632 0.012066546502242904 388
1725397322708 0.2821888286157483 389
1725397322779 0.29575065442397946 390
1725397322831 0.7851869382386755 391
1725397322883 0.21518638707754909 392
1725397322936 0.04061930106359272 393
1725397323025 0.045191320554391616 394
1725397323119 0.0039024713292420844 395
1725397323187 0.06358505668916463 396
1725397323239 0.062125863073952466 397
1725397323304 0.4908525794601326 398
1725397323386 0.21624265832766532 399
1725397323468 0.360154124677203 400
1725397323551 0.07005530152939253 401
1725397323622 0.2341954447365794 402
1725397323695 0.006919183156282934 403
1725397323760 0.08203439119417993 404
1725397323834 0.08643658524417427 405
1725397323916 0.12688095462869828 406
1725397324006 0.0024243165666739622 407
1725397324058 0.006698193008087968 408
1725397324115 0.15495090340852735 409
1725397324195 0.027958579612663872 410
1725397324273 0.0854534410151054 411
1725397324347 0.042076464661690294 412
1725397324419 0.0013119664018521428 413
1725397324472 0.014734049903568655 414
1725397324536 0.3341814983073943 415
1725397324617 0.1040251821427185 416
1725397324700 0.05934585708534489 417
1725397324790 0.028787611693507336 418
1725397324866 0.07609328685476903 419
1725397324949 0.5276659983128321 420
1725397325043 0.022311950495192655 421
1725397325125 0.07752853022554446 422
1725397325202 0.011844678278144762 423
1725397325280 0.0645881162110972 424
1725397325344 0.0132052024371553 425
1725397325399 0.00034631143703036526 426
1725397325475 0.0029441287248906556 427
1725397325557 0.0004920546794573073 428
1725397325638 0.036784744849805026 429
1725397325710 0.0001883830240315727 430
1725397325784 1.2992507629673522 431
1725397325862 0.3316692499753036 432
1725397325915 0.0439818952059713 433
1725397325980 0.005102569704676601 434
1725397326051 0.10063626696838657 435
1725397326137 0.12047969547126067 436
1725397326196 0.29235691013464055 437
1725397326240 0.395055721914412 438
1725397326291 0.024402659911863953 439
1725397326342 0.06674231448407672 440
1725397326394 0.3968633786769347 441
1725397326451 0.11617630349233925 442
1725397326503 0.012122558679191878 443
1725397326590 0.5617423438637358 444
1725397326662 0.11171072570415949 445
1725397326744 0.08026947384587844 446
1725397326843 0.0729060018402214 447
1725397326908 0.40385877761876526 448
1725397326977 0.0013179570553520756 449
1725397327043 0.10050468425179879 450
1725397327115 0.007690929606919067 451
1725397327197 0.00030067090073778943 452
1725397327260 0.07156639415126761 453
1725397327331 0.021460736033059726 454
1725397327404 0.12160240672623078 455
1725397327475 0.10757409722452774 456
1725397327544 0.018611424682105797 457
1725397327615 0.003736728887156981 458
1725397327685 0.5520645795118475 459
1725397327759 0.017420845700074666 460
1725397327828 0.27550290364112634 461
1725397327901 0.07201589424535351 462
1725397327971 0.003132227855117165 463
1725397328032 0.00011558459277803207 464
1725397328101 0.3276951718411267 465
1725397328178 0.002458164248866999 466
1725397328248 0.058317972672492814 467
1725397328311 0.11984814279349464 468
1725397328378 0.0558797584942624 469
1725397328450 0.019949302564388413 470
1725397328520 0.050763236870921984 471
1725397328577 0.03943425477624434 472
1725397328653 0.001179546254954278 473
1725397328723 0.01403361258321497 474
1725397328785 0.07279901162316127 475
1725397328848 0.15661261693744746 476
1725397328920 0.07246638287579425 477
1725397328990 0.00563146362071733 478
1725397329057 0.01358627588610858 479
1725397329127 0.03752136074032947 480
1725397329186 0.06778100965595515 481
1725397329266 0.0009330740689864741 482
1725397329336 0.0035620643046782464 483
1725397329408 0.33484374344600104 484
1725397329476 0.19975218548605517 485
1725397329546 0.020587171993465884 486
1725397329607 0.20666294364326945 487
1725397329683 0.04666192168451423 488
1725397329753 0.0012033083753039406 489
1725397329820 0.01795091208987068 490
1725397329890 0.16630035438521135 491
1725397329960 0.35438002744717434 492
1725397330030 0.07098230687344259 493
1725397330099 0.18202625098963737 494
1725397330170 0.0005595762901642098 495
1725397330244 0.16718622536615022 496
1725397330321 0.045442415679017197 497
1725397330386 0.09481256838100634 498
1725397330486 0.16807452396531916 499
