1725395321609 9553.20693922195 0
1725395321686 461166710888541.2 1
1725395321763 2.806230144986185e+25 2
1725395321827 8.553045236275875e+39 3
1725395321898 6.024500672879496e+49 4
1725395321978 5.275252292002981e+61 5
1725395322049 5.656073013292963e+70 6
1725395322122 1.4246555945285924e+83 7
1725395322220 1.0997224946929998e+96 8
1725395322284 1.6401568310283453e+105 9
1725395322353 4.54138033142364e+117 10
1725395322423 4.142288159443943e+126 11
1725395322492 1.5263209431196707e+138 12
1725395322556 5.205728834030256e+147 13
1725395322621 1.4228539838845044e+161 14
1725395322684 2.1712699953064067e+169 15
1725395322754 1.1435489999007468e+182 16
1725395322836 1.127431627128247e+193 17
1725395322978 7.206465745948862e+205 18
1725395323055 3.0124508296224242e+214 19
1725395323124 1.0922827110034774e+226 20
1725395323190 4.2711900070790975e+237 21
1725395323263 8.409893416235788e+248 22
1725395323338 1.327334765337695e+257 23
1725395323418 5.710908522550055e+268 24
1725395323494 1.2819847572361687e+279 25
1725395323564 4.05704650777906e+294 26
1725395323638 6.633774364234795e+303 27
1725395323717 inf 28
