1725361479108 174.32564262052597 0
1725361479135 174.30710644569388 1
1725361479168 174.28933064157613 2
1725361479198 174.27155662402942 3
1725361479218 174.25378443363823 4
1725361479238 174.2360140702092 5
1725361479267 174.21824553355103 6
1725361479301 174.20047882347257 7
1725361479322 174.1827139397825 8
1725361479348 174.16495088228976 9
1725361479371 174.14718965080314 10
1725361479394 174.1294302451315 11
1725361479420 174.11167266508377 12
1725361479444 174.09391691046883 13
1725361479475 174.07616298109562 14
1725361479507 174.05841087677305 15
1725361479549 174.0406605973101 16
1725361479579 174.0229121425158 17
1725361479602 174.00516551219914 18
1725361479626 173.98742070616916 19
1725361479651 173.96967772423488 20
1725361479677 173.95193656620538 21
1725361479699 173.9341972318898 22
1725361479722 173.9164597210972 23
1725361479745 173.89872403363677 24
1725361479765 173.88099016931758 25
1725361479785 173.86325812794888 26
1725361479818 173.84552790933986 27
1725361479843 173.8277995132997 28
1725361479867 173.81007293963768 29
1725361479895 173.79234818816306 30
1725361479922 173.77462525868506 31
1725361479947 173.75690415101303 32
1725361479970 173.7391848649563 33
1725361479992 173.7214674003242 34
1725361480016 173.70375175692607 35
1725361480040 173.6860379345713 36
1725361480061 173.66832593306933 37
1725361480082 173.65061575222953 38
1725361480104 173.6329073918614 39
1725361480126 173.61520085177438 40
1725361480150 173.59749613177792 41
1725361480177 173.57979323168158 42
1725361480201 173.56209215129488 43
1725361480224 173.54439289042736 44
1725361480241 173.5266954488886 45
1725361480262 173.50899982648815 46
1725361480286 173.49130602303566 47
1725361480311 173.47361403834074 48
1725361480334 173.45592387221308 49
1725361480358 173.43823552446227 50
1725361480383 173.4205489948981 51
1725361480409 173.40286428333022 52
1725361480429 173.38518138956843 53
1725361480452 173.3675003134224 54
1725361480474 173.34982105470195 55
1725361480499 173.33214361321686 56
1725361480521 173.31446798877698 57
1725361480542 173.2967941811921 58
1725361480566 173.27912219027212 59
1725361480589 173.2614520158269 60
1725361480611 173.24378365766634 61
1725361480636 173.22611711560037 62
1725361480658 173.2084523894389 63
1725361480680 173.19078947899192 64
1725361480699 173.1731283840694 65
1725361480721 173.15546910448134 66
1725361480744 173.1378116400378 67
1725361480766 173.12015599054877 68
1725361480788 173.10250215582434 69
1725361480815 173.08485013567457 70
1725361480840 173.06719992990963 71
1725361480863 173.04955153833956 72
1725361480880 173.03190496077457 73
1725361480910 173.0142601970248 74
1725361480959 172.99661724690046 75
1725361481029 172.9789761102117 76
1725361481052 172.9613367867688 77
1725361481074 172.943699276382 78
1725361481097 172.92606357886157 79
1725361481117 172.9084296940178 80
1725361481141 172.89079762166102 81
1725361481165 172.87316736160153 82
1725361481190 172.8555389136497 83
1725361481214 172.83791227761586 84
1725361481235 172.82028745331044 85
1725361481259 172.80266444054385 86
1725361481281 172.78504323912654 87
1725361481307 172.767423848869 88
1725361481334 172.7498062695816 89
1725361481375 172.7321905010749 90
1725361481397 172.7145765431594 91
1725361481421 172.6969643956457 92
1725361481443 172.67935405834422 93
1725361481466 172.6617455310657 94
1725361481493 172.6441388136206 95
1725361481520 172.62653390581963 96
1725361481541 172.6089308074734 97
1725361481560 172.59132951839257 98
1725361481581 172.5737300383878 99
1725361481604 172.5561323672698 100
1725361481627 172.53853650484933 101
1725361481654 172.52094245093707 102
1725361481678 172.50335020534388 103
1725361481704 172.4857597678804 104
1725361481726 172.46817113835758 105
1725361481747 172.45058431658614 106
1725361481768 172.432999302377 107
1725361481789 172.41541609554096 108
1725361481826 172.39783469588892 109
1725361481851 172.3802551032318 110
1725361481873 172.3626773173806 111
1725361481893 172.3451013381461 112
1725361481917 172.3275271653394 113
1725361481940 172.30995479877149 114
1725361481960 172.29238423825325 115
1725361481985 172.27481548359583 116
1725361482009 172.25724853461028 117
1725361482036 172.2396833911076 118
1725361482063 172.22212005289896 119
1725361482090 172.20455851979546 120
1725361482114 172.18699879160812 121
1725361482140 172.1694408681482 122
1725361482161 172.1518847492268 123
1725361482187 172.13433043465523 124
1725361482209 172.11677792424464 125
1725361482232 172.09922721780617 126
1725361482262 172.0816783151512 127
1725361482288 172.064131216091 128
1725361482316 172.04658592043677 129
1725361482337 172.02904242799994 130
1725361482361 172.01150073859176 131
1725361482389 171.99396085202363 132
1725361482416 171.97642276810691 133
1725361482437 171.95888648665303 134
1725361482466 171.94135200747334 135
1725361482493 171.9238193303793 136
1725361482516 171.90628845518245 137
1725361482539 171.88875938169414 138
1725361482562 171.87123210972598 139
1725361482587 171.85370663908944 140
1725361482612 171.83618296959605 141
1725361482641 171.8186611010574 142
1725361482671 171.80114103328506 143
1725361482698 171.7836227660906 144
1725361482721 171.7661062992857 145
1725361482747 171.74859163268195 146
1725361482775 171.7310787660911 147
1725361482799 171.7135676993247 148
1725361482875 171.69605843219455 149
1725361482904 171.67855096451234 150
1725361482936 171.6610452960898 151
1725361482969 171.64354142673878 152
1725361482999 171.62603935627095 153
1725361483023 171.6085390844982 154
1725361483051 171.59104061123233 155
1725361483074 171.57354393628512 156
1725361483108 171.55604905946856 157
1725361483135 171.53855598059445 158
1725361483161 171.52106469947472 159
1725361483182 171.5035752159213 160
1725361483208 171.48608752974616 161
1725361483231 171.46860164076125 162
1725361483254 171.4511175487785 163
1725361483277 171.43363525361005 164
1725361483300 171.41615475506782 165
1725361483321 171.39867605296388 166
1725361483351 171.38119914711035 167
1725361483384 171.36372403731926 168
1725361483411 171.34625072340276 169
1725361483441 171.32877920517296 170
1725361483469 171.31130948244206 171
1725361483492 171.29384155502217 172
1725361483519 171.27637542272552 173
1725361483544 171.25891108536425 174
1725361483567 171.2414485427507 175
1725361483597 171.22398779469708 176
1725361483624 171.20652884101565 177
1725361483650 171.18907168151875 178
1725361483671 171.17161631601863 179
1725361483699 171.15416274432764 180
1725361483725 171.1367109662582 181
1725361483752 171.1192609816226 182
1725361483795 171.10181279023328 183
1725361483823 171.08436639190265 184
1725361483849 171.06692178644315 185
1725361483876 171.0494789736672 186
1725361483899 171.03203795338734 187
1725361483925 171.01459872541602 188
1725361483948 170.9971612895658 189
1725361483986 170.97972564564918 190
1725361484013 170.96229179347876 191
1725361484042 170.94485973286706 192
1725361484066 170.9274294636267 193
1725361484092 170.91000098557035 194
1725361484116 170.89257429851057 195
1725361484138 170.87514940226006 196
1725361484163 170.85772629663154 197
1725361484186 170.8403049814376 198
1725361484210 170.8228854564911 199
1725361484234 170.80546772160469 200
1725361484264 170.78805177659112 201
1725361484284 170.77063762126323 202
1725361484311 170.75322525543382 203
1725361484335 170.7358146789157 204
1725361484355 170.71840589152163 205
1725361484381 170.70099889306456 206
1725361484406 170.68359368335743 207
1725361484436 170.666190262213 208
1725361484468 170.64878862944428 209
1725361484490 170.6313887848642 210
1725361484522 170.61399072828573 211
1725361484547 170.59659445952184 212
1725361484578 170.57919997838553 213
1725361484601 170.56180728468988 214
1725361484641 170.54441637824786 215
1725361484668 170.52702725887255 216
1725361484698 170.5096399263771 217
1725361484728 170.49225438057454 218
1725361484754 170.474870621278 219
1725361484777 170.4574886483007 220
1725361484800 170.4401084614557 221
1725361484825 170.42273006055632 222
1725361484856 170.40535344541564 223
1725361484883 170.38797861584695 224
1725361484908 170.37060557166348 225
1725361484941 170.35323431267847 226
1725361484971 170.33586483870533 227
1725361484999 170.31901625287418 228
1725361485024 170.30190980895537 229
1725361485049 170.28480512348307 230
1725361485072 170.26770218326124 231
1725361485100 170.25060098810852 232
1725361485135 170.2335015378429 233
1725361485187 170.2164038322824 234
1725361485210 170.19930787124503 235
1725361485233 170.1822136545488 236
1725361485260 170.16512118201183 237
1725361485280 170.14803045345218 238
1725361485304 170.13094146868795 239
1725361485327 170.11385422753727 240
1725361485350 170.09676872981828 241
1725361485377 170.07968497534912 242
1725361485403 170.06260296394805 243
1725361485424 170.04552269543316 244
1725361485449 170.02844416962276 245
1725361485471 170.01136738633505 246
1725361485494 169.9942923453883 247
1725361485522 169.9772190466008 248
1725361485544 169.9601474897908 249
1725361485564 169.94307767477673 250
1725361485590 169.92600960137682 251
1725361485616 169.90894326940952 252
1725361485640 169.89187867869313 253
1725361485665 169.87481582904607 254
1725361485691 169.85775472028678 255
1725361485716 169.84069535223367 256
1725361485742 169.8236377247052 257
1725361485764 169.80658183751993 258
1725361485786 169.78952769049621 259
1725361485810 169.77247528345268 260
1725361485833 169.75542461620782 261
1725361485863 169.7383756885802 262
1725361485889 169.72132850038838 263
1725361485914 169.704283051451 264
1725361485939 169.68723934158663 265
1725361485966 169.67019737061392 266
1725361485994 169.6531571383515 267
1725361486021 169.63611864461808 268
1725361486045 169.61908188923235 269
1725361486069 169.60204687201298 270
1725361486092 169.58501359277878 271
1725361486117 169.56798205134842 272
1725361486149 169.55095224754075 273
1725361486173 169.5339241811745 274
1725361486195 169.5168978520685 275
1725361486217 169.4998732600416 276
1725361486242 169.4828504049126 277
1725361486266 169.46582928650042 278
1725361486289 169.44880990462394 279
1725361486311 169.43179225910208 280
1725361486333 169.41477634975374 281
1725361486356 169.3977621763979 282
1725361486376 169.38074973885347 283
1725361486404 169.36373903693945 284
1725361486426 169.34673007047493 285
1725361486448 169.32972283927884 286
1725361486470 169.3127173431703 287
1725361486489 169.29571358196833 288
1725361486513 169.27871155549204 289
1725361486539 169.26171126356053 290
1725361486564 169.24471270599287 291
1725361486584 169.2277158826083 292
1725361486604 169.2107207932259 293
1725361486624 169.1937274376649 294
1725361486646 169.1767358157445 295
1725361486668 169.15974592728395 296
1725361486690 169.1427577721024 297
1725361486715 169.1257713500192 298
1725361486799 169.10878666085358 299
1725361486824 169.0918037044249 300
1725361486848 169.0748224805524 301
1725361486874 169.05784298905547 302
1725361486898 169.04086522975348 303
1725361486920 169.02388920246577 304
1725361486939 169.0069149070118 305
1725361486966 168.9899423432109 306
1725361486989 168.9729715108826 307
1725361487012 168.95600240984626 308
1725361487037 168.9390350399214 309
1725361487064 168.92206940092757 310
1725361487084 168.90510549268424 311
1725361487110 168.88814331501095 312
1725361487134 168.8711828677272 313
1725361487156 168.8542241506527 314
1725361487178 168.8372671636069 315
1725361487199 168.8203119064095 316
1725361487220 168.8033583788801 317
1725361487244 168.78640658083836 318
1725361487268 168.76945651210394 319
1725361487291 168.75250817249653 320
1725361487313 168.7355615618359 321
1725361487336 168.7186166799417 322
1725361487360 168.70167352663373 323
1725361487385 168.68473210173175 324
1725361487407 168.6677924050555 325
1725361487434 168.6508544364249 326
1725361487466 168.63391819565962 327
1725361487491 168.61698368257967 328
1725361487514 168.60005089700485 329
1725361487542 168.583119838755 330
1725361487567 168.5661905076501 331
1725361487590 168.54926290351005 332
1725361487618 168.53233702615475 333
1725361487638 168.51541287540422 334
1725361487663 168.49849045107842 335
1725361487688 168.4815697529974 336
1725361487711 168.4646507809811 337
1725361487735 168.44773353484965 338
1725361487758 168.430818014423 339
1725361487782 168.41390421952136 340
1725361487804 168.39699214996475 341
1725361487828 168.3800818055733 342
1725361487854 168.36317318616716 343
1725361487881 168.3462662915665 344
1725361487910 168.3293611215915 345
1725361487938 168.31245767606234 346
1725361487969 168.2955559547992 347
1725361487998 168.27865595762242 348
1725361488022 168.26175768435218 349
1725361488047 168.2448611348088 350
1725361488070 168.22796630881248 351
1725361488095 168.21107320618367 352
1725361488117 168.1941818267426 353
1725361488141 168.1772921703097 354
1725361488174 168.16040423670526 355
1725361488207 168.14351802574976 356
1725361488236 168.12663353726353 357
1725361488262 168.10975077106707 358
1725361488286 168.0928697269808 359
1725361488309 168.07599040482518 360
1725361488340 168.05911280442075 361
1725361488364 168.04223692558793 362
1725361488391 168.02536276814732 363
1725361488416 168.00849033191946 364
1725361488444 167.99161961672488 365
1725361488475 167.97475062238422 366
1725361488499 167.95788334871807 367
1725361488522 167.94101779554703 368
1725361488541 167.92415396269175 369
1725361488564 167.90729184997286 370
1725361488589 167.89043145721118 371
1725361488615 167.87357278422726 372
1725361488640 167.8567158308419 373
1725361488666 167.83986059687587 374
1725361488690 167.82300708214981 375
1725361488717 167.80615528648462 376
1725361488741 167.78930520970107 377
1725361488764 167.77245685161995 378
1725361488787 167.7556102120621 379
1725361488812 167.73876529084842 380
1725361488836 167.72192208779975 381
1725361488880 167.70508060273698 382
1725361488909 167.6882408354811 383
1725361488939 167.67140278585296 384
1725361488961 167.65456645367354 385
1725361488986 167.63773183876384 386
1725361489007 167.62089894094487 387
1725361489034 167.60406776003754 388
1725361489058 167.587238295863 389
1725361489082 167.57041054824225 390
1725361489116 167.55358451699635 391
1725361489141 167.5367602019464 392
1725361489173 167.51993760291356 393
1725361489198 167.50311671971883 394
1725361489222 167.48629755218352 395
1725361489250 167.4694801001287 396
1725361489275 167.4526643633756 397
1725361489305 167.43585034174538 398
1725361489336 167.41903803505932 399
1725361489362 167.4022274431386 400
1725361489387 167.38541856580457 401
1725361489409 167.36861140287846 402
1725361489432 167.35180595418157 403
1725361489456 167.33500221953523 404
1725361489482 167.31820019876076 405
1725361489505 167.30139989167958 406
1725361489533 167.28460129811305 407
1725361489553 167.26780441788253 408
1725361489577 167.2510092508095 409
1725361489599 167.23421579671535 410
1725361489624 167.21742405542156 411
1725361489650 167.2006340267496 412
1725361489674 167.18384571052096 413
1725361489697 167.1670591065572 414
1725361489720 167.1502742146798 415
1725361489747 167.13349103471032 416
1725361489775 167.11670956647032 417
1725361489799 167.09992980978146 418
1725361489823 167.08315176446533 419
1725361489851 167.06637543034356 420
1725361489873 167.04960080723774 421
1725361489901 167.0328278949696 422
1725361489924 167.01605669336084 423
1725361489944 166.99928720223312 424
1725361489966 166.98251942140817 425
1725361489991 166.96575335070784 426
1725361490014 166.94898898995373 427
1725361490036 166.93222633896778 428
1725361490057 166.91546539757167 429
1725361490084 166.89870616558736 430
1725361490107 166.88194864283656 431
1725361490134 166.86519282914122 432
1725361490157 166.8484387243232 433
1725361490181 166.83168632820434 434
1725361490209 166.81493564060668 435
1725361490238 166.79818666135208 436
1725361490256 166.78143939026248 437
1725361490279 166.76469382715993 438
1725361490301 166.74794997186638 439
1725361490324 166.73120782420386 440
1725361490345 166.71446738399442 441
1725361490371 166.69772865106006 442
1725361490395 166.68099162522293 443
1725361490421 166.66425630630508 444
1725361490446 166.6475226941286 445
1725361490466 166.6307907885157 446
1725361490489 166.6140605892885 447
1725361490511 166.59733209626913 448
1725361490537 166.5806053092798 449
1725361490560 166.56388022814275 450
1725361490582 166.54715685268016 451
1725361490604 166.5304351827143 452
1725361490627 166.5137152180675 453
1725361490650 166.49699695856194 454
1725361490671 166.48028040402 455
1725361490688 166.46356555426394 456
1725361490713 166.44685240911616 457
1725361490738 166.430140968399 458
1725361490768 166.41343123193488 459
1725361490799 166.39672319954613 460
1725361490822 166.38001687105523 461
1725361490848 166.3633122462846 462
1725361490875 166.3466093250567 463
1725361490905 166.329908107194 464
1725361490929 166.31320859251903 465
1725361490953 166.29651078085422 466
1725361490974 166.2798146720222 467
1725361490997 166.2631202658455 468
1725361491022 166.24642756214672 469
1725361491043 166.22973656074836 470
1725361491066 166.21304726147312 471
1725361491084 166.19635966414359 472
1725361491107 166.17967376858246 473
1725361491131 166.16298957461237 474
1725361491156 166.146307082056 475
1725361491218 166.1296262907361 476
1725361491247 166.11294720047536 477
1725361491274 166.09626981109656 478
1725361491308 166.0795941224224 479
1725361491331 166.06292013427574 480
1725361491356 166.04624784647933 481
1725361491376 166.029577258856 482
1725361491398 166.0129083712287 483
1725361491422 165.9962411834201 484
1725361491452 165.97957569525326 485
1725361491476 165.96291190655097 486
1725361491499 165.94624981713616 487
1725361491524 165.9295894268318 488
1725361491544 165.91293073546086 489
1725361491575 165.89627374284632 490
1725361491607 165.8796184488111 491
1725361491628 165.86296485317828 492
1725361491655 165.84631295577086 493
1725361491682 165.82966275641195 494
1725361491705 165.81301425492455 495
1725361491730 165.7963674511318 496
1725361491753 165.7797223448568 497
1725361491776 165.7630789359227 498
1725361491799 165.74643722415257 499
