1725422069289 176.0661163926838 0
1725422069320 160.77842710645035 1
1725422069360 165.03731686939645 2
1725422069393 166.88364605182144 3
1725422069445 170.3303967754692 4
1725422069479 148.051587699089 5
1725422069512 149.13227134558318 6
1725422069543 162.05841725265958 7
1725422069589 155.78010426211588 8
1725422069643 144.8844772549679 9
1725422069680 145.61943455823322 10
1725422069717 142.51721641153742 11
1725422069761 132.8316273006774 12
1725422069787 137.7287414787439 13
1725422069820 135.5705148040475 14
1725422069862 118.58763294142071 15
1725422069902 127.88975947236816 16
1725422069929 125.92243556590319 17
1725422069962 123.33179059524761 18
1725422070007 121.53956524814026 19
1725422070044 122.39920752684759 20
1725422070085 118.5618999003509 21
1725422070121 115.43287405269544 22
1725422070162 115.7246248228408 23
1725422070197 111.05691914865147 24
1725422070229 112.23885510151298 25
1725422070263 112.01067293725784 26
1725422070296 105.67136025167815 27
1725422070324 105.12463942379794 28
1725422070351 100.61929701705179 29
1725422070379 96.59085391330541 30
1725422070414 102.09638558929704 31
1725422070446 96.71886004092165 32
1725422070474 94.11362405040533 33
1725422070503 95.45184781945649 34
1725422070542 91.72718791591993 35
1725422070570 88.8490463137979 36
1725422070604 88.41005168966261 37
1725422070639 87.3871754505272 38
1725422070678 84.67318044352788 39
1725422070722 80.15650937966734 40
1725422070752 82.18047269708873 41
1725422070790 82.3167221626989 42
1725422070821 78.28526933162323 43
1725422070850 79.20127296754195 44
1725422070884 75.02882416253675 45
1725422070930 77.5067229184088 46
1725422071038 72.16134388370341 47
1725422071077 72.91218186203604 48
1725422071118 71.18684612534395 49
1725422071151 70.48530724358463 50
1725422071180 68.13542290827488 51
1725422071214 65.31675829906519 52
1725422071252 65.08357264561378 53
1725422071285 63.189646953732144 54
1725422071319 63.90140311133837 55
1725422071360 62.42947402558308 56
1725422071395 61.74492169342549 57
1725422071432 58.44788097647126 58
1725422071462 58.205896209660274 59
1725422071502 56.26324737069781 60
1725422071543 55.052873293690155 61
1725422071580 56.3178206862265 62
1725422071626 54.925083396740845 63
1725422071670 56.93519768680091 64
1725422071708 54.89604881272319 65
1725422071739 54.90818787291779 66
1725422071770 50.53868939960434 67
1725422071809 50.21560579292217 68
1725422071850 50.46146050871015 69
1725422071888 48.66847236625376 70
1725422071931 48.416149638269275 71
1725422071966 46.22818251599667 72
1725422072001 43.98910388393055 73
1725422072032 44.31766930761734 74
1725422072063 45.738449144975405 75
1725422072104 44.94358011011189 76
1725422072147 42.38405019969256 77
1725422072188 43.76554325463464 78
1725422072220 41.58375830363331 79
1725422072249 40.67334008869633 80
1725422072290 40.79850493775095 81
1725422072321 40.49204105112939 82
1725422072357 38.037214118819094 83
1725422072400 38.992114631635836 84
1725422072427 37.38640535820569 85
1725422072464 36.19354833202852 86
1725422072507 37.14745106950919 87
1725422072549 35.3539052053748 88
1725422072604 33.55176993069404 89
1725422072639 36.207228179571 90
1725422072671 34.12504225003908 91
1725422072706 34.072764588427106 92
1725422072743 32.32684953957403 93
1725422072781 31.457030451353162 94
1725422072816 30.877398506012256 95
1725422072851 30.858891040396212 96
1725422072886 30.59243588801848 97
1725422072919 30.15316719995284 98
1725422072949 29.097446805470103 99
1725422072979 29.52406826849156 100
1725422073009 29.9463597098607 101
1725422073044 27.260674324466088 102
1725422073085 27.441961517095706 103
1725422073119 26.457325647401902 104
1725422073157 26.780021646620234 105
1725422073194 25.455183946714513 106
1725422073223 25.25082402384533 107
1725422073252 25.79571668634837 108
1725422073285 23.812293470242174 109
1725422073319 23.97324309771017 110
1725422073361 24.0696827469666 111
1725422073391 23.211600712200507 112
1725422073420 22.19467076031584 113
1725422073448 23.430205028134697 114
1725422073480 22.489600882321955 115
1725422073521 22.621578626254212 116
1725422073559 22.532985471849724 117
1725422073585 21.55426759310125 118
1725422073629 20.997624080092233 119
1725422073662 20.81233345967367 120
1725422073705 20.70714952113589 121
1725422073739 20.4006874551801 122
1725422073770 19.374354919455925 123
1725422073803 19.300414555715832 124
1725422073838 18.567482677114068 125
1725422073873 19.334936460602066 126
1725422073913 18.084807644886094 127
1725422073948 17.11197695621901 128
1725422073977 17.46095730855413 129
1725422074008 16.380335884223616 130
1725422074046 16.924595781236214 131
1725422074094 17.07315782777617 132
1725422074129 16.38799613305782 133
1725422074156 16.199457211203793 134
1725422074199 15.081386176991497 135
1725422074238 16.153371943695237 136
1725422074270 15.259544969424384 137
1725422074308 15.308105511176958 138
1725422074345 14.313274405952178 139
1725422074379 13.992090593586376 140
1725422074417 14.048707877630507 141
1725422074451 13.757723319494248 142
1725422074486 14.52662174122333 143
1725422074522 13.853578645726293 144
1725422074549 13.248410990054403 145
1725422074583 12.145214535276164 146
1725422074614 12.732601801596907 147
1725422074644 11.805546735298165 148
1725422074682 12.027775499724841 149
1725422074720 12.061545432903419 150
1725422074757 12.166257862085427 151
1725422074795 12.238090745401168 152
1725422074827 11.225638320009892 153
1725422074866 11.034543879192949 154
1725422074903 11.41826917344896 155
1725422074942 11.070733986237078 156
1725422074977 11.514340075959701 157
1725422075009 10.265982572767788 158
1725422075041 10.984930028141978 159
1725422075077 10.137166622450607 160
1725422075107 9.52951279111804 161
1725422075137 9.868509094453126 162
1725422075177 10.243263306859992 163
1725422075228 9.370637302681928 164
1725422075272 9.600990560013969 165
1725422075311 8.465527775420282 166
1725422075347 9.244271519471148 167
1725422075391 8.690111601756588 168
1725422075419 8.712127501920342 169
1725422075456 8.787632091068616 170
1725422075490 8.879383771684507 171
1725422075517 8.81747220505902 172
1725422075548 7.990864499087821 173
1725422075579 8.433301500070328 174
1725422075612 7.4473803450255875 175
1725422075647 8.010658578389576 176
1725422075679 7.272076382600446 177
1725422075708 8.04111279175342 178
1725422075746 7.326850339989882 179
1725422075780 6.596064693094623 180
1725422075809 7.08344902154881 181
1725422075838 7.229708269930319 182
1725422075870 6.882056429822568 183
1725422075901 7.067054400320126 184
1725422075937 6.787994719745067 185
1725422075969 6.496537843009988 186
1725422076003 7.040122601641091 187
1725422076031 5.9776001853140075 188
1725422076069 6.073316135493359 189
1725422076107 6.021620387552615 190
1725422076137 6.07399540014457 191
1725422076169 5.303534236008776 192
1725422076200 5.792446426691783 193
1725422076230 5.363526967247775 194
1725422076270 5.279328067866956 195
1725422076303 4.897798504130015 196
1725422076334 5.457508087108203 197
1725422076376 5.520352780144478 198
1725422076405 5.476160708962692 199
1725422076434 4.9096100120612105 200
1725422076465 5.3217271919665885 201
1725422076500 5.2921364524153 202
1725422076537 4.7152719244149335 203
1725422076570 5.247066059459901 204
1725422076606 4.685322376164802 205
1725422076636 4.5214965708470505 206
1725422076673 4.576520956221377 207
1725422076714 4.810105455499898 208
1725422076759 4.494133123872499 209
1725422076793 4.227775352487526 210
1725422076832 4.371414728560628 211
1725422076871 3.993146688883585 212
1725422076903 3.7661478424642123 213
1725422076935 4.556152670914117 214
1725422076972 4.390635988304046 215
1725422077018 3.9415235401867434 216
1725422077074 3.6982387837536286 217
1725422077110 3.9086007337653643 218
1725422077144 4.163289369288693 219
1725422077172 3.964620551666003 220
1725422077213 4.2606058756653304 221
1725422077246 3.458310338792746 222
1725422077279 3.5741027011743167 223
1725422077307 3.5702573520146976 224
1725422077347 3.7247909086890485 225
1725422077395 3.2569369649226303 226
1725422077429 3.2982067506464796 227
1725422077468 3.609722455921944 228
1725422077499 3.289252013246393 229
1725422077532 2.8553219102360083 230
1725422077569 2.9746856357230747 231
1725422077602 3.1981399192136526 232
1725422077633 2.854351352679905 233
1725422077672 3.425060548994308 234
1725422077710 2.7742404886093612 235
1725422077745 2.99643067809556 236
1725422077783 3.081194867494513 237
1725422077831 2.666051423876183 238
1725422077893 2.519893699126931 239
1725422077921 2.5684293223288686 240
1725422077945 2.899872115143549 241
1725422077973 2.79431809799687 242
1725422078007 2.651826952144901 243
1725422078047 2.602957963654664 244
1725422078082 2.585355136634596 245
1725422078116 2.3560465831967945 246
1725422078145 2.155758247553089 247
1725422078179 2.5183600994567144 248
1725422078217 2.375225765572315 249
1725422078251 2.3291446450897415 250
1725422078289 2.540571881264199 251
1725422078325 2.0594621557822617 252
1725422078359 2.280526844752641 253
1725422078394 2.181249689587758 254
1725422078430 2.289690377551977 255
1725422078455 2.094438039224544 256
1725422078492 1.9346522980544358 257
1725422078533 2.001204635452012 258
1725422078570 1.8571689587029536 259
1725422078603 2.1112194779828193 260
1725422078638 1.997981590102041 261
1725422078676 1.7727660854036231 262
1725422078707 1.9641434070303758 263
1725422078743 1.663059930765063 264
1725422078775 2.124956122022513 265
1725422078806 1.8148733049911903 266
1725422078831 1.7626400853034583 267
1725422078859 1.5554012434235622 268
1725422078889 1.6588302173177842 269
1725422078928 1.7347258803599543 270
1725422078968 1.4903638506112067 271
1725422078999 1.62649674284185 272
1725422079038 1.700048478765111 273
1725422079075 1.7053443676808386 274
1725422079110 1.3815386742014395 275
1725422079139 1.6869668756051388 276
1725422079177 1.5376739764473886 277
1725422079223 1.4199929148394472 278
1725422079260 1.4752091136986025 279
1725422079291 1.5004550153770317 280
1725422079326 1.3522767426687716 281
1725422079354 1.388358684716077 282
1725422079388 1.4775180418913323 283
1725422079421 1.1279693817463117 284
1725422079453 1.33159887604709 285
1725422079480 1.4016717141624435 286
1725422079520 1.4044758549642289 287
1725422079549 1.2961604005661975 288
1725422079581 1.1795222770300244 289
1725422079617 1.452785670457278 290
1725422079659 1.2246980372934582 291
1725422079700 1.3959445388413974 292
1725422079740 1.4375927318586212 293
1725422079773 1.2077938246583992 294
1725422079806 1.087904029253856 295
1725422079839 1.0879599935993622 296
1725422079865 1.048853768922953 297
1725422079899 1.046020915102165 298
1725422079936 1.2331188558624715 299
1725422079975 0.9628374051980111 300
1725422080011 1.1166046968139847 301
1725422080056 1.076721506196015 302
1725422080092 1.0908231390728897 303
1725422080125 1.0069244278022844 304
1725422080160 1.002487064101208 305
1725422080189 1.005450896556449 306
1725422080219 1.035265446456563 307
1725422080248 0.9586386090027298 308
1725422080278 1.2416420305072418 309
1725422080310 1.0935112993379053 310
1725422080347 0.9986757231353557 311
1725422080377 0.9094106717083434 312
1725422080410 0.7990827892741256 313
1725422080444 0.8409225657453785 314
1725422080485 1.0318260691813554 315
1725422080540 0.8174507763569622 316
1725422080572 0.7538602491590444 317
1725422080605 1.0267802725596331 318
1725422080635 0.8931543890841779 319
1725422080674 0.9064230150412739 320
1725422080707 0.8928778953869667 321
1725422080746 0.9003223497775114 322
1725422080788 0.854824666884613 323
1725422080823 0.9607374807966014 324
1725422080852 0.8446063286951468 325
1725422080891 0.8315087779091952 326
1725422080928 0.7826889650917408 327
1725422080960 0.7725501058292473 328
1725422080998 0.7254294402032607 329
1725422081029 0.6934781189339815 330
1725422081055 0.7572752002275521 331
1725422081082 0.7009425380310393 332
1725422081109 0.6911785783429751 333
1725422081142 0.7646188147978156 334
1725422081179 0.6778753836923274 335
1725422081226 0.6874952436018077 336
1725422081257 0.7874486709950549 337
1725422081292 0.6946748344747945 338
1725422081330 0.5655449266191077 339
1725422081354 0.576063069221992 340
1725422081384 0.6586247059870021 341
1725422081427 0.8698800998219068 342
1725422081453 0.6041788322387427 343
1725422081481 0.601003649958755 344
1725422081523 0.6267779427895942 345
1725422081557 0.6347909880093485 346
1725422081592 0.5713739327790098 347
1725422081635 0.6162255081277284 348
1725422081668 0.4909478005913537 349
1725422081705 0.5150896133588158 350
1725422081744 0.5937247420624653 351
1725422081779 0.5880531280131852 352
1725422081809 0.6428610437374489 353
1725422081840 0.5106861555051988 354
1725422081868 0.721539904511474 355
1725422081903 0.6031490245299642 356
1725422081965 0.4480918256767051 357
1725422081999 0.5097740072369592 358
1725422082026 0.5451030428205149 359
1725422082045 0.4143447108069578 360
1725422082064 0.5106993055464052 361
1725422082081 0.4247374448685873 362
1725422082104 0.5241042686788928 363
1725422082124 0.5091480903086719 364
1725422082141 0.5471838899751188 365
1725422082160 0.41153851714739853 366
1725422082178 0.4534933956137585 367
1725422082205 0.45239323024551276 368
1725422082225 0.3895939579364168 369
1725422082241 0.401293401229893 370
1725422082260 0.4931314043268549 371
1725422082283 0.4794987899367024 372
1725422082310 0.34660839675693517 373
1725422082340 0.44994680286227706 374
1725422082370 0.4328969933573725 375
1725422082398 0.4338372717450715 376
1725422082426 0.4888615360623376 377
1725422082446 0.49812339564563946 378
1725422082472 0.5604334668868138 379
1725422082489 0.6304589602492776 380
1725422082559 0.3599003393172787 381
1725422082593 0.36985155555050075 382
1725422082632 0.39479364676179834 383
1725422082668 0.3420413499016012 384
1725422082702 0.32625314481987583 385
1725422082732 0.3302079723041528 386
1725422082777 0.3305744204298038 387
1725422082809 0.43771705182100323 388
1725422082842 0.3754948070720614 389
1725422082873 0.21051543753961927 390
1725422082906 0.4205813784412654 391
1725422082929 0.41910506544877013 392
1725422082949 0.36578587150201897 393
1725422082970 0.30961490144496423 394
1725422082987 0.3051642298386526 395
1725422083005 0.3158094155930298 396
1725422083025 0.30836889424408953 397
1725422083057 0.3767509052359978 398
1725422083099 0.3422930156048797 399
1725422083142 0.2754014092978832 400
1725422083177 0.31545956657128504 401
1725422083230 0.3364143021385534 402
1725422083267 0.31675227455933735 403
1725422083301 0.446544940816915 404
1725422083344 0.2919358598467517 405
1725422083395 0.3456700040618944 406
1725422083414 0.3999638917525568 407
1725422083434 0.27115681111204376 408
1725422083451 0.20238803946273012 409
1725422083475 0.3799828143355362 410
1725422083494 0.34977966402578714 411
1725422083512 0.30136052012495085 412
1725422083534 0.348309946224519 413
1725422083553 0.35397997077615034 414
1725422083576 0.31732244418154004 415
1725422083604 0.36364057726527105 416
1725422083629 0.2876339329595195 417
1725422083645 0.33905965580160347 418
1725422083694 0.24093499027052678 419
1725422083734 0.27310085842790804 420
1725422083773 0.27876734378284374 421
1725422083804 0.26705999085089127 422
1725422083828 0.2103590834744535 423
1725422083850 0.30509162240746235 424
1725422083876 0.22000357616837 425
1725422083906 0.30360731168427035 426
1725422083925 0.26154285005871025 427
1725422083945 0.2917716303349277 428
1725422083966 0.24451448324483585 429
1725422083982 0.3191674850030921 430
1725422084001 0.2498491840803312 431
1725422084019 0.365609269230834 432
1725422084040 0.23978341820618623 433
1725422084064 0.20184108052793373 434
1725422084085 0.20480481313093735 435
1725422084107 0.2804115114491079 436
1725422084125 0.20349767040551575 437
1725422084141 0.31645224577056685 438
1725422084179 0.25123687242473414 439
1725422084220 0.22852499041710628 440
1725422084258 0.2379012716887242 441
1725422084285 0.26340619054366515 442
1725422084307 0.2897559065586066 443
1725422084324 0.19952213677489977 444
1725422084340 0.20560955014048893 445
1725422084360 0.20920940100087435 446
1725422084377 0.2452752237929375 447
1725422084403 0.19452475245065 448
1725422084436 0.17221248740714468 449
1725422084474 0.16782369199733263 450
1725422084500 0.31265495711795793 451
1725422084526 0.2879667615692774 452
1725422084546 0.3043114192304369 453
1725422084574 0.24369257816816792 454
1725422084595 0.2264227083129937 455
1725422084613 0.23860182359158927 456
1725422084634 0.2203785288001539 457
1725422084655 0.24674669492657889 458
1725422084677 0.27572504087897376 459
1725422084703 0.2354615309501956 460
1725422084726 0.16649418296277324 461
1725422084746 0.24123417566145416 462
1725422084769 0.17370809972194076 463
1725422084810 0.2211747759320479 464
1725422084846 0.308965828623488 465
1725422084892 0.26398992182254305 466
1725422084914 0.17316916997143003 467
1725422084938 0.27194975653607917 468
1725422084963 0.25069736554482625 469
1725422084986 0.19735238745138364 470
1725422085010 0.20533513693368557 471
1725422085034 0.20965959990640975 472
1725422085055 0.26042017015784513 473
1725422085072 0.2548916047710248 474
1725422085092 0.20897784483887386 475
1725422085109 0.210963085212519 476
1725422085131 0.17288074915117563 477
1725422085147 0.21091086204985274 478
1725422085192 0.20737930567832258 479
1725422085217 0.1774369170559722 480
1725422085272 0.1742874806528194 481
1725422085312 0.2040494070968271 482
1725422085359 0.18648442714805402 483
1725422085402 0.1452938882387514 484
1725422085438 0.17206379763398902 485
1725422085473 0.21575534245282407 486
1725422085523 0.29111753584994443 487
1725422085545 0.15567564502588296 488
1725422085571 0.15634327909760445 489
1725422085596 0.2315947451716014 490
1725422085617 0.17902728265939188 491
1725422085641 0.1446046741360587 492
1725422085668 0.19633784234645976 493
1725422085684 0.20142884045636522 494
1725422085706 0.15879084851359088 495
1725422085726 0.2652718573098489 496
1725422085741 0.2035176734479175 497
1725422085762 0.21158005061034643 498
1725422085787 0.23100639588966218 499
