1725354733816 68.1577287422235 0
1725354733842 27.982544460536776 1
1725354733866 12.476380355490146 2
1725354733895 5.184892305397547 3
1725354733920 1.8609316076482472 4
1725354733944 1.0489800351512237 5
1725354733967 0.4537385321226037 6
1725354733989 0.3540663361174728 7
1725354734011 0.2097245107157603 8
1725354734030 0.16347592033164296 9
1725354734049 0.24154754949275475 10
1725354734072 0.132424751915426 11
1725354734096 0.16006103736909763 12
1725354734121 0.11932202928948098 13
1725354734144 0.16744164010102572 14
1725354734168 0.1628065048813013 15
1725354734195 0.1858495175304006 16
1725354734224 0.11842163643080796 17
1725354734249 0.12501970302461954 18
1725354734281 0.16026430306157793 19
1725354734310 0.07230091753678872 20
1725354734329 0.1697048804393976 21
1725354734350 0.09971212315819482 22
1725354734371 0.10432441871703815 23
1725354734394 0.13736592220087235 24
1725354734414 0.12931168990254316 25
1725354734432 0.12540198962459306 26
1725354734453 0.12825976560308308 27
1725354734475 0.13060371447420818 28
1725354734498 0.16204350282340063 29
1725354734521 0.14408595272401806 30
1725354734554 0.15606558889868127 31
1725354734576 0.17477570009653282 32
1725354734597 0.13229774787376192 33
1725354734618 0.11283568612679984 34
1725354734638 0.1658339060117294 35
1725354734658 0.14211274178030162 36
1725354734678 0.1462465702544819 37
1725354734700 0.11665433149347437 38
1725354734719 0.14748105019522037 39
1725354734740 0.07943182619765568 40
1725354734762 0.16580786091068098 41
1725354734786 0.14327744710895368 42
1725354734805 0.12350266358567276 43
1725354734826 0.15397797985046013 44
1725354734847 0.1514393009475284 45
1725354734867 0.15918332040150035 46
1725354734888 0.11295989660176263 47
1725354734907 0.13536775678912805 48
1725354734929 0.135676138313812 49
1725354734951 0.1039303129678191 50
1725354735011 0.09727931207991515 51
1725354735084 0.15301247028672713 52
1725354735108 0.15715452796395443 53
1725354735126 0.10220811366483047 54
1725354735150 0.12590828071480847 55
1725354735160 0.0889382502020748 56
1725354735175 0.1356012812897976 57
1725354735195 0.15395182047979808 58
1725354735217 0.12756521343160115 59
1725354735238 0.14868599905274305 60
1725354735259 0.13717267313818446 61
1725354735278 0.08820960462613453 62
1725354735300 0.19473758890918072 63
1725354735340 0.18226940058451674 64
1725354735358 0.12260370794475334 65
1725354735377 0.14393570594569724 66
1725354735399 0.12428226482228426 67
1725354735419 0.12356549059802442 68
1725354735442 0.06996590625850921 69
1725354735464 0.1587455706386136 70
1725354735486 0.1468221660037585 71
1725354735506 0.12192230990657164 72
1725354735524 0.10881669130370178 73
1725354735557 0.10369875109593371 74
1725354735576 0.11894966699126813 75
1725354735594 0.09885794231330554 76
1725354735616 0.11364422363313567 77
1725354735640 0.12809516394100287 78
1725354735660 0.1034893859827206 79
1725354735685 0.08943183268497687 80
1725354735705 0.10475747168030677 81
1725354735726 0.10196311614443991 82
1725354735748 0.1903687710785859 83
1725354735770 0.15229897787755994 84
1725354735796 0.16222198344054764 85
1725354735820 0.12166155632711136 86
1725354735851 0.11222753804530171 87
1725354735877 0.163691041374736 88
1725354735911 0.12703630484428488 89
1725354735941 0.11677972631161375 90
1725354735969 0.1147114268449368 91
1725354735992 0.15237887837297595 92
1725354736018 0.15171856028970734 93
1725354736050 0.11846405694783609 94
1725354736072 0.11939286025659604 95
1725354736098 0.14112048831305862 96
1725354736124 0.09113170565567119 97
1725354736147 0.1683190531625523 98
1725354736177 0.0908426626494948 99
1725354736213 0.09647573512333042 100
1725354736241 0.17516830742174233 101
1725354736270 0.13765776038834665 102
1725354736299 0.1534929192484565 103
1725354736321 0.12134402964187797 104
1725354736339 0.1558972464175152 105
1725354736361 0.10224597789958559 106
1725354736470 0.15268950111272087 107
1725354736501 0.14734930069823965 108
1725354736523 0.12572406177907675 109
1725354736545 0.10974154688290423 110
1725354736577 0.08313738058604427 111
1725354736601 0.15263804097575254 112
1725354736626 0.14745251844966542 113
1725354736651 0.11148589730256965 114
1725354736673 0.1462476548763975 115
1725354736695 0.08621697027847039 116
1725354736716 0.1048790238226427 117
1725354736736 0.18204420981306968 118
1725354736755 0.11240787962197535 119
1725354736776 0.19072599460661782 120
1725354736796 0.1100717751045319 121
1725354736817 0.18939213992357257 122
1725354736838 0.16757462351117428 123
1725354736859 0.12153734643877787 124
1725354736882 0.14741072708166025 125
1725354736903 0.11231117013854808 126
1725354736924 0.12460438713598955 127
1725354736946 0.10582924283129355 128
1725354736966 0.14162368391604424 129
1725354736986 0.11892253059638831 130
1725354737008 0.12485734706203734 131
1725354737031 0.1092957798144995 132
1725354737053 0.13337204721502652 133
1725354737083 0.17110718363581395 134
1725354737113 0.12906866274790013 135
1725354737143 0.11969594932890269 136
1725354737168 0.17166783976904246 137
1725354737192 0.10023544650459436 138
1725354737212 0.19265186739940796 139
1725354737232 0.16130751829798012 140
1725354737253 0.16421696990637444 141
1725354737275 0.15997347192804717 142
1725354737295 0.11228071105713712 143
1725354737317 0.12140710546881762 144
1725354737342 0.10534758877054873 145
1725354737365 0.13245199194157395 146
1725354737383 0.12660431998026028 147
1725354737412 0.1544020908628842 148
1725354737444 0.17376550410346336 149
1725354737465 0.10831753874703191 150
1725354737487 0.16626420086672303 151
1725354737511 0.12947108290199025 152
1725354737535 0.12532362116234816 153
1725354737560 0.07716083542983379 154
1725354737602 0.11158345518039345 155
1725354737623 0.13681183483048853 156
1725354737646 0.12784196628168767 157
1725354737667 0.11241378402768969 158
1725354737690 0.12663462078855559 159
1725354737718 0.12966602354176415 160
1725354737744 0.1422788209881568 161
1725354737765 0.15969176908073948 162
1725354737788 0.1388336445088143 163
1725354737811 0.1572130574131224 164
1725354737837 0.11477585101519301 165
1725354737869 0.12803034823951154 166
