1725411069482 32.47484737407858 0
1725411069515 6.645881689865684 1
1725411069548 2.097439726796873 2
1725411069582 0.9078712479072599 3
1725411069621 0.5716270241816808 4
1725411069660 0.5516040802116531 5
1725411069698 0.48106738497735263 6
1725411069724 0.5721737202365544 7
1725411069757 0.6682258846327668 8
1725411069793 0.5114930586298014 9
1725411069825 0.6546737235840157 10
1725411069857 0.6052409013182851 11
1725411069891 0.4800034169095758 12
1725411069920 0.520975273435236 13
1725411069947 0.6026394677906307 14
1725411069981 0.5212478825676303 15
1725411070013 0.5745324763340997 16
1725411070044 0.6264316054950928 17
1725411070078 0.5330663943741857 18
1725411070107 0.46981245606513566 19
1725411070140 0.5976075892766195 20
1725411070171 0.44632886809655364 21
1725411070204 0.6517343568359878 22
1725411070234 0.5776903269403951 23
1725411070266 0.5087195390817622 24
1725411070297 0.629010699307947 25
1725411070329 0.5167086892960062 26
1725411070361 0.4163795410169488 27
1725411070400 0.5704892779538371 28
1725411070424 0.6009717382699472 29
1725411070454 0.4882877075344513 30
1725411070485 0.5840541535319967 31
1725411070510 0.5126989809693292 32
1725411070537 0.5992830718023431 33
1725411070565 0.589232067048122 34
1725411070594 0.6783260750143715 35
1725411070626 0.6316989198583364 36
1725411070658 0.5945934465314305 37
1725411070695 0.5343509182268982 38
1725411070728 0.6285261699835597 39
1725411070759 0.508195406843581 40
1725411070809 0.6041685170296488 41
1725411070874 0.5597104397628612 42
1725411070909 0.6705866006373025 43
1725411070932 0.5109029921522021 44
1725411070954 0.5202172377210187 45
1725411070987 0.5341140669218266 46
1725411071018 0.49991901858461796 47
1725411071047 0.5390748323544647 48
1725411071079 0.49229813579534504 49
1725411071110 0.48143605805056566 50
1725411071136 0.5638391340734986 51
1725411071163 0.6543342475665197 52
1725411071194 0.632268955031872 53
1725411071224 0.5411911081777804 54
1725411071255 0.4869076880958868 55
1725411071287 0.5731213024978861 56
1725411071322 0.6175285894594582 57
1725411071354 0.5519132511818857 58
1725411071385 0.5791959367370132 59
1725411071417 0.5966090106992271 60
1725411071448 0.5380609029537347 61
1725411071477 0.5509167034941632 62
1725411071505 0.5119714720746442 63
1725411071540 0.6230165160310426 64
1725411071569 0.712754716900622 65
1725411071599 0.569202930987407 66
1725411071631 0.6736435064374563 67
1725411071665 0.6219855378441546 68
1725411071701 0.7027520388186559 69
1725411071733 0.5792640321865328 70
1725411071765 0.5107945013993213 71
1725411071797 0.5121667537682922 72
1725411071829 0.4329385175653134 73
1725411071861 0.5862830838927422 74
1725411071895 0.4501945809280859 75
1725411071925 0.4995169579151487 76
1725411071957 0.6388209186135252 77
1725411071986 0.5840123375936478 78
1725411072016 0.4699851569453157 79
1725411072046 0.6005040304047154 80
1725411072078 0.6534589869712876 81
1725411072111 0.5289190879955801 82
1725411072138 0.5495374840551073 83
1725411072173 0.5698580228962185 84
1725411072204 0.6362821473920458 85
1725411072238 0.4613906978089554 86
1725411072270 0.5302275768861656 87
1725411072306 0.6253962669140926 88
1725411072338 0.49697475361915683 89
1725411072382 0.5362532572046659 90
1725411072413 0.4560631152574058 91
1725411072446 0.3905964906569398 92
1725411072479 0.5781393930365705 93
1725411072513 0.5145028593202536 94
1725411072545 0.5788471803280129 95
1725411072578 0.5687946551167155 96
1725411072612 0.5152902911325841 97
1725411072643 0.5418708005545796 98
1725411072673 0.48466669188258216 99
1725411072707 0.5378260226423718 100
1725411072743 0.48470530378433774 101
1725411072768 0.4749875896143787 102
1725411072800 0.4881610868111749 103
1725411072831 0.4983069438100897 104
1725411072863 0.5363126870246365 105
1725411072894 0.4889072140233351 106
1725411072926 0.5246738519089443 107
1725411072957 0.5981789231160021 108
1725411072989 0.5843473000140329 109
1725411073020 0.5287613022792392 110
1725411073053 0.5098261996086612 111
1725411073087 0.45769315737880506 112
1725411073115 0.4744735065895486 113
1725411073147 0.5923387593298826 114
1725411073173 0.5219529136129566 115
1725411073202 0.5259090007045766 116
1725411073232 0.429243589326383 117
1725411073257 0.6377188398191087 118
1725411073290 0.543694312057565 119
1725411073319 0.5288614111509936 120
1725411073349 0.6960151412151382 121
1725411073382 0.5260785522406031 122
1725411073412 0.5024926658068053 123
1725411073444 0.5073590969136048 124
1725411073479 0.5711397240191918 125
1725411073505 0.5396056033782473 126
1725411073533 0.5085870450926016 127
1725411073559 0.5253230263856713 128
1725411073589 0.5843371565868689 129
1725411073621 0.5542362492303898 130
1725411073652 0.6608981505168068 131
1725411073681 0.5790026264969698 132
1725411073714 0.5996140070175131 133
1725411073746 0.5804045457914001 134
1725411073777 0.5518171860368947 135
1725411073809 0.5312680205653462 136
1725411073841 0.6478541064938745 137
1725411073873 0.4717252818253856 138
1725411073903 0.6117266098002176 139
1725411073933 0.48852043530658723 140
1725411073968 0.4917758225687416 141
1725411073999 0.46730384362156563 142
1725411074031 0.6111506174922566 143
1725411074062 0.5149636081365339 144
1725411074096 0.5232829596180048 145
1725411074128 0.427929179194313 146
1725411074160 0.5483979197115797 147
1725411074192 0.5158861088541612 148
1725411074224 0.5002316881361369 149
1725411074255 0.536290107077498 150
1725411074287 0.45052341074610286 151
1725411074320 0.5047831528250113 152
1725411074349 0.606285259278469 153
1725411074373 0.580710291964442 154
1725411074406 0.5860854975969589 155
1725411074440 0.5256881552979583 156
1725411074473 0.587032113829429 157
1725411074502 0.6464263501660963 158
1725411074534 0.5161265907731573 159
1725411074565 0.454157731355471 160
1725411074594 0.6597071462787735 161
1725411074628 0.5892964242187886 162
1725411074661 0.5165954335545473 163
1725411074686 0.6881718894780792 164
1725411074723 0.5802693885447768 165
1725411074754 0.5225555579076837 166
1725411074787 0.6666518442721064 167
1725411074817 0.5908429890888991 168
1725411074851 0.6631849023163663 169
1725411074883 0.5912993430871734 170
1725411074915 0.58495158131813 171
1725411074945 0.565996269547437 172
1725411074976 0.4978991236338384 173
1725411075009 0.5024760374739174 174
1725411075040 0.49600721293643063 175
1725411075068 0.49607566568110967 176
1725411075101 0.6987960198896888 177
1725411075135 0.4769219318452718 178
1725411075162 0.4664915689666326 179
1725411075194 0.6333336016432511 180
1725411075220 0.44565948047836834 181
1725411075249 0.5699510475215418 182
1725411075279 0.5940004369812605 183
1725411075311 0.6542394986653703 184
1725411075342 0.5288974370787275 185
1725411075374 0.5093582951604814 186
1725411075406 0.6017319104573785 187
1725411075437 0.5961804215469965 188
