1725360476170 29.85344497369107 0
1725360476195 5.078760047608313 1
1725360476223 1.0791525190494344 2
1725360476247 0.4017820615218617 3
1725360476270 0.14167094533259095 4
1725360476292 0.14535043490825522 5
1725360476321 0.16429032028770393 6
1725360476348 0.10788231171334185 7
1725360476377 0.15406523748727294 8
1725360476404 0.1256163170352304 9
1725360476430 0.1505220176172892 10
1725360476457 0.1487651833962675 11
1725360476478 0.1007397798168332 12
1725360476528 0.12395830499967454 13
1725360476554 0.14479879868687204 14
1725360476575 0.10117446632892793 15
1725360476597 0.18549836300831993 16
1725360476620 0.19346446909950907 17
1725360476646 0.11463186354275741 18
1725360476673 0.18315206701260622 19
1725360476694 0.14490224824097 20
1725360476713 0.2011283718001316 21
1725360476745 0.11531413161940812 22
1725360476773 0.08824342111129664 23
1725360476815 0.1340481922085014 24
1725360476840 0.10314319883973311 25
1725360476862 0.13023611580926608 26
1725360476888 0.1799127528675219 27
1725360476912 0.14659754114080492 28
1725360476936 0.11854644662096053 29
1725360476969 0.10103671599316315 30
1725360477000 0.09730413609494963 31
1725360477027 0.12079327345466702 32
1725360477054 0.17440387324483467 33
1725360477079 0.1435527294439252 34
1725360477101 0.13286229986754272 35
1725360477127 0.11528317598420947 36
1725360477156 0.1417965766289906 37
1725360477207 0.20499412662695313 38
1725360477229 0.0831916662882572 39
1725360477252 0.20993821394812315 40
1725360477274 0.2317253098450101 41
1725360477297 0.14410359627092006 42
1725360477342 0.10065598005875495 43
1725360477368 0.11401834066943432 44
1725360477417 0.1872699960629515 45
1725360477485 0.14341881800894787 46
1725360477508 0.13911131605878857 47
1725360477531 0.1079654630788749 48
1725360477556 0.14856143687385392 49
1725360477580 0.14466322124857584 50
1725360477606 0.10501363005741582 51
1725360477630 0.14274440986584702 52
1725360477674 0.12188629981112725 53
1725360477728 0.1183256562819893 54
1725360477756 0.14214004129985353 55
1725360477781 0.11696059227665831 56
1725360477810 0.20559673346167606 57
1725360477875 0.11289646541361718 58
1725360477898 0.07159846423792252 59
1725360477922 0.09896894202841315 60
1725360477946 0.1317718678678715 61
1725360477983 0.12950849377962154 62
1725360478008 0.10147218531554214 63
1725360478032 0.15183531676030448 64
1725360478057 0.1295825746099419 65
1725360478083 0.14610481208796003 66
1725360478105 0.11303425110250946 67
1725360478132 0.11538464760995285 68
1725360478156 0.1457332741391504 69
1725360478181 0.1478434125770804 70
1725360478208 0.19192288615228834 71
1725360478233 0.09486747959429101 72
1725360478259 0.17806476394753604 73
1725360478290 0.12120672566358646 74
1725360478330 0.1324058089609508 75
1725360478358 0.11596992835718599 76
1725360478384 0.09242743539361516 77
1725360478410 0.14476319695718226 78
1725360478433 0.08896051693611091 79
1725360478455 0.14999827156057458 80
1725360478486 0.16262090318191014 81
1725360478515 0.1410973350761817 82
1725360478542 0.1549800765672364 83
1725360478562 0.10608262901388756 84
1725360478600 0.15047513201190724 85
1725360478624 0.15092223163831248 86
1725360478644 0.12031416041023978 87
1725360478675 0.1064368638533182 88
1725360478730 0.18804164399586215 89
1725360478755 0.1203234353647982 90
1725360478781 0.12409661117643936 91
1725360478808 0.18316073076548373 92
1725360478831 0.13445593630594424 93
1725360478856 0.11904382524655711 94
1725360478880 0.09874507053007299 95
1725360478904 0.11525969246325458 96
1725360478930 0.11784521884337894 97
1725360478976 0.15306257244980415 98
1725360479004 0.11006114415506268 99
1725360479029 0.20897921736528796 100
1725360479057 0.15541995973292544 101
1725360479080 0.13326999663713793 102
1725360479103 0.147506627471453 103
1725360479129 0.11200918716527747 104
1725360479155 0.09618288022758333 105
1725360479181 0.153798865620533 106
1725360479205 0.11320387644540982 107
1725360479233 0.15136241435264525 108
1725360479278 0.1402748049380723 109
1725360479306 0.19305737192766845 110
1725360479331 0.09798261406514021 111
1725360479356 0.13751597062443358 112
1725360479380 0.20535192921175102 113
1725360479406 0.12445562041364773 114
1725360479448 0.14696282558176973 115
1725360479482 0.09097182489976129 116
1725360479505 0.13584870211172764 117
1725360479533 0.1323268527778401 118
1725360479556 0.0775368890364236 119
1725360479584 0.10159465233040849 120
1725360479606 0.13824681787010648 121
1725360479627 0.12922114380863597 122
1725360479673 0.10672745265765542 123
1725360479701 0.08926481310415561 124
1725360479727 0.13453303753462711 125
1725360479750 0.09624374991234208 126
1725360479775 0.10089074016827412 127
1725360479798 0.10783271439348698 128
1725360479821 0.15121918583844912 129
1725360479875 0.17141720957347323 130
1725360479898 0.18766487455057393 131
1725360479923 0.1555994303656687 132
1725360479968 0.13637620872445308 133
1725360479989 0.12454462557072543 134
1725360480029 0.14387628391958246 135
1725360480076 0.10296639857699727 136
1725360480097 0.11538742913374195 137
1725360480119 0.11192481342145744 138
1725360480142 0.12449178678817484 139
1725360480163 0.12290568775544466 140
1725360480185 0.10607312481332962 141
1725360480207 0.11961009694719082 142
1725360480230 0.09054581883469852 143
1725360480252 0.1745470604724365 144
1725360480271 0.10901419298862622 145
1725360480297 0.11590371742014582 146
1725360480321 0.21880532625968233 147
1725360480348 0.10531219474868038 148
1725360480374 0.13604724077456748 149
1725360480396 0.15451324165527042 150
1725360480425 0.1169183812429959 151
1725360480447 0.076042684329315 152
1725360480469 0.1443831297579226 153
1725360480489 0.13444586715808157 154
1725360480513 0.08026583132078735 155
1725360480531 0.12864457628220416 156
1725360480553 0.12201316342526188 157
1725360480575 0.19073738465308243 158
1725360480597 0.1362700204073603 159
1725360480619 0.15060253532059334 160
1725360480643 0.16153990110424707 161
1725360480666 0.15444644885619288 162
1725360480695 0.13268548150016568 163
1725360480718 0.08813883139567377 164
1725360480739 0.12171392604949433 165
1725360480763 0.1473125808059283 166
1725360480786 0.1320815089418611 167
1725360480808 0.1345522983871843 168
1725360480832 0.12129838382783692 169
1725360480854 0.1524105635019298 170
1725360480878 0.1399134335004446 171
1725360480907 0.11666113330543991 172
1725360480934 0.15151849260271918 173
1725360480956 0.14497823753018507 174
1725360480979 0.13581614399907788 175
1725360481005 0.10517716982268303 176
1725360481028 0.12924619229460074 177
1725360481052 0.1164992871314111 178
1725360481085 0.12494499388679567 179
1725360481110 0.13161507351688254 180
1725360481133 0.09566921196222543 181
1725360481155 0.09649693388543695 182
1725360481179 0.09245731733655303 183
1725360481202 0.13800891406940405 184
1725360481227 0.11500082828234243 185
1725360481251 0.19238471106465016 186
1725360481275 0.11127003713956088 187
1725360481300 0.15768245935541897 188
1725360481322 0.11028728181381683 189
1725360481348 0.12422107429346395 190
1725360481374 0.10754270696138833 191
1725360481398 0.11080660030054439 192
1725360481422 0.16912763972312544 193
1725360481445 0.15614218987955966 194
1725360481470 0.1327779555951028 195
1725360481494 0.10411048600594752 196
1725360481516 0.10511141071649897 197
1725360481536 0.13114329375740993 198
1725360481559 0.12564300940065645 199
1725360481583 0.12811967400164162 200
1725360481606 0.14248860076829217 201
1725360481629 0.15861195578573362 202
1725360481652 0.11141621266906908 203
1725360481674 0.14125206183725608 204
1725360481705 0.0795185211297709 205
1725360481723 0.1313247777114907 206
1725360481745 0.14528676431813853 207
1725360481769 0.16274807983581377 208
1725360481795 0.1736091893839171 209
1725360481816 0.1680285019253057 210
1725360481841 0.1850093857608811 211
1725360481862 0.1119204383489538 212
1725360481891 0.15359303998162754 213
1725360481915 0.16182977142697277 214
1725360481940 0.17725374580301773 215
1725360481964 0.1873967760114737 216
1725360481992 0.11421620588841683 217
1725360482017 0.09854079120091166 218
1725360482045 0.12302491307347917 219
1725360482071 0.11082847656734819 220
1725360482100 0.1493522492847109 221
1725360482123 0.11017832056252617 222
1725360482143 0.13283649847267606 223
1725360482164 0.14154254275241712 224
1725360482189 0.11314358537643092 225
1725360482212 0.19212439576001428 226
1725360482236 0.09390425583384415 227
1725360482258 0.1390514440038582 228
1725360482282 0.16190875426323467 229
1725360482304 0.17875802606338148 230
1725360482327 0.10941970936742643 231
1725360482350 0.133035965645943 232
1725360482372 0.13579667074496884 233
1725360482394 0.1343381484412043 234
1725360482417 0.1329220488365146 235
1725360482440 0.12660905444978782 236
1725360482465 0.0920929017373611 237
1725360482488 0.12928133442350084 238
1725360482512 0.09524370599198717 239
1725360482535 0.1412147569479191 240
1725360482557 0.23827272547935832 241
1725360482578 0.11858650047377663 242
1725360482602 0.11054000080192934 243
1725360482629 0.2625639054889293 244
1725360482663 0.16091867267256793 245
1725360482688 0.13744401541677026 246
1725360482717 0.16075725002352265 247
1725360482739 0.16072444523159235 248
1725360482760 0.17406638022215112 249
1725360482786 0.18181010763040076 250
1725360482806 0.1437471701916552 251
1725360482835 0.13955412355242305 252
1725360482859 0.06998862434245917 253
1725360482887 0.1447689567354738 254
1725360482913 0.1438183296406465 255
1725360482938 0.14663296060120345 256
1725360482964 0.12655575508958844 257
1725360482984 0.13588205300753142 258
1725360483003 0.1876199282218393 259
1725360483026 0.12193206550235622 260
1725360483050 0.12263557408626788 261
1725360483082 0.11080926875437752 262
1725360483111 0.08855611629347433 263
1725360483140 0.152093876972877 264
1725360483170 0.12552430468912784 265
1725360483195 0.10711371064297946 266
1725360483226 0.15562600966897536 267
1725360483257 0.13039035902405424 268
1725360483282 0.14696338719267207 269
1725360483297 0.10439223604000691 270
1725360483319 0.11006861775429068 271
1725360483341 0.12902891783015696 272
1725360483364 0.10784588761411273 273
1725360483390 0.172873184531261 274
1725360483418 0.11602548579682338 275
1725360483438 0.18030434160419861 276
1725360483462 0.14264537282958473 277
1725360483485 0.12673876135168843 278
1725360483509 0.1292171761993338 279
1725360483531 0.112119757023152 280
1725360483557 0.12523339633038263 281
1725360483579 0.11544219195983768 282
1725360483606 0.1253277724332752 283
1725360483629 0.1036010489697117 284
1725360483652 0.12580105959174886 285
1725360483675 0.13495692508296306 286
1725360483698 0.1541102906394652 287
1725360483729 0.12630517650576709 288
1725360483752 0.15375263609728587 289
1725360483776 0.14160215514811272 290
1725360483798 0.12291026033875634 291
1725360483821 0.12902955735508245 292
1725360483848 0.13243808309937408 293
1725360483869 0.17671449233490397 294
1725360483892 0.07807233613203211 295
1725360483911 0.14567296291183618 296
1725360483933 0.15178437161756322 297
1725360483955 0.10730288136756755 298
1725360483978 0.09179849072265373 299
1725360483997 0.15454760317972452 300
1725360484020 0.11283866946990223 301
1725360484044 0.14351735778130068 302
1725360484070 0.21913196403506988 303
1725360484092 0.1904341640099173 304
1725360484115 0.2168503642650697 305
1725360484137 0.10775505119103962 306
1725360484160 0.11174802913167693 307
1725360484184 0.11997349451097031 308
1725360484207 0.06781924419875067 309
1725360484236 0.14643171742726366 310
1725360484259 0.11164041269831027 311
1725360484281 0.10746545893363785 312
1725360484303 0.1563718694645696 313
1725360484329 0.10156422231717782 314
1725360484356 0.09603512091502805 315
1725360484383 0.17694522190335266 316
1725360484405 0.14318861303855573 317
1725360484428 0.09691798151795912 318
1725360484454 0.14935262727376947 319
1725360484483 0.12149494276627174 320
1725360484503 0.12335074054339704 321
1725360484526 0.14872603898392403 322
1725360484550 0.12601193816540499 323
1725360484576 0.10349474670640631 324
1725360484663 0.1329803534959402 325
1725360484685 0.1484604920554897 326
1725360484717 0.12513615355469793 327
1725360484745 0.08917770953346885 328
1725360484771 0.17297173824988596 329
1725360484795 0.136338479111121 330
1725360484818 0.11069349393162482 331
1725360484847 0.1044055697016007 332
1725360484871 0.1615256113966226 333
1725360484898 0.16970872274592852 334
1725360484925 0.13613394492078465 335
1725360484965 0.1513301025477872 336
1725360484988 0.1325386346989591 337
1725360485011 0.13678920842084044 338
1725360485034 0.1283625377444961 339
1725360485057 0.13201106808681942 340
1725360485079 0.12579549632305115 341
1725360485103 0.1769105077514617 342
1725360485126 0.15492987123471164 343
1725360485149 0.19118714781303467 344
1725360485171 0.11774838776953477 345
1725360485194 0.11105606421196149 346
1725360485213 0.08456883452497697 347
1725360485235 0.13365442213874193 348
1725360485257 0.19162081401895562 349
1725360485278 0.1736898426899228 350
1725360485301 0.11502495111657993 351
1725360485326 0.14626365931403407 352
1725360485347 0.12630309832464884 353
1725360485375 0.14206214111093576 354
1725360485396 0.09736271131077315 355
1725360485420 0.15840380246045668 356
1725360485445 0.134192465545739 357
1725360485470 0.13493721487161456 358
1725360485488 0.10440494821425528 359
1725360485509 0.11790909738660413 360
1725360485528 0.09590361118476584 361
1725360485549 0.18532698090264169 362
1725360485574 0.10873077432428498 363
1725360485598 0.11329263825243002 364
1725360485621 0.1397768200835439 365
1725360485643 0.10805949539216224 366
1725360485667 0.12565104530369484 367
1725360485691 0.12877504487343958 368
1725360485713 0.10398374204905471 369
1725360485748 0.16598883083477078 370
1725360485772 0.1721740654638296 371
1725360485795 0.07412822188495456 372
1725360485817 0.10041570522264155 373
1725360485846 0.17486474872139499 374
1725360485871 0.11225708627027393 375
1725360485900 0.099895206323255 376
1725360485921 0.1368365721616775 377
1725360485946 0.15993236954379594 378
1725360485970 0.12304570096370708 379
1725360485992 0.13719365569247544 380
1725360486014 0.09046731193202699 381
1725360486040 0.10960890998084558 382
1725360486063 0.1095986489754956 383
1725360486089 0.149385689673504 384
1725360486111 0.15687125573204413 385
1725360486135 0.17009672205761178 386
1725360486162 0.07744913583989481 387
1725360486182 0.09928736468017774 388
1725360486205 0.12003103575126958 389
1725360486228 0.1531989988019497 390
1725360486249 0.163565324258596 391
1725360486273 0.11026831292298489 392
1725360486295 0.14807032829811714 393
1725360486321 0.12935266946992313 394
1725360486347 0.12966698228222345 395
1725360486372 0.09125043206988535 396
1725360486392 0.1508529378790964 397
1725360486415 0.11843335963334717 398
1725360486438 0.11192428168706449 399
1725360486462 0.14119127532101913 400
1725360486484 0.14846248876785878 401
1725360486510 0.14607348138301 402
1725360486534 0.10165932706580504 403
1725360486557 0.12206307866200981 404
1725360486580 0.13172080665369099 405
1725360486602 0.17908577806649495 406
1725360486624 0.16453728858373773 407
1725360486647 0.06866025177589852 408
1725360486670 0.11127769928426634 409
1725360486693 0.13990599928063815 410
1725360486716 0.1479025724829147 411
1725360486738 0.11044425680517705 412
1725360486775 0.20305014858911785 413
1725360486796 0.12794631611309482 414
1725360486818 0.08334797189798449 415
1725360486840 0.09292413867508467 416
1725360486864 0.1337189853373628 417
1725360486886 0.11053783971673425 418
1725360486908 0.13528347150316422 419
1725360486929 0.09445036220968102 420
1725360486952 0.1548779781678307 421
1725360486975 0.12031414092586304 422
1725360486999 0.12607494298934696 423
1725360487021 0.11625590973694482 424
1725360487043 0.1299628181039315 425
1725360487065 0.12473372825350984 426
1725360487087 0.1227321036073903 427
1725360487112 0.12179394341278674 428
1725360487138 0.15858169086917143 429
1725360487166 0.07622234213824529 430
1725360487189 0.17963691179804223 431
1725360487212 0.18437910887511852 432
1725360487236 0.11381924070221862 433
1725360487258 0.08312297938228266 434
1725360487279 0.07780668114250176 435
1725360487302 0.08613081058961061 436
1725360487321 0.19416002855991468 437
1725360487347 0.1223925282800227 438
1725360487371 0.14848189066405024 439
1725360487396 0.1047028275090642 440
1725360487423 0.10579152256781642 441
1725360487446 0.10483032075031883 442
1725360487470 0.14153980325144686 443
1725360487496 0.12992518227852154 444
1725360487523 0.15945644350589303 445
1725360487543 0.10388180794228234 446
1725360487563 0.10695803083843501 447
1725360487587 0.12158750063461539 448
1725360487612 0.14768358388472352 449
1725360487642 0.07226558972356037 450
1725360487667 0.2072285598171887 451
1725360487692 0.10026666218421626 452
1725360487720 0.14629823183975177 453
1725360487755 0.10118295978826274 454
1725360487786 0.17463571013735651 455
1725360487812 0.13356786243844015 456
1725360487855 0.16064655861026786 457
1725360487880 0.10635500014491917 458
1725360487907 0.12818002047116575 459
1725360487951 0.12822661689798895 460
1725360487984 0.18383345516586952 461
1725360488014 0.2054810828816213 462
1725360488037 0.1546877429219809 463
1725360488061 0.10615329543831895 464
1725360488086 0.14673754924706656 465
1725360488108 0.12125970399171988 466
1725360488131 0.12767379865525633 467
1725360488154 0.12054567496071343 468
1725360488176 0.13605309485283065 469
1725360488197 0.08115840262709231 470
1725360488219 0.11631119418675766 471
1725360488244 0.1474844441198799 472
1725360488267 0.11172331945382587 473
1725360488289 0.08850596390988251 474
1725360488315 0.11750723854463736 475
1725360488341 0.14551279103182507 476
1725360488364 0.1708444007767254 477
1725360488386 0.12595511532922346 478
1725360488411 0.09931050606614047 479
1725360488434 0.20998354626858812 480
1725360488458 0.15893607380582797 481
1725360488481 0.14362243866289795 482
1725360488504 0.1304804747090866 483
1725360488527 0.14255974397206606 484
1725360488550 0.10291668617193647 485
1725360488576 0.1442075332725804 486
1725360488599 0.14043198849197258 487
1725360488622 0.11064621452879733 488
1725360488647 0.11867063322036833 489
1725360488672 0.2105281891771637 490
1725360488694 0.11199351433103924 491
1725360488719 0.09758291662850196 492
1725360488738 0.15342317697325894 493
1725360488760 0.19429261613912938 494
1725360488791 0.13804782962584256 495
1725360488812 0.12603531450796715 496
1725360488839 0.12321318135389384 497
1725360488862 0.15102336938537622 498
1725360488885 0.17883457656931126 499
