1725350893284 169.25480595599964 0
1725350893314 168.91445505278625 1
1725350893348 168.57486106421922 2
1725350893386 168.23602222318843 3
1725350893407 167.8979367668611 4
1725350893425 167.5606029366713 5
1725350893443 167.224018978309 6
1725350893463 166.8881831417096 7
1725350893496 166.55309368104304 8
1725350893531 166.21874885470362 9
1725350893563 165.88514692529895 10
1725350893593 165.55228615963952 11
1725350893619 165.22016482872846 12
1725350893640 164.8887812077506 13
1725350893660 164.55813357606226 14
1725350893678 164.22822021718082 15
1725350893696 163.89903941877404 16
1725350893725 163.57058947265006 17
1725350893742 163.24286867474663 18
1725350893762 162.91587532512105 19
1725350893785 162.58960772793972 20
1725350893868 162.26406419146795 21
1725350893902 161.9392430280596 22
1725350893938 161.61514255414687 23
1725350893961 161.29176109023018 24
1725350893988 160.96909696086792 25
1725350894008 160.64714849466625 26
1725350894033 160.32591402426914 27
1725350894057 160.00539188634804 28
1725350894080 159.685580421592 29
1725350894107 159.3664779746976 30
1725350894129 159.04808289435869 31
1725350894150 158.73039353325686 32
1725350894168 158.41340824805098 33
1725350894187 158.09712539936766 34
1725350894211 157.78154335179096 35
1725350894235 157.4666604738528 36
1725350894253 157.15247513802308 37
1725350894283 156.83898572069955 38
1725350894309 156.52619060219837 39
1725350894341 156.2140881667441 40
1725350894371 155.9026768024599 41
1725350894392 155.591954901358 42
1725350894411 155.2819208593299 43
1725350894430 154.97257307613648 44
1725350894448 154.6639099553987 45
1725350894468 154.3559299045877 46
1725350894492 154.04863133501527 47
1725350894520 153.7420126618243 48
1725350894594 153.43607230397916 49
1725350894618 153.1308086842562 50
1725350894641 152.82622022923434 51
1725350894668 152.5223053692852 52
1725350894693 152.2190625385642 53
1725350894721 151.91649017500077 54
1725350894760 151.6145867202889 55
1725350894779 151.31335061987798 56
1725350894802 151.01278032296327 57
1725350894822 150.71287428247663 58
1725350894845 150.4136309550772 59
1725350894864 150.11504880114202 60
1725350894888 149.817126284757 61
1725350894911 149.5198618737073 62
1725350894930 149.22325403946857 63
1725350894952 148.92730125719737 64
1725350894977 148.63200200572223 65
1725350894997 148.33735476753435 66
1725350895016 148.0433580287786 67
1725350895040 147.75001027924438 68
1725350895064 147.45731001235657 69
1725350895089 147.16525572516636 70
1725350895109 146.8738459183424 71
1725350895130 146.58307909616167 72
1725350895148 146.29295376650055 73
1725350895166 146.0034684408258 74
1725350895185 145.71462163418576 75
1725350895204 145.42641186520137 76
1725350895225 145.13883765605712 77
1725350895246 144.8518975324925 78
1725350895266 144.5655900237929 79
1725350895290 144.2799136627809 80
1725350895313 143.99486698580742 81
1725350895333 143.71044853274307 82
1725350895355 143.42665684696928 83
1725350895373 143.1434904753695 84
1725350895392 142.8609479683208 85
1725350895410 142.57902787968484 86
1725350895432 142.2977287667993 87
1725350895452 142.0170491904695 88
1725350895473 141.7369877149594 89
1725350895493 141.4575429079833 90
1725350895516 141.17871334069713 91
1725350895539 140.9004975876899 92
1725350895562 140.6228942269752 93
1725350895583 140.34590183998276 94
1725350895606 140.0695190115499 95
1725350895628 139.79374432991295 96
1725350895647 139.5185763866991 97
1725350895672 139.24401377691774 98
1725350895693 138.97005509895217 99
1725350895738 138.6966989545512 100
1725350895774 138.42394394882078 101
1725350895795 138.15178869021568 102
1725350895818 137.88023179053124 103
1725350895844 137.60927186489496 104
1725350895867 137.33890753175842 105
1725350895887 137.0691374128888 106
1725350895905 136.79996013336086 107
1725350895926 136.53137432154864 108
1725350895946 136.26337860911724 109
1725350895964 135.99597163101484 110
1725350895983 135.72915202546432 111
1725350896002 135.46291843395534 112
1725350896023 135.19726950123615 113
1725350896041 134.93220387530545 114
1725350896061 134.6677202074045 115
1725350896081 134.403817152009 116
1725350896100 134.140493366821 117
1725350896118 133.8777475127611 118
1725350896148 133.61557825396022 119
1725350896168 133.35398425775196 120
1725350896190 133.0929641946643 121
1725350896209 132.83251673841204 122
1725350896233 132.57264056588866 123
1725350896257 132.31333435715868 124
1725350896286 132.0545967954494 125
1725350896304 131.79642656714375 126
1725350896322 131.53882236177174 127
1725350896341 131.2817828720031 128
1725350896359 131.0253067936395 129
1725350896389 130.76939282560664 130
1725350896417 130.51403966994667 131
1725350896454 130.25924603181022 132
1725350896481 130.0050106194492 133
1725350896513 129.75133214420856 134
1725350896530 129.4982093205191 135
1725350896555 129.2456408658895 136
1725350896574 128.99362550089896 137
1725350896594 128.7421619491894 138
1725350896614 128.4912489374582 139
1725350896637 128.2408851954502 140
1725350896669 127.9910694559506 141
1725350896698 127.74180045477705 142
1725350896727 127.49307693077262 143
1725350896759 127.2448976257978 144
1725350896805 126.99726128472355 145
1725350896829 126.75016665542348 146
1725350896853 126.50361248876654 147
1725350896877 126.25759753860984 148
1725350896919 126.01212056179087 149
1725350896942 125.76718031812047 150
1725350896975 125.52277557037539 151
1725350897000 125.27890508429091 152
1725350897030 125.03556762855358 153
1725350897059 124.79276197479392 154
1725350897085 124.55048689757923 155
1725350897113 124.30874117440617 156
1725350897156 124.06752358569372 157
1725350897183 123.82683291477584 158
1725350897220 123.58666794789438 159
1725350897252 123.34702747419173 160
1725350897276 123.10791028570391 161
1725350897295 122.86931517735322 162
1725350897318 122.63124094694129 163
1725350897339 122.39368639514181 164
1725350897358 122.15665032549356 165
1725350897375 121.92013154439326 166
1725350897396 121.68412886108872 167
1725350897415 121.44864108767153 168
1725350897434 121.21366703907026 169
1725350897460 120.9792055330434 170
1725350897488 120.74525539017235 171
1725350897513 120.51181543385452 172
1725350897534 120.27888449029635 173
1725350897555 120.0464613885064 174
1725350897574 119.81454496028843 175
1725350897593 119.58313404023461 176
1725350897613 119.35222746571857 177
1725350897631 119.12182407688843 178
1725350897657 118.89192271666025 179
1725350897676 118.66252223071093 180
1725350897697 118.4336214674716 181
1725350897725 118.20521927812081 182
1725350897744 117.97731451657766 183
1725350897769 117.7499060394951 184
1725350897801 117.52299270625335 185
1725350897827 117.29657337895298 186
1725350897856 117.07064692240827 187
1725350897881 116.84521220414061 188
1725350897913 116.62026809437182 189
1725350897933 116.39581346601739 190
1725350897960 116.17184719467997 191
1725350897982 115.94836815864281 192
1725350898007 115.72537523886292 193
1725350898026 115.50286731896479 194
1725350898050 115.2808432852337 195
1725350898077 115.05930202660907 196
1725350898099 114.83824243467812 197
1725350898118 114.6176634036693 198
1725350898138 114.3975638304457 199
1725350898165 114.17794261449866 200
1725350898191 113.95879865794139 201
1725350898210 113.74013086550234 202
1725350898240 113.5219381445189 203
1725350898260 113.30421940493093 204
1725350898279 113.0869735592745 205
1725350898299 112.87019952267522 206
1725350898321 112.65389621284226 207
1725350898338 112.4380625500617 208
1725350898359 112.22269745719028 209
1725350898376 112.00779985964917 210
1725350898395 111.79336868541762 211
1725350898417 111.57940286502664 212
1725350898434 111.36590133155285 213
1725350898453 111.152863020612 214
1725350898473 110.940286870353 215
1725350898493 110.72817182145161 216
1725350898515 110.51651681710412 217
1725350898533 110.3053208030213 218
1725350898554 110.09458272742225 219
1725350898580 109.88430154102811 220
1725350898603 109.67447619705598 221
1725350898622 109.46510565121288 222
1725350898642 109.25618886168957 223
1725350898660 109.0477247891544 224
1725350898677 108.83971239674733 225
1725350898696 108.63215065007385 226
1725350898714 108.42503851719891 227
1725350898733 108.21837496864086 228
1725350898750 108.01215897736549 229
1725350898771 107.80638951878005 230
1725350898803 107.60106557072716 231
1725350898823 107.3961861134789 232
1725350898847 107.19175012973098 233
1725350898874 106.98775660459654 234
1725350898895 106.78420452560043 235
1725350898912 106.58109288267319 236
1725350898935 106.37842066814531 237
1725350898956 106.1761868767411 238
1725350898983 105.97439050557308 239
1725350899009 105.77303055413596 240
1725350899029 105.57210602430087 241
1725350899047 105.37161592030952 242
1725350899069 105.17155924876849 243
1725350899089 104.97193501864322 244
1725350899109 104.7727422412525 245
1725350899128 104.57397993026245 246
1725350899147 104.37564710168105 247
1725350899165 104.17774277385209 248
1725350899184 103.9802659674498 249
1725350899203 103.78321570547283 250
1725350899224 103.58659101323873 251
1725350899243 103.39039091837833 252
1725350899263 103.19461445082985 253
1725350899291 102.9992606428335 254
1725350899316 102.80432852892575 255
1725350899343 102.60981714593366 256
1725350899366 102.41572553296933 257
1725350899395 102.22205273142438 258
1725350899423 102.02879778496423 259
1725350899442 101.83595973952256 260
1725350899471 101.643537643296 261
1725350899495 101.45153054673823 262
1725350899519 101.25993750255469 263
1725350899543 101.06875756569711 264
1725350899568 100.87798979335787 265
1725350899590 100.68763324496462 266
1725350899613 100.49768698217476 267
1725350899640 100.30815006886998 268
1725350899668 100.11902157115107 269
1725350899690 99.93030055733196 270
1725350899716 99.74198609793494 271
1725350899734 99.55407726568484 272
1725350899759 99.36657313550377 273
1725350899782 99.17947278450582 274
1725350899811 98.99277529199162 275
1725350899831 98.806479739443 276
1725350899853 98.6205852105177 277
1725350899875 98.43509079104416 278
1725350899893 98.24999556901592 279
1725350899918 98.06529863458667 280
1725350899942 97.88099908006475 281
1725350899962 97.69709599990803 282
1725350899984 97.51358849071855 283
1725350900009 97.33047565123734 284
1725350900029 97.1477565823393 285
1725350900047 96.96543038702771 286
1725350900064 96.78349617042939 287
1725350900081 96.60195303978928 288
1725350900104 96.42080010446531 289
1725350900124 96.24003647592336 290
1725350900158 96.05966126773194 291
1725350900182 95.87967359555716 292
1725350900205 95.70007257715775 293
1725350900225 95.52085733237963 294
1725350900244 95.34202698315113 295
1725350900265 95.16358065347772 296
1725350900289 94.98551746943711 297
1725350900313 94.80783655917395 298
1725350900337 94.6305370528951 299
1725350900396 94.45361808286437 300
1725350900420 94.27707878339758 301
1725350900440 94.10091829085756 302
1725350900461 93.92513574364925 303
1725350900479 93.74973028221453 304
1725350900500 93.57470104902738 305
1725350900521 93.40004718858903 306
1725350900544 93.22576784742274 307
1725350900561 93.05186217406914 308
1725350900584 92.87832931908123 309
1725350900600 92.70516843501942 310
1725350900623 92.53237867644668 311
1725350900644 92.35995919992372 312
1725350900669 92.18790916400401 313
1725350900696 92.01622772922903 314
1725350900725 91.84491405812342 315
1725350900748 91.67396731519007 316
1725350900775 91.5033866669054 317
1725350900806 91.33317128171451 318
1725350900882 91.16332033002638 319
1725350900907 90.99383298420908 320
1725350900937 90.82470841858509 321
1725350900956 90.65594580942647 322
1725350900978 90.48754433495004 323
1725350900997 90.31950317531289 324
1725350901033 90.15182151260734 325
1725350901070 89.98449853085654 326
1725350901094 89.81753341600955 327
1725350901115 89.65092535593678 328
1725350901144 89.4846735404252 329
1725350901166 89.3187771611739 330
1725350901185 89.15323541178913 331
1725350901206 88.98804748777992 332
1725350901220 88.82321258655337 333
1725350901259 88.65872990741 334
1725350901412 88.49459865153916 335
1725350901439 88.33081802201451 336
1725350901468 88.16738722378932 337
1725350901486 88.00430546369198 338
1725350901511 87.84157195042147 339
1725350901545 87.67918589454271 340
1725350901585 87.51714650848217 341
1725350901609 87.35545300652319 342
1725350901632 87.19410460480161 343
1725350901658 87.03310052130112 344
1725350901681 86.87243997584899 345
1725350901709 86.71212219011132 346
1725350901733 86.55214638758875 347
1725350901758 86.39251179361207 348
1725350901783 86.23321763533757 349
1725350901808 86.0742631417427 350
1725350901840 85.91564754362176 351
1725350901866 85.75737007358127 352
1725350901897 85.59942996603579 353
1725350901928 85.44182645720338 354
1725350901950 85.28455878510127 355
1725350901967 85.1276261895415 356
1725350901991 84.9710279121266 357
1725350902010 84.81476319624518 358
1725350902029 84.6588312870676 359
1725350902052 84.50323143154174 360
1725350902074 84.34796287838849 361
1725350902092 84.1930248780977 362
1725350902114 84.03841668292367 363
1725350902142 83.8841375468811 364
1725350902167 83.73018672574054 365
1725350902189 83.57656347702435 366
1725350902211 83.42326706000235 367
1725350902240 83.27029673568762 368
1725350902260 83.11765176683231 369
1725350902280 82.96533141792328 370
1725350902302 82.8133349551781 371
1725350902335 82.66166164654068 372
1725350902360 82.51031076167715 373
1725350902386 82.35928157197175 374
1725350902415 82.20857335052254 375
1725350902439 82.05818537213734 376
1725350902460 81.90811691332952 377
1725350902489 81.75836725231396 378
1725350902518 81.60893566900286 379
1725350902540 81.45982144500162 380
1725350902569 81.31102386360477 381
1725350902600 81.16254220979187 382
1725350902625 81.0143757702234 383
1725350902647 80.86652383323677 384
1725350902678 80.71898568884211 385
1725350902705 80.57176062871841 386
1725350902736 80.42484794620933 387
1725350902761 80.27824693631923 388
1725350902787 80.13195689570915 389
1725350902806 79.98597712269274 390
1725350902828 79.84030691723244 391
1725350902860 79.69494558093515 392
1725350902880 79.54989241704861 393
1725350902902 79.40514673045723 394
1725350902931 79.26070782767825 395
1725350902957 79.11657501685755 396
1725350902997 78.97274760776601 397
1725350903034 78.82922491179538 398
1725350903070 78.68600624195443 399
1725350903094 78.54309091286507 400
1725350903117 78.40047824075836 401
1725350903138 78.2581675434706 402
1725350903158 78.11615814043964 403
1725350903178 77.97444935270083 404
1725350903201 77.83304050288315 405
1725350903224 77.69193091520548 406
1725350903245 77.55111991547264 407
1725350903262 77.41060683107156 408
1725350903283 77.27039099096764 409
1725350903303 77.13047172570066 410
1725350903325 76.9908483673811 411
1725350903352 76.85152024968649 412
1725350903381 76.71248670785728 413
1725350903402 76.57374707869343 414
1725350903429 76.43530070055037 415
1725350903460 76.29714691333538 416
1725350903483 76.15928505850383 417
1725350903511 76.02171447905536 418
1725350903541 75.88443451953026 419
1725350903573 75.74744452600565 420
1725350903601 75.61074384609184 421
1725350903625 75.47433182892854 422
1725350903649 75.33820782518129 423
1725350903671 75.20237118703771 424
1725350903694 75.06682126820378 425
1725350903712 74.93155742390017 426
1725350903732 74.79657901085879 427
1725350903754 74.66188538731876 428
1725350903783 74.52747591302321 429
1725350903807 74.3933499492152 430
1725350903827 74.25950685863455 431
1725350903859 74.1259460055139 432
1725350903886 73.99266675557516 433
1725350903908 73.8596684760261 434
1725350903935 73.72695053555651 435
1725350903960 73.59451230433483 436
1725350903982 73.46235315400439 437
1725350904005 73.33047245768012 438
1725350904023 73.19886958994474 439
1725350904042 73.06754392684532 440
1725350904061 72.93649484588974 441
1725350904078 72.80572172604319 442
1725350904096 72.67522394772466 443
1725350904116 72.54500089280346 444
1725350904135 72.41505194459545 445
1725350904159 72.28537648786005 446
1725350904184 72.15597390879631 447
1725350904202 72.0268435950397 448
1725350904228 71.89798493565851 449
1725350904251 71.76939732115048 450
1725350904274 71.6410801434393 451
1725350904293 71.51303279587115 452
1725350904313 71.38525467321146 453
1725350904334 71.25774517164119 454
1725350904355 71.13050368875363 455
1725350904377 71.00352962355096 456
1725350904397 70.87682237644086 457
1725350904418 70.75038134923297 458
1725350904444 70.62420594513574 459
1725350904465 70.49829556875297 460
1725350904486 70.37264962608039 461
1725350904509 70.24726752450243 462
1725350904536 70.12214867278871 463
1725350904560 69.9972924810909 464
1725350904581 69.8726983609391 465
1725350904601 69.74836572523895 466
1725350904623 69.62429398826794 467
1725350904648 69.50048256567221 468
1725350904674 69.37693087446337 469
1725350904700 69.25363833301508 470
1725350904726 69.13060436105984 471
1725350904751 69.00782837968569 472
1725350904769 68.88530981133304 473
1725350904792 68.76304807979113 474
1725350904813 68.64104261019514 475
1725350904834 68.5192928290229 476
1725350904852 68.39779816409126 477
1725350904880 68.2765580445534 478
1725350904903 68.1555719008953 479
1725350904920 68.03483916493259 480
1725350904944 67.91435926980748 481
1725350904963 67.79413164998532 482
1725350904982 67.67415574125164 483
1725350905001 67.5544309807088 484
1725350905019 67.43495680677313 485
1725350905036 67.31573265917132 486
1725350905055 67.19675797893768 487
1725350905073 67.07803220841065 488
1725350905091 66.95955479123005 489
1725350905109 66.84132517233355 490
1725350905127 66.72334279795383 491
1725350905152 66.60560711561533 492
1725350905176 66.48811757413127 493
1725350905202 66.37087362360033 494
1725350905224 66.2538747154039 495
1725350905253 66.13712030220252 496
1725350905276 66.02060983793339 497
1725350905302 65.90434277780682 498
1725350905328 65.78831857830336 499
