1725421197514 6.198367768456621e+49 0
1725421197609 1.4454650497701517e+52 1
1725421197678 5.267314666485112e+51 2
1725421197756 6.499416650482602e+49 3
1725421197835 1.226254129533919e+52 4
1725421197914 6.626262745613623e+49 5
1725421198004 1.3503949389831775e+52 6
1725421198092 3.852455664352339e+50 7
1725421198169 7.687755219629895e+51 8
1725421198235 8.175286271023561e+49 9
1725421198335 8.149280708349654e+50 10
1725421198425 5.188531016600282e+51 11
1725421198481 1.388222685699806e+51 12
1725421198550 4.4863662510505824e+49 13
1725421198653 1.9006720967237563e+48 14
1725421198722 2.2163134338587494e+51 15
1725421198791 3.7719728195476454e+49 16
1725421198885 1.734570705493289e+53 17
1725421198965 1.2402730490812597e+49 18
1725421199216 1.2947683647193496e+54 19
1725421199296 2.596487921237708e+52 20
1725421199372 2.0160798214359956e+53 21
1725421199445 1.4656032895887103e+53 22
1725421199505 1.776057291966105e+52 23
1725421199575 2.4185639645219457e+53 24
1725421199655 4.620257944528909e+53 25
1725421199743 3.992387338221494e+53 26
1725421199825 6.629578520427582e+53 27
1725421199898 5.193829603343566e+52 28
1725421199973 2.8218774608422315e+53 29
1725421200087 1.619272797013242e+54 30
1725421200170 1.3467806293458192e+54 31
1725421200231 1.0062387680232393e+53 32
1725421200301 1.0636625986135145e+55 33
1725421200377 6.581107005044382e+54 34
1725421200460 7.039641757385089e+53 35
1725421200550 2.0824266431683275e+55 36
1725421200617 1.3850800452858476e+54 37
1725421200697 1.1222889727971572e+54 38
1725421200783 6.733260489226309e+54 39
1725421200874 3.2608680550997634e+55 40
1725421200950 1.0185304792966619e+56 41
1725421201029 3.1618353428223458e+56 42
1725421201106 1.3905338426490253e+56 43
1725421201200 4.744953332677401e+55 44
1725421201278 1.990194979533329e+57 45
1725421201357 7.947227304250007e+54 46
1725421201425 3.6762689899868163e+55 47
1725421201492 8.941514655219502e+55 48
1725421201564 1.1670409607298716e+56 49
1725421201660 2.4549208167181074e+56 50
1725421201738 5.023930533456783e+55 51
1725421201820 1.1769897531516583e+58 52
1725421201907 5.617417313596999e+55 53
1725421202013 3.329113835192353e+57 54
1725421202097 7.060286686058896e+56 55
1725421202180 2.8952288555886744e+54 56
1725421202263 7.294742033418726e+56 57
1725421202353 1.2119715059070573e+58 58
1725421202435 3.2443013342162335e+57 59
1725421202497 1.1651318626499532e+58 60
1725421202580 8.990648028141887e+55 61
1725421202658 6.020659660677424e+58 62
1725421202729 7.156577811393805e+55 63
1725421202812 4.8454120480485155e+57 64
1725421202913 6.268820399180571e+59 65
1725421202980 2.8616671700991346e+54 66
1725421203051 1.3814134291410112e+58 67
1725421203147 9.143823264738609e+59 68
1725421203215 4.054507828037051e+57 69
1725421203287 4.174791094384724e+59 70
1725421203370 6.6994641778821e+58 71
1725421203455 7.279186445453208e+58 72
1725421203528 7.684162839564951e+57 73
1725421203610 5.333572776533659e+60 74
1725421203696 3.2556198776187694e+58 75
1725421203784 6.181577054418871e+58 76
1725421203872 1.1909255182403267e+60 77
1725421203959 6.28186046054563e+59 78
1725421204045 1.158888318509418e+60 79
1725421204138 1.659793673937529e+61 80
1725421204208 5.1551891524362135e+59 81
1725421204293 5.618147928981537e+60 82
1725421204372 5.462159549470696e+59 83
1725421204452 7.787546452983955e+58 84
1725421204509 1.6326029978454127e+60 85
1725421204583 3.8010690347894804e+61 86
1725421204675 5.79850168528199e+61 87
1725421204751 3.3041437388554504e+60 88
1725421204829 1.0760931238240885e+61 89
1725421204911 5.428448410606808e+60 90
1725421204990 3.7230276447929846e+62 91
1725421205071 2.3043913169741672e+61 92
1725421205161 2.7218906051902167e+61 93
1725421205242 5.747934366881093e+61 94
1725421205308 5.022673560798451e+62 95
1725421205378 1.204391034926367e+62 96
1725421205466 1.337710985562031e+62 97
1725421205549 1.7083809508560258e+63 98
1725421205629 5.506282175341108e+61 99
1725421205695 5.586937409398988e+61 100
1725421205767 7.623576590861496e+62 101
1725421205840 1.420811546323314e+62 102
1725421205903 2.80597230428828e+64 103
1725421205983 2.7002462164616338e+62 104
1725421206075 9.027910623016666e+61 105
1725421206190 3.49198994036458e+63 106
1725421206291 8.768160087939073e+61 107
1725421206368 1.873085999875577e+64 108
1725421206431 1.175308351741393e+65 109
1725421206503 2.4959156475665677e+63 110
1725421206571 9.703618130763072e+65 111
1725421206655 4.8277816494000305e+62 112
1725421206738 8.932830946082104e+64 113
1725421206811 5.749695447186052e+63 114
1725421206907 1.1992738895529194e+64 115
1725421206993 1.745290080508008e+65 116
1725421207081 3.009704371993862e+62 117
1725421207165 8.273857085397962e+64 118
1725421207242 1.6001556029374538e+65 119
1725421207323 2.959558796918724e+65 120
1725421207409 4.865790960948461e+62 121
1725421207486 3.063971003073253e+65 122
1725421207575 1.4892833102758533e+67 123
1725421207651 9.942537058070789e+64 124
1725421207733 6.6266227516078105e+65 125
1725421207808 5.326571841277794e+65 126
1725421207880 1.962535919091314e+67 127
1725421207980 5.395800926053866e+65 128
1725421208056 1.0074254593741644e+67 129
1725421208131 8.267424046425439e+63 130
1725421208209 1.5981100987073815e+67 131
1725421208297 6.675652146864182e+67 132
1725421208369 1.8641679494187936e+67 133
1725421208446 8.931476325574593e+67 134
1725421208514 2.041135471572709e+67 135
1725421208591 5.613800281845671e+66 136
1725421208667 2.3943248209649952e+67 137
1725421208755 1.3922030118629874e+68 138
1725421208832 6.023805153195167e+67 139
1725421208906 2.3168262311369855e+67 140
1725421208988 8.975836633067993e+66 141
1725421209066 1.739904756484729e+68 142
1725421209133 2.2059606493994534e+69 143
1725421209211 6.768582678626814e+68 144
1725421209312 2.7241507490719326e+68 145
1725421209394 6.632662181449437e+67 146
1725421209476 8.407030942203136e+67 147
1725421209571 2.357576236732193e+69 148
1725421209643 1.313436313707774e+70 149
1725421209714 5.330932726180814e+68 150
1725421209806 6.151712352474008e+69 151
1725421209895 3.798552219845204e+68 152
1725421209959 1.2410130520467499e+69 153
1725421210031 3.8779693220776265e+71 154
1725421210126 1.1556541939937217e+71 155
1725421210211 1.4468278754644294e+69 156
1725421210296 2.922040160559279e+67 157
1725421210387 2.7162392894844942e+70 158
1725421210467 3.8907294520619685e+67 159
1725421210534 5.502099125848732e+70 160
1725421210610 5.105721500880267e+71 161
1725421210686 1.944097379972094e+69 162
1725421210773 3.1846426888317835e+68 163
1725421210864 1.755652600979667e+71 164
1725421210954 9.193943316269186e+69 165
1725421211019 3.6006289019372985e+68 166
1725421211099 5.604190775850176e+71 167
1725421211163 5.499223454807453e+70 168
1725421211239 4.88458075452898e+72 169
1725421211322 1.6650966595970656e+72 170
1725421211410 3.224418515427786e+70 171
1725421211484 6.756306823724931e+69 172
1725421211559 8.989420267083624e+71 173
1725421211639 2.1159953438703573e+71 174
1725421211707 3.717632189715846e+71 175
1725421211776 1.0331585886257055e+71 176
1725421211860 1.9090440659544365e+73 177
1725421211941 9.896931435672211e+71 178
1725421212008 2.6843642339869117e+73 179
1725421212098 6.454978534550338e+72 180
1725421212179 4.1391289510799463e+70 181
1725421212245 3.0717302506075416e+73 182
1725421212341 4.1169999724784033e+73 183
1725421212405 3.285418896285893e+72 184
1725421212478 8.849776661051353e+71 185
1725421212575 6.057112191712537e+71 186
1725421212643 1.697673701285477e+73 187
1725421212725 6.216575849162655e+73 188
1725421212794 2.2518018787473392e+74 189
1725421212878 5.3168543816169383e+73 190
1725421212969 4.215169235906231e+75 191
1725421213036 3.162305482696081e+73 192
1725421213117 6.811364364537974e+74 193
1725421213187 3.6165789244354313e+73 194
1725421213270 3.0377820871473506e+74 195
1725421213346 3.70803144890262e+74 196
1725421213427 7.12328215967785e+75 197
1725421213511 4.469481057734013e+75 198
1725421213600 5.218553010142549e+74 199
1725421213672 2.7973136346451573e+74 200
1725421213743 4.0387405305946025e+74 201
1725421213834 4.7304983257368717e+76 202
1725421213910 1.1210862517339518e+75 203
1725421213996 4.604305196439387e+75 204
1725421214073 2.334670673948823e+75 205
1725421214160 5.419086631391162e+76 206
1725421214227 1.2294832743637574e+76 207
1725421214295 1.015709061669718e+76 208
1725421214369 1.1533148814825689e+78 209
1725421214450 1.2480437845407333e+78 210
1725421214526 3.1537297203319527e+74 211
1725421214592 1.1038908026770177e+75 212
1725421214656 4.794777527530625e+75 213
1725421214738 2.492997059609008e+77 214
1725421214824 8.203442988151958e+75 215
1725421214902 5.2780223303948754e+76 216
1725421214985 8.295555715116499e+75 217
1725421215077 1.5221546515554387e+76 218
1725421215162 2.7026898927417853e+78 219
1725421215244 9.142170813222269e+73 220
1725421215322 7.89356843328668e+78 221
1725421215401 2.4417723282913466e+78 222
1725421215471 1.062222633528833e+77 223
1725421215566 3.0857325444239903e+78 224
1725421215657 2.549317727592516e+79 225
1725421215722 4.959561873382518e+78 226
1725421215792 1.1750171173407212e+79 227
1725421215863 9.648786014456344e+77 228
1725421215943 2.2246144857626372e+79 229
1725421216026 1.3351679093832252e+79 230
1725421216104 2.216037107947601e+79 231
1725421216176 4.270160946493334e+79 232
1725421216243 2.45338106534389e+80 233
1725421216328 2.386197568661126e+80 234
1725421216399 6.498088922338699e+79 235
1725421216492 1.8919779864877882e+81 236
1725421216565 4.1184113763127236e+79 237
1725421216644 2.107995226376788e+78 238
1725421216723 8.58436797615499e+79 239
1725421216803 1.9607235668712097e+80 240
1725421216898 4.297203006898509e+80 241
1725421216965 4.954914834684578e+72 242
1725421217052 3.690003025711016e+79 243
1725421217135 1.2260138654325643e+81 244
1725421217205 8.17230508119547e+78 245
1725421217293 6.324683183967784e+79 246
1725421217362 1.4747014374452275e+79 247
1725421217452 5.267533480581816e+79 248
1725421217535 1.1975858019227336e+81 249
1725421217601 6.417189171599033e+82 250
1725421217685 2.058358786423339e+83 251
1725421217746 7.969441969744907e+80 252
1725421217832 1.2619290311386093e+83 253
1725421217943 5.2650035128435566e+82 254
1725421218024 3.4377987112934384e+82 255
1725421218099 4.506711358060387e+83 256
1725421218187 1.0724282352675991e+83 257
1725421218271 2.1342234315237737e+82 258
1725421218350 3.7009596144793115e+82 259
1725421218428 4.8753087019092424e+82 260
1725421218511 7.381975615770134e+82 261
1725421218598 8.277757246584459e+82 262
1725421218684 3.693634180257508e+83 263
1725421218762 4.493788690453681e+82 264
1725421218838 4.185855538894555e+83 265
1725421218895 4.931080982240889e+83 266
1725421218973 8.27324602866917e+84 267
1725421219041 1.2309576016573336e+85 268
1725421219116 1.3798388232906484e+85 269
1725421219193 4.795545306759539e+83 270
1725421219272 2.122048474576888e+84 271
1725421219388 2.9572408065057502e+85 272
1725421219477 4.772191559330871e+83 273
1725421219557 3.114662812536196e+83 274
1725421219641 6.710372874902233e+85 275
1725421219711 2.4102942075008396e+83 276
1725421219783 4.525498577299924e+81 277
1725421219850 1.215404406928534e+84 278
1725421219918 7.27372295700213e+86 279
1725421219992 3.0827669704507025e+83 280
1725421220066 1.6067297804758894e+86 281
1725421220141 2.1921298311114056e+83 282
1725421220227 1.2118526187739312e+86 283
1725421220300 1.9623489458547827e+84 284
1725421220376 8.751527044246686e+85 285
1725421220459 3.562898379737293e+85 286
1725421220538 1.2110874412355845e+87 287
1725421220604 5.503626743415878e+85 288
1725421220666 1.7470269958960657e+86 289
1725421220750 5.930917991878881e+85 290
1725421220818 5.766395657185923e+87 291
1725421220908 2.9376409584990063e+82 292
1725421220994 4.433822450334087e+86 293
1725421221068 1.442719131129284e+87 294
1725421221139 1.1103206855052533e+86 295
1725421221219 9.587472608540927e+86 296
1725421221287 8.792555699599788e+87 297
1725421221367 7.741286665874324e+88 298
1725421221452 1.7201081789867496e+86 299
1725421221540 2.6144595654657578e+88 300
1725421221630 6.3727368783751075e+87 301
1725421221698 1.1304672015152488e+87 302
1725421221765 4.1809746645877396e+88 303
1725421221852 1.0641222613566927e+88 304
1725421221935 9.974219345447883e+89 305
1725421222035 5.5726882720898476e+88 306
1725421222119 1.404079144093034e+89 307
1725421222207 1.7973037047623068e+89 308
1725421222288 1.0956900309031019e+89 309
1725421222354 1.6037664727261153e+88 310
1725421222407 1.0507357306980098e+86 311
1725421222486 8.413865533299803e+88 312
1725421222572 2.1018684285694628e+89 313
1725421222639 1.6248762558541957e+89 314
1725421222708 1.6472940964694736e+90 315
1725421222785 1.3144257418664678e+91 316
1725421222875 3.347727810638553e+89 317
1725421222961 2.063996914246285e+89 318
1725421223053 4.213437627286773e+87 319
1725421223125 7.233987622274462e+91 320
1725421223201 3.3793437095159646e+90 321
1725421223298 1.0454205280835873e+90 322
1725421223361 3.826479014505582e+90 323
1725421223430 3.963821546318786e+91 324
1725421223505 5.88716013322811e+91 325
1725421223581 8.339835527492451e+90 326
1725421223669 1.2680111992541863e+92 327
1725421223744 1.858625924092712e+90 328
1725421223804 5.143860346788933e+90 329
1725421223888 8.829645116744881e+90 330
1725421223959 2.2184512688136437e+91 331
1725421224025 1.6587360461812763e+92 332
1725421224103 1.6962869545086255e+90 333
1725421224175 1.7750617959570875e+92 334
1725421224239 7.572355513264372e+91 335
1725421224303 5.847915849197448e+92 336
1725421224382 1.2097116029091541e+92 337
1725421224476 7.19731761086324e+92 338
1725421224549 1.6530956529010446e+94 339
1725421224629 1.1166147905165334e+90 340
1725421224703 1.0315593712058796e+92 341
1725421224787 1.5165051014400325e+94 342
1725421224857 5.945739204145765e+93 343
1725421224924 1.5091740393216928e+94 344
1725421225018 1.147025218950227e+93 345
1725421225094 1.2894063421230732e+93 346
1725421225162 1.5865939011342837e+92 347
1725421225226 1.310701619111376e+94 348
1725421225304 1.5040559301817453e+93 349
1725421225376 7.024964469394535e+93 350
1725421225440 1.2629927046697007e+93 351
1725421225525 7.038778819584433e+93 352
1725421225600 6.481750115573038e+95 353
1725421225670 2.231513450204101e+96 354
1725421225759 2.3671404950182883e+95 355
1725421225835 6.226977887066223e+96 356
1725421225919 5.076566080385588e+93 357
1725421225982 8.989481379939621e+94 358
1725421226064 1.1076618855461112e+95 359
1725421226162 3.4309937418985446e+93 360
1725421226253 7.199195033416551e+94 361
1725421226325 1.7746829194845407e+96 362
1725421226419 6.692697073464977e+94 363
1725421226501 2.6587761743089372e+95 364
1725421226574 1.090122835830999e+95 365
1725421226655 2.1342197511497784e+95 366
1725421226725 9.032556782686018e+95 367
1725421226810 6.326901410263826e+97 368
1725421226874 1.6575864919579533e+97 369
1725421226945 1.6501837146950665e+96 370
1725421227055 1.7818893568955152e+97 371
1725421227120 1.8711965586294705e+96 372
1725421227203 1.8642453718200435e+98 373
1725421227289 5.3278663878418215e+98 374
1725421227363 1.697798344723516e+97 375
1725421227433 1.0354120611161905e+98 376
1725421227527 4.2888555650506665e+98 377
1725421227602 2.8047173917602666e+97 378
1725421227675 2.71897339685075e+99 379
1725421227742 5.445375334284498e+97 380
1725421227819 3.762208591598141e+99 381
1725421227907 1.8306305747888953e+96 382
1725421227982 5.012125294073282e+95 383
1725421228053 1.2414827801398494e+97 384
1725421228144 5.3419866561366117e+98 385
1725421228225 3.691568603777647e+99 386
1725421228281 5.846880144141457e+98 387
1725421228380 6.803604115154777e+99 388
1725421228453 6.035227658699639e+96 389
1725421228540 2.87676875410336e+96 390
1725421228621 5.37323389862734e+99 391
1725421228698 7.557033469294541e+96 392
1725421228761 3.491236930059105e+99 393
1725421228834 1.3814533485182427e+96 394
1725421228916 8.932874193442225e+100 395
1725421228991 2.897681458187884e+100 396
1725421229067 4.713201840573039e+100 397
1725421229141 4.866062361223872e+98 398
1725421229214 2.7408165005634175e+100 399
1725421229295 2.333590843328927e+99 400
1725421229366 1.4806779385464979e+100 401
1725421229433 3.3894802072933796e+101 402
1725421229513 8.296502304894411e+98 403
1725421229593 1.670539013330476e+101 404
1725421229673 1.1135986257198725e+101 405
1725421229743 2.4042601118818807e+99 406
1725421229806 6.36674609690916e+101 407
1725421229883 1.2316342125640497e+101 408
1725421229964 2.7461039123677e+100 409
1725421230038 4.493798005772903e+99 410
1725421230108 1.2179809053330265e+101 411
1725421230201 1.1749166671815743e+101 412
1725421230263 9.08010969107186e+101 413
1725421230355 6.181469509473254e+102 414
1725421230426 2.395953638100568e+100 415
1725421230506 4.439216053870888e+103 416
1725421230570 4.683734973405436e+102 417
1725421230658 1.712005898798784e+101 418
1725421230754 1.822558158606925e+104 419
1725421230829 2.0611808593381415e+100 420
1725421230912 2.311909919624546e+100 421
1725421231020 4.180743424406704e+102 422
1725421231098 1.0182723798030512e+103 423
1725421231183 5.319425615949475e+104 424
1725421231265 1.493943517563575e+102 425
1725421231327 5.77075815842617e+102 426
1725421231407 6.281295215706147e+103 427
1725421231478 4.907938812946941e+103 428
1725421231562 1.4313112371505328e+104 429
1725421231648 4.1138022555265195e+102 430
1725421231733 9.953015841324163e+103 431
1725421231822 1.977500853201907e+103 432
1725421231914 6.321576420045506e+104 433
1725421231989 2.7453814093814474e+103 434
1725421232054 1.8786790818385055e+105 435
1725421232139 3.321483725508974e+102 436
1725421232200 2.1682464976444282e+105 437
1725421232273 3.1402340497915364e+104 438
1725421232346 5.2093713494622375e+103 439
1725421232422 3.4600539300891384e+104 440
1725421232522 6.876708578780676e+105 441
1725421232601 2.11913105747575e+105 442
1725421232666 3.144051976597447e+106 443
1725421232736 3.0730762712951214e+106 444
1725421232802 2.522451291166776e+105 445
1725421232898 2.331215459877508e+105 446
1725421232962 6.679417270581778e+105 447
1725421233024 1.4896813736937878e+104 448
1725421233083 8.638675688043897e+104 449
1725421233151 3.242253398479928e+107 450
1725421233216 4.568516342450569e+106 451
1725421233284 9.198101915974566e+103 452
1725421233365 6.904501556491159e+106 453
1725421233468 9.810589010276873e+106 454
1725421233551 4.055635778909015e+107 455
1725421233625 9.874929925497085e+106 456
1725421233692 6.801023086803196e+107 457
1725421233793 1.6426163513730232e+109 458
1725421233866 1.65664574490829e+109 459
1725421233927 5.735877580728957e+108 460
1725421234010 1.3120134527241249e+106 461
1725421234092 1.0016171191023446e+107 462
1725421234170 1.3881116907491465e+110 463
1725421234267 1.4018633704718965e+106 464
1725421234360 2.782754288527351e+107 465
1725421234448 3.6513437592834467e+108 466
1725421234533 1.9603857164704545e+109 467
1725421234623 3.4767077543054845e+109 468
1725421234707 3.075522810273424e+108 469
1725421234787 1.8762279727693017e+106 470
1725421234865 3.8126002551730166e+107 471
1725421234935 5.878551691053146e+110 472
1725421235009 2.0169103998938652e+108 473
1725421235085 7.124405158494555e+109 474
1725421235165 1.958703776618785e+110 475
1725421235255 4.1792197146922505e+110 476
1725421235323 3.384196416160501e+107 477
1725421235412 2.1231176018987714e+108 478
1725421235499 4.664831094794875e+109 479
1725421235578 7.339033064489377e+110 480
1725421235659 6.746235487815172e+107 481
1725421235730 2.1196816518648628e+110 482
1725421235801 2.9777746694246726e+110 483
1725421235875 2.5369486789825574e+111 484
1725421235956 2.410832773772076e+111 485
1725421236025 2.547535378439525e+111 486
1725421236103 9.284525379938524e+110 487
1725421236185 1.1935837246194658e+111 488
1725421236253 1.4605685636297885e+110 489
1725421236308 1.5940034981314434e+110 490
1725421236371 1.0495694037836e+112 491
1725421236441 1.1050462323506207e+111 492
1725421236533 1.4361753771529293e+112 493
1725421236609 5.787692135446272e+111 494
1725421236677 3.8730757285069766e+113 495
1725421236768 2.267056598622284e+113 496
1725421236864 4.859070893165708e+113 497
1725421236946 3.498381046058412e+111 498
1725421237024 1.9266987730627893e+114 499
