1725421823844 144.5895492367356 0
1725421823892 117.38935992217853 1
1725421823939 97.13612460695794 2
1725421823982 83.8962438939723 3
1725421824012 68.76971793315583 4
1725421824049 55.731325533097284 5
1725421824073 49.833314856372496 6
1725421824089 41.333694934735654 7
1725421824116 33.386969824235145 8
1725421824153 28.5681234208819 9
1725421824191 25.202347027271546 10
1725421824225 19.545775908542442 11
1725421824244 16.94507272599236 12
1725421824267 14.374248885911788 13
1725421824284 11.684627577093643 14
1725421824306 9.735854895089266 15
1725421824326 8.170436049100417 16
1725421824345 6.912400566119093 17
1725421824366 6.325289783914156 18
1725421824383 4.940857980682592 19
1725421824404 4.1782364321033025 20
1725421824421 3.4526083419672657 21
1725421824441 2.987993868373104 22
1725421824460 2.7547278980802505 23
1725421824484 2.4916691304493357 24
1725421824506 1.9413364511358013 25
1725421824536 1.7419516109697997 26
1725421824552 1.813212666453935 27
1725421824575 1.123010643115739 28
1725421824594 1.1730730455800649 29
1725421824633 0.8285551704577794 30
1725421824675 0.6734230266111106 31
1725421824719 0.7602209744101712 32
1725421824743 0.6526965808438173 33
1725421824761 0.5676505754452206 34
1725421824784 0.5906280564647743 35
1725421824805 0.4819166051470124 36
1725421824823 0.4388901053362993 37
1725421824842 0.2862953466252385 38
1725421824864 0.33151714786248293 39
1725421824886 0.39863980140586724 40
1725421824908 0.29253302919876034 41
1725421824925 0.24945601696670375 42
1725421824945 0.1461597651773376 43
1725421824961 0.21055279344528502 44
1725421824979 0.179145409277892 45
1725421825003 0.22466173639439996 46
1725421825021 0.2364659491615927 47
1725421825040 0.1882330587993755 48
1725421825059 0.14101177452278288 49
1725421825078 0.15808124357032177 50
1725421825096 0.16168837796847696 51
1725421825124 0.14212443833865382 52
1725421825145 0.15770752374198035 53
1725421825164 0.148475202268569 54
1725421825183 0.1563894104114727 55
1725421825206 0.16193285545632657 56
1725421825223 0.2261491862375092 57
1725421825247 0.1617626330616599 58
1725421825275 0.11887699704176528 59
1725421825297 0.18564469297598307 60
1725421825314 0.1231982847843718 61
1725421825331 0.10057572596726455 62
1725421825348 0.11147758036263497 63
1725421825376 0.14749381150764573 64
1725421825395 0.14704475890263774 65
1725421825413 0.20651487976986893 66
1725421825433 0.14391720109212897 67
1725421825449 0.09162287037875558 68
1725421825468 0.12292674843793991 69
1725421825489 0.14283430062075733 70
1725421825511 0.06963992860364245 71
1725421825534 0.13829532343466372 72
1725421825550 0.1846231701802367 73
1725421825570 0.15065157820758443 74
1725421825588 0.15070459927160468 75
1725421825620 0.14651806687848115 76
1725421825658 0.0960029412917956 77
1725421825695 0.13755249129903524 78
1725421825733 0.15334664560207423 79
1725421825752 0.13188418424338902 80
1725421825772 0.15799955376006122 81
1725421825788 0.13230503126675577 82
1725421825809 0.16568960993070736 83
1725421825825 0.14650406236407693 84
1725421825843 0.18351778987104977 85
1725421825882 0.20044123410792017 86
1725421825912 0.14043554080204285 87
1725421825937 0.13027128533222898 88
1725421825963 0.12301925490406079 89
1725421826044 0.190589649149905 90
1725421826088 0.1432053186085809 91
1725421826119 0.11389780028583854 92
1725421826141 0.13340322783711603 93
1725421826160 0.19726031252049903 94
1725421826177 0.1551000458943463 95
1725421826197 0.08950265906155784 96
1725421826213 0.1490024315218787 97
1725421826237 0.13332251451457322 98
1725421826260 0.12774614932395972 99
1725421826283 0.11666579856001556 100
1725421826311 0.13390391543868863 101
1725421826331 0.15756473103190244 102
1725421826349 0.13248050362184888 103
1725421826382 0.14311291384471797 104
1725421826403 0.12176652875884073 105
1725421826421 0.12760469243268907 106
1725421826444 0.18235382507493456 107
1725421826462 0.1030691826442617 108
1725421826487 0.12100304119609068 109
1725421826542 0.1571404926913306 110
1725421826583 0.15636850714902156 111
1725421826613 0.15552253497028565 112
1725421826632 0.13023026296526555 113
1725421826650 0.19838396285502122 114
1725421826672 0.10146730766307144 115
1725421826691 0.16129354756910233 116
1725421826709 0.12074499954523282 117
1725421826728 0.0886629020725197 118
1725421826758 0.11337399582827143 119
1725421826789 0.10361637666698405 120
1725421826839 0.18095747866128886 121
1725421826866 0.13415373689895468 122
1725421826887 0.13540390957069723 123
1725421826910 0.10986359609339974 124
1725421826932 0.1383429211890797 125
1725421826954 0.16578567873346436 126
1725421826978 0.13017225830358406 127
1725421827013 0.15002032951882724 128
1725421827045 0.14166223897188535 129
1725421827081 0.09343873156683949 130
1725421827112 0.1480806879474039 131
1725421827136 0.1683729998690603 132
1725421827158 0.11238537754355193 133
1725421827181 0.14753807610747954 134
1725421827209 0.10341889093948518 135
1725421827233 0.09645477876252845 136
1725421827268 0.1404091171346702 137
1725421827300 0.08391756628720497 138
1725421827329 0.13608048239988454 139
1725421827356 0.15573062570825263 140
1725421827377 0.1625860461106571 141
1725421827397 0.15187016057574904 142
1725421827420 0.11677911467684916 143
1725421827439 0.13609862612593382 144
1725421827455 0.16876951830992964 145
1725421827474 0.12270713899194041 146
1725421827510 0.215980543942935 147
1725421827548 0.25620460239805937 148
1725421827581 0.13908505496420737 149
1725421827615 0.20134961257980102 150
1725421827640 0.15761503187581455 151
1725421827663 0.15368933559074624 152
1725421827681 0.11971541655688145 153
1725421827700 0.12875482691470336 154
1725421827719 0.15337915920367567 155
1725421827746 0.13537294218911458 156
1725421827768 0.1730331847654122 157
1725421827786 0.14716395021707415 158
1725421827808 0.188925944109411 159
1725421827826 0.08134141574155239 160
1725421827844 0.14045778125206926 161
1725421827880 0.08380541420816925 162
1725421827913 0.150391508328894 163
1725421827950 0.1404539588114389 164
1725421827991 0.08831367798829516 165
1725421828013 0.16189505282526084 166
1725421828041 0.14292983659205177 167
1725421828063 0.18909320213830866 168
1725421828084 0.09848809525973397 169
1725421828111 0.1811049196811644 170
1725421828145 0.11872191092559026 171
1725421828180 0.14862449528615074 172
1725421828212 0.21120538866695004 173
1725421828247 0.12248245153407113 174
1725421828282 0.12172237459290708 175
1725421828314 0.16266986927606017 176
1725421828346 0.14390963198139892 177
1725421828387 0.11433792720352896 178
1725421828427 0.12904072689619092 179
1725421828461 0.08883353763107481 180
1725421828494 0.12418168601860674 181
1725421828520 0.16486534102774478 182
1725421828552 0.19362354446804564 183
1725421828588 0.1559451481799044 184
1725421828623 0.08080845560337488 185
1725421828657 0.10520895753664126 186
1725421828683 0.11896243731531184 187
1725421828716 0.10702224838987028 188
1725421828747 0.10060943325427182 189
1725421828783 0.1592644630827836 190
1725421828815 0.1611665769058295 191
1725421828860 0.14569020423105877 192
1725421828897 0.24598706182439567 193
1725421828934 0.13371662770331555 194
1725421828964 0.1030933061832074 195
1725421829007 0.286403882517066 196
1725421829050 0.17038026873965 197
1725421829093 0.13577335587978961 198
1725421829114 0.19597124924719675 199
1725421829147 0.14109568722044047 200
1725421829174 0.13111443899573855 201
1725421829209 0.16670380664889348 202
1725421829242 0.16276555927798328 203
1725421829278 0.139190656300051 204
1725421829309 0.12713525660014507 205
1725421829334 0.10708937384315673 206
1725421829371 0.17236881182362382 207
1725421829401 0.13278254798227812 208
1725421829426 0.15857949990030573 209
1725421829460 0.10426896711514078 210
1725421829494 0.1009237577884511 211
1725421829528 0.11135368433161082 212
1725421829562 0.1250774138020559 213
1725421829595 0.11386682565481351 214
1725421829625 0.14447847297460503 215
1725421829655 0.15101556256990153 216
1725421829691 0.15572809623331121 217
1725421829726 0.15073416309304166 218
1725421829764 0.07820052257954835 219
1725421829802 0.14622210814147965 220
1725421829839 0.09874627258061827 221
1725421829872 0.05565075010009515 222
1725421829910 0.09181735704568036 223
1725421829947 0.13647300897535694 224
1725421829982 0.14485026373407078 225
1725421830018 0.1543328935968153 226
1725421830050 0.15897594673523996 227
1725421830083 0.1583537254821618 228
1725421830113 0.1338714622403686 229
1725421830143 0.14806870692264654 230
1725421830179 0.13777248684371962 231
1725421830215 0.09984074514913878 232
1725421830253 0.1464597230624795 233
1725421830285 0.0982063290111138 234
1725421830316 0.15080434466922127 235
1725421830360 0.09821444157952723 236
1725421830396 0.11069300404215701 237
1725421830430 0.17945211618530893 238
1725421830460 0.11392095167263885 239
1725421830498 0.1498245144361495 240
1725421830537 0.13777163642537427 241
1725421830568 0.13855634290234528 242
1725421830611 0.12639752790776485 243
1725421830649 0.13042987175568307 244
1725421830682 0.1006782201715002 245
1725421830724 0.13753702697212977 246
1725421830751 0.17300826593025098 247
1725421830782 0.19652969916304694 248
1725421830815 0.1275999272687367 249
1725421830851 0.09687547349979467 250
1725421830882 0.1297966826046921 251
1725421830921 0.1249444008938698 252
1725421830948 0.11135867403222396 253
1725421830981 0.08198473989649452 254
1725421831030 0.10270457211991778 255
1725421831068 0.12274398962104921 256
1725421831105 0.14809492826916082 257
1725421831148 0.12875118374753816 258
1725421831183 0.13944584962736417 259
1725421831226 0.10359016489779993 260
1725421831259 0.13741021327049868 261
1725421831289 0.125336893066584 262
1725421831324 0.15740686066484028 263
1725421831358 0.14471869598721326 264
1725421831393 0.10609040883811093 265
1725421831434 0.1442674953961752 266
1725421831468 0.12476850210014093 267
