1725358579086 140.63000417612284 0
1725358579108 116.19157983949103 1
1725358579135 105.14554824764012 2
1725358579152 84.0333900070226 3
1725358579178 72.41728936080241 4
1725358579200 64.55096938843971 5
1725358579217 54.61126490754312 6
1725358579239 48.31399678218754 7
1725358579258 40.62841539570172 8
1725358579280 36.556314847726945 9
1725358579304 30.680593958809652 10
1725358579326 26.621722578014122 11
1725358579349 22.858245939984872 12
1725358579373 21.52861267182234 13
1725358579395 18.592285220747886 14
1725358579424 17.21287834236867 15
1725358579441 15.557232415699723 16
1725358579464 13.859680593417949 17
1725358579485 12.934751086221597 18
1725358579509 11.570537482968772 19
1725358579534 10.545894665218679 20
1725358579557 10.43591871337785 21
1725358579584 9.702474921789905 22
1725358579608 9.256090089305768 23
1725358579631 9.026827689018814 24
1725358579652 7.843116567441248 25
1725358579672 8.183906579279459 26
1725358579693 7.603749521102936 27
1725358579715 7.330138838620111 28
1725358579734 6.6105917234917495 29
1725358579757 6.9470503531962295 30
1725358579783 6.309185717944107 31
1725358579808 6.215871930657173 32
1725358579830 5.762162369673705 33
1725358579855 5.623870090491258 34
1725358579880 5.663376291977931 35
1725358579900 5.49806595691466 36
1725358579922 5.079298450525203 37
1725358579946 5.289574202310044 38
1725358579967 5.196509238146362 39
1725358579988 5.362550387283992 40
1725358580010 4.998422411382484 41
1725358580032 5.416069526188508 42
1725358580054 5.2084163017596214 43
1725358580079 5.460038505446375 44
1725358580101 5.21558495814811 45
1725358580126 4.846603038576549 46
1725358580147 5.16876441151879 47
1725358580167 4.695131624096583 48
1725358580193 4.976220193566898 49
1725358580213 4.977978777041972 50
1725358580249 4.874982582755321 51
1725358580287 4.852745761421022 52
1725358580352 5.082806105522419 53
1725358580375 5.052590307603555 54
1725358580400 4.853394981790169 55
1725358580422 4.836664176249894 56
1725358580443 4.866884250448598 57
1725358580465 4.686840752396791 58
1725358580487 4.830073805075038 59
1725358580509 4.9505226661934465 60
1725358580530 5.109138919393917 61
1725358580558 4.884678520542163 62
1725358580588 4.810823433781537 63
1725358580612 4.867215355780037 64
1725358580635 4.645870544888159 65
1725358580656 5.162733360499763 66
1725358580683 4.763715736520416 67
1725358580706 4.257478362657448 68
1725358580730 5.048548227703007 69
1725358580755 4.8992036047967735 70
1725358580774 4.5127909054351605 71
1725358580809 4.924263533491544 72
1725358580832 4.846507617925338 73
1725358580852 5.070912705741966 74
1725358580875 4.740637102942865 75
1725358580899 4.763288991731416 76
1725358580921 4.636670293722076 77
1725358580942 4.800354916528862 78
1725358580961 4.958443295042092 79
1725358580983 4.808645200832622 80
1725358581006 4.2669622004874235 81
1725358581030 5.106754707759974 82
1725358581055 4.844273938138388 83
1725358581079 4.758100056382332 84
1725358581107 4.889577959617771 85
1725358581130 4.621627496062915 86
1725358581148 4.612123868018438 87
1725358581172 5.123892387406391 88
1725358581196 4.970966695027844 89
1725358581215 4.454628779899636 90
1725358581248 4.6743424308908565 91
1725358581271 4.804319162131437 92
1725358581289 5.015772829203093 93
1725358581312 4.632426263749698 94
1725358581342 4.637294124304077 95
1725358581364 4.999927968182936 96
1725358581387 4.7015081933217 97
1725358581409 4.898094555043257 98
1725358581430 5.145419321795422 99
1725358581454 4.630270783372773 100
1725358581476 5.162755902342622 101
1725358581496 4.939346195215096 102
1725358581520 4.829398174590471 103
1725358581544 4.893218737191963 104
1725358581567 4.605044910710576 105
1725358581590 4.8623293860716315 106
1725358581612 4.631183835052226 107
1725358581634 4.828989465739744 108
1725358581655 4.496209570146416 109
1725358581677 4.449467814968016 110
1725358581698 4.55355891337269 111
1725358581727 4.974389766946372 112
1725358581751 4.706940566121498 113
1725358581768 4.85331391841439 114
1725358581788 4.954356038673124 115
1725358581805 4.729935772220263 116
1725358581823 4.654127255689162 117
1725358581843 4.878992051670385 118
1725358581865 4.470436063129161 119
1725358581888 4.4794056665427195 120
1725358581911 4.705614769108843 121
1725358581936 5.118363750117808 122
1725358581960 4.824683178562935 123
1725358581982 4.471096440539371 124
1725358582005 4.5156749721812695 125
1725358582033 4.949755727889387 126
1725358582058 4.864091365782321 127
1725358582081 4.922784226954744 128
1725358582103 4.977003040218596 129
1725358582124 4.634250069225047 130
1725358582149 4.4647452716155716 131
1725358582207 4.848020920362128 132
1725358582231 4.645709926961604 133
1725358582253 4.9583636190377955 134
1725358582273 4.782465135809871 135
1725358582290 4.761708110177723 136
1725358582322 4.737775774609185 137
1725358582345 4.779210781669921 138
1725358582367 4.460125085165739 139
1725358582389 4.59812668073529 140
1725358582415 4.936850522358468 141
1725358582437 4.564118629050781 142
1725358582466 4.7084386489700885 143
1725358582492 5.104169224631834 144
1725358582515 4.93122244282577 145
1725358582539 5.337124368500225 146
1725358582561 4.774602750095142 147
1725358582591 4.5963022103258595 148
1725358582617 4.5764334121214905 149
1725358582638 4.56952597763672 150
1725358582663 4.5536146902298915 151
1725358582685 4.768418842865531 152
1725358582707 4.817306929430523 153
1725358582730 5.016609845626065 154
1725358582751 4.908659908956684 155
1725358582771 4.619616299270334 156
1725358582793 5.108035565311666 157
1725358582815 4.695369721553324 158
1725358582837 4.718304717577965 159
1725358582858 4.738947249074006 160
1725358582881 4.631356649957923 161
1725358582902 5.144744672505567 162
1725358582924 4.86473209998642 163
1725358582947 4.893304012514804 164
1725358582969 4.8631248725653204 165
1725358582988 4.683436581453813 166
1725358583007 4.812561203333203 167
1725358583030 4.7368041555769445 168
1725358583050 4.733780674329617 169
1725358583071 4.678402108763015 170
1725358583092 5.001358184369695 171
1725358583113 4.5398300211157 172
1725358583134 4.765259133727427 173
1725358583155 4.981934905011554 174
1725358583176 4.656010476440749 175
1725358583196 4.843913866805693 176
1725358583226 4.9401049471819505 177
1725358583247 4.8656145911738395 178
1725358583269 4.91689544512811 179
1725358583292 4.6223552561869985 180
1725358583317 4.771380325439682 181
1725358583339 4.879768892165279 182
1725358583359 4.589474670480584 183
1725358583381 4.7225483377069475 184
