1725388148567 0.1234270841870648 0
1725388148638 0.16751054485213157 1
1725388148701 0.7959538787553991 2
1725388148751 0.20057011085403076 3
1725388148800 10.89529290898705 4
1725388148845 492.09381373478567 5
1725388148888 27706.9066339751 6
1725388148937 10239.042076779948 7
1725388149011 652617.2920306947 8
1725388149092 46154444.131317124 9
1725388149148 217505025.15208268 10
1725388149196 117708779355.66827 11
1725388149253 21491309669528.312 12
1725388149303 30790988475318.43 13
1725388149380 177442117115643.38 14
1725388149451 11122035691099.795 15
1725388149516 5.5581066295311544e+16 16
1725388149602 9.707836667961158e+17 17
1725388149652 1.72055483773771e+19 18
1725388149713 2.1652341785531313e+21 19
1725388149795 1.6975470486082355e+21 20
1725388149866 1.340356005348404e+24 21
1725388149942 1.4986733912576878e+26 22
1725388149998 4.0561007234046294e+26 23
1725388150069 6.087846993609178e+26 24
1725388150147 9.309278700881019e+26 25
1725388150278 1.394706610377132e+29 26
1725388150349 4.945617765812747e+30 27
1725388150409 2.5607031792327947e+33 28
1725388150460 1.89231406139007e+34 29
1725388150509 1.4951193206683842e+34 30
1725388150559 6.103808708984675e+33 31
1725388150609 1.781027479214616e+38 32
1725388150653 9.423207057999273e+40 33
1725388150721 1.462756230535217e+43 34
1725388150793 1.667594481495457e+42 35
1725388150861 3.2558776713704468e+41 36
1725388150912 5.5842595380657485e+44 37
1725388150962 4.20088781355408e+46 38
1725388151012 3.3376811365177433e+45 39
1725388151062 7.734202728523818e+46 40
1725388151105 4.9950081970091076e+51 41
1725388151160 3.890312818410159e+50 42
1725388151221 3.759953878382682e+52 43
1725388151301 4.08399772537579e+53 44
1725388151376 1.0728358022348363e+55 45
1725388151451 5.421336193754947e+55 46
1725388151527 2.9528875262982768e+57 47
1725388151607 1.847079833340861e+59 48
1725388151653 2.2701910253878453e+59 49
1725388151706 6.098415220567932e+62 50
1725388151783 1.0790943422326003e+64 51
1725388151846 1.05941491051096e+64 52
1725388151907 1.0396106299045925e+67 53
1725388151968 1.2768855868138959e+67 54
1725388152040 3.6161011650109567e+68 55
1725388152103 9.240418787280094e+67 56
1725388152169 1.2896803957491923e+72 57
1725388152245 1.0519489471408438e+71 58
1725388152322 2.885500822772899e+72 59
1725388152370 5.671447236063006e+74 60
1725388152419 2.932087526965196e+76 61
1725388152500 1.3824170889980234e+79 62
1725388152573 7.391759501628399e+77 63
1725388152662 4.585050298051979e+77 64
1725388152743 2.6722207352029697e+78 65
1725388152822 3.720209980085792e+81 66
1725388152881 5.225735252975677e+83 67
1725388152939 5.217256585504938e+86 68
1725388153017 2.1213471463536146e+87 69
1725388153092 3.230287052269612e+88 70
1725388153166 9.698659812215528e+91 71
1725388153234 2.9661237588070734e+88 72
1725388153314 1.803267659202058e+92 73
1725388153372 5.585625110860742e+94 74
1725388153420 5.1689876415129955e+95 75
1725388153468 1.3392083233625358e+96 76
1725388153513 1.3985373763249936e+97 77
1725388153574 1.2969194847293532e+98 78
1725388153649 3.3657919317186157e+100 79
1725388153715 2.0404089252624453e+103 80
1725388153792 9.559660628227019e+103 81
1725388153869 1.2521059954469094e+104 82
1725388153953 5.110655672785999e+106 83
1725388154011 1.0991711056568896e+109 84
1725388154068 1.935302730071944e+108 85
1725388154143 3.2475193812641454e+110 86
1725388154220 3.0869029437689983e+112 87
1725388154299 1.0632226916733085e+112 88
1725388154373 7.461261691805719e+112 89
1725388154438 2.5508854222511628e+113 90
1725388154497 2.534229046693896e+115 91
1725388154558 1.1524348766466823e+116 92
1725388154628 2.6204608854921305e+117 93
1725388154694 3.572937595917915e+121 94
1725388154759 5.2130313957080817e+123 95
1725388154834 7.745191496518894e+119 96
1725388154922 9.280626179972883e+123 97
1725388154984 7.069777852907989e+126 98
1725388155044 1.0074890314078182e+127 99
1725388155119 9.172417999930696e+128 100
1725388155194 6.535419579668026e+128 101
1725388155281 9.623411252696116e+130 102
1725388155365 3.36616665618813e+131 103
1725388155432 4.495819404690615e+131 104
1725388155497 6.213624639811963e+130 105
1725388155556 1.7302242771440852e+134 106
1725388155629 1.7324128201302259e+139 107
1725388155690 8.321566435416578e+138 108
1725388155748 2.66295489801397e+138 109
1725388155816 1.5628715749831722e+142 110
1725388155894 9.730904521875567e+140 111
1725388155977 1.2308851402507155e+142 112
1725388156052 5.580044146362338e+146 113
1725388156114 1.3475347999495348e+148 114
1725388156172 9.248157764107468e+148 115
1725388156235 2.001666641091407e+150 116
1725388156285 1.135369770092201e+151 117
1725388156335 2.640010125439992e+151 118
1725388156390 4.095748517479083e+151 119
1725388156437 3.2281997881784595e+155 120
1725388156484 1.8058750269366674e+156 121
1725388156531 1.0242441229765078e+159 122
1725388156591 1.038613709771473e+157 123
1725388156661 1.2799558020346697e+161 124
1725388156734 2.657141966023445e+162 125
1725388156816 1.3889935933906341e+163 126
1725388156872 1.4608335834998163e+164 127
1725388156931 9.850348324842926e+165 128
1725388156985 8.833793983585677e+165 129
1725388157038 9.910020382036104e+167 130
1725388157117 1.454913935354385e+171 131
1725388157194 5.213923161041418e+170 132
1725388157275 9.757610796797633e+170 133
1725388157360 3.6037569384725704e+174 134
1725388157435 4.1746569375833536e+175 135
1725388157493 1.8351611333925058e+176 136
1725388157552 2.74220713092552e+178 137
1725388157622 7.967196985956342e+180 138
1725388157689 1.2902339837429292e+181 139
1725388157755 7.893070163870541e+182 140
1725388157811 2.4072419483558993e+182 141
1725388157878 2.2793233831482185e+183 142
1725388157931 5.469854051387626e+183 143
1725388158010 7.90272547566037e+185 144
1725388158062 5.759730030242794e+187 145
1725388158135 1.123273652568227e+189 146
1725388158208 1.7066746057971257e+192 147
1725388158272 3.686473846718971e+193 148
1725388158332 2.997015263418777e+194 149
1725388158413 3.4801556407263083e+191 150
1725388158498 2.4538652823861565e+196 151
1725388158575 2.0113098224588434e+197 152
1725388158641 3.037862931932177e+199 153
1725388158696 1.021317767950822e+200 154
1725388158772 1.398249076207876e+201 155
1725388158847 2.3153393646826336e+202 156
1725388158925 8.394014147820307e+204 157
1725388159004 1.5240670713637291e+206 158
1725388159068 2.064245302512325e+205 159
1725388159139 3.8432395320127286e+206 160
1725388159221 2.8952265516678017e+210 161
1725388159297 1.4486742120803677e+211 162
1725388159365 4.610373982006038e+212 163
1725388159433 5.328451734168524e+213 164
1725388159507 2.6069239008118303e+214 165
1725388159586 2.6749657295653804e+216 166
1725388159665 1.1873214242552962e+218 167
1725388159730 4.544184360000559e+219 168
1725388159796 6.456446446935702e+219 169
1725388159849 3.033545390207946e+221 170
1725388159912 1.184366461670599e+222 171
1725388159984 8.288454725369002e+224 172
1725388160051 5.734076790277778e+224 173
1725388160128 1.4171144261873454e+227 174
1725388160197 1.629602491330815e+229 175
1725388160278 1.4125539832814598e+230 176
1725388160369 1.903735585293517e+229 177
1725388160451 2.2991695896376818e+231 178
1725388160524 8.003725847111628e+232 179
1725388160596 6.2148641449791455e+233 180
1725388160646 5.156726507062786e+233 181
1725388160696 2.2761089814491145e+238 182
1725388160755 1.6123272027167244e+236 183
1725388160813 1.1478260707237432e+240 184
1725388160868 1.8919256246540885e+242 185
1725388160921 1.2478483790725071e+243 186
1725388160981 2.7952084833617947e+244 187
1725388161066 1.7152455595332363e+244 188
1725388161132 1.3287487110974784e+246 189
1725388161184 8.697213285293165e+246 190
1725388161239 1.0188450363871046e+248 191
1725388161293 7.222598428973006e+249 192
1725388161369 4.714890014952381e+251 193
1725388161424 3.25799648493544e+252 194
1725388161496 7.90024518240912e+255 195
1725388161587 2.7480494606709482e+256 196
1725388161670 1.460993027799669e+255 197
1725388161753 1.255234960350402e+260 198
1725388161815 9.588501328806554e+258 199
1725388161890 2.18425127583085e+258 200
1725388162050 3.009913120246603e+261 201
1725388162139 1.8738214603066975e+263 202
1725388162209 3.4930691734181264e+264 203
1725388162282 1.3972026074106721e+266 204
1725388162347 3.116644221330747e+268 205
1725388162415 5.46789152506958e+268 206
1725388162479 1.2483787038852641e+269 207
1725388162549 3.1900160674027066e+270 208
1725388162638 2.5829249240766946e+273 209
1725388162696 6.865436092397881e+275 210
1725388162753 1.76460261088323e+276 211
1725388162814 2.524218807016767e+275 212
1725388162880 4.2992760719591805e+278 213
1725388162944 1.803457364534732e+279 214
1725388163013 3.703097409429677e+280 215
1725388163079 3.7546359258868346e+281 216
1725388163142 2.796045851380653e+283 217
1725388163223 1.2503356217128965e+285 218
1725388163302 2.59790148284123e+288 219
1725388163386 2.1001536158016492e+288 220
1725388163455 7.112496304309343e+288 221
1725388163522 4.300599052355469e+289 222
1725388163582 8.286421023133576e+290 223
1725388163649 2.879460868843095e+292 224
1725388163730 8.184218119497704e+294 225
1725388163791 8.99528780553045e+296 226
1725388163845 6.161507642489989e+297 227
1725388163911 2.555113829678981e+298 228
1725388163978 1.9028862157814725e+300 229
1725388164049 9.201996400263945e+296 230
1725388164118 1.93801734377985e+302 231
1725388164185 2.405548230763728e+301 232
1725388164253 5.714418592567276e+303 233
1725388164324 4.479723625245429e+305 234
1725388164397 1.1609258590859147e+307 235
