1725362792648 175.9537076195336 0
1725362792675 175.59804599840407 1
1725362792704 175.24317943426797 2
1725362792732 174.88910605495622 3
1725362792757 174.53582399290514 4
1725362792781 174.1833313851442 5
1725362792805 173.83162637328442 6
1725362792830 173.48070710350638 7
1725362792854 173.13057172654857 8
1725362792878 172.78121839769545 9
1725362792903 172.4326452767658 10
1725362792926 172.0848505281011 11
1725362792959 171.73783232055374 12
1725362792984 171.39158882747535 13
1725362793008 171.0461182267053 14
1725362793036 170.70141870055915 15
1725362793056 170.35748843581692 16
1725362793081 170.01432562371184 17
1725362793107 169.67192845991863 18
1725362793129 169.33029514454225 19
1725362793155 168.9894238821063 20
1725362793180 168.64931288154173 21
1725362793198 168.3099603561756 22
1725362793223 167.9713645237195 23
1725362793247 167.63352360625848 24
1725362793273 167.2964358302397 25
1725362793298 166.9600994264611 26
1725362793320 166.62451263006062 27
1725362793345 166.28967368050436 28
1725362793369 165.95558082157606 29
1725362793387 165.62223230136567 30
1725362793414 165.28962637225825 31
1725362793439 164.95776129092326 32
1725362793464 164.62663531830307 33
1725362793488 164.2962467196023 34
1725362793510 163.96659376427684 35
1725362793534 163.63767472602282 36
1725362793557 163.30948788276575 37
1725362793580 162.98203151664967 38
1725362793604 162.65530391402635 39
1725362793622 162.32930336544436 40
1725362793646 162.00402816563854 41
1725362793672 161.67947661351891 42
1725362793697 161.35564701216026 43
1725362793721 161.0325376687913 44
1725362793750 160.71014689478406 45
1725362793771 160.38847300564325 46
1725362793795 160.06751432099557 47
1725362793825 159.7472691645794 48
1725362793890 159.4277358642339 49
1725362793906 159.10891275188877 50
1725362793921 158.79079816355366 51
1725362793936 158.47339043930774 52
1725362793963 158.15668792328918 53
1725362793982 157.84068896368498 54
1725362793997 157.5253919127203 55
1725362794013 157.2107951266484 56
1725362794028 156.8968969657401 57
1725362794049 156.58369579427358 58
1725362794070 156.27118998052418 59
1725362794089 155.95937789675415 60
1725362794132 155.64825791920228 61
1725362794153 155.33782842807412 62
1725362794171 155.0280878075312 63
1725362794189 154.7190344456817 64
1725362794203 154.4106667345696 65
1725362794213 154.10298307016518 66
1725362794224 153.79598185235469 67
1725362794234 153.48966148493037 68
1725362794246 153.18402037558067 69
1725362794256 152.87905693587996 70
1725362794267 152.57476958127884 71
1725362794278 152.27115673109424 72
1725362794288 151.96821680849942 73
1725362794298 151.6659482405142 74
1725362794308 151.36434945799513 75
1725362794331 151.06341889562574 76
1725362794349 150.76315499190665 77
1725362794368 150.4635561891459 78
1725362794388 150.16462093344938 79
1725362794411 149.86634767471085 80
1725362794434 149.56873486660243 81
1725362794450 149.27178096656513 82
1725362794470 148.97548443579893 83
1725362794492 148.67984373925333 84
1725362794511 148.38485734561792 85
1725362794535 148.09052372731261 86
1725362794559 147.7968413604783 87
1725362794573 147.50380872496746 88
1725362794587 147.2114243043343 89
1725362794602 146.91968658582584 90
1725362794618 146.62859406037222 91
1725362794633 146.33814522257725 92
1725362794648 146.04833857070935 93
1725362794663 145.75917260669192 94
1725362794678 145.4706458360942 95
1725362794698 145.1827567681221 96
1725362794714 144.89550391560854 97
1725362794730 144.60888579500477 98
1725362794749 144.32290092637066 99
1725362794769 144.03754783336595 100
1725362794788 143.7528250432408 101
1725362794801 143.46873108682672 102
1725362794818 143.18526449852766 103
1725362794840 142.9024238163106 104
1725362794864 142.6202075816968 105
1725362794884 142.33861433975267 106
1725362794904 142.0576426390806 107
1725362794930 141.77729103181028 108
1725362794951 141.49755807358952 109
1725362794981 141.21844232357526 110
1725362794999 140.93994234442505 111
1725362795016 140.66205670228763 112
1725362795042 140.38478396679452 113
1725362795065 140.10812271105087 114
1725362795090 139.83207151162694 115
1725362795116 139.5566289485489 116
1725362795134 139.28179360529055 117
1725362795157 139.00756406876417 118
1725362795181 138.73393892931216 119
1725362795205 138.4609167806979 120
1725362795222 138.18849622009748 121
1725362795242 137.91667584809093 122
1725362795266 137.6454542686535 123
1725362795288 137.3748300891471 124
1725362795310 137.10480192031187 125
1725362795324 136.83536837625735 126
1725362795334 136.5665280744541 127
1725362795346 136.29827963572535 128
1725362795358 136.0306216842382 129
1725362795367 135.76355284749528 130
1725362795378 135.49707175632645 131
1725362795389 135.2311770448801 132
1725362795399 134.96586735061504 133
1725362795409 134.70114131429202 134
1725362795419 134.43699757996515 135
1725362795429 134.17343479497399 136
1725362795445 133.91045160993497 137
1725362795459 133.64804667873304 138
1725362795471 133.3862186585137 139
1725362795482 133.12496620967448 140
1725362795492 132.86428799585684 141
1725362795503 132.604182683938 142
1725362795513 132.3446489440226 143
1725362795522 132.08568544943486 144
1725362795533 131.8272908767102 145
1725362795543 131.569463905587 146
1725362795554 131.31220321899897 147
1725362795570 131.05550750306665 148
1725362795594 130.79937544708955 149
1725362795610 130.54380574353812 150
1725362795636 130.2887970880458 151
1725362795658 130.03434817940084 152
1725362795678 129.7804577195386 153
1725362795693 129.52712441353336 154
1725362795710 129.2743469695906 155
1725362795731 129.02212409903902 156
1725362795748 128.77045451632264 157
1725362795770 128.51933693899306 158
1725362795789 128.26877008770154 159
1725362795810 128.01875268619102 160
1725362795826 127.76928346128865 161
1725362795842 127.52036114289794 162
1725362795858 127.27198446399079 163
1725362795872 127.02415216059998 164
1725362795882 126.77686297181137 165
1725362795892 126.53011563975629 166
1725362795902 126.28390890960374 167
1725362795913 126.03824152955288 168
1725362795924 125.79311225082527 169
1725362795939 125.5485198276574 170
1725362795950 125.30446301729305 171
1725362795960 125.0609405799756 172
1725362795971 124.81795127894071 173
1725362795992 124.57549388040862 174
1725362796002 124.3335671535767 175
1725362796013 124.092169870612 176
1725362796023 123.85130080664368 177
1725362796033 123.61095873975569 178
1725362796042 123.37114245097922 179
1725362796053 123.13185072428546 180
1725362796067 122.893082346578 181
1725362796090 122.65483610768558 182
1725362796110 122.4171108003548 183
1725362796130 122.17990522024262 184
1725362796149 121.94321816590922 185
1725362796175 121.7070484388106 186
1725362796195 121.47139484329139 187
1725362796210 121.23625618657755 188
1725362796226 121.00163127876903 189
1725362796241 120.76751893283281 190
1725362796256 120.53391796459552 191
1725362796272 120.30082719273626 192
1725362796288 120.06824543877954 193
1725362796302 119.8361715270881 194
1725362796325 119.60460428485571 195
1725362796346 119.37354254210021 196
1725362796367 119.14298513165639 197
1725362796389 118.91293088916878 198
1725362796404 118.68337865308489 199
1725362796420 118.45432726464784 200
1725362796434 118.22577556788968 201
1725362796449 117.99772240962415 202
1725362796465 117.77016663943994 203
1725362796481 117.54310710969344 204
1725362796496 117.3165426755021 205
1725362796511 117.09047219473744 206
1725362796527 116.86489452801796 207
1725362796543 116.63980853870248 208
1725362796558 116.4152130928833 209
1725362796577 116.19110705937909 210
1725362796601 115.96748930972838 211
1725362796621 115.74435871818255 212
1725362796636 115.52171416169914 213
1725362796655 115.29955451993504 214
1725362796677 115.0778786752397 215
1725362796698 114.85668551264857 216
1725362796714 114.63597391987606 217
1725362796729 114.41574278730923 218
1725362796748 114.19599100800072 219
1725362796765 113.97671747766245 220
1725362796778 113.75792109465867 221
1725362796792 113.53960075999956 222
1725362796805 113.32175537733443 223
1725362796821 113.10438385294529 224
1725362796837 112.88748509574013 225
1725362796854 112.67105801724648 226
1725362796868 112.45510153160477 227
1725362796880 112.23961455556194 228
1725362796890 112.02459600846467 229
1725362796900 111.81004481225327 230
1725362796910 111.5959598914548 231
1725362796921 111.38234017317691 232
1725362796932 111.16918458710134 233
1725362796947 110.95649206547733 234
1725362796969 110.74426154311541 235
1725362797000 110.53249195738096 236
1725362797024 110.32118224818775 237
1725362797046 110.11033135799168 238
1725362797064 109.89993823178442 239
1725362797078 109.6900018170871 240
1725362797092 109.48052106394384 241
1725362797107 109.27149492491581 242
1725362797122 109.06292235507455 243
1725362797138 108.85480231199604 244
1725362797155 108.64713375575425 245
1725362797171 108.43991564891505 246
1725362797183 108.2331469565299 247
1725362797208 108.0268266461297 248
1725362797225 107.82095368771866 249
1725362797249 107.61552705376806 250
1725362797271 107.41054571921015 251
1725362797294 107.206008661432 252
1725362797311 107.00191486026947 253
1725362797325 106.79826329800096 254
1725362797341 106.59505295934149 255
1725362797358 106.39228283143653 256
1725362797374 106.18995190385598 257
1725362797391 105.98805916858824 258
1725362797405 105.78660362003392 259
1725362797420 105.58558425500021 260
1725362797437 105.38500007269454 261
1725362797451 105.18485007471892 262
1725362797467 104.98513326506375 263
1725362797483 104.78584865010198 264
1725362797498 104.58699523858323 265
1725362797514 104.38857204162781 266
1725362797528 104.1905780727208 267
1725362797544 103.9930123477063 268
1725362797559 103.79587388478147 269
1725362797570 103.5991617044907 270
1725362797581 103.40287482971976 271
1725362797591 103.20701228569008 272
1725362797601 103.01157309995281 273
1725362797612 102.81655630238318 274
1725362797623 102.62196092517458 275
1725362797635 102.42778600283292 276
1725362797646 102.2340305721708 277
1725362797656 102.04069367230197 278
1725362797667 101.84777434463538 279
1725362797677 101.65527163286951 280
1725362797687 101.46318458298695 281
1725362797701 101.2715122432485 282
1725362797722 101.08025366418741 283
1725362797736 100.88940789860415 284
1725362797758 100.69897400156034 285
1725362797780 100.5089510303735 286
1725362797797 100.31933804461117 287
1725362797817 100.13013410608558 288
1725362797830 99.9413382788479 289
1725362797841 99.75294962918274 290
1725362797851 99.5649672256027 291
1725362797861 99.37739013884278 292
1725362797871 99.19021744185486 293
1725362797882 99.00344820980217 294
1725362797894 98.81708152005402 295
1725362797905 98.63111645218001 296
1725362797916 98.44555208794486 297
1725362797927 98.26038751130291 298
1725362797939 98.07562180839254 299
1725362797956 97.89125406753101 300
1725362797973 97.70728337920879 301
1725362797986 97.5237088360845 302
1725362798001 97.34052953297926 303
1725362798011 97.15774456687151 304
1725362798022 96.97535303689158 305
1725362798032 96.79335404431643 306
1725362798042 96.61174669256434 307
1725362798053 96.43053008718952 308
1725362798067 96.24970333587693 309
1725362798088 96.069265548437 310
1725362798103 95.8892158368003 311
1725362798118 95.70955331501243 312
1725362798134 95.53027709922864 313
1725362798152 95.35138630770874 314
1725362798168 95.17288006081178 315
1725362798184 94.99475748099097 316
1725362798203 94.8170176927885 317
1725362798224 94.6396598228303 318
1725362798245 94.46268299982093 319
1725362798271 94.28608635453851 320
1725362798296 94.10986901982946 321
1725362798321 93.93403013060356 322
1725362798339 93.75856882382868 323
1725362798365 93.58348423852591 324
1725362798387 93.40877551576423 325
1725362798411 93.23444179865571 326
1725362798437 93.0604822323503 327
1725362798463 92.88689596403084 328
1725362798489 92.7136821429081 329
1725362798515 92.54083992021572 330
1725362798538 92.36836844920524 331
1725362798563 92.1962668851411 332
1725362798584 92.02453438529572 333
1725362798607 91.85317010894447 334
1725362798629 91.68217321736083 335
1725362798654 91.51154287381142 336
1725362798677 91.34127824355103 337
1725362798700 91.17137849381783 338
1725362798722 91.0018427938284 339
1725362798749 90.83267031477286 340
1725362798771 90.66386022981007 341
1725362798795 90.49541171406266 342
1725362798817 90.32732394461232 343
1725362798838 90.15959610049491 344
1725362798863 89.99222736269564 345
1725362798890 89.8252169141443 346
1725362798911 89.65856393971049 347
1725362798936 89.49226762619871 348
1725362798956 89.32632716234377 349
1725362798979 89.16074173880592 350
1725362799006 88.99551054816628 351
1725362799027 88.8306327849218 352
1725362799048 88.66610764548084 353
1725362799075 88.50193432815833 354
1725362799098 88.33811203317113 355
1725362799126 88.1746399626333 356
1725362799155 88.01151732055145 357
1725362799179 87.84874331282018 358
1725362799204 87.68631714721722 359
1725362799226 87.524238033399 360
1725362799247 87.36250518289603 361
1725362799265 87.20111780910806 362
1725362799286 87.04007512729981 363
1725362799307 86.87937635459616 364
1725362799328 86.71902070997758 365
1725362799348 86.55900741427574 366
1725362799372 86.39933569016883 367
1725362799397 86.24000476217688 368
1725362799422 86.08101385665769 369
1725362799449 85.92236220180179 370
1725362799473 85.76404902762832 371
1725362799497 85.60607356598027 372
1725362799520 85.4484350505202 373
1725362799542 85.29113271672573 374
1725362799564 85.13416580188493 375
1725362799589 84.97753354509211 376
1725362799610 84.82123518724322 377
1725362799635 84.66526997103148 378
1725362799659 84.50963714094294 379
1725362799686 84.3543359432522 380
1725362799708 84.19936562601785 381
1725362799730 84.04472543907818 382
1725362799751 83.8904146340468 383
1725362799771 83.73643246430835 384
1725362799797 83.58277818501406 385
1725362799820 83.42945105307741 386
1725362799840 83.27645032716993 387
1725362799863 83.12377526771675 388
1725362799888 82.97142513689242 389
1725362799911 82.81939919861652 390
1725362799934 82.66769671854946 391
1725362799956 82.51631696408815 392
1725362799980 82.36525920436179 393
1725362800002 82.21452271022758 394
1725362800037 82.06410675426663 395
1725362800057 81.91401061077944 396
1725362800077 81.76423355578203 397
1725362800098 81.6147748670015 398
1725362800123 81.46563382387193 399
1725362800150 81.31680970753015 400
1725362800172 81.16830180081172 401
1725362800195 81.02010938824651 402
1725362800217 80.87223175605482 403
1725362800238 80.72466819214308 404
1725362800259 80.57741798609975 405
1725362800283 80.43048042919116 406
1725362800304 80.28385481435764 407
1725362800323 80.13754043620905 408
1725362800346 79.99153659102102 409
1725362800365 79.84584257673062 410
1725362800389 79.70045769293262 411
1725362800417 79.55538124087501 412
1725362800441 79.41061252345534 413
1725362800464 79.2661508452164 414
1725362800487 79.12199551234248 415
1725362800507 78.97814583265506 416
1725362800529 78.83460111560903 417
1725362800554 78.69136067228858 418
1725362800577 78.54842381540327 419
1725362800600 78.40578985928403 420
1725362800623 78.26345811987916 421
1725362800647 78.12142791475053 422
1725362800670 77.97969856306948 423
1725362800693 77.83826938561289 424
1725362800722 77.69713970475941 425
1725362800753 77.55630884448539 426
1725362800781 77.41577613036095 427
1725362800808 77.27554088954633 428
1725362800831 77.13560245078773 429
1725362800855 76.99596014441363 430
1725362800881 76.8566133023308 431
1725362800903 76.71756125802052 432
1725362800931 76.57880334653471 433
1725362800955 76.44033890449212 434
1725362800978 76.30216727007443 435
1725362801001 76.16428778302263 436
1725362801032 76.02669978463291 437
1725362801055 75.8894026177531 438
1725362801081 75.75239562677883 439
1725362801103 75.61567815764984 440
1725362801127 75.47924955784588 441
1725362801152 75.34310917638344 442
1725362801178 75.20725636381158 443
1725362801202 75.07169047220846 444
1725362801226 74.93641085517748 445
1725362801250 74.80141686784363 446
1725362801274 74.66670786684972 447
1725362801294 74.53228321035267 448
1725362801319 74.39814225802 449
1725362801342 74.26428437102587 450
1725362801365 74.1307089120476 451
1725362801388 73.99741524526193 452
1725362801411 73.86440273634146 453
1725362801434 73.73167075245085 454
1725362801459 73.59921866224333 455
1725362801486 73.46704583585698 456
1725362801506 73.33515164491125 457
1725362801531 73.20353546250308 458
1725362801553 73.07219666320363 459
1725362801573 72.94113462305442 460
1725362801595 72.81034871956402 461
1725362801617 72.67983833170415 462
1725362801642 72.5496028399064 463
1725362801665 72.41964162605852 464
1725362801686 72.28995407350104 465
1725362801709 72.1605395670234 466
1725362801731 72.03139749286089 467
1725362801753 71.90252723869075 468
1725362801774 71.77392819362879 469
1725362801798 71.64559974822603 470
1725362801821 71.51754129446488 471
1725362801846 71.389752225756 472
1725362801870 71.26223193693477 473
1725362801899 71.1349798242575 474
1725362801933 71.0079952853984 475
1725362801955 70.88127771944589 476
1725362801979 70.75482652689924 477
1725362802004 70.62864110966507 478
1725362802031 70.50272087105412 479
1725362802056 70.37706521577749 480
1725362802081 70.25167354994362 481
1725362802102 70.12654528105467 482
1725362802124 70.00167981800317 483
1725362802148 69.8770765710686 484
1725362802170 69.75273495191422 485
1725362802195 69.6286543735835 486
1725362802221 69.50483425049674 487
1725362802244 69.38127399844797 488
1725362802265 69.25797303460139 489
1725362802287 69.13493077748814 490
1725362802307 69.0121466470029 491
1725362802332 68.88962006440077 492
1725362802354 68.76735045229371 493
1725362802377 68.64533723464741 494
1725362802400 68.52357983677801 495
1725362802423 68.4020776853487 496
1725362802446 68.28083020836664 497
1725362802472 68.1598368351795 498
1725362802501 68.03909699647234 499
