1725343987102 nan 0
1725343987121 nan 1
1725343987137 nan 2
1725343987154 nan 3
1725343987171 nan 4
1725343987189 nan 5
1725343987209 nan 6
1725343987228 nan 7
1725343987245 nan 8
1725343987268 nan 9
1725343987290 nan 10
1725343987309 nan 11
1725343987324 nan 12
1725343987340 nan 13
1725343987359 nan 14
1725343987375 nan 15
1725343987391 nan 16
1725343987407 nan 17
1725343987424 nan 18
1725343987442 nan 19
1725343987462 nan 20
1725343987481 nan 21
1725343987505 nan 22
1725343987523 nan 23
1725343987547 nan 24
1725343987567 nan 25
1725343987598 nan 26
1725343987616 nan 27
1725343987637 nan 28
1725343987654 nan 29
1725343987671 nan 30
1725343987689 nan 31
1725343987705 nan 32
1725343987722 nan 33
1725343987741 nan 34
1725343987759 nan 35
1725343987778 nan 36
1725343987797 nan 37
1725343987817 nan 38
1725343987837 nan 39
1725343987855 nan 40
1725343987871 nan 41
1725343987889 nan 42
1725343987907 nan 43
1725343987926 nan 44
1725343987944 nan 45
1725343987963 nan 46
1725343987982 nan 47
1725343988000 nan 48
1725343988019 nan 49
1725343988038 nan 50
1725343988054 nan 51
1725343988068 nan 52
1725343988083 nan 53
1725343988097 nan 54
1725343988115 nan 55
1725343988132 nan 56
1725343988147 nan 57
1725343988170 nan 58
1725343988187 nan 59
1725343988207 nan 60
1725343988227 nan 61
1725343988243 nan 62
1725343988260 nan 63
1725343988289 nan 64
1725343988343 nan 65
1725343988358 nan 66
1725343988375 nan 67
1725343988391 nan 68
1725343988407 nan 69
1725343988424 nan 70
1725343988439 nan 71
1725343988455 nan 72
1725343988471 nan 73
1725343988487 nan 74
1725343988502 nan 75
1725343988517 nan 76
1725343988535 nan 77
1725343988550 nan 78
1725343988566 nan 79
1725343988583 nan 80
1725343988613 nan 81
1725343988629 nan 82
1725343988644 nan 83
1725343988660 nan 84
1725343988677 nan 85
1725343988692 nan 86
1725343988710 nan 87
1725343988727 nan 88
1725343988747 nan 89
1725343988766 nan 90
1725343988784 nan 91
1725343988805 nan 92
1725343988826 nan 93
1725343988847 nan 94
1725343988868 nan 95
1725343988888 nan 96
1725343988906 nan 97
1725343988926 nan 98
1725343988943 nan 99
1725343988960 nan 100
1725343988977 nan 101
1725343988994 nan 102
1725343989010 nan 103
1725343989028 nan 104
1725343989044 nan 105
1725343989060 nan 106
1725343989075 nan 107
1725343989092 nan 108
1725343989107 nan 109
1725343989123 nan 110
1725343989139 nan 111
1725343989154 nan 112
1725343989170 nan 113
1725343989187 nan 114
1725343989204 nan 115
1725343989224 nan 116
1725343989242 nan 117
1725343989258 nan 118
1725343989275 nan 119
1725343989292 nan 120
1725343989309 nan 121
1725343989325 nan 122
1725343989342 nan 123
1725343989360 nan 124
1725343989376 nan 125
1725343989394 nan 126
1725343989414 nan 127
1725343989430 nan 128
1725343989445 nan 129
1725343989460 nan 130
1725343989476 nan 131
1725343989491 nan 132
1725343989506 nan 133
1725343989521 nan 134
1725343989537 nan 135
1725343989552 nan 136
1725343989577 nan 137
1725343989593 nan 138
1725343989620 nan 139
1725343989639 nan 140
1725343989654 nan 141
1725343989674 nan 142
1725343989690 nan 143
1725343989710 nan 144
1725343989731 nan 145
1725343989748 nan 146
1725343989767 nan 147
1725343989791 nan 148
1725343989822 nan 149
1725343989848 nan 150
1725343989876 nan 151
1725343989898 nan 152
1725343989922 nan 153
1725343989950 nan 154
1725343989973 nan 155
1725343989998 nan 156
1725343990023 nan 157
1725343990042 nan 158
1725343990063 nan 159
1725343990087 nan 160
1725343990107 nan 161
1725343990126 nan 162
1725343990148 nan 163
1725343990168 nan 164
1725343990188 nan 165
1725343990205 nan 166
1725343990222 nan 167
1725343990240 nan 168
1725343990257 nan 169
1725343990274 nan 170
1725343990293 nan 171
1725343990308 nan 172
1725343990324 nan 173
1725343990348 nan 174
1725343990368 nan 175
1725343990388 nan 176
1725343990405 nan 177
1725343990426 nan 178
1725343990444 nan 179
1725343990463 nan 180
1725343990484 nan 181
1725343990508 nan 182
1725343990529 nan 183
1725343990550 nan 184
1725343990572 nan 185
1725343990591 nan 186
1725343990610 nan 187
1725343990646 nan 188
1725343990667 nan 189
1725343990688 nan 190
1725343990705 nan 191
1725343990722 nan 192
1725343990739 nan 193
1725343990755 nan 194
1725343990770 nan 195
1725343990787 nan 196
1725343990805 nan 197
1725343990826 nan 198
1725343990872 nan 199
1725343990892 nan 200
1725343990915 nan 201
1725343990939 nan 202
1725343990960 nan 203
1725343990984 nan 204
1725343991009 nan 205
1725343991034 nan 206
1725343991056 nan 207
1725343991076 nan 208
1725343991104 nan 209
1725343991130 nan 210
1725343991150 nan 211
1725343991174 nan 212
1725343991193 nan 213
1725343991210 nan 214
1725343991227 nan 215
1725343991243 nan 216
1725343991259 nan 217
1725343991274 nan 218
1725343991291 nan 219
1725343991309 nan 220
1725343991325 nan 221
1725343991342 nan 222
1725343991358 nan 223
1725343991374 nan 224
1725343991390 nan 225
1725343991407 nan 226
1725343991425 nan 227
1725343991443 nan 228
1725343991466 nan 229
1725343991488 nan 230
1725343991510 nan 231
1725343991530 nan 232
1725343991551 nan 233
1725343991568 nan 234
1725343991587 nan 235
1725343991606 nan 236
1725343991621 nan 237
1725343991654 nan 238
1725343991670 nan 239
1725343991687 nan 240
1725343991701 nan 241
1725343991722 nan 242
1725343991744 nan 243
1725343991761 nan 244
1725343991779 nan 245
1725343991796 nan 246
1725343991814 nan 247
1725343991831 nan 248
1725343991849 nan 249
1725343991866 nan 250
1725343991883 nan 251
1725343991902 nan 252
1725343991921 nan 253
1725343991941 nan 254
1725343991958 nan 255
1725343991975 nan 256
1725343991992 nan 257
1725343992012 nan 258
1725343992030 nan 259
1725343992053 nan 260
1725343992071 nan 261
1725343992090 nan 262
1725343992109 nan 263
1725343992127 nan 264
1725343992145 nan 265
1725343992162 nan 266
1725343992179 nan 267
1725343992194 nan 268
1725343992212 nan 269
1725343992232 nan 270
1725343992250 nan 271
1725343992269 nan 272
1725343992288 nan 273
1725343992305 nan 274
1725343992323 nan 275
1725343992341 nan 276
1725343992356 nan 277
1725343992374 nan 278
1725343992390 nan 279
1725343992407 nan 280
1725343992425 nan 281
1725343992441 nan 282
1725343992457 nan 283
1725343992473 nan 284
1725343992489 nan 285
1725343992504 nan 286
1725343992518 nan 287
1725343992533 nan 288
1725343992548 nan 289
1725343992564 nan 290
1725343992580 nan 291
1725343992596 nan 292
1725343992613 nan 293
1725343992633 nan 294
1725343992651 nan 295
1725343992683 nan 296
1725343992702 nan 297
1725343992719 nan 298
1725343992737 nan 299
1725343992754 nan 300
1725343992771 nan 301
1725343992790 nan 302
1725343992810 nan 303
1725343992826 nan 304
1725343992841 nan 305
1725343992859 nan 306
1725343992875 nan 307
1725343992891 nan 308
1725343992908 nan 309
1725343992925 nan 310
1725343992944 nan 311
1725343992961 nan 312
1725343992978 nan 313
1725343992993 nan 314
1725343993010 nan 315
1725343993027 nan 316
1725343993046 nan 317
1725343993061 nan 318
1725343993075 nan 319
1725343993090 nan 320
1725343993105 nan 321
1725343993120 nan 322
1725343993135 nan 323
1725343993150 nan 324
1725343993171 nan 325
1725343993188 nan 326
1725343993206 nan 327
1725343993223 nan 328
1725343993243 nan 329
1725343993262 nan 330
1725343993279 nan 331
1725343993300 nan 332
1725343993316 nan 333
1725343993329 nan 334
1725343993344 nan 335
1725343993362 nan 336
1725343993380 nan 337
1725343993398 nan 338
1725343993415 nan 339
1725343993432 nan 340
1725343993451 nan 341
1725343993467 nan 342
1725343993482 nan 343
1725343993497 nan 344
1725343993512 nan 345
1725343993527 nan 346
1725343993542 nan 347
1725343993557 nan 348
1725343993579 nan 349
1725343993598 nan 350
1725343993615 nan 351
1725343993635 nan 352
1725343993651 nan 353
1725343993670 nan 354
1725343993698 nan 355
1725343993712 nan 356
1725343993727 nan 357
1725343993742 nan 358
1725343993757 nan 359
1725343993773 nan 360
1725343993788 nan 361
1725343993804 nan 362
1725343993821 nan 363
1725343993838 nan 364
1725343993855 nan 365
1725343993873 nan 366
1725343993891 nan 367
1725343993908 nan 368
1725343993925 nan 369
1725343993941 nan 370
1725343993957 nan 371
1725343993974 nan 372
1725343993990 nan 373
1725343994009 nan 374
1725343994031 nan 375
1725343994048 nan 376
1725343994067 nan 377
1725343994087 nan 378
1725343994104 nan 379
1725343994121 nan 380
1725343994140 nan 381
1725343994158 nan 382
1725343994175 nan 383
1725343994193 nan 384
1725343994211 nan 385
1725343994228 nan 386
1725343994245 nan 387
1725343994263 nan 388
1725343994283 nan 389
1725343994301 nan 390
1725343994317 nan 391
1725343994333 nan 392
1725343994348 nan 393
1725343994364 nan 394
1725343994381 nan 395
1725343994397 nan 396
1725343994412 nan 397
1725343994427 nan 398
1725343994446 nan 399
1725343994464 nan 400
1725343994479 nan 401
1725343994495 nan 402
1725343994513 nan 403
1725343994529 nan 404
1725343994547 nan 405
1725343994567 nan 406
1725343994584 nan 407
1725343994604 nan 408
1725343994625 nan 409
1725343994643 nan 410
1725343994661 nan 411
1725343994681 nan 412
1725343994710 nan 413
1725343994727 nan 414
1725343994748 nan 415
1725343994767 nan 416
1725343994794 nan 417
1725343994810 nan 418
1725343994829 nan 419
1725343994847 nan 420
1725343994867 nan 421
1725343994884 nan 422
1725343994901 nan 423
1725343994917 nan 424
1725343994934 nan 425
1725343994951 nan 426
1725343994968 nan 427
1725343994982 nan 428
1725343994998 nan 429
1725343995015 nan 430
1725343995031 nan 431
1725343995048 nan 432
1725343995065 nan 433
1725343995082 nan 434
1725343995098 nan 435
1725343995115 nan 436
1725343995133 nan 437
1725343995148 nan 438
1725343995164 nan 439
1725343995180 nan 440
1725343995196 nan 441
1725343995216 nan 442
1725343995233 nan 443
1725343995251 nan 444
1725343995269 nan 445
1725343995287 nan 446
1725343995308 nan 447
1725343995325 nan 448
1725343995345 nan 449
1725343995361 nan 450
1725343995381 nan 451
1725343995400 nan 452
1725343995418 nan 453
1725343995434 nan 454
1725343995455 nan 455
1725343995472 nan 456
1725343995491 nan 457
1725343995508 nan 458
1725343995525 nan 459
1725343995542 nan 460
1725343995566 nan 461
1725343995584 nan 462
1725343995601 nan 463
1725343995619 nan 464
1725343995638 nan 465
1725343995656 nan 466
1725343995672 nan 467
1725343995693 nan 468
1725343995723 nan 469
1725343995740 nan 470
1725343995758 nan 471
1725343995775 nan 472
1725343995794 nan 473
1725343995809 nan 474
1725343995827 nan 475
1725343995843 nan 476
1725343995859 nan 477
1725343995874 nan 478
1725343995890 nan 479
1725343995906 nan 480
1725343995925 nan 481
1725343995942 nan 482
1725343995960 nan 483
1725343995977 nan 484
1725343996004 nan 485
1725343996022 nan 486
1725343996038 nan 487
1725343996054 nan 488
1725343996073 nan 489
1725343996094 nan 490
1725343996112 nan 491
1725343996128 nan 492
1725343996142 nan 493
1725343996159 nan 494
1725343996176 nan 495
1725343996197 nan 496
1725343996215 nan 497
1725343996233 nan 498
1725343996253 nan 499
