1725342099984 nan 0
1725342100000 nan 1
1725342100015 nan 2
1725342100030 nan 3
1725342100045 nan 4
1725342100061 nan 5
1725342100076 nan 6
1725342100092 nan 7
1725342100108 nan 8
1725342100128 nan 9
1725342100147 nan 10
1725342100165 nan 11
1725342100185 nan 12
1725342100205 nan 13
1725342100225 nan 14
1725342100242 nan 15
1725342100310 nan 16
1725342100332 nan 17
1725342100353 nan 18
1725342100378 nan 19
1725342100395 nan 20
1725342100411 nan 21
1725342100426 nan 22
1725342100444 nan 23
1725342100463 nan 24
1725342100481 nan 25
1725342100496 nan 26
1725342100510 nan 27
1725342100527 nan 28
1725342100542 nan 29
1725342100558 nan 30
1725342100573 nan 31
1725342100589 nan 32
1725342100605 nan 33
1725342100620 nan 34
1725342100635 nan 35
1725342100651 nan 36
1725342100666 nan 37
1725342100681 nan 38
1725342100696 nan 39
1725342100711 nan 40
1725342100726 nan 41
1725342100741 nan 42
1725342100755 nan 43
1725342100776 nan 44
1725342100791 nan 45
1725342100805 nan 46
1725342100820 nan 47
1725342100834 nan 48
1725342100851 nan 49
1725342100869 nan 50
1725342100882 nan 51
1725342100914 nan 52
1725342100930 nan 53
1725342100946 nan 54
1725342100961 nan 55
1725342100977 nan 56
1725342100993 nan 57
1725342101011 nan 58
1725342101026 nan 59
1725342101044 nan 60
1725342101060 nan 61
1725342101078 nan 62
1725342101095 nan 63
1725342101110 nan 64
1725342101125 nan 65
1725342101140 nan 66
1725342101154 nan 67
1725342101169 nan 68
1725342101188 nan 69
1725342101241 nan 70
1725342101256 nan 71
1725342101270 nan 72
1725342101286 nan 73
1725342101300 nan 74
1725342101314 nan 75
1725342101329 nan 76
1725342101345 nan 77
1725342101368 nan 78
1725342101385 nan 79
1725342101403 nan 80
1725342101425 nan 81
1725342101441 nan 82
1725342101458 nan 83
1725342101473 nan 84
1725342101487 nan 85
1725342101501 nan 86
1725342101514 nan 87
1725342101528 nan 88
1725342101543 nan 89
1725342101557 nan 90
1725342101571 nan 91
1725342101585 nan 92
1725342101600 nan 93
1725342101617 nan 94
1725342101635 nan 95
1725342101653 nan 96
1725342101670 nan 97
1725342101688 nan 98
1725342101707 nan 99
1725342101727 nan 100
1725342101741 nan 101
1725342101756 nan 102
1725342101770 nan 103
1725342101785 nan 104
1725342101800 nan 105
1725342101814 nan 106
1725342101829 nan 107
1725342101843 nan 108
1725342101858 nan 109
1725342101873 nan 110
1725342101888 nan 111
1725342101903 nan 112
1725342101937 nan 113
1725342101952 nan 114
1725342101970 nan 115
1725342101987 nan 116
1725342102003 nan 117
1725342102020 nan 118
1725342102037 nan 119
1725342102053 nan 120
1725342102069 nan 121
1725342102091 nan 122
1725342102109 nan 123
1725342102126 nan 124
1725342102144 nan 125
1725342102160 nan 126
1725342102177 nan 127
1725342102194 nan 128
1725342102211 nan 129
1725342102225 nan 130
1725342102239 nan 131
1725342102253 nan 132
1725342102267 nan 133
1725342102282 nan 134
1725342102297 nan 135
1725342102311 nan 136
1725342102325 nan 137
1725342102342 nan 138
1725342102356 nan 139
1725342102370 nan 140
1725342102384 nan 141
1725342102397 nan 142
1725342102412 nan 143
1725342102426 nan 144
1725342102440 nan 145
1725342102454 nan 146
1725342102468 nan 147
1725342102483 nan 148
1725342102497 nan 149
1725342102511 nan 150
1725342102525 nan 151
1725342102539 nan 152
1725342102553 nan 153
1725342102567 nan 154
1725342102581 nan 155
1725342102596 nan 156
1725342102610 nan 157
1725342102628 nan 158
1725342102644 nan 159
1725342102658 nan 160
1725342102673 nan 161
1725342102687 nan 162
1725342102704 nan 163
1725342102719 nan 164
1725342102736 nan 165
1725342102752 nan 166
1725342102769 nan 167
1725342102790 nan 168
1725342102807 nan 169
1725342102825 nan 170
1725342102843 nan 171
1725342102857 nan 172
1725342102870 nan 173
1725342102885 nan 174
1725342102900 nan 175
1725342102914 nan 176
1725342102944 nan 177
1725342102958 nan 178
1725342102973 nan 179
1725342102989 nan 180
1725342103003 nan 181
1725342103021 nan 182
1725342103036 nan 183
1725342103052 nan 184
1725342103069 nan 185
1725342103085 nan 186
1725342103100 nan 187
1725342103117 nan 188
1725342103132 nan 189
1725342103150 nan 190
1725342103167 nan 191
1725342103186 nan 192
1725342103201 nan 193
1725342103218 nan 194
1725342103235 nan 195
1725342103253 nan 196
1725342103270 nan 197
1725342103289 nan 198
1725342103305 nan 199
1725342103322 nan 200
1725342103338 nan 201
1725342103353 nan 202
1725342103369 nan 203
1725342103387 nan 204
1725342103403 nan 205
1725342103424 nan 206
1725342103441 nan 207
1725342103458 nan 208
1725342103475 nan 209
1725342103491 nan 210
1725342103508 nan 211
1725342103522 nan 212
1725342103538 nan 213
1725342103555 nan 214
1725342103571 nan 215
1725342103588 nan 216
1725342103602 nan 217
1725342103617 nan 218
1725342103631 nan 219
1725342103645 nan 220
1725342103660 nan 221
1725342103674 nan 222
1725342103689 nan 223
1725342103703 nan 224
1725342103718 nan 225
1725342103736 nan 226
1725342103755 nan 227
1725342103771 nan 228
1725342103789 nan 229
1725342103807 nan 230
1725342103824 nan 231
1725342103839 nan 232
1725342103853 nan 233
1725342103871 nan 234
1725342103886 nan 235
1725342103904 nan 236
1725342103924 nan 237
1725342103948 nan 238
1725342103970 nan 239
1725342103984 nan 240
1725342103998 nan 241
1725342104013 nan 242
1725342104027 nan 243
1725342104042 nan 244
1725342104056 nan 245
1725342104072 nan 246
1725342104087 nan 247
1725342104103 nan 248
1725342104119 nan 249
1725342104137 nan 250
1725342104153 nan 251
1725342104169 nan 252
1725342104185 nan 253
1725342104201 nan 254
1725342104218 nan 255
1725342104232 nan 256
1725342104246 nan 257
1725342104260 nan 258
1725342104276 nan 259
1725342104290 nan 260
1725342104306 nan 261
1725342104321 nan 262
1725342104336 nan 263
1725342104350 nan 264
1725342104365 nan 265
1725342104381 nan 266
1725342104398 nan 267
1725342104414 nan 268
1725342104431 nan 269
1725342104445 nan 270
1725342104464 nan 271
1725342104481 nan 272
1725342104496 nan 273
1725342104513 nan 274
1725342104529 nan 275
1725342104546 nan 276
1725342104563 nan 277
1725342104578 nan 278
1725342104594 nan 279
1725342104608 nan 280
1725342104622 nan 281
1725342104636 nan 282
1725342104650 nan 283
1725342104663 nan 284
1725342104678 nan 285
1725342104693 nan 286
1725342104707 nan 287
1725342104722 nan 288
1725342104738 nan 289
1725342104756 nan 290
1725342104773 nan 291
1725342104790 nan 292
1725342104808 nan 293
1725342104827 nan 294
1725342104843 nan 295
1725342104860 nan 296
1725342104879 nan 297
1725342104895 nan 298
1725342104910 nan 299
1725342104928 nan 300
1725342104944 nan 301
1725342104979 nan 302
1725342104995 nan 303
1725342105014 nan 304
1725342105031 nan 305
1725342105046 nan 306
1725342105063 nan 307
1725342105081 nan 308
1725342105097 nan 309
1725342105113 nan 310
1725342105130 nan 311
1725342105145 nan 312
1725342105162 nan 313
1725342105179 nan 314
1725342105196 nan 315
1725342105213 nan 316
1725342105229 nan 317
1725342105243 nan 318
1725342105260 nan 319
1725342105274 nan 320
1725342105289 nan 321
1725342105304 nan 322
1725342105319 nan 323
1725342105333 nan 324
1725342105347 nan 325
1725342105361 nan 326
1725342105376 nan 327
1725342105394 nan 328
1725342105408 nan 329
1725342105423 nan 330
1725342105437 nan 331
1725342105451 nan 332
1725342105466 nan 333
1725342105482 nan 334
1725342105503 nan 335
1725342105518 nan 336
1725342105535 nan 337
1725342105552 nan 338
1725342105568 nan 339
1725342105584 nan 340
1725342105599 nan 341
1725342105613 nan 342
1725342105628 nan 343
1725342105642 nan 344
1725342105656 nan 345
1725342105670 nan 346
1725342105684 nan 347
1725342105698 nan 348
1725342105711 nan 349
1725342105725 nan 350
1725342105742 nan 351
1725342105759 nan 352
1725342105778 nan 353
1725342105794 nan 354
1725342105812 nan 355
1725342105828 nan 356
1725342105844 nan 357
1725342105859 nan 358
1725342105873 nan 359
1725342105886 nan 360
1725342105900 nan 361
1725342105914 nan 362
1725342105928 nan 363
1725342105943 nan 364
1725342105957 nan 365
1725342105971 nan 366
1725342106001 nan 367
1725342106015 nan 368
1725342106030 nan 369
1725342106044 nan 370
1725342106058 nan 371
1725342106072 nan 372
1725342106086 nan 373
1725342106101 nan 374
1725342106117 nan 375
1725342106133 nan 376
1725342106148 nan 377
1725342106164 nan 378
1725342106180 nan 379
1725342106197 nan 380
1725342106214 nan 381
1725342106231 nan 382
1725342106247 nan 383
1725342106263 nan 384
1725342106281 nan 385
1725342106298 nan 386
1725342106314 nan 387
1725342106331 nan 388
1725342106347 nan 389
1725342106363 nan 390
1725342106382 nan 391
1725342106400 nan 392
1725342106415 nan 393
1725342106430 nan 394
1725342106446 nan 395
1725342106467 nan 396
1725342106485 nan 397
1725342106502 nan 398
1725342106517 nan 399
1725342106535 nan 400
1725342106552 nan 401
1725342106571 nan 402
1725342106588 nan 403
1725342106605 nan 404
1725342106625 nan 405
1725342106643 nan 406
1725342106659 nan 407
1725342106679 nan 408
1725342106695 nan 409
1725342106714 nan 410
1725342106729 nan 411
1725342106745 nan 412
1725342106760 nan 413
1725342106776 nan 414
1725342106792 nan 415
1725342106807 nan 416
1725342106822 nan 417
1725342106839 nan 418
1725342106855 nan 419
1725342106871 nan 420
1725342106886 nan 421
1725342106902 nan 422
1725342106919 nan 423
1725342106934 nan 424
1725342106951 nan 425
1725342106967 nan 426
1725342106983 nan 427
1725342107015 nan 428
1725342107033 nan 429
1725342107050 nan 430
1725342107076 nan 431
1725342107092 nan 432
1725342107108 nan 433
1725342107127 nan 434
1725342107144 nan 435
1725342107161 nan 436
1725342107178 nan 437
1725342107196 nan 438
1725342107213 nan 439
1725342107229 nan 440
1725342107245 nan 441
1725342107259 nan 442
1725342107274 nan 443
1725342107288 nan 444
1725342107306 nan 445
1725342107321 nan 446
1725342107335 nan 447
1725342107349 nan 448
1725342107364 nan 449
1725342107381 nan 450
1725342107397 nan 451
1725342107413 nan 452
1725342107428 nan 453
1725342107443 nan 454
1725342107461 nan 455
1725342107477 nan 456
1725342107491 nan 457
1725342107507 nan 458
1725342107522 nan 459
1725342107537 nan 460
1725342107553 nan 461
1725342107568 nan 462
1725342107585 nan 463
1725342107602 nan 464
1725342107617 nan 465
1725342107634 nan 466
1725342107651 nan 467
1725342107669 nan 468
1725342107686 nan 469
1725342107702 nan 470
1725342107718 nan 471
1725342107735 nan 472
1725342107754 nan 473
1725342107771 nan 474
1725342107789 nan 475
1725342107806 nan 476
1725342107821 nan 477
1725342107836 nan 478
1725342107852 nan 479
1725342107868 nan 480
1725342107886 nan 481
1725342107902 nan 482
1725342107918 nan 483
1725342107937 nan 484
1725342107953 nan 485
1725342107970 nan 486
1725342107986 nan 487
1725342108002 nan 488
1725342108035 nan 489
1725342108052 nan 490
1725342108071 nan 491
1725342108087 nan 492
1725342108103 nan 493
1725342108118 nan 494
1725342108133 nan 495
1725342108148 nan 496
1725342108162 nan 497
1725342108177 nan 498
1725342108192 nan 499
