1725351886158 33.709663174068815 0
1725351886174 11.709317560889689 1
1725351886189 6.757678490240239 2
1725351886205 5.276367781634996 3
1725351886223 5.21351303181511 4
1725351886243 4.784891553657356 5
1725351886260 4.5264338119678005 6
1725351886282 4.679536473542414 7
1725351886316 4.736902566650934 8
1725351886343 4.880178212286267 9
1725351886366 5.090984940748427 10
1725351886386 4.9537877078331425 11
1725351886415 5.065742730056052 12
1725351886444 4.9473716304308875 13
1725351886465 5.0628451767586204 14
1725351886495 4.565511476808078 15
1725351886528 4.8989354398869835 16
1725351886615 4.826829915300348 17
1725351886638 4.674742243832146 18
1725351886648 4.727957934615409 19
1725351886659 4.999590663551602 20
1725351886685 4.802601836661676 21
1725351886702 4.776308795135765 22
1725351886716 4.656869055816595 23
1725351886727 4.7051923910154265 24
1725351886736 4.757563364534672 25
1725351886745 4.775143757352464 26
1725351886754 4.4323523003226635 27
1725351886766 4.945702340423507 28
1725351886778 4.906964167549892 29
1725351886788 4.782697652892176 30
1725351886798 4.765779405379938 31
1725351886812 5.300438060267379 32
1725351886825 4.946662422714504 33
1725351886839 4.735362213432175 34
1725351886852 5.126114977377026 35
1725351886865 4.7352789161167665 36
1725351886880 4.9029840432297735 37
1725351886894 4.419273136145 38
1725351886903 4.788781003832788 39
1725351886913 4.783958286981349 40
1725351886922 4.360519799933919 41
1725351886930 4.577458792646766 42
1725351886938 5.023230390730929 43
1725351886947 4.554679838804627 44
1725351886955 4.916736306401612 45
1725351886964 4.759387363433004 46
1725351886972 4.858333814948533 47
1725351886980 4.635496233572251 48
1725351886988 4.902366070062297 49
1725351886997 4.8374784613565165 50
1725351887005 4.738927366496097 51
1725351887019 4.571106002626862 52
1725351887038 4.940551519212429 53
1725351887057 4.6415028428904375 54
1725351887072 4.533575851955929 55
1725351887093 4.795420819828599 56
1725351887110 4.844462018235438 57
1725351887125 4.696093634515024 58
1725351887142 4.739104524735212 59
1725351887155 4.846301185861842 60
1725351887169 4.6996352307245965 61
1725351887182 4.636281782278949 62
1725351887190 5.146833268233352 63
1725351887198 4.971098593638704 64
1725351887206 4.911976058691606 65
1725351887214 4.990630239183276 66
1725351887223 5.124854795379868 67
1725351887231 4.437332676649923 68
1725351887239 4.735296922268394 69
1725351887247 4.98046325484652 70
1725351887255 4.664606411185751 71
1725351887271 4.5988928884066755 72
1725351887291 4.428434669334931 73
1725351887308 4.695258554044805 74
1725351887327 4.6647949772753705 75
1725351887350 4.7799054957843445 76
1725351887366 4.4066856679102315 77
1725351887387 5.019469709407122 78
1725351887399 4.542964806413777 79
1725351887412 4.963348868272119 80
1725351887427 4.355366825907288 81
1725351887440 4.741283542541238 82
1725351887452 5.055408058603199 83
1725351887465 4.980688341400772 84
1725351887477 4.860325691735317 85
1725351887497 4.891804688392356 86
1725351887518 4.802723514149547 87
1725351887539 4.744086465583456 88
1725351887561 4.613473682052737 89
1725351887583 4.7486345472285985 90
1725351887613 4.86394412973217 91
1725351887642 4.91766007425544 92
1725351887663 4.958307158104728 93
1725351887686 4.83834778421443 94
1725351887708 4.935236151706677 95
1725351887728 4.785592146292976 96
1725351887749 4.737489473407805 97
1725351887781 5.140555764353018 98
1725351887802 4.7267644430078475 99
1725351887822 4.540567732068872 100
1725351887841 4.819429382135489 101
1725351887866 5.043505235534131 102
1725351887890 4.643393761516404 103
1725351887910 4.835032457596522 104
1725351887928 4.574433869614783 105
1725351887949 4.618468884030865 106
1725351887969 4.882076978976873 107
1725351887985 4.792232296000093 108
1725351888006 4.87025253710258 109
1725351888031 4.748393396257052 110
1725351888050 4.798572551353675 111
1725351888070 4.691350510929058 112
1725351888091 4.788789623261281 113
1725351888113 4.773443146804583 114
1725351888131 5.14078882579075 115
1725351888152 4.48231747921085 116
1725351888177 4.698162701869416 117
1725351888199 4.416369947004705 118
1725351888218 4.895109530740602 119
1725351888244 4.697102005501002 120
1725351888265 4.647672771550397 121
1725351888288 4.6219610817276 122
1725351888311 4.875703716248979 123
1725351888347 4.733177721388176 124
1725351888408 4.501695064009977 125
1725351888427 4.843097754142575 126
1725351888446 4.397856319059961 127
1725351888465 4.640070460301422 128
1725351888484 4.685013559874156 129
1725351888503 4.7848020900512065 130
1725351888543 4.621161190577075 131
1725351888563 4.981754869373043 132
1725351888584 4.7410260983931085 133
1725351888609 4.991798346306996 134
1725351888632 5.185291297287638 135
1725351888651 5.031220980439003 136
1725351888669 4.591513877078387 137
1725351888688 4.604911398682234 138
