1725342867298 168.81788247382886 0
1725342867314 348.95727686529915 1
1725342867329 106925.2323111754 2
1725342867345 93437503.62758455 3
1725342867362 101816697648.52608 4
1725342867378 116781030166315.94 5
1725342867398 1.3538855656590528e+17 6
1725342867415 1.573142669372514e+20 7
1725342867434 1.8287897499561996e+23 8
1725342867451 2.126206276284126e+26 9
1725342867464 2.4720500919851915e+29 10
1725342867480 2.874163411079902e+32 11
1725342867498 3.3416901265458e+35 12
1725342867513 3.88526831505223e+38 13
1725342867527 4.517268294577499e+41 14
1725342867542 5.252073086805312e+44 15
1725342867556 6.106405466112303e+47 16
1725342867572 7.0997084638408745e+50 17
1725342867590 8.254587835825213e+53 18
1725342867609 9.597326522552305e+56 19
1725342867631 1.115848279931067e+60 20
1725342867647 1.2973585726216012e+63 21
1725342867664 1.508394372449739e+66 22
1725342867682 1.7537584680545607e+69 23
1725342867697 2.0390348972716683e+72 24
1725342867713 2.3707160296159896e+75 25
1725342867729 2.7563503207318307e+78 26
1725342867743 3.204714101430857e+81 27
1725342867758 3.726011310921811e+84 28
1725342867773 4.332105719795349e+87 29
1725342867789 5.036790927733509e+90 30
1725342867806 5.856104280598424e+93 31
1725342867822 6.808691851078102e+96 32
1725342867841 7.91623278918107e+99 33
1725342867870 9.203932700021273e+102 34
1725342867890 1.0701097277267466e+106 35
1725342867907 1.2441799247106312e+109 36
1725342867927 1.446565380114173e+112 37
1725342867946 1.6818720165667657e+115 38
1725342867961 1.9554549825373212e+118 39
1725342867977 2.273540525714709e+121 40
1725342867992 2.6433676910117693e+124 41
1725342868007 3.073353067981203e+127 42
1725342868026 3.5732823369927005e+130 43
1725342868041 4.154532973411726e+133 44
1725342868055 4.830333178119757e+136 45
1725342868070 5.616062927160753e+139 46
1725342868087 6.529603991852746e+142 47
1725342868106 7.591746895181998e+145 48
1725342868123 8.826664066062477e+148 49
1725342868141 1.0262459959586255e+152 50
1725342868194 1.19318106629942e+155 51
1725342868213 1.3872707543629083e+158 52
1725342868228 1.612932186293735e+161 53
1725342868245 1.8753010033553404e+164 54
1725342868262 2.1803482397276183e+167 55
1725342868280 2.535016212318696e+170 56
1725342868297 2.9473765151944293e+173 57
1725342868312 3.426813714289361e+176 58
1725342868329 3.984238922955182e+179 59
1725342868347 4.6323381189348445e+182 60
1725342868366 5.385860854002249e+185 61
1725342868382 6.261955926771594e+188 62
1725342868406 7.280561657973582e+191 63
1725342868423 8.464859650151319e+194 64
1725342868444 9.841802358515247e+197 65
1725342868468 1.1442726479504605e+201 66
1725342868557 1.330406611665682e+204 67
1725342868640 1.5468181954134938e+207 68
1725342868668 1.7984325308385637e+210 69
1725342868682 2.090975899797849e+213 70
1725342868697 2.431106054057417e+216 71
1725342868712 2.826563733539935e+219 72
1725342868728 3.286348831400887e+222 73
1725342868745 3.820925215128293e+225 74
1725342868760 4.442458865019478e+228 75
1725342868777 5.165094749630559e+231 76
1725342868791 6.00527873937763e+234 77
1725342868807 6.98213188445389e+237 78
1725342868822 8.11788557494334e+240 79
1725342868837 9.438387486579e+243 80
1725342868853 1.0973689826544782e+247 81
1725342868872 1.2758733266720153e+250 82
1725342868887 1.4834142129436317e+253 83
1725342868902 1.7247148922714517e+256 84
1725342868916 2.0052669265721413e+259 85
1725342868931 2.3314551667773233e+262 86
1725342868947 2.710703060357486e+265 87
1725342868965 3.1516415954024517e+268 88
1725342868981 3.6643057261170445e+271 89
1725342868998 4.260362750016181e+274 90
1725342869015 4.953377834266901e+277 91
1725342869031 5.759122734070907e+280 92
1725342869047 6.695934728952624e+283 93
1725342869063 7.785133945687084e+286 94
1725342869076 9.051508565372557e+289 95
1725342869092 1.0523878957073044e+293 96
1725342869111 1.2235753576682133e+296 97
1725342869129 1.4226091558062496e+299 98
1725342869144 1.6540189351644036e+302 99
1725342869160 inf 100
1725342869178 inf 101
1725342869195 inf 102
1725342869209 inf 103
