1725351971190 42.74909988541106 0
1725351971275 12332.982032797623 1
1725351971339 156909806.724686 2
1725351971392 14441745062960.607 3
1725351971454 8458854958165.873 4
1725351971523 1.1740731266497677e+18 5
1725351971599 3.177671759968812e+20 6
1725351971664 1.3134268498326546e+21 7
1725351971736 9.441752599307958e+24 8
1725351971793 6.110835067568505e+28 9
1725351971848 7.806108978123961e+33 10
1725351971907 1.3636467692486192e+40 11
1725351971972 3.545385389767104e+41 12
1725351972038 1.541018854711156e+45 13
1725351972099 2.6386236178825537e+48 14
1725351972163 1.2470685375238957e+50 15
1725351972221 3.507337132829464e+53 16
1725351972297 6.932475780121108e+58 17
1725351972356 3.355569788415363e+63 18
1725351972428 4.581226005345414e+63 19
1725351972485 3.795750132773182e+67 20
1725351972537 5.395129907599108e+70 21
1725351972607 6.2100463633101025e+72 22
1725351972667 6.971356242360046e+80 23
1725351972729 7.185703947449864e+82 24
1725351972795 6.242731647712993e+86 25
1725351972856 7.984999383459065e+87 26
1725351972907 1.2483436530705824e+90 27
1725351972964 3.2481059937629233e+96 28
1725351973028 8.770165572616589e+100 29
1725351973092 3.157583301271322e+102 30
1725351973162 4.13624801143752e+106 31
1725351973212 1.5608668030413405e+109 32
1725351973278 5.224815443465922e+112 33
1725351973348 1.6149508821375694e+116 34
1725351973493 6.953887153993889e+118 35
1725351973563 1.4780479332693086e+122 36
1725351973624 3.890842949895595e+123 37
1725351973690 3.6994367520814966e+126 38
1725351973744 5.559019883373509e+131 39
1725351973818 4.100143002339585e+135 40
1725351973880 4.944076468258293e+139 41
1725351973951 2.305723397305548e+143 42
1725351974003 3.9321628863405042e+146 43
1725351974054 3.1748000009690007e+149 44
1725351974115 6.004049583742516e+152 45
1725351974163 5.635652280678101e+155 46
1725351974223 5.403955038468232e+157 47
1725351974284 3.8645846094578034e+162 48
1725351974354 2.7959525642298118e+166 49
1725351974424 1.0506558307771293e+169 50
1725351974497 4.3525181752218376e+172 51
1725351974545 2.3335106116473338e+175 52
1725351974613 1.374871759418301e+178 53
1725351974680 9.097800720014935e+182 54
1725351974740 2.400036334648363e+186 55
1725351974792 4.1082619944640845e+187 56
1725351974859 1.5134350489435694e+192 57
1725351974910 5.91734668616595e+193 58
1725351974972 2.973308877089743e+198 59
1725351975030 7.137604306554704e+200 60
1725351975084 5.059499161030457e+203 61
1725351975135 8.089492305615151e+207 62
1725351975193 1.1583811657921612e+211 63
1725351975264 1.913130452486426e+215 64
1725351975326 1.6462233024882288e+219 65
1725351975396 1.2822946172796048e+220 66
1725351975459 1.7944976098588253e+221 67
1725351975515 7.159713661110202e+229 68
1725351975573 9.183356997148622e+230 69
1725351975644 3.5141879440078292e+233 70
1725351975699 7.453250947218698e+238 71
1725351975760 1.7563441625170292e+242 72
1725351975834 2.508376508179046e+245 73
1725351975885 1.0529271930097627e+245 74
1725351975936 6.34093908961886e+251 75
1725351975989 8.549955570755224e+253 76
1725351976051 1.2236980213465935e+257 77
1725351976114 5.929545814791043e+257 78
1725351976182 3.9646416463666e+265 79
1725351976236 2.860550952037688e+266 80
1725351976302 2.2520258820832874e+274 81
1725351976382 2.24192954981774e+278 82
1725351976488 1.167802040607089e+278 83
1725351976547 8.02962545473196e+280 84
1725351976621 3.496629540940589e+283 85
1725351976680 1.598764116983835e+288 86
1725351976744 9.004212345209003e+290 87
1725351976841 3.277845947426452e+293 88
1725351977031 4.815091620766872e+299 89
1725351977331 2.8809056840230384e+303 90
1725351977581 inf 91
