1725352837324 157.29300693493403 0
1725352837346 146.64834489544612 1
1725352837369 132.75585592683404 2
1725352837390 121.96011780180464 3
1725352837412 105.85898419675377 4
1725352837435 99.94554719441261 5
1725352837457 94.36344282845494 6
1725352837481 90.67348261775443 7
1725352837513 84.30155929822946 8
1725352837551 76.85945345258763 9
1725352837590 67.0208156213389 10
1725352837612 64.2901285234026 11
1725352837633 57.574729836427295 12
1725352837665 53.27501694418639 13
1725352837698 52.25813614083352 14
1725352837723 43.77441665346728 15
1725352837756 43.28130724094393 16
1725352837784 39.02794697532166 17
1725352837809 39.066339055257046 18
1725352837836 33.2868181005435 19
1725352837859 31.29852858986533 20
1725352837880 28.395415649449806 21
1725352837905 28.659425482940176 22
1725352837929 26.805570902835157 23
1725352837946 25.72956923687203 24
1725352837971 22.981937411601738 25
1725352837999 22.78472882499913 26
1725352838029 21.323865850534602 27
1725352838061 19.996288745885604 28
1725352838110 19.821161266853895 29
1725352838136 18.48786805394374 30
1725352838161 16.66067869419435 31
1725352838181 16.6898160928397 32
1725352838201 15.224670421234277 33
1725352838222 14.614171872129244 34
1725352838243 14.05665148460798 35
1725352838263 12.924721915116569 36
1725352838287 12.051471830086662 37
1725352838312 12.397015079773622 38
1725352838333 11.517850603795884 39
1725352838360 11.111307351104559 40
1725352838383 11.02487054175436 41
1725352838405 9.995283719154997 42
1725352838428 10.362428815606787 43
1725352838452 10.042066450856497 44
1725352838473 9.551033619254293 45
1725352838492 9.366747003335194 46
1725352838512 9.165158204707529 47
1725352838536 9.431460681178025 48
1725352838594 8.264151384905459 49
1725352838616 8.39252533002256 50
1725352838640 7.87846103280748 51
1725352838661 7.984779606453363 52
1725352838685 7.614569050802255 53
1725352838708 7.735549148670933 54
1725352838730 6.984265260070384 55
1725352838761 6.820798518168731 56
1725352838785 7.215746790641944 57
1725352838807 7.087446158282215 58
1725352838838 6.767167297942324 59
1725352838860 7.024332339610153 60
1725352838886 6.513670388407522 61
1725352838908 6.341615745093436 62
1725352838928 6.507822174241079 63
1725352838948 6.039320409373659 64
1725352838969 6.170751354749284 65
1725352838987 6.245235756256199 66
1725352839007 5.814617008335527 67
1725352839027 5.926024170416186 68
1725352839047 5.559703965127929 69
1725352839067 5.819558945007316 70
1725352839088 6.044377050149084 71
1725352839118 5.703557687672359 72
1725352839139 5.614661120247567 73
1725352839160 5.566900541635352 74
1725352839184 6.06519055491122 75
1725352839204 5.273103359289753 76
1725352839226 5.022996549399939 77
1725352839245 5.2510794775671075 78
1725352839267 5.075025025876337 79
1725352839291 5.576375030166304 80
1725352839310 5.574942040543837 81
1725352839332 5.2513146898924905 82
1725352839356 5.163407473022043 83
1725352839375 5.083954216681856 84
1725352839399 5.198199543553695 85
1725352839421 5.022417413576835 86
1725352839445 4.938845592039091 87
1725352839469 5.467088267662941 88
1725352839491 4.838357345120409 89
1725352839511 5.156555413997039 90
1725352839552 5.242444668946792 91
1725352839575 5.105377715641485 92
1725352839595 5.172605597549579 93
1725352839614 4.962311838480349 94
1725352839633 5.343907299633467 95
1725352839651 4.903781669129877 96
1725352839670 5.324959327802612 97
1725352839689 4.752338672250375 98
1725352839706 4.957316757587048 99
1725352839735 4.941242406977424 100
1725352839755 4.973733086037953 101
1725352839778 4.986246373994569 102
1725352839798 4.630379191237889 103
1725352839818 5.099702726317749 104
1725352839837 5.071398974977048 105
1725352839859 4.920176935033335 106
1725352839881 4.825749259341422 107
1725352839907 5.117952933324193 108
1725352839934 4.974210619156803 109
1725352839955 4.984947438461522 110
1725352839983 4.693952819434456 111
1725352840004 4.918701086160928 112
1725352840028 4.941833596775529 113
1725352840047 4.830767144448915 114
1725352840069 4.940619874347265 115
1725352840088 4.907348273102502 116
1725352840108 5.27614462580308 117
1725352840139 4.999685728807475 118
1725352840160 5.006583184498684 119
1725352840177 4.952655651121228 120
1725352840200 4.437383560250713 121
1725352840227 4.809303284238277 122
1725352840252 4.8048448563427355 123
1725352840272 4.712280873548187 124
1725352840296 4.94658580703891 125
1725352840318 4.757739011634179 126
1725352840343 4.88046029374865 127
1725352840363 4.929255355186601 128
1725352840384 4.733235985927554 129
1725352840404 4.813948099488818 130
1725352840424 4.926771239577421 131
1725352840444 4.541936506496304 132
1725352840463 4.61102000191905 133
1725352840484 4.712747164496599 134
1725352840511 4.786898062987346 135
1725352840539 4.73298858088586 136
1725352840560 4.7588634051313985 137
1725352840578 4.752193443204643 138
1725352840608 4.687590054176921 139
1725352840627 4.973349256819044 140
1725352840651 4.64567520524707 141
1725352840679 5.029585118404974 142
1725352840704 4.674427799869733 143
1725352840726 4.551327189048691 144
1725352840755 4.580821377472044 145
1725352840795 4.9367017844109595 146
1725352840832 4.680018977942289 147
1725352840856 4.654780133298764 148
1725352840879 4.448421501186371 149
1725352840905 4.886301221755499 150
1725352840929 4.982561221458128 151
1725352840947 4.720210395761288 152
1725352840966 4.782393772186978 153
1725352840988 5.108571868868878 154
1725352841012 4.598215223727527 155
1725352841032 5.028422636091511 156
1725352841049 4.911827891652367 157
1725352841068 4.922106353676093 158
1725352841091 4.731839514088327 159
1725352841110 4.909063321815753 160
1725352841143 4.597280833516595 161
