1725303657717 168.996543037322 0
1725303657743 47785.12104084565 1
1725303657769 7929556492.752129 2
1725303657821 3348269095304041.0 3
1725303657847 1.620431281371558e+21 4
1725303657868 7.951141586683966e+26 5
1725303657913 3.906860331531672e+32 6
1725303657979 1.91994351714952e+38 7
1725303658019 9.435298234304063e+43 8
1725303658044 4.636855117226082e+49 9
1725303658070 2.2787228024253e+55 10
1725303658111 1.1198490315257637e+61 11
1725303658134 5.503354136727906e+66 12
1725303658154 2.7045526592257074e+72 13
1725303658179 1.329117644438107e+78 14
1725303658198 6.531777840360449e+83 15
1725303658217 3.209958270764956e+89 16
1725303658233 1.577492736569271e+95 17
1725303658250 7.75238530853484e+100 18
1725303658265 3.809810123290388e+106 19
1725303658280 1.872282219969949e+112 20
1725303658299 9.20109033724795e+117 21
1725303658322 4.521757590346372e+123 22
1725303658340 2.222159652436372e+129 23
1725303658362 1.092051801153255e+135 24
1725303658387 5.366748222138476e+140 25
1725303658408 2.6374194382913058e+146 26
1725303658445 1.2961258858357892e+152 27
1725303658479 6.369644082937377e+157 28
1725303658562 3.1302797194839124e+163 29
1725303658635 1.538335736601093e+169 30
1725303658658 7.559953264797073e+174 31
1725303658676 3.71524186860488e+180 32
1725303658695 1.825807866631724e+186 33
1725303658710 8.972698100826804e+191 34
1725303658726 4.409517161140584e+197 35
1725303658742 2.167000536059636e+203 36
1725303658761 1.0649445623357465e+209 37
1725303658788 5.233533180894733e+214 38
1725303658804 2.5719526184022e+220 39
1725303658819 1.263953058605616e+226 40
1725303658834 6.211534858488111e+231 41
1725303658851 3.0525789732078837e+237 42
1725303658866 1.5001507034831257e+243 43
1725303658882 7.372297827223658e+248 44
1725303658910 3.6230210156281633e+254 45
1725303658977 1.7804871136936207e+260 46
1725303658993 8.749975085307104e+265 47
1725303659024 4.300062797683904e+271 48
1725303659044 2.1132105958877683e+277 49
1725303659060 1.0385101875669342e+283 50
1725303659075 5.103624843539281e+288 51
1725303659094 2.5081108356399616e+294 52
1725303659109 1.232578834985871e+300 53
1725303659125 inf 54
1725303659145 inf 55
