1725393853950 168.66079067381224 0
1725393853980 147.1649804848343 1
1725393854009 137.37039357787896 2
1725393854040 121.00985262188509 3
1725393854074 114.36405785718893 4
1725393854105 100.22641328418486 5
1725393854140 92.98739056608889 6
1725393854170 84.15588492991398 7
1725393854200 85.15695226954398 8
1725393854229 75.7634873422609 9
1725393854263 67.45173988437429 10
1725393854295 65.4086765083993 11
1725393854324 59.759742336808785 12
1725393854353 55.47292398447649 13
1725393854379 50.34891609203601 14
1725393854418 48.01463175352221 15
1725393854440 41.97266061760585 16
1725393854471 39.47317580038775 17
1725393854500 36.58395088221941 18
1725393854527 33.4878967195526 19
1725393854558 32.593242156413055 20
1725393854590 31.019777454989253 21
1725393854624 29.088072992444314 22
1725393854654 27.07881532616426 23
1725393854683 24.43667287834215 24
1725393854714 22.904271057219674 25
1725393854745 22.052187188853452 26
1725393854775 20.940219881348177 27
1725393854804 19.56967265412128 28
1725393854833 20.361908976569843 29
1725393854863 18.135171055029417 30
1725393854889 16.55509917487512 31
1725393854918 16.660465222813382 32
1725393854946 15.543609384904334 33
1725393854973 14.602472764607624 34
1725393855001 13.349275475784397 35
1725393855030 13.581444718495653 36
1725393855057 12.226575079643617 37
1725393855087 11.821819560854788 38
1725393855112 11.483627029682355 39
1725393855142 12.059084935540268 40
1725393855175 11.187469762870496 41
1725393855205 10.228332863737903 42
1725393855236 10.131019258515693 43
1725393855266 9.360872166849536 44
1725393855291 9.866752148271289 45
1725393855321 9.048035486765212 46
1725393855350 8.839837834361356 47
1725393855384 8.268820152423448 48
1725393855413 8.465997032051762 49
1725393855441 8.275594720390696 50
1725393855472 8.135596194213319 51
1725393855505 7.542187813779432 52
1725393855536 7.468457747936953 53
1725393855567 7.219357259204023 54
1725393855606 6.836629419146858 55
1725393855636 7.04642322203073 56
1725393855666 7.171406332655034 57
1725393855698 7.283524624182553 58
1725393855730 6.711121474129118 59
1725393855758 6.554176522356685 60
1725393855788 6.591790361262478 61
1725393855821 6.548645504882789 62
1725393855874 6.625948038005059 63
1725393855928 6.1087763735500475 64
1725393855958 6.153215519625219 65
1725393855992 6.2093945632094965 66
1725393856024 5.761201004175225 67
1725393856055 6.083362599546922 68
1725393856086 5.664512994350167 69
1725393856119 6.068440932463473 70
1725393856150 5.626642750792337 71
1725393856181 5.564992565960271 72
1725393856211 5.877746884980163 73
1725393856240 5.197032049808302 74
1725393856267 5.24257865344006 75
1725393856295 5.662314051688995 76
1725393856324 5.427463740804736 77
1725393856354 5.891186785677787 78
1725393856385 5.426989233500515 79
1725393856416 5.524306091336337 80
1725393856455 5.566089289916393 81
1725393856487 5.482010059972506 82
1725393856516 5.650236349030657 83
1725393856545 5.353250733220322 84
1725393856574 5.237724752419319 85
1725393856605 5.4242655267159146 86
1725393856629 5.051527243192314 87
1725393856659 5.206313406729765 88
1725393856698 5.073650563085606 89
1725393856731 5.235269532500721 90
1725393856761 4.87707767499994 91
1725393856794 5.105431641793269 92
1725393856826 5.197052594796356 93
1725393856855 5.269113724505009 94
1725393856887 5.2821160111378695 95
1725393856916 5.084148329505504 96
1725393856945 4.957036417348155 97
1725393856974 4.745836554481969 98
1725393856999 5.128243603671499 99
1725393857028 4.900976281107835 100
1725393857060 4.8728153007829755 101
1725393857090 4.708300962350333 102
1725393857120 4.988641158880586 103
1725393857152 4.970883921053224 104
1725393857182 4.743600343977484 105
1725393857208 4.649790689452727 106
1725393857239 5.091162172405845 107
1725393857272 4.755943292451293 108
1725393857297 4.8341269755119 109
1725393857322 4.760239705057741 110
1725393857349 5.241127124523618 111
1725393857380 5.154504475598287 112
1725393857414 4.70109894049728 113
1725393857444 5.068931567664806 114
1725393857473 4.9016666586111395 115
1725393857502 4.666234846697673 116
1725393857532 4.795316736337412 117
1725393857566 4.66365112485667 118
1725393857601 5.065178503477493 119
1725393857628 4.6498031212652915 120
1725393857657 4.426110407978059 121
1725393857686 4.835161491645912 122
1725393857718 4.822555747270077 123
1725393857746 5.059589648700441 124
1725393857774 4.667944711627424 125
1725393857802 4.722417418635615 126
1725393857830 4.58899749071933 127
1725393857858 4.56137302080709 128
1725393857887 4.5506472490448795 129
1725393857915 4.85768721473591 130
1725393857944 4.852896075349155 131
1725393857973 5.098244989271654 132
1725393857999 4.545376295166279 133
1725393858029 4.670031714140548 134
1725393858060 5.041734515207849 135
1725393858089 4.901965919859425 136
1725393858115 4.471580151293377 137
1725393858145 4.963087520233138 138
1725393858177 5.255768924152645 139
1725393858207 4.693181082151125 140
1725393858239 4.7917186517163675 141
1725393858270 4.746644610228779 142
1725393858300 4.761997083284102 143
1725393858332 4.996448502632627 144
1725393858362 4.623327970925917 145
1725393858393 4.78639942038743 146
1725393858423 4.45792588061497 147
1725393858452 4.9328267053834125 148
1725393858479 4.687924086414687 149
1725393858510 4.883562411385944 150
1725393858541 4.6314090975095255 151
1725393858571 4.748369777343831 152
1725393858603 4.473375545923744 153
1725393858632 5.002956101184383 154
1725393858661 4.590865588530472 155
1725393858689 4.790446655121104 156
1725393858719 4.725233391140208 157
1725393858747 4.534677975284993 158
1725393858774 4.916800193438773 159
1725393858804 4.605333516817124 160
1725393858843 4.714443466243457 161
1725393858872 4.947491080010605 162
1725393858901 4.680968898723731 163
1725393858930 5.002870657957923 164
1725393858959 5.1229641937263874 165
