1725392638434 146.17431169174014 0
1725392638462 119.88009216333533 1
1725392638489 99.9101271306053 2
1725392638510 87.79258261835257 3
1725392638531 71.8393007440439 4
1725392638553 61.12405284490938 5
1725392638570 51.35871612679853 6
1725392638589 44.14691358415885 7
1725392638607 39.554817534202094 8
1725392638624 34.664638335317065 9
1725392638643 30.254615045826036 10
1725392638661 25.93872291856346 11
1725392638678 23.748262025779034 12
1725392638704 20.287270587928703 13
1725392638727 19.39487108584017 14
1725392638753 16.509840962734806 15
1725392638782 15.64429709311205 16
1725392638804 13.800652682127279 17
1725392638828 12.452810217769898 18
1725392638857 11.729467739590191 19
1725392638885 11.01335934815994 20
1725392638909 9.977493725418524 21
1725392638929 9.387358219236143 22
1725392638952 8.801846071729873 23
1725392638975 8.777975509449526 24
1725392638997 8.057193494775076 25
1725392639020 7.338106263077629 26
1725392639051 7.30780469808373 27
1725392639069 7.030261626327011 28
1725392639085 7.102674004401141 29
1725392639102 6.632670502482669 30
1725392639120 6.287304216386035 31
1725392639138 6.288442975878054 32
1725392639155 6.423360504128927 33
1725392639173 5.701874095297128 34
1725392639191 5.831007123123459 35
1725392639208 5.612948954102681 36
1725392639227 5.396082829904853 37
1725392639254 5.356034731322013 38
1725392639274 5.158736916797232 39
1725392639300 4.957858270460719 40
1725392639323 5.182596524927862 41
1725392639341 4.843836372186338 42
1725392639360 5.210020929401554 43
1725392639378 5.205254595240582 44
1725392639396 5.114834107150511 45
1725392639413 5.096630440835488 46
1725392639430 4.885812612603189 47
1725392639448 4.816853961632986 48
1725392639466 5.134817927668832 49
1725392639483 4.78662550805045 50
1725392639502 4.955901213716924 51
1725392639519 4.732759670355089 52
1725392639553 4.850943162846366 53
1725392639583 4.989276063547167 54
1725392639609 4.691633155796242 55
1725392639649 4.944002086072609 56
1725392639680 4.832028348719112 57
1725392639709 4.747082643799077 58
1725392639737 4.6741579577677 59
1725392639764 4.408293898880551 60
1725392639792 4.8534186050845936 61
1725392639818 4.750575472665252 62
1725392639855 4.849703907733636 63
1725392639951 4.725218138803156 64
1725392639972 4.869349703942872 65
1725392639995 4.998362559956365 66
1725392640028 4.584934430387034 67
1725392640061 4.839934046703905 68
1725392640090 4.991639578983916 69
1725392640119 4.789813416764576 70
1725392640150 4.829328778497498 71
1725392640180 4.786021997230134 72
1725392640207 4.669596868410656 73
1725392640234 4.730382862183326 74
1725392640262 4.731069133325733 75
1725392640289 4.855807599074332 76
1725392640318 4.568732241905743 77
1725392640351 4.793552659475867 78
1725392640378 4.804362183847838 79
1725392640409 4.764023156808197 80
1725392640438 5.303397630716635 81
1725392640472 4.56859553838933 82
1725392640505 4.939526968367566 83
1725392640534 4.382322237791634 84
1725392640564 5.069258474956219 85
1725392640594 4.438119489849599 86
1725392640626 4.824799173744835 87
1725392640657 4.953850870689001 88
1725392640686 4.784072316650145 89
1725392640718 4.711355576942576 90
1725392640747 4.559292529377303 91
1725392640778 4.696958646641937 92
1725392640809 4.95934864982262 93
1725392640839 4.752302401425937 94
1725392640869 5.029577425240388 95
1725392640900 4.883660686116028 96
1725392640931 4.98988197580269 97
1725392640961 4.526701703276847 98
1725392640993 4.719812041363303 99
