1725391688232 72.33621006016722 0
1725391688262 29.931012483390788 1
1725391688296 13.815623699245197 2
1725391688325 6.563904185938468 3
1725391688353 3.5418372723918794 4
1725391688382 1.8078531221579979 5
1725391688411 1.4257660884740355 6
1725391688440 1.0412116467596186 7
1725391688466 0.8845437930848381 8
1725391688496 0.633990075383902 9
1725391688519 0.5430695643391759 10
1725391688550 0.6247766192695383 11
1725391688584 0.6114448038574141 12
1725391688614 0.5616473874341177 13
1725391688643 0.5024968973601537 14
1725391688664 0.48382352432162834 15
1725391688694 0.6379467864454743 16
1725391688723 0.5218463965833923 17
1725391688752 0.5268033541719038 18
1725391688781 0.6008189201715666 19
1725391688810 0.4857811289194994 20
1725391688841 0.5001905029639044 21
1725391688872 0.6285770421149659 22
1725391688903 0.582590974305752 23
1725391688934 0.5971821974152903 24
1725391688965 0.4451161383364545 25
1725391688993 0.6079413415170438 26
1725391689018 0.4801337478385005 27
1725391689047 0.6019482035508169 28
1725391689076 0.6125495110260182 29
1725391689103 0.5206057518971215 30
1725391689131 0.6040032967912213 31
1725391689159 0.5347987478170928 32
1725391689193 0.5680339629469655 33
1725391689219 0.5734366942464506 34
1725391689254 0.5741020067446335 35
1725391689280 0.4989524354650479 36
1725391689301 0.5326529520344256 37
1725391689329 0.4397976009822 38
1725391689359 0.5962944979345697 39
1725391689387 0.5550954830544823 40
1725391689414 0.5432442137408402 41
1725391689442 0.5455580185375368 42
1725391689470 0.40965223464231254 43
1725391689500 0.48435358889436414 44
1725391689528 0.5207323263657829 45
1725391689557 0.5618248551918957 46
1725391689584 0.49850837462032904 47
1725391689617 0.5069135182561956 48
1725391689648 0.5846259539398152 49
1725391689679 0.5836029625221962 50
1725391689710 0.4743668938634818 51
1725391689740 0.5391019420253041 52
1725391689765 0.5355077236825524 53
1725391689794 0.6251763209492217 54
1725391689825 0.6045650115533692 55
1725391689859 0.4736084817808383 56
1725391689954 0.445328019208757 57
1725391689989 0.497323451825111 58
1725391690002 0.5495729698321936 59
1725391690022 0.5353039616892055 60
1725391690045 0.5550116104445644 61
1725391690075 0.4777222243770954 62
1725391690108 0.5382344674423946 63
1725391690141 0.5796605370750951 64
1725391690175 0.545353489514211 65
1725391690209 0.4930421931902682 66
1725391690245 0.46321353737965315 67
1725391690273 0.6188571277306625 68
1725391690299 0.4830005159306214 69
1725391690329 0.5267094416559186 70
1725391690353 0.46411861535444726 71
1725391690381 0.5905621130718838 72
1725391690405 0.5140383109001714 73
1725391690430 0.525625992242774 74
1725391690457 0.5362860830405193 75
1725391690487 0.5015465636443522 76
1725391690515 0.5702573527091161 77
1725391690543 0.5418910960982205 78
1725391690571 0.5385627034203763 79
1725391690596 0.6004970113405772 80
1725391690624 0.5831957652863595 81
1725391690657 0.5361956290402115 82
1725391690686 0.5489882452923872 83
1725391690714 0.5118031174114678 84
1725391690742 0.49393639737540634 85
1725391690773 0.587840492334011 86
1725391690801 0.5320891465039854 87
1725391690829 0.4830715316321755 88
1725391690858 0.5170031444733167 89
1725391690886 0.45312373920954035 90
1725391690918 0.5109264869254736 91
1725391690949 0.4907274916917526 92
1725391690975 0.7174072923801554 93
1725391691006 0.6413381107722931 94
1725391691036 0.5447786341747003 95
1725391691067 0.5464213117426248 96
1725391691095 0.4302855801638206 97
1725391691123 0.5624908861727999 98
1725391691151 0.5970180333781666 99
1725391691179 0.692383929835659 100
1725391691211 0.5505030789535761 101
1725391691248 0.5100696637595633 102
1725391691281 0.5502750031152943 103
1725391691312 0.4606836596012389 104
1725391691343 0.6331850814009783 105
1725391691375 0.5703083820767313 106
1725391691404 0.49268056402310084 107
1725391691434 0.5570460530361373 108
1725391691464 0.6580514110891004 109
1725391691491 0.5367748143525751 110
1725391691519 0.5612384351156003 111
1725391691547 0.4818337945343557 112
1725391691575 0.4560893084277422 113
1725391691605 0.570611866283704 114
1725391691634 0.5373313377860156 115
1725391691666 0.4805228162018968 116
1725391691697 0.6813975816401276 117
1725391691730 0.6239948649062294 118
1725391691754 0.4923259275730152 119
1725391691782 0.5455172002451402 120
1725391691813 0.5950623737932205 121
1725391691842 0.5052953132557697 122
1725391691870 0.5835054912829615 123
1725391691905 0.5826767456920168 124
1725391691934 0.6377562929199622 125
1725391691972 0.630216937309687 126
1725391692000 0.5330512483616191 127
1725391692028 0.5559874102150539 128
1725391692057 0.6290690640878962 129
1725391692085 0.479010739698435 130
1725391692116 0.5022368529750708 131
1725391692148 0.6833565821120543 132
1725391692182 0.48131685188808865 133
1725391692207 0.5422062357851414 134
1725391692229 0.6796702225060468 135
1725391692260 0.5790592453954766 136
1725391692288 0.4481884465026372 137
1725391692313 0.5565375531379725 138
1725391692341 0.39624688529207985 139
1725391692365 0.4282081354991782 140
1725391692391 0.69256939486628 141
1725391692421 0.45272780426449244 142
1725391692450 0.4552334143487723 143
1725391692479 0.5062147308170883 144
