1725392636157 144.12158972510386 0
1725392636182 117.84876693322832 1
1725392636196 98.23063337286726 2
1725392636214 84.26582407031242 3
1725392636232 73.94480567256291 4
1725392636250 59.103074505092536 5
1725392636268 52.49243064859151 6
1725392636285 44.258552273444224 7
1725392636306 38.93399625805046 8
1725392636328 33.610827388455554 9
1725392636350 30.706846632384025 10
1725392636374 25.759881896823376 11
1725392636398 23.655217095048894 12
1725392636418 20.441502736414755 13
1725392636440 19.071576721862257 14
1725392636455 16.075092011021486 15
1725392636469 14.76661778131322 16
1725392636482 13.410419369537161 17
1725392636495 12.629143218489137 18
1725392636508 11.99168995344352 19
1725392636522 10.846258520434514 20
1725392636535 9.421467864069296 21
1725392636547 9.797654759862983 22
1725392636566 9.15136962692801 23
1725392636590 8.462507681181805 24
1725392636608 8.346816584230275 25
1725392636625 7.21350237309329 26
1725392636656 7.465915936678558 27
1725392636678 7.260254925303366 28
1725392636697 6.914838087506433 29
1725392636714 6.873579421072065 30
1725392636732 5.977453700330481 31
1725392636748 6.0447637847131706 32
1725392636766 5.77417681834268 33
1725392636783 5.706768267593163 34
1725392636801 5.569661068041717 35
1725392636839 5.527630611328467 36
1725392636866 6.2694878853392995 37
1725392636893 5.477720204238748 38
1725392636916 5.847224051062471 39
1725392636939 5.296502723557418 40
1725392636963 4.878977329910732 41
1725392636984 5.590931425461246 42
1725392637008 5.230368126746562 43
1725392637041 5.379610076757688 44
1725392637062 5.146380877668442 45
1725392637087 5.302901152162026 46
1725392637112 4.8663054912284585 47
1725392637142 5.095920524359836 48
1725392637171 5.03889296472151 49
1725392637197 4.637842747857249 50
1725392637224 5.013869477141575 51
1725392637255 5.237629177457057 52
1725392637277 4.791596927980776 53
1725392637302 4.826464821898494 54
1725392637329 4.499457528259569 55
1725392637351 4.587038550284912 56
1725392637373 4.8408245940131405 57
1725392637400 4.689970470080458 58
1725392637422 4.926375065487999 59
1725392637445 4.75578193064021 60
1725392637471 4.861438406383822 61
1725392637499 4.682855808454192 62
1725392637522 4.555358918155329 63
1725392637546 4.82573200244893 64
1725392637570 4.6238762066220085 65
1725392637593 4.491048838883511 66
1725392637616 4.6837792442055095 67
1725392637640 4.823829819892357 68
1725392637672 4.817003782112877 69
1725392637695 4.796650279383713 70
1725392637719 5.15696801895517 71
1725392637750 4.537122588475029 72
1725392637774 4.682787380955291 73
1725392637800 4.9306867203577625 74
1725392637823 4.314859601549646 75
1725392637839 5.0631330939657175 76
1725392637855 4.8770790371091515 77
1725392637871 4.6704244079259345 78
1725392637922 4.573985930537343 79
1725392637938 4.857073684493797 80
1725392637956 4.822759196475224 81
1725392637974 4.883189348141038 82
1725392637991 4.935505464283633 83
1725392638008 4.818062500724917 84
1725392638035 4.84795272691663 85
1725392638048 4.728189197311688 86
1725392638064 4.932651173217908 87
1725392638086 4.566821886341085 88
1725392638109 4.479474652194796 89
1725392638135 4.581810606737687 90
1725392638160 4.737112060160217 91
1725392638177 4.382531804925012 92
1725392638199 4.537791257088134 93
1725392638215 4.917770719579755 94
1725392638234 4.945204287249382 95
1725392638252 5.01264808904784 96
1725392638269 4.895738415537982 97
1725392638287 5.062071420787772 98
1725392638305 4.437877542855118 99
1725392638328 4.711098640606945 100
