1725383408583 6.4452543134841145 0
1725383408649 2.7099842892373136 1
1725383408736 5.417936338703216 2
1725383408800 3.9243138341079926 3
1725383408872 2.224688456496337 4
1725383408945 5.78377433042029 5
1725383409012 2.541197112925012 6
1725383409081 6.389880145921837 7
1725383409146 4.262494858431086 8
1725383409214 4.188990707900232 9
1725383409282 5.877764854617406 10
1725383409347 6.342661713194885 11
1725383409403 1.5818196106761984 12
1725383409484 0.00947712029367809 13
1725383409548 10.086423091373538 14
1725383409615 0.13512618712440902 15
1725383409683 4.109825372538403 16
1725383409745 6.314339569392262 17
1725383409912 1.6337146049397226 18
1725383409984 57.226282339607444 19
1725383410047 7.270216979241234 20
1725383410103 8.320494654958807 21
1725383410164 49.139769020356205 22
1725383410221 76.40702303077965 23
1725383410285 142.75865590229662 24
1725383410356 1218.2529091417953 25
1725383410427 321.25715151770515 26
1725383410495 15.138712050970154 27
1725383410564 16.58651409823072 28
1725383410637 15.754247100624204 29
1725383410702 9661.730699939615 30
1725383410769 1224.3777064884237 31
1725383410826 22578.073709434746 32
1725383410882 186342.71791863427 33
1725383410945 8362.241899933344 34
1725383411013 2207877.251413378 35
1725383411065 22883.109434483136 36
1725383411121 2885031.7784585375 37
1725383411177 1127455.7828870951 38
1725383411240 6831549.826611428 39
1725383411310 8852.965738972931 40
1725383411374 972063.5065710833 41
1725383411444 921281.2834278778 42
1725383411517 7119485.690581864 43
1725383411585 206995.2016552382 44
1725383411659 1958531740.2431507 45
1725383411719 69028199.12855087 46
1725383411781 29492560.472562157 47
1725383411843 3967896.262312335 48
1725383411910 3880065.9718601247 49
1725383411976 284344526.3702756 50
1725383412045 22501.954999628295 51
1725383412121 15937780109.347345 52
1725383412187 1634730840.9071083 53
1725383412251 1099197581.112056 54
1725383412321 460190511.5008289 55
1725383412384 351568220778.56714 56
1725383412457 11027236175.6358 57
1725383412525 3494919244.381709 58
1725383412592 1604882023462.9565 59
1725383412650 18217168858.017017 60
1725383412711 4209933595218.2495 61
1725383412776 64415531871.913376 62
1725383412849 2126010739136.7522 63
1725383412914 2118908905371.1304 64
1725383412982 916513773907.3988 65
1725383413048 1541761572553.7668 66
1725383413112 70415792516924.52 67
1725383413180 1398830029111875.8 68
1725383413239 3213531881144.3667 69
1725383413314 9407330573180.455 70
1725383413380 1129613393141.26 71
1725383413455 3171483315364058.5 72
1725383413508 79903541751093.25 73
1725383413570 4556520723169954.0 74
1725383413634 663820159405858.5 75
1725383413710 648211744163047.6 76
1725383413772 12912760473674.713 77
1725383413841 6700435343335898.0 78
1725383413908 3709540036360253.0 79
1725383413958 154802798832879.66 80
1725383414016 449959170052740.94 81
1725383414078 1532339876212906.5 82
1725383414156 4902524020088398.0 83
1725383414216 1.8297093427166144e+18 84
1725383414279 6.100135216587021e+17 85
1725383414365 1.8850673529796516e+18 86
1725383414427 5.434211432977053e+18 87
1725383414490 2.0323856981501153e+19 88
1725383414556 7.560284888946405e+17 89
1725383414613 2.2526660217608704e+18 90
1725383414669 1.0025850025610213e+18 91
1725383414739 2.357364341013793e+19 92
1725383414805 1.4371270447088054e+18 93
1725383414857 1.3519986572438807e+20 94
1725383414919 8.178422988063188e+21 95
1725383414982 3337005612480448.0 96
1725383415039 9.250732080000346e+19 97
1725383415126 1.2508963350877383e+19 98
1725383415189 2.762743263565943e+21 99
1725383415251 4.8698829761845133e+20 100
1725383415320 6.155149573785975e+18 101
1725383415398 4.123386011680153e+19 102
1725383415470 5.268943056661982e+21 103
1725383415536 2.406089396531966e+21 104
1725383415611 5.616747982597811e+20 105
1725383415675 1.4911771217426744e+22 106
1725383415748 1.219886322308419e+24 107
1725383415804 3.2054023141366557e+24 108
1725383415876 9.881957560936456e+22 109
1725383415939 9.192746214649482e+22 110
1725383415994 4.480568841531862e+25 111
1725383416057 1.0450562435457272e+23 112
1725383416125 1.9347637427451414e+25 113
1725383416188 4.3667106143165326e+24 114
1725383416253 1.0049902680616775e+25 115
1725383416320 2.8857556002151693e+24 116
1725383416389 1.6041610112556447e+26 117
1725383416453 1.0410987200720406e+27 118
1725383416527 1.275160076777997e+27 119
1725383416602 8.521217210654718e+25 120
1725383416671 1.4137145731632837e+26 121
1725383416740 2.2507452563491572e+26 122
1725383416809 1.9702839893761332e+24 123
1725383416879 6.442607968673555e+27 124
1725383416942 4.623052723455525e+28 125
1725383417002 2.5361100285764767e+30 126
1725383417086 3.487296449586106e+29 127
1725383417156 1.5129762042916552e+26 128
1725383417223 3.487046263516519e+27 129
1725383417290 5.303201223978481e+28 130
1725383417356 2.767318978210146e+30 131
1725383417419 1.2623841736005756e+30 132
1725383417472 6.2929763708572715e+28 133
1725383417542 1.475850586870386e+29 134
1725383417627 1.1561581610232889e+30 135
1725383417690 3.055312840967994e+31 136
1725383417759 2.4878095680972e+31 137
1725383417820 2.7541816117830053e+29 138
1725383417875 3.312583167439162e+32 139
1725383417939 1.744049482080292e+29 140
1725383418016 7.51833388747668e+30 141
1725383418071 3.21022419063048e+33 142
1725383418138 9.507585271637378e+32 143
1725383418203 3.315164480115765e+32 144
1725383418274 2.368039839835606e+33 145
1725383418343 3.8638936381254093e+31 146
1725383418403 4.943723916558261e+35 147
1725383418471 2.1552418144757887e+33 148
1725383418539 1.7514915500330366e+33 149
1725383418615 4.0258134472397336e+33 150
1725383418683 2.138997279168181e+33 151
1725383418756 1.1720543622954977e+33 152
1725383418819 1.398491276471426e+34 153
1725383418884 1.75833958382291e+34 154
1725383418955 1.145022126719949e+34 155
1725383419017 5.728620574290596e+36 156
1725383419073 9.467626512913964e+37 157
1725383419133 3.2185498185946267e+34 158
1725383419197 5.254162197667914e+37 159
1725383419266 2.142701378057848e+35 160
1725383419322 2.245786524708769e+37 161
1725383419387 1.898983340432816e+36 162
1725383419483 9.456740131069358e+34 163
1725383419569 1.7431911183736168e+39 164
1725383419644 2.5746861380655495e+37 165
1725383419707 1.8691215398609785e+38 166
1725383419794 1.9518959839614748e+40 167
1725383419875 3.650136483756051e+38 168
1725383419941 6.178957982896536e+38 169
1725383420021 2.5002120335219227e+38 170
1725383420087 8.988147359271621e+38 171
1725383420139 3.0040457779913506e+39 172
1725383420208 2.445549848812875e+39 173
1725383420277 1.6395954712157594e+41 174
1725383420339 2.3306215194503036e+41 175
1725383420395 3.752775093206409e+41 176
1725383420479 1.1979293008443655e+41 177
1725383420534 6.460743380189301e+40 178
1725383420607 1.5165709266005987e+41 179
1725383420677 9.867982167730056e+42 180
1725383420740 1.035904224989433e+44 181
1725383420815 1.2386263073088163e+43 182
1725383420872 1.199042831309466e+42 183
1725383420930 1.0512113983087068e+42 184
1725383420994 4.1213096828771834e+43 185
1725383421072 9.248708841285868e+43 186
1725383421132 5.380771945491318e+42 187
1725383421210 2.25534783510681e+45 188
1725383421278 1.6703051766050957e+44 189
1725383421344 5.6372474086571565e+45 190
1725383421407 1.749553838075922e+45 191
1725383421463 5.3137902933654305e+41 192
1725383421522 2.122775741063553e+43 193
1725383421580 9.87056685049575e+44 194
1725383421638 3.9519373432754825e+47 195
1725383421706 2.289850464608616e+45 196
1725383421758 7.544006933200428e+45 197
1725383421815 3.068057069067385e+47 198
1725383421881 9.879411023822596e+47 199
1725383421947 4.199885616111282e+47 200
1725383422027 9.60356391396276e+49 201
1725383422091 1.043882556719699e+48 202
1725383422154 8.564534401438539e+47 203
1725383422210 2.490432373798465e+49 204
1725383422275 2.5999555242155312e+47 205
1725383422333 1.2194794405653984e+48 206
1725383422403 3.415866951319749e+44 207
1725383422484 1.0728469241531879e+49 208
1725383422562 3.5915626180615894e+49 209
1725383422631 1.634535768084812e+51 210
1725383422687 3.851319740637394e+49 211
1725383422759 3.0378158373522633e+50 212
1725383422821 1.944265034789683e+50 213
1725383422882 2.437170889638677e+46 214
1725383422938 5.471308810694348e+51 215
1725383423025 4.907334802696894e+51 216
1725383423107 5.708849055781734e+49 217
1725383423171 3.997218586507846e+52 218
1725383423246 1.2819983839425245e+50 219
1725383423328 5.501552098528739e+52 220
1725383423391 2.03638444623464e+52 221
1725383423469 1.2091416912164546e+52 222
1725383423538 5.852606462620533e+53 223
1725383423592 3.7407717544722685e+52 224
1725383423654 3.880273342323432e+54 225
1725383423712 4.34836606483109e+54 226
1725383423772 1.1826985913867914e+54 227
1725383423837 9.478561288895381e+54 228
1725383423917 1.1717829030481625e+54 229
1725383423987 3.581333047767669e+56 230
1725383424067 5.5716593640777e+55 231
1725383424128 1.6366479311265576e+54 232
1725383424203 3.861221436212995e+52 233
1725383424270 1.5602733810059258e+54 234
1725383424337 1.8186785097714905e+55 235
1725383424407 1.3767994712900193e+56 236
1725383424463 2.236396963108485e+56 237
1725383424529 8.924599568516777e+57 238
1725383424583 5.519557605371843e+56 239
1725383424662 3.1990401981654207e+58 240
1725383424738 4.0632082471240446e+57 241
1725383424804 2.749352787324073e+57 242
1725383424872 8.125427517697138e+58 243
1725383424950 7.206401633560441e+57 244
1725383425014 9.93690581198311e+56 245
1725383425084 6.779895279793125e+56 246
1725383425168 1.0262952999954339e+58 247
1725383425238 1.2017532071904424e+57 248
1725383425303 1.7280886622729983e+59 249
1725383425375 2.7228227214510296e+60 250
1725383425437 6.227196616743408e+58 251
1725383425506 5.568748343240849e+58 252
1725383425571 3.62567461753206e+60 253
1725383425628 2.1001482191694235e+62 254
1725383425689 4.382974563075471e+60 255
1725383425753 1.6981337423723517e+59 256
1725383425815 4.654684056928398e+60 257
1725383425879 1.3210070539348273e+60 258
1725383425950 6.169921203746639e+62 259
1725383426011 1.169532408806016e+61 260
1725383426071 1.722090251541121e+63 261
1725383426138 4.579661405135128e+64 262
1725383426223 4.302615579204752e+62 263
1725383426291 7.267069280431531e+61 264
1725383426353 1.4385411870755336e+63 265
1725383426421 2.971050303402747e+64 266
1725383426481 2.1365351352287746e+64 267
1725383426553 4.840480813498216e+62 268
1725383426623 4.152149214122178e+65 269
1725383426704 2.1581648106606015e+66 270
1725383426772 7.535776531701166e+64 271
1725383426889 8.831594998764081e+66 272
1725383426961 4.514895837226698e+65 273
1725383427017 2.234272416081473e+64 274
1725383427074 6.4293396162814245e+65 275
1725383427162 8.4620016117491e+66 276
1725383427234 4.464592314965725e+67 277
1725383427295 5.1002584800634216e+64 278
1725383427358 3.93866406956096e+67 279
1725383427419 1.7793384487198623e+68 280
1725383427482 2.0253762267552416e+59 281
1725383427559 4.3715388651504315e+69 282
1725383427635 3.571975806291191e+69 283
1725383427720 2.530897882534884e+67 284
1725383427789 1.2448818796569878e+69 285
1725383427904 8.705271535619983e+69 286
1725383427976 4.5429329992629486e+70 287
1725383428060 1.1760868999458127e+70 288
1725383428124 2.2650047944925937e+76 289
1725383428204 2.021777438402299e+69 290
1725383428298 1.296976281914052e+69 291
1725383428371 1.3373736758543349e+70 292
1725383428468 1.2174004249399827e+72 293
1725383428577 2.1443107422265733e+71 294
1725383428666 8.313269523849963e+69 295
1725383428790 8.502935472055205e+68 296
1725383428854 9.061349765630943e+71 297
1725383428940 1.892295289704583e+72 298
1725383429000 3.6039288386987994e+71 299
1725383429070 8.034437852155168e+71 300
1725383429139 7.782797725527172e+69 301
1725383429203 8.734791557904073e+72 302
1725383429310 5.179001995738486e+73 303
1725383429390 4.202824720040718e+72 304
1725383429471 5.472625851302804e+73 305
1725383429543 1.2760372250415274e+73 306
1725383429611 9.717634309414233e+74 307
1725383429678 3.3264767392177813e+74 308
1725383429741 5.2625967629438996e+73 309
1725383429799 2.0414680593587082e+75 310
1725383429856 1.0514143202083737e+76 311
1725383429928 6.4210437953390645e+72 312
1725383430003 1.2402875185650737e+76 313
1725383430080 6.85108211519168e+76 314
1725383430136 1.3554610436111667e+77 315
1725383430204 1.8914113652358731e+77 316
1725383430265 5.3637254044243876e+75 317
1725383430321 3.3258245972062883e+75 318
1725383430381 1.81049603807933e+78 319
1725383430477 1.0092894322368744e+76 320
1725383430541 4.621751013280134e+75 321
1725383430625 8.111187509764244e+77 322
1725383430704 3.8721053494570374e+78 323
1725383430802 3.419259704683377e+79 324
1725383430859 3.204545760020192e+77 325
1725383430922 4.291852838243554e+78 326
1725383430979 2.8886260997119932e+79 327
1725383431048 9.579522319992277e+77 328
1725383431107 3.664124016717628e+79 329
1725383431166 7.586673200146041e+80 330
1725383431244 2.338458824424579e+81 331
1725383431327 3.017789955954288e+80 332
1725383431435 1.0349110222143902e+81 333
1725383431494 3.7020934879196315e+83 334
1725383431563 5.078600000822607e+82 335
1725383431636 1.9273722767076833e+82 336
1725383431699 9.910337106446469e+82 337
1725383431778 5.243356323097266e+79 338
1725383431832 5.859209636189578e+83 339
1725383431918 3.4238149479095176e+83 340
1725383431994 3.978537496729439e+84 341
1725383432065 1.6068580501889284e+79 342
1725383432140 2.5571252706890513e+82 343
1725383432210 5.5435368455875405e+84 344
1725383432279 2.485188618048936e+81 345
1725383432348 2.5287501001626765e+85 346
1725383432423 5.813748614592692e+83 347
1725383432528 9.671044599422937e+83 348
1725383432592 9.6891348209425e+84 349
1725383432653 9.173199167733509e+86 350
1725383432713 2.776880120487912e+82 351
1725383432781 2.1740936926280455e+86 352
1725383432896 4.239734357029066e+84 353
1725383432968 3.070751522458788e+86 354
1725383433047 1.0816140510897709e+88 355
1725383433121 7.583783660497999e+87 356
1725383433192 1.0405878960996796e+88 357
1725383433257 5.385713909559789e+86 358
1725383433332 2.8869676116258077e+87 359
1725383433404 5.361844903428659e+89 360
1725383433479 2.499662854147361e+88 361
1725383433562 9.113254249389139e+87 362
1725383433636 3.961670865570738e+88 363
1725383433712 5.169978502604921e+89 364
1725383433781 4.162207751799347e+90 365
1725383433846 5.168801904668041e+90 366
1725383433919 8.363519685662346e+88 367
1725383433999 1.885362019132964e+91 368
1725383434070 3.2106015679455307e+91 369
1725383434181 1.0639982206970679e+89 370
1725383434264 4.071107576960065e+90 371
1725383434329 1.9927356614422267e+91 372
1725383434401 4.5217059604389645e+92 373
1725383434477 3.2798176414714414e+91 374
1725383434553 1.9970922094421166e+90 375
1725383434646 4.225532005095616e+91 376
1725383434730 2.1740703598372865e+92 377
1725383434803 7.769485875423768e+93 378
1725383434886 3.6570297754586945e+91 379
1725383434939 1.0482426919447844e+92 380
1725383434993 5.140528831882668e+94 381
1725383435062 6.700749284948727e+92 382
1725383435126 1.041037480925692e+89 383
1725383435189 2.1275822291894277e+95 384
1725383435246 2.7061624754460006e+94 385
1725383435340 1.9251094812949155e+95 386
1725383435414 6.008336509711166e+95 387
1725383435484 1.0323933111798103e+95 388
1725383435556 9.343036836091345e+94 389
1725383435612 3.964399504231055e+95 390
1725383435675 7.111640414551607e+95 391
1725383435732 3.1087450332843524e+97 392
1725383435804 9.937775381078901e+96 393
1725383435874 2.2548432976175405e+95 394
1725383435950 1.0343887851108435e+94 395
1725383436013 1.7429647466986602e+96 396
1725383436069 3.8883303263615534e+95 397
1725383436129 1.2082963038968136e+97 398
1725383436198 5.170680486932243e+96 399
1725383436260 6.578169911092105e+96 400
1725383436331 1.406324150049149e+98 401
1725383436392 2.1788565578178817e+100 402
1725383436452 7.450185805025662e+98 403
1725383436519 1.5041714523170198e+99 404
1725383436602 5.748000894015735e+98 405
1725383436675 2.1256419345578713e+98 406
1725383436741 1.1093548905462313e+99 407
1725383436806 1.4268677901415099e+100 408
1725383436870 8.687270151672032e+101 409
1725383436942 1.2562729321717272e+101 410
1725383437014 1.4380954919712327e+99 411
1725383437095 1.721745761346127e+101 412
1725383437163 2.567624847209927e+102 413
1725383437241 3.413341088698417e+101 414
1725383437306 1.7320643635483342e+103 415
1725383437368 1.582457958118638e+103 416
1725383437441 2.3136407139333845e+103 417
1725383437501 1.5183071741322797e+102 418
1725383437578 1.4962298030244667e+103 419
1725383437676 1.1412196481455026e+104 420
1725383437749 3.9786907071425613e+102 421
1725383437823 7.414748097428173e+104 422
1725383437881 4.626000055205994e+102 423
1725383437950 5.0792091802276625e+104 424
1725383438015 1.5389565119688056e+102 425
1725383438087 6.55486268339784e+105 426
1725383438168 2.913679299946483e+105 427
1725383438233 3.830332582226253e+106 428
1725383438303 1.568884154714128e+106 429
1725383438370 2.7025754620090717e+106 430
1725383438448 5.682802308171754e+105 431
1725383438508 1.365577744893635e+107 432
1725383438571 5.0023612987714815e+104 433
1725383438628 3.506304738901944e+107 434
1725383438685 1.0959749614196058e+108 435
1725383438778 2.8135778070890546e+107 436
1725383438837 2.7974748070183817e+108 437
1725383438895 6.257610605238776e+106 438
1725383438961 2.861633381583251e+106 439
1725383439039 3.3711199856875294e+107 440
1725383439104 4.410811089919393e+107 441
1725383439170 1.3776147063703828e+109 442
1725383439258 1.8667714907802646e+109 443
1725383439314 1.4071586380780219e+109 444
1725383439376 1.0476659946942567e+110 445
1725383439438 9.573732420374503e+107 446
1725383439490 2.5814837048269058e+110 447
1725383439557 6.621909920116228e+110 448
1725383439621 7.785961941483846e+109 449
1725383439694 2.5850825835942898e+110 450
1725383439758 3.8592924767863185e+110 451
1725383439829 1.644542584048591e+112 452
1725383439897 3.6867940977330385e+112 453
1725383439956 2.6844820877947118e+109 454
1725383440019 2.274929919973013e+113 455
1725383440099 1.7183146117283804e+112 456
1725383440157 5.1866906774927435e+112 457
1725383440246 3.2533335985068642e+112 458
1725383440318 1.0830483669774467e+112 459
1725383440391 9.542330559312148e+112 460
1725383440454 5.38286498727279e+111 461
1725383440520 2.3105885742272958e+112 462
1725383440618 9.381056770126202e+115 463
1725383440688 3.750252457204022e+115 464
1725383440744 1.508135244500256e+115 465
1725383440814 2.403522770598465e+113 466
1725383440923 4.239322560165035e+115 467
1725383440984 2.6748808540912085e+115 468
1725383441054 2.7202228076146963e+115 469
1725383441144 1.6026161384352505e+115 470
1725383441213 6.640359450472223e+114 471
1725383441274 6.320821605960041e+115 472
1725383441336 8.199998060843852e+117 473
1725383441410 7.29679350874099e+116 474
1725383441463 5.346427959558601e+116 475
1725383441527 2.0157276194752008e+117 476
1725383441597 2.730790089598154e+117 477
1725383441693 6.663867693222126e+117 478
1725383441773 5.7101339620950636e+116 479
1725383441839 2.9029682298061746e+118 480
1725383441899 5.145175799291263e+117 481
1725383441955 1.6870479664719938e+119 482
1725383442012 5.704978749669745e+119 483
1725383442075 4.52647088102297e+119 484
1725383442127 2.9770102527796113e+120 485
1725383442208 9.738187704183651e+118 486
1725383442269 8.995951227360877e+120 487
1725383442333 1.1894952927766992e+120 488
1725383442396 4.58369207937893e+121 489
1725383442474 4.9954138656134277e+120 490
1725383442546 3.0164952916401915e+120 491
1725383442617 6.176126247025279e+122 492
1725383442675 1.3144906522530064e+119 493
1725383442745 8.796747110675981e+121 494
1725383442800 5.478256269378506e+123 495
1725383442867 4.298142447366774e+121 496
1725383442934 3.0133675622408645e+123 497
1725383443022 5.101769468217278e+121 498
1725383443086 1.0567522523995034e+125 499
