1725361491933 175.2004940590339 0
1725361491959 175.18186937273796 1
1725361491985 175.1640362226332 2
1725361492008 175.14620485827223 3
1725361492038 175.12837532222957 4
1725361492072 175.11054761431194 5
1725361492098 175.09272173432856 6
1725361492121 175.07489768208865 7
1725361492142 175.05707545740154 8
1725361492165 175.03925506007647 9
1725361492192 175.02143648992268 10
1725361492222 175.0036197467496 11
1725361492247 174.98580483036653 12
1725361492271 174.96799174058282 13
1725361492298 174.95018047720788 14
1725361492323 174.93237104005112 15
1725361492349 174.91456342892192 16
1725361492372 174.8967576436298 17
1725361492416 174.87895368398415 18
1725361492439 174.86115154979447 19
1725361492460 174.84335124087033 20
1725361492482 174.82555275702117 21
1725361492504 174.80775609805664 22
1725361492527 174.78996126378624 23
1725361492551 174.77216825401956 24
1725361492575 174.75437706856627 25
1725361492601 174.73658770723594 26
1725361492630 174.71880016983826 27
1725361492654 174.70101445618286 28
1725361492677 174.68323056607952 29
1725361492701 174.66544849933786 30
1725361492724 174.64766825576766 31
1725361492749 174.62988983517866 32
1725361492777 174.61211323738067 33
1725361492808 174.59433846218343 34
1725361492841 174.57656550939683 35
1725361492869 174.55879437883064 36
1725361492893 174.54102507029475 37
1725361492926 174.52325758359905 38
1725361492952 174.50549191855345 39
1725361492979 174.48772807496778 40
1725361493001 174.46996605265213 41
1725361493023 174.45220585141632 42
1725361493050 174.4344474710704 43
1725361493073 174.41669091142438 44
1725361493095 174.39893617228827 45
1725361493116 174.3811832534721 46
1725361493140 174.36343215478598 47
1725361493167 174.34568287603992 48
1725361493202 174.32793541704407 49
1725361493228 174.3101897776086 50
1725361493251 174.29244595754355 51
1725361493276 174.27470395665918 52
1725361493300 174.25696377476567 53
1725361493324 174.23922541167315 54
1725361493346 174.2214888671919 55
1725361493371 174.2037541411322 56
1725361493392 174.1860212333043 57
1725361493418 174.16829014351848 58
1725361493438 174.15056087158504 59
1725361493460 174.13283341731434 60
1725361493482 174.11510778051667 61
1725361493503 174.0973839610025 62
1725361493522 174.07966195858214 63
1725361493544 174.06194177306602 64
1725361493566 174.04422340426464 65
1725361493592 174.0265068519884 66
1725361493611 174.00879211604774 67
1725361493635 173.9910791962532 68
1725361493658 173.9733680924153 69
1725361493683 173.95565880434452 70
1725361493705 173.93795133185154 71
1725361493727 173.92024567474684 72
1725361493802 173.90254183284102 73
1725361493894 173.8848398059447 74
1725361493936 173.86713959386856 75
1725361493977 173.84944119642327 76
1725361494005 173.8317446134194 77
1725361494022 173.8140498446678 78
1725361494040 173.79635688997908 79
1725361494063 173.77866574916402 80
1725361494089 173.7609764220334 81
1725361494112 173.74328890839794 82
1725361494135 173.72560320806852 83
1725361494158 173.70791932085592 84
1725361494181 173.690237246571 85
1725361494201 173.6725569850246 86
1725361494220 173.6548785360276 87
1725361494244 173.637201899391 88
1725361494295 173.6195270749256 89
1725361494333 173.60185406244244 90
1725361494355 173.5841828617524 91
1725361494378 173.56651347266651 92
1725361494403 173.54884589499582 93
1725361494429 173.5311801285513 94
1725361494452 173.51351617314404 95
1725361494475 173.49585402858506 96
1725361494495 173.47819369468544 97
1725361494518 173.46053517125634 98
1725361494547 173.44287845810888 99
1725361494571 173.42522355505423 100
1725361494595 173.4075704619035 101
1725361494621 173.38991917846792 102
1725361494645 173.37226970455873 103
1725361494666 173.35462203998708 104
1725361494688 173.33697618456432 105
1725361494710 173.31933213810166 106
1725361494738 173.3016899004104 107
1725361494763 173.28404947130184 108
1725361494784 173.2664108505874 109
1725361494811 173.24877403807832 110
1725361494835 173.23113903358603 111
1725361494857 173.2135058369219 112
1725361494882 173.19587444789744 113
1725361494906 173.17824486632398 114
1725361494940 173.16061709201298 115
1725361494967 173.14299112477602 116
1725361494991 173.12536696442444 117
1725361495016 173.1077446107699 118
1725361495042 173.09012406362388 119
1725361495067 173.0725053227979 120
1725361495090 173.05488838810362 121
1725361495112 173.03727325935256 122
1725361495138 173.01965993635642 123
1725361495162 173.00204841892673 124
1725361495187 172.9844387068753 125
1725361495214 172.9668308000137 126
1725361495241 172.94922469815367 127
1725361495263 172.9316204011069 128
1725361495285 172.91401790868517 129
1725361495309 172.8964172207002 130
1725361495332 172.8788183369638 131
1725361495356 172.86122125728778 132
1725361495379 172.84362598148394 133
1725361495403 172.82603250936418 134
1725361495432 172.8084408407403 135
1725361495456 172.79085097542423 136
1725361495483 172.77326291322782 137
1725361495505 172.75567665396304 138
1725361495527 172.73809219744183 139
1725361495556 172.72050954347614 140
1725361495582 172.702928691878 141
1725361495623 172.68534964245933 142
1725361495670 172.66777239503222 143
1725361495687 172.65019694940872 144
1725361495716 172.63262330540084 145
1725361495739 172.61505146282073 146
1725361495766 172.5974814214805 147
1725361495790 172.57991318119224 148
1725361495819 172.5623467417681 149
1725361495842 172.5447821030203 150
1725361495864 172.527219264761 151
1725361495900 172.50965822680234 152
1725361495922 172.49209898895666 153
1725361495959 172.47454155103617 154
1725361495983 172.4569859128531 155
1725361496006 172.43943207421978 156
1725361496036 172.42188003494852 157
1725361496057 172.40432979485166 158
1725361496077 172.38678135374155 159
1725361496107 172.36923471143055 160
1725361496132 172.35168986773098 161
1725361496173 172.33414682245538 162
1725361496197 172.31660557541613 163
1725361496222 172.29906612642569 164
1725361496244 172.2815284752965 165
1725361496270 172.26399262184108 166
1725361496296 172.24645856587196 167
1725361496326 172.22892630720165 168
1725361496349 172.2113958456427 169
1725361496371 172.1938671810077 170
1725361496393 172.17634031310925 171
1725361496416 172.15881524175995 172
1725361496441 172.14129196677243 173
1725361496464 172.12377048795935 174
1725361496487 172.1062508051334 175
1725361496511 172.0887329181073 176
1725361496533 172.07121682669373 177
1725361496557 172.0537025307054 178
1725361496580 172.0361900299551 179
1725361496604 172.0186793242556 180
1725361496631 172.00117041341974 181
1725361496654 171.98366329726028 182
1725361496675 171.9661579755901 183
1725361496700 171.94865444822202 184
1725361496724 171.93115271496893 185
1725361496748 171.91365277564378 186
1725361496774 171.89615463005939 187
1725361496798 171.87865827802875 188
1725361496829 171.86116371936484 189
1725361496862 171.84367095388066 190
1725361496886 171.82617998138915 191
1725361496906 171.8086908017033 192
1725361496928 171.79120341463627 193
1725361496958 171.77371782000102 194
1725361496988 171.7562340176107 195
1725361497010 171.7387520072783 196
1725361497035 171.7212717888171 197
1725361497060 171.7037933620401 198
1725361497083 171.6863167267605 199
1725361497102 171.66884188279155 200
1725361497121 171.65136882994636 201
1725361497142 171.63389756803824 202
1725361497163 171.61642809688038 203
1725361497186 171.59896041628602 204
1725361497206 171.58149452606844 205
1725361497228 171.56403042604103 206
1725361497250 171.54656811601703 207
1725361497272 171.5291075958098 208
1725361497293 171.51164886523273 209
1725361497327 171.4941919240992 210
1725361497351 171.47673677222258 211
1725361497373 171.45928340941632 212
1725361497394 171.44183183549384 213
1725361497416 171.42438205026863 214
1725361497438 171.40693405355415 215
1725361497460 171.38948784516393 216
1725361497482 171.3720434249115 217
1725361497502 171.3546007926104 218
1725361497523 171.33715994807415 219
1725361497544 171.3197208911164 220
1725361497566 171.3022836215507 221
1725361497589 171.2848481391907 222
1725361497611 171.26741444385004 223
1725361497633 171.24998253534238 224
1725361497652 171.23255241348147 225
1725361497678 171.21512407808092 226
1725361497703 171.19769752895454 227
1725361497722 171.18027276591596 228
1725361497743 171.16284978877908 229
1725361497764 171.14542859735764 230
1725361497785 171.1280091914654 231
1725361497807 171.1105915709162 232
1725361497828 171.09317573552394 233
1725361497849 171.0757616851024 234
1725361497870 171.05834941946557 235
1725361497895 171.04093893842733 236
1725361497922 171.02353024180155 237
1725361497947 171.00612332940221 238
1725361497971 170.9887182010433 239
1725361497993 170.97131485653878 240
1725361498017 170.95391329570268 241
1725361498039 170.936513518349 242
1725361498060 170.91911552429175 243
1725361498087 170.90171931334513 244
1725361498110 170.8843248853231 245
1725361498132 170.8669322400398 246
1725361498156 170.8495413773094 247
1725361498178 170.83215229694605 248
1725361498199 170.81476499876385 249
1725361498220 170.79737948257704 250
1725361498243 170.77999574819975 251
1725361498266 170.76261379544636 252
1725361498288 170.74523362413103 253
1725361498311 170.727855234068 254
1725361498335 170.7104786250716 255
1725361498357 170.69310379695614 256
1725361498378 170.67573074953594 257
1725361498401 170.65835948262531 258
1725361498423 170.6409899960387 259
1725361498444 170.62362228959043 260
1725361498467 170.60625636309496 261
1725361498489 170.58889221636665 262
1725361498511 170.57152984922004 263
1725361498537 170.55416926146953 264
1725361498560 170.53681045292961 265
1725361498581 170.5194534234149 266
1725361498606 170.50209817273975 267
1725361498630 170.48474470071886 268
1725361498651 170.46739300716666 269
1725361498676 170.4500430918979 270
1725361498696 170.43269495472708 271
1725361498717 170.41534859546883 272
1725361498739 170.39800401393785 273
1725361498759 170.38066120994878 274
1725361498782 170.36332018331635 275
1725361498804 170.34598093385523 276
1725361498832 170.32864346138012 277
1725361498860 170.31130776570583 278
1725361498882 170.2939738466471 279
1725361498913 170.27664170401874 280
1725361498937 170.25931133763555 281
1725361498966 170.24198274731233 282
1725361498990 170.22465593286398 283
1725361499014 170.2073308941053 284
1725361499037 170.19000763085126 285
1725361499061 170.17268614291677 286
1725361499085 170.15536643011666 287
1725361499109 170.13804849226597 288
1725361499129 170.12073232917965 289
1725361499152 170.10341794067264 290
1725361499202 170.08610532656004 291
1725361499226 170.0687944866568 292
1725361499248 170.05148542077802 293
1725361499270 170.03417812873874 294
1725361499292 170.01687261035408 295
1725361499313 169.99956886543916 296
1725361499335 169.982266893809 297
1725361499356 169.96496669527886 298
1725361499377 169.94766826966392 299
1725361499397 169.9303716167793 300
1725361499419 169.91359534300366 301
1725361499440 169.89656144746635 302
1725361499463 169.8795292981635 303
1725361499492 169.8624988819338 304
1725361499519 169.84547019859772 305
1725361499542 169.82844324797514 306
1725361499565 169.81141802988594 307
1725361499586 169.79439454415 308
1725361499613 169.77737279058732 309
1725361499639 169.76035276901771 310
1725361499663 169.74333447926125 311
1725361499685 169.72631792113785 312
1725361499706 169.70930309446754 313
1725361499733 169.69228999907025 314
1725361499754 169.67527863476613 315
1725361499777 169.65826900137517 316
1725361499801 169.64126109871748 317
1725361499830 169.6242549266131 318
1725361499854 169.60725048488223 319
1725361499876 169.5902477733449 320
1725361499899 169.57324679182133 321
1725361499924 169.5562475401317 322
1725361499944 169.53925001809614 323
1725361499973 169.52225422553494 324
1725361499996 169.50526016226829 325
1725361500027 169.48826782811636 326
1725361500050 169.47127722289957 327
1725361500072 169.45428834643812 328
1725361500093 169.43730119855232 329
1725361500115 169.4203157790625 330
1725361500136 169.403332087789 331
1725361500160 169.38635012455228 332
1725361500182 169.36936988917256 333
1725361500203 169.35239138147034 334
1725361500230 169.33541460126608 335
1725361500250 169.31843954838016 336
1725361500271 169.30146622263302 337
1725361500292 169.28449462384523 338
1725361500314 169.26752475183721 339
1725361500335 169.25055660642954 340
1725361500356 169.23359018744273 341
1725361500378 169.21662549469733 342
1725361500399 169.199662528014 343
1725361500420 169.18270128721323 344
1725361500442 169.16574177211564 345
1725361500463 169.14878398254197 346
1725361500488 169.13182791831278 347
1725361500509 169.1148735792488 348
1725361500537 169.0979209651707 349
1725361500558 169.0809700758992 350
1725361500581 169.06402091125503 351
1725361500608 169.04707347105892 352
1725361500632 169.03012775513167 353
1725361500660 169.0131837632941 354
1725361500682 168.996241495367 355
1725361500705 168.9793009511712 356
1725361500726 168.96236213052754 357
1725361500750 168.9454250332569 358
1725361500774 168.92848965918014 359
1725361500799 168.91155600811825 360
1725361500824 168.894624079892 361
1725361500850 168.8776938743225 362
1725361500880 168.86076539123064 363
1725361500902 168.84383863043743 364
1725361500923 168.82691359176388 365
1725361500948 168.80999027503094 366
1725361500974 168.79306868005975 367
1725361501004 168.77614880667133 368
1725361501020 168.75923065468675 369
1725361501042 168.7423142239271 370
1725361501063 168.7253995142136 371
1725361501086 168.70848652536725 372
1725361501110 168.6915752572093 373
1725361501160 168.6746657095609 374
1725361501184 168.65775788224332 375
1725361501205 168.64085177507764 376
1725361501231 168.62394738788515 377
1725361501260 168.60704472048718 378
1725361501295 168.59014377270492 379
1725361501333 168.57324454435965 380
1725361501360 168.5563470352728 381
1725361501386 168.5394512452656 382
1725361501415 168.52255717415943 383
1725361501437 168.50566482177564 384
1725361501458 168.4887741879357 385
1725361501479 168.4718852724609 386
1725361501500 168.4549980751728 387
1725361501522 168.43811259589276 388
1725361501544 168.42122883444225 389
1725361501566 168.40434679064276 390
1725361501588 168.38746646431585 391
1725361501610 168.370587855283 392
1725361501629 168.35371096336576 393
1725361501651 168.33683578838574 394
1725361501679 168.31996233016443 395
1725361501699 168.30309058852353 396
1725361501721 168.2862205632846 397
1725361501743 168.26935225426928 398
1725361501766 168.2524856612993 399
1725361501790 168.23562078419621 400
1725361501812 168.21875762278185 401
1725361501838 168.20189617687785 402
1725361501860 168.18503644630601 403
1725361501881 168.16817843088802 404
1725361501903 168.15132213044572 405
1725361501928 168.13446754480083 406
1725361501951 168.11761467377525 407
1725361501974 168.10076351719076 408
1725361502022 168.08391407486923 409
1725361502040 168.06706634663252 410
1725361502062 168.05022033230253 411
1725361502084 168.03337603170115 412
1725361502102 168.01653344465032 413
1725361502121 167.99969257097203 414
1725361502140 167.98285341048822 415
1725361502159 167.96601596302088 416
1725361502184 167.94918022839198 417
1725361502203 167.9323462064236 418
1725361502225 167.9155138969378 419
1725361502247 167.89868329975653 420
1725361502267 167.88185441470202 421
1725361502290 167.86502724159627 422
1725361502309 167.84820178026143 423
1725361502335 167.83137803051966 424
1725361502362 167.81455599219305 425
1725361502380 167.79773566510391 426
1725361502401 167.78091704907436 427
1725361502423 167.76410014392658 428
1725361502447 167.7472849494829 429
1725361502467 167.7304714655655 430
1725361502494 167.7136596919967 431
1725361502513 167.69684962859876 432
1725361502535 167.68004127519401 433
1725361502556 167.6632346316048 434
1725361502577 167.64642969765345 435
1725361502601 167.62962647316235 436
1725361502627 167.6128249579539 437
1725361502651 167.5960251518505 438
1725361502674 167.57922705467456 439
1725361502693 167.5624306662486 440
1725361502717 167.54563598639496 441
1725361502738 167.52884301493623 442
1725361502758 167.51205175169486 443
1725361502778 167.49526219649343 444
1725361502799 167.47847434915445 445
1725361502817 167.46168820950047 446
1725361502841 167.44490377735409 447
1725361502861 167.42812105253793 448
1725361502884 167.41134003487457 449
1725361502911 167.39456072418668 450
1725361502932 167.3777831202969 451
1725361502950 167.3610072230279 452
1725361502978 167.34423303220242 453
1725361503009 167.32746054764317 454
1725361503028 167.31068976917282 455
1725361503049 167.2939206966142 456
1725361503071 167.27715332979 457
1725361503096 167.2603876685231 458
1725361503117 167.2436237126363 459
1725361503139 167.22686146195238 460
1725361503161 167.21010091629424 461
1725361503182 167.19334207548468 462
1725361503203 167.1765849393467 463
1725361503225 167.15982950770308 464
1725361503247 167.14307578037685 465
1725361503269 167.1263237571909 466
1725361503289 167.10957343796815 467
1725361503310 167.09282482253172 468
1725361503334 167.07607791070453 469
1725361503351 167.05933270230958 470
1725361503373 167.04258919716992 471
1725361503396 167.02584739510866 472
1725361503420 167.00910729594884 473
1725361503442 166.99236889951354 474
1725361503463 166.9756322056259 475
1725361503487 166.9588972141091 476
1725361503510 166.94216392478626 477
1725361503531 166.92543233748054 478
1725361503552 166.9087024520151 479
1725361503574 166.8919742682132 480
1725361503594 166.87524778589813 481
1725361503618 166.858523004893 482
1725361503650 166.84179992502118 483
1725361503671 166.82507854610594 484
1725361503692 166.80835886797058 485
1725361503714 166.79164089043846 486
1725361503735 166.77492461333287 487
1725361503756 166.7582100364772 488
1725361503776 166.7414971596949 489
1725361503797 166.72478598280924 490
1725361503828 166.70807650564373 491
1725361503848 166.69136872802176 492
1725361503870 166.6746626497669 493
1725361503895 166.65795827070252 494
1725361503917 166.64125559065212 495
1725361503938 166.62455460943926 496
1725361503959 166.6078553268875 497
1725361503981 166.59115774282034 498
1725361504002 166.57446185706138 499
