1725342884098 168.7980120451159 0
1725342884117 1367247154228515.2 1
1725342884140 6.6442227744142835e+31 2
1725342884156 3.263100797925768e+48 3
1725342884178 1.6025992858775646e+65 4
1725342884197 7.87080998133111e+81 5
1725342884214 3.865573279798106e+98 6
1725342884230 1.898490348127546e+115 7
1725342884249 9.32401313091058e+131 8
1725342884266 4.5792816882707823e+148 9
1725342884286 2.249012360462451e+165 10
1725342884303 1.1045524040306201e+182 11
1725342884323 5.424763485955025e+198 12
1725342884340 2.6642519423401764e+215 13
1725342884361 1.3084880899676244e+232 14
1725342884380 6.426348253248314e+248 15
1725342884408 3.1561580260963222e+265 16
1725342884429 1.550076823280951e+282 17
1725342884447 7.612857588897661e+298 18
1725342884464 inf 19
1725342884481 inf 20
