1725388764188 174.01789793927136 0
1725388764217 173.99980050230465 1
1725388764246 173.98222907233597 2
1725388764277 173.96465940219127 3
1725388764310 173.94709152290847 4
1725388764346 173.92952543430016 5
1725388764378 173.91196113618082 6
1725388764406 173.89439862836517 7
1725388764434 173.87683791066783 8
1725388764460 173.85927898290333 9
1725388764495 173.8417218448864 10
1725388764519 173.82416649643173 11
1725388764546 173.806612937354 12
1725388764578 173.78906116746796 13
1725388764610 173.7715111865883 14
1725388764638 173.75396299452984 15
1725388764664 173.7364165911073 16
1725388764695 173.71887197613552 17
1725388764723 173.70132914942928 18
1725388764758 173.68378811080345 19
1725388764787 173.66624886007293 20
1725388764816 173.64871139705252 21
1725388764844 173.6311757215571 22
1725388764878 173.61364183340172 23
1725388764903 173.59610973240117 24
1725388764928 173.57857941837045 25
1725388764953 173.5610508911246 26
1725388764980 173.5435241504786 27
1725388765006 173.5259991962474 28
1725388765032 173.50847602824606 29
1725388765058 173.49095464628965 30
1725388765084 173.47343505019327 31
1725388765110 173.455917239772 32
1725388765137 173.43840121484092 33
1725388765161 173.4208869752152 34
1725388765183 173.40337452070997 35
1725388765212 173.38586385114044 36
1725388765237 173.36835496632173 37
1725388765261 173.35084786606913 38
1725388765287 173.33334255019787 39
1725388765312 173.31583901852315 40
1725388765337 173.29833727086026 41
1725388765370 173.2808373070245 42
1725388765423 173.26333912683123 43
1725388765446 173.24584273009572 44
1725388765472 173.22834811663327 45
1725388765499 173.2108552862594 46
1725388765526 173.19336423878937 47
1725388765552 173.17587497403863 48
1725388765579 173.15838749182265 49
1725388765606 173.14090179195682 50
1725388765637 173.12341787425663 51
1725388765681 173.10593573853757 52
1725388765706 173.08845538461512 53
1725388765732 173.0709768123049 54
1725388765767 173.05350002142237 55
1725388765798 173.0360250117831 56
1725388765823 173.01855178320272 57
1725388765848 173.0010803354968 58
1725388765873 172.98361066848094 59
1725388765895 172.9661427819709 60
1725388765918 172.94867667578222 61
1725388765945 172.93121234973063 62
1725388765968 172.91374980363184 63
1725388765996 172.8962890373016 64
1725388766026 172.87883005055562 65
1725388766056 172.86137284320967 66
1725388766090 172.84391741507952 67
1725388766113 172.826463765981 68
1725388766137 172.8090118957299 69
1725388766161 172.7915618041421 70
1725388766188 172.77411349103343 71
1725388766211 172.75666695621976 72
1725388766236 172.73922219951706 73
1725388766264 172.72177922074118 74
1725388766287 172.70433801970808 75
1725388766313 172.6868985962337 76
1725388766336 172.66946095013407 77
1725388766364 172.65202508122516 78
1725388766388 172.63459098932302 79
1725388766419 172.6171586742436 80
1725388766437 172.599728135803 81
1725388766461 172.58229937381736 82
1725388766489 172.56487238810269 83
1725388766520 172.54744717847515 84
1725388766550 172.53002374475088 85
1725388766576 172.51260208674606 86
1725388766604 172.49518220427677 87
1725388766629 172.47776409715925 88
1725388766652 172.4603477652098 89
1725388766678 172.44293320824454 90
1725388766702 172.42552042607977 91
1725388766724 172.40810941853172 92
1725388766752 172.39070018541676 93
1725388766787 172.37329272655114 94
1725388766811 172.35588704175123 95
1725388766843 172.33848313083337 96
1725388766877 172.3210809936139 97
1725388766904 172.30368062990928 98
1725388766933 172.2862820395358 99
1725388766964 172.26888522231005 100
1725388766985 172.2514901780483 101
1725388767019 172.23409690656715 102
1725388767043 172.21670540768307 103
1725388767070 172.1993156812125 104
1725388767095 172.18192772697205 105
1725388767121 172.1645415447782 106
1725388767145 172.14715713444758 107
1725388767172 172.12977449579674 108
1725388767198 172.11239362864225 109
1725388767224 172.09501453280077 110
1725388767248 172.07763720808896 111
1725388767271 172.06026165432348 112
1725388767294 172.04288787132097 113
1725388767320 172.02551585889822 114
1725388767344 172.00814561687184 115
1725388767368 171.99077714505864 116
1725388767393 171.97341044327538 117
1725388767417 171.95604551133883 118
1725388767446 171.93868234906577 119
1725388767473 171.92132095627306 120
1725388767503 171.90396133277753 121
1725388767524 171.88660347839598 122
1725388767552 171.86924739294537 123
1725388767578 171.85189307624256 124
1725388767603 171.83454052810444 125
1725388767629 171.817189748348 126
1725388767654 171.79984073679017 127
1725388767678 171.78249349324796 128
1725388767705 171.76514801753828 129
1725388767730 171.74780430947823 130
1725388767752 171.73046236888482 131
1725388767777 171.7131221955751 132
1725388767804 171.69578378936612 133
1725388767828 171.678447150075 134
1725388767859 171.66111227751884 135
1725388767886 171.64377917151475 136
1725388767910 171.62644783187994 137
1725388767938 171.60911825843152 138
1725388767961 171.59179045098674 139
1725388767989 171.57446440936278 140
1725388768014 171.55714013337683 141
1725388768040 171.53981762284621 142
1725388768066 171.52249687758814 143
1725388768093 171.5051778974199 144
1725388768121 171.4878606821588 145
1725388768146 171.47054523162225 146
1725388768172 171.4532315456275 147
1725388768200 171.4359196239919 148
1725388768227 171.41860946653287 149
1725388768254 171.4013010730679 150
1725388768279 171.38399444341428 151
1725388768310 171.36668957738954 152
1725388768336 171.34938647481104 153
1725388768361 171.3320851354964 154
1725388768388 171.31478555926302 155
1725388768412 171.29748774592846 156
1725388768442 171.28019169531024 157
1725388768469 171.26289740722595 158
1725388768494 171.24560488149314 159
1725388768519 171.22831411792941 160
1725388768547 171.2110251163524 161
1725388768573 171.19373787657972 162
1725388768599 171.17645239842906 163
1725388768623 171.15916868171806 164
1725388768653 171.14188672626443 165
1725388768689 171.1246065318859 166
1725388768710 171.10732809840016 167
1725388768734 171.09005142562498 168
1725388768761 171.0727765133782 169
1725388768793 171.0555033614775 170
1725388768818 171.03823196974074 171
1725388768844 171.02096233798585 172
1725388768870 171.0036944660305 173
1725388768900 170.9864283536927 174
1725388768927 170.96916400079027 175
1725388768954 170.95190140714115 176
1725388768981 170.93464057256327 177
1725388769005 170.91738149687455 178
1725388769033 170.90012417989294 179
1725388769057 170.88286862143647 180
1725388769077 170.86561482132313 181
1725388769102 170.84836277937094 182
1725388769131 170.83111249539797 183
1725388769157 170.81386396922227 184
1725388769185 170.79661720066193 185
1725388769212 170.77937218953497 186
1725388769238 170.7621289356596 187
1725388769260 170.744887438854 188
1725388769286 170.72764769893624 189
1725388769312 170.71040971572452 190
1725388769336 170.69317348903706 191
1725388769361 170.67593901869208 192
1725388769386 170.65870630450777 193
1725388769415 170.64147534630246 194
1725388769444 170.6242461438944 195
1725388769468 170.60701869710186 196
1725388769500 170.58979300574313 197
1725388769531 170.57256906963664 198
1725388769556 170.5553468886007 199
1725388769579 170.53812646245362 200
1725388769603 170.52090779101385 201
1725388769627 170.50369087409985 202
1725388769653 170.48647571152992 203
1725388769679 170.46926230312266 204
1725388769705 170.45205064869646 205
1725388769732 170.4348407480698 206
1725388769757 170.4176326010612 207
1725388769780 170.40042620748918 208
1725388769816 170.3832215671723 209
1725388769844 170.36601867992917 210
1725388769871 170.3488175455783 211
1725388769894 170.33161816393834 212
1725388769920 170.31442053482792 213
1725388769945 170.29722465806566 214
1725388769970 170.28003053347018 215
1725388769994 170.26283816086027 216
1725388770019 170.2456475400545 217
1725388770045 170.22845867087173 218
1725388770070 170.2112715531306 219
1725388770095 170.1940861866499 220
1725388770119 170.17690257124843 221
1725388770143 170.15972070674493 222
1725388770165 170.14254059295828 223
1725388770188 170.1253622297073 224
1725388770214 170.10818561681083 225
1725388770239 170.09101075408776 226
1725388770261 170.07383764135696 227
1725388770285 170.05666627843738 228
1725388770311 170.03949666514794 229
1725388770336 170.02232880130754 230
1725388770364 170.00516268673522 231
1725388770387 169.98799832125 232
1725388770412 169.97083570467075 233
1725388770439 169.95367483681662 234
1725388770462 169.9365157175066 235
1725388770487 169.91935834655985 236
1725388770509 169.90220272379534 237
1725388770534 169.88504884903222 238
1725388770561 169.86789672208965 239
1725388770586 169.85074634278672 240
1725388770610 169.83359771094266 241
1725388770638 169.81645082637655 242
1725388770661 169.79930568890768 243
1725388770685 169.78216229835527 244
1725388770711 169.7650206545385 245
1725388770744 169.7478807572767 246
1725388770770 169.73074260638907 247
1725388770797 169.713606201695 248
1725388770829 169.69647154301373 249
1725388770853 169.67933863016466 250
1725388770878 169.66220746296707 251
1725388770904 169.64507804124048 252
1725388770931 169.62795036480406 253
1725388770953 169.6108244334774 254
1725388770979 169.59370024707994 255
1725388771007 169.576577805431 256
1725388771031 169.55945710835016 257
1725388771060 169.54233815565686 258
1725388771088 169.5252209471706 259
1725388771110 169.50810548271096 260
1725388771133 169.4909917620975 261
1725388771160 169.4738797851497 262
1725388771187 169.45676955168724 263
1725388771215 169.43966106152965 264
1725388771247 169.42255431449664 265
1725388771268 169.40544931040773 266
1725388771296 169.3883460490827 267
1725388771320 169.37124453034122 268
1725388771338 169.3541447540029 269
1725388771360 169.33704671988752 270
1725388771387 169.31995042781486 271
1725388771416 169.30285587760466 272
1725388771441 169.28576306907664 273
1725388771466 169.26867200205064 274
1725388771493 169.2515826763465 275
1725388771517 169.234495091784 276
1725388771546 169.21740924818306 277
1725388771569 169.20032514536348 278
1725388771600 169.18324278314523 279
1725388771628 169.16616216134815 280
1725388771653 169.14908327979225 281
1725388771678 169.1320061382974 282
1725388771706 169.11493073668365 283
1725388771740 169.0978570747709 284
1725388771769 169.08078515237926 285
1725388771796 169.06371496932866 286
1725388771822 169.0466465254392 287
1725388771845 169.02957982053096 288
1725388771866 169.012514854424 289
1725388771892 168.99545162693846 290
1725388771920 168.97839013789437 291
1725388771946 168.96133038711193 292
1725388771972 168.94427237441133 293
1725388771997 168.9272160996127 294
1725388772020 168.9101615625363 295
1725388772048 168.8931087630023 296
1725388772073 168.87605770083096 297
1725388772098 168.85900837584248 298
1725388772123 168.84196078785723 299
1725388772149 168.82491493669545 300
1725388772173 168.80787082217748 301
1725388772196 168.79082844412363 302
1725388772218 168.77378780235426 303
1725388772243 168.75674889668974 304
1725388772268 168.73971172695047 305
1725388772294 168.72267629295683 306
1725388772315 168.7056425945293 307
1725388772333 168.6886106314883 308
1725388772353 168.67158040365427 309
1725388772376 168.65455191084777 310
1725388772402 168.63752515288925 311
1725388772428 168.62050012959924 312
1725388772453 168.60347684079827 313
1725388772480 168.58645528630694 314
1725388772509 168.56943546594582 315
1725388772538 168.55241737953548 316
1725388772561 168.53540102689658 317
1725388772586 168.51838640784976 318
1725388772614 168.50137352221566 319
1725388772639 168.48436236981493 320
1725388772662 168.46735295046835 321
1725388772687 168.45034526399652 322
1725388772713 168.43333931022028 323
1725388772738 168.41633508896035 324
1725388772765 168.39933260003747 325
1725388772785 168.38233184327242 326
1725388772810 168.3653328184861 327
1725388772844 168.34833552549927 328
1725388772871 168.33133996413278 329
1725388772896 168.31434613420754 330
1725388772917 168.2973540355444 331
1725388772946 168.28036366796425 332
1725388772969 168.26337503128806 333
1725388773002 168.24638812533672 334
1725388773029 168.22940294993128 335
1725388773052 168.21241950489267 336
1725388773080 168.19543779004186 337
1725388773103 168.17845780519988 338
1725388773129 168.16147955018783 339
1725388773151 168.14450302482672 340
1725388773175 168.12752822893762 341
1725388773202 168.11055516234168 342
1725388773227 168.09358382485996 343
1725388773253 168.0766142163136 344
1725388773284 168.05964633652377 345
1725388773307 168.04268018531164 346
1725388773329 168.0257157624984 347
1725388773356 168.00875306790527 348
1725388773386 167.99179210135347 349
1725388773414 167.97483286266427 350
1725388773442 167.95787535165888 351
1725388773468 167.94091956815862 352
1725388773495 167.9239655119848 353
1725388773519 167.90701318295876 354
1725388773545 167.8900625809018 355
1725388773572 167.87311370563535 356
1725388773594 167.8561665569807 357
1725388773622 167.83922113475936 358
1725388773644 167.82227743879267 359
1725388773670 167.80533546890206 360
1725388773694 167.78839522490904 361
1725388773721 167.77145670663506 362
1725388773751 167.75451991390162 363
1725388773779 167.73758484653024 364
1725388773805 167.72065150434244 365
1725388773836 167.70371988715976 366
1725388773861 167.6867899948038 367
1725388773892 167.66986182709618 368
1725388773924 167.65293538385842 369
1725388773953 167.63601066491225 370
1725388773980 167.6190876700792 371
1725388774005 167.60216639918104 372
1725388774029 167.58524685203943 373
1725388774053 167.56832902847603 374
1725388774076 167.55141292831263 375
1725388774100 167.53449855137092 376
1725388774125 167.51758589747269 377
1725388774148 167.5006749664397 378
1725388774174 167.48376575809374 379
1725388774200 167.46685827225664 380
1725388774227 167.44995250875027 381
1725388774254 167.43304846739645 382
1725388774278 167.41614614801705 383
1725388774310 167.399245550434 384
1725388774336 167.38234667446915 385
1725388774365 167.3654495199445 386
1725388774393 167.34855408668196 387
1725388774419 167.3316603745035 388
1725388774445 167.31476838323113 389
1725388774468 167.29787811268685 390
1725388774494 167.28098956269267 391
1725388774518 167.26410273307067 392
1725388774546 167.24721762364283 393
1725388774572 167.23033423423138 394
1725388774601 167.21345256465824 395
1725388774624 167.19657261474566 396
1725388774646 167.1796943843158 397
1725388774670 167.1628178731907 398
1725388774695 167.14594308119266 399
1725388774721 167.12907000814374 400
1725388774747 167.1121986538663 401
1725388774774 167.0953290181825 402
1725388774801 167.07846110091455 403
1725388774828 167.06159490188483 404
1725388774861 167.04473042091556 405
1725388774885 167.02786765782903 406
1725388774912 167.01100661244763 407
1725388774935 166.99414728459368 408
1725388774962 166.97728967408955 409
1725388774986 166.9604337807576 410
1725388775011 166.94357960442028 411
1725388775037 166.92672714489996 412
1725388775069 166.90987640201914 413
1725388775097 166.8930273756002 414
1725388775120 166.87618006546572 415
1725388775153 166.8593344714381 416
1725388775185 166.84249059334 417
1725388775234 166.82564843099377 418
1725388775255 166.8088079842221 419
1725388775275 166.79196925284754 420
1725388775294 166.77513223669263 421
1725388775311 166.75829693558 422
1725388775330 166.74146334933232 423
1725388775353 166.72463147777225 424
1725388775377 166.70780132072238 425
1725388775393 166.69097287800545 426
1725388775405 166.67414614944417 427
1725388775417 166.65732113486126 428
1725388775429 166.64049783407944 429
1725388775440 166.6236762469215 430
1725388775453 166.6068563732102 431
1725388775465 166.59003821276838 432
1725388775476 166.57322176541882 433
1725388775487 166.5564070309843 434
1725388775500 166.53959400928784 435
1725388775513 166.52278270015216 436
1725388775532 166.50597310340024 437
1725388775553 166.48916521885496 438
1725388775570 166.47235904633925 439
1725388775590 166.45555458567608 440
1725388775610 166.43875183668843 441
1725388775630 166.42195079919927 442
1725388775648 166.40515147303157 443
1725388775673 166.38835385800843 444
1725388775694 166.37155795395282 445
1725388775714 166.35476376068786 446
1725388775731 166.3379712780366 447
1725388775753 166.32118050582218 448
1725388775777 166.30439144386764 449
1725388775799 166.28760409199623 450
1725388775828 166.27081845003104 451
1725388775856 166.25403451779525 452
1725388775886 166.23725229511206 453
1725388775913 166.2204717818047 454
1725388775937 166.20369297769636 455
1725388775960 166.18691588261035 456
1725388775992 166.17014049636992 457
1725388776017 166.15336681879833 458
1725388776037 166.1365948497189 459
1725388776058 166.11982458895497 460
1725388776080 166.10305603632992 461
1725388776101 166.08628919166705 462
1725388776126 166.06952405478978 463
1725388776150 166.05276062552147 464
1725388776167 166.03599890368562 465
1725388776179 166.01923888910557 466
1725388776190 166.00248058160486 467
1725388776202 165.9857239810069 468
1725388776213 165.96896908713526 469
1725388776225 165.95221589981344 470
1725388776238 165.9354644188649 471
1725388776250 165.91871464411327 472
1725388776267 165.9019665753821 473
1725388776289 165.88522021249494 474
1725388776318 165.8684755552754 475
1725388776337 165.85173260354722 476
1725388776361 165.83499135713396 477
1725388776385 165.81825181585924 478
1725388776402 165.80151397954683 479
1725388776416 165.78477784802033 480
1725388776433 165.76804342110356 481
1725388776450 165.75131069862022 482
1725388776466 165.73457968039406 483
1725388776481 165.71785036624888 484
1725388776496 165.7011227560085 485
1725388776516 165.68439684949666 486
1725388776539 165.66767264653723 487
1725388776556 165.65095014695405 488
1725388776572 165.63422935057102 489
1725388776588 165.61751025721202 490
1725388776604 165.60079286670094 491
1725388776621 165.5840771788617 492
1725388776637 165.56736319351828 493
1725388776659 165.55065091049462 494
1725388776677 165.53394032961472 495
1725388776707 165.51723145070258 496
1725388776727 165.5005242735822 497
1725388776748 165.48381879807758 498
1725388776773 165.46711502401288 499
