1725405678993 2.854162744798052e+297 0
1725405679064 5.16502020516431e+295 1
1725405679140 2.0505209873780753e+295 2
1725405679203 1.0427553061157295e+295 3
1725405679274 8.56657500438215e+292 4
1725405679348 2.8957310850736587e+293 5
1725405679424 8.365025249607062e+293 6
1725405679485 2.427307710629778e+295 7
1725405679566 1.536570845894995e+295 8
1725405679636 7.072335567038734e+296 9
1725405679704 2.819386377839725e+295 10
1725405679771 2.8353170279928664e+297 11
1725405679840 3.477463206120799e+299 12
1725405679904 1.811812368885754e+298 13
1725405679968 1.8639501650744223e+295 14
1725405680034 1.967959850776675e+299 15
1725405680104 1.771084319069575e+300 16
1725405680175 6.778268918097537e+298 17
1725405680243 1.108153054363483e+303 18
1725405680305 3.381942424408491e+300 19
1725405680373 9.674346429048357e+300 20
1725405680444 3.8903825312547275e+302 21
1725405680511 4.1866394543067726e+303 22
1725405680569 5.121541243291446e+305 23
1725405680659 2.5789259593271382e+305 24
1725405680721 1.9935499074188845e+303 25
1725405680805 8.049838738819351e+304 26
