1725390537519 174.2729802492866 0
1725390537547 174.23762732081886 1
1725390537573 174.20228180094918 2
1725390537599 174.16694368808 3
1725390537624 174.13161298061414 4
1725390537650 174.0962896769546 5
1725390537676 174.06097377550498 6
1725390537704 174.02566527466908 7
1725390537730 173.99036417285112 8
1725390537753 173.9550704684556 9
1725390537778 173.9197841598875 10
1725390537804 173.88450524555205 11
1725390537837 173.8492337238549 12
1725390537863 173.81396959320205 13
1725390537886 173.77871285199979 14
1725390537913 173.74346349865485 15
1725390537939 173.70822153157437 16
1725390537967 173.67298694916565 17
1725390537992 173.63775974983648 18
1725390538017 173.60253993199504 19
1725390538044 173.56732749404978 20
1725390538070 173.53212243440956 21
1725390538091 173.49692475148356 22
1725390538117 173.46173444368137 23
1725390538141 173.4265515094129 24
1725390538164 173.39137594708836 25
1725390538189 173.35620775511845 26
1725390538214 173.32104693191408 27
1725390538240 173.28589347588667 28
1725390538265 173.25074738544785 29
1725390538287 173.2156086590097 30
1725390538309 173.1804772949846 31
1725390538335 173.14535329178528 32
1725390538368 173.11023664782496 33
1725390538394 173.07512736151702 34
1725390538420 173.04002543127535 35
1725390538444 173.00493085551406 36
1725390538469 172.96984363264778 37
1725390538495 172.9347637610913 38
1725390538520 172.89969123925997 39
1725390538545 172.86462606556933 40
1725390538570 172.82956823843534 41
1725390538596 172.79451775627436 42
1725390538620 172.75947461750297 43
1725390538646 172.7244388205383 44
1725390538669 172.68941036379766 45
1725390538694 172.6543892456988 46
1725390538719 172.6193754646598 47
1725390538745 172.58436901909914 48
1725390538771 172.54936990743556 49
1725390538795 172.51437812808823 50
1725390538815 172.47939367947666 51
1725390538838 172.4444165600207 52
1725390538882 172.40944676814058 53
1725390538935 172.37448430225683 54
1725390538950 172.33952916079042 55
1725390538976 172.3045813421626 56
1725390539003 172.269640844795 57
1725390539029 172.23470766710955 58
1725390539053 172.19978180752864 59
1725390539078 172.16486326447495 60
1725390539098 172.12995203637152 61
1725390539121 172.09504812164172 62
1725390539147 172.06015151870935 63
1725390539172 172.02526222599843 64
1725390539197 171.9903802419335 65
1725390539222 171.9555055649393 66
1725390539248 171.920638193441 67
1725390539276 171.88577812586416 68
1725390539301 171.8509253606346 69
1725390539327 171.8160798961785 70
1725390539352 171.78124173092252 71
1725390539386 171.74641086329356 72
1725390539409 171.71158729171876 73
1725390539432 171.67677101462596 74
1725390539457 171.64196203044298 75
1725390539481 171.60716033759823 76
1725390539501 171.57236593452032 77
1725390539529 171.53757881963836 78
1725390539550 171.5027989913817 79
1725390539574 171.46802644818007 80
1725390539598 171.43326118846355 81
1725390539622 171.39850321066265 82
1725390539649 171.36375251320808 83
1725390539672 171.329009094531 84
1725390539696 171.29427295306292 85
1725390539720 171.2595440872357 86
1725390539746 171.2248224954815 87
1725390539772 171.1901081762329 88
1725390539797 171.1554011279228 89
1725390539820 171.12070134898443 90
1725390539844 171.08600883785138 91
1725390539870 171.05132359295763 92
1725390539896 171.01664561273745 93
1725390539922 170.98197489562554 94
1725390539946 170.94731144005686 95
1725390539974 170.91265524446678 96
1725390540000 170.878006307291 97
1725390540027 170.84336462696558 98
1725390540053 170.8087302019269 99
1725390540079 170.77410303061174 100
1725390540103 170.73948311145722 101
1725390540129 170.7048704429007 102
1725390540153 170.67026502338013 103
1725390540180 170.6356668513335 104
1725390540201 170.60107592519947 105
1725390540223 170.5664922434168 106
1725390540245 170.5319158044247 107
1725390540274 170.49734660666275 108
1725390540297 170.4627846485708 109
1725390540322 170.42822992858913 110
1725390540350 170.39368244515833 111
1725390540382 170.3591421967194 112
1725390540408 170.32460918171358 113
1725390540433 170.2900833985825 114
1725390540459 170.25556484576822 115
1725390540485 170.221053521713 116
1725390540509 170.18680869946093 117
1725390540534 170.15257102371532 118
1725390540559 170.11834049293878 119
1725390540583 170.08411710559437 120
1725390540608 170.04990086014533 121
1725390540633 170.0156917550554 122
1725390540659 169.98148978878854 123
1725390540679 169.9472949598091 124
1725390540702 169.91310726658182 125
1725390540724 169.87892670757174 126
1725390540746 169.8447532812442 127
1725390540767 169.810586986065 128
1725390540792 169.77642782050017 129
1725390540817 169.7422757830161 130
1725390540838 169.7081308720796 131
1725390540865 169.67399308615776 132
1725390540888 169.63986242371803 133
1725390540914 169.60573888322818 134
1725390540939 169.57162246315636 135
1725390540965 169.537513161971 136
1725390540991 169.50341097814098 137
1725390541014 169.46931591013544 138
1725390541037 169.43522795642383 139
1725390541060 169.40114711547608 140
1725390541087 169.36707338576232 141
1725390541112 169.33300676575308 142
1725390541137 169.29894725391927 143
1725390541162 169.264894848732 144
1725390541188 169.23084954866297 145
1725390541213 169.19681135218403 146
1725390541237 169.1627802577673 147
1725390541258 169.12875626388552 148
1725390541281 169.09473936901156 149
1725390541306 169.06072957161865 150
1725390541329 169.02672687018043 151
1725390541366 168.99273126317084 152
1725390541388 168.95874274906413 153
1725390541400 168.924761326335 154
1725390541411 168.89078699345836 155
1725390541422 168.85681974890954 156
1725390541434 168.82285959116416 157
1725390541445 168.7889065186983 158
1725390541456 168.7549605299883 159
1725390541468 168.7210216235107 160
1725390541479 168.6870897977426 161
1725390541490 168.65316505116135 162
1725390541501 168.61924738224462 163
1725390541518 168.58533678947055 164
1725390541537 168.5514332713174 165
1725390541556 168.51753682626395 166
1725390541575 168.48364745278923 167
1725390541593 168.44976514937264 168
1725390541614 168.41588991449396 169
1725390541633 168.3820217466332 170
1725390541657 168.34816064427082 171
1725390541674 168.31430660588757 172
1725390541689 168.28045962996453 173
1725390541709 168.2466197149832 174
1725390541728 168.2127868594253 175
1725390541747 168.17896106177298 176
1725390541763 168.14514232050865 177
1725390541779 168.11133063411512 178
1725390541795 168.07752600107557 179
1725390541810 168.04372841987342 180
1725390541826 168.00993788899248 181
1725390541841 167.97615440691695 182
1725390541855 167.94237797213134 183
1725390541871 167.90860858312035 184
1725390541887 167.87484623836932 185
1725390541907 167.8410909363636 186
1725390541930 167.80734267558913 187
1725390541956 167.77360145453207 188
1725390541980 167.73986727167895 189
1725390542001 167.7061401255166 190
1725390542018 167.6724200145323 191
1725390542034 167.63870693721347 192
1725390542050 167.60500089204808 193
1725390542066 167.57130187752426 194
1725390542082 167.53760989213066 195
1725390542098 167.5039249343561 196
1725390542113 167.47024700268983 197
1725390542128 167.43657609562138 198
1725390542146 167.40291221164074 199
1725390542171 167.36925534923805 200
1725390542187 167.33560550690396 201
1725390542209 167.30196268312935 202
1725390542228 167.26832687640547 203
1725390542247 167.23469808522393 204
1725390542270 167.2010763080766 205
1725390542298 167.16746154345586 206
1725390542321 167.13385378985413 207
1725390542343 167.10025304576456 208
1725390542368 167.0666593096803 209
1725390542395 167.03307258009494 210
1725390542413 166.99949285550247 211
1725390542434 166.9659201343972 212
1725390542454 166.93235441527372 213
1725390542483 166.898795696627 214
1725390542505 166.86524397695229 215
1725390542528 166.8316992547453 216
1725390542557 166.79816152850194 217
1725390542582 166.7646307967185 218
1725390542604 166.73110705789165 219
1725390542628 166.69759031051834 220
1725390542649 166.66408055309594 221
1725390542672 166.630577784122 222
1725390542699 166.5970820020946 223
1725390542725 166.56359320551198 224
1725390542746 166.53011139287284 225
1725390542772 166.49663656267612 226
1725390542784 166.4631687134212 227
1725390542796 166.4297078436077 228
1725390542808 166.39625395173564 229
1725390542819 166.36280703630533 230
1725390542831 166.32936709581742 231
1725390542842 166.29593412877298 232
1725390542855 166.2625081336733 233
1725390542866 166.22908910901998 234
1725390542878 166.19567705331514 235
1725390542895 166.16227196506102 236
1725390542915 166.12887384276036 237
1725390542929 166.09548268491616 238
1725390542947 166.06209849003176 239
1725390542963 166.0287212566108 240
1725390542978 165.99535098315735 241
1725390542996 165.96198766817568 242
1725390543013 165.92863131017052 243
1725390543038 165.89528190764688 244
1725390543059 165.86193945911015 245
1725390543083 165.8286039630659 246
1725390543110 165.79527541802022 247
1725390543132 165.76195382247943 248
1725390543151 165.72863917495025 249
1725390543177 165.6953314739397 250
1725390543202 165.66203071795505 251
1725390543228 165.62873690550404 252
1725390543252 165.5954500350947 253
1725390543269 165.56217010523537 254
1725390543285 165.5288971144347 255
1725390543297 165.49563106120175 256
1725390543308 165.46237194404583 257
1725390543320 165.42911976147664 258
1725390543332 165.39587451200418 259
1725390543344 165.36263619413882 260
1725390543355 165.32940480639124 261
1725390543367 165.2961803472724 262
1725390543378 165.26296281529375 263
1725390543395 165.22975220896686 264
1725390543415 165.19654852680378 265
1725390543440 165.16335176731687 266
1725390543468 165.13016192901878 267
1725390543489 165.09697901042256 268
1725390543509 165.06380301004145 269
1725390543526 165.03063392638924 270
1725390543542 164.9974717579799 271
1725390543558 164.9643165033277 272
1725390543574 164.93116816094732 273
1725390543588 164.8980267293538 274
1725390543607 164.86489220706247 275
1725390543623 164.83176459258897 276
1725390543639 164.79864388444932 277
1725390543663 164.7655300811598 278
1725390543682 164.73242318123707 279
1725390543702 164.69932318319815 280
1725390543726 164.66623008556036 281
1725390543747 164.63314388684128 282
1725390543767 164.60006458555893 283
1725390543783 164.56699218023164 284
1725390543799 164.53392666937805 285
1725390543815 164.50086805151716 286
1725390543831 164.46781632516817 287
1725390543847 164.4347714888508 288
1725390543863 164.40173354108492 289
1725390543878 164.368702480391 290
1725390543893 164.33567830528946 291
1725390543908 164.30266101430138 292
1725390543925 164.26965060594804 293
1725390543939 164.236647078751 294
1725390543956 164.20365043123226 295
1725390543972 164.17066066191404 296
1725390543989 164.13767776931894 297
1725390544005 164.10470175197 298
1725390544021 164.07173260839036 299
1725390544037 164.0387703371037 300
1725390544053 164.00581493663387 301
1725390544073 163.97286640550516 302
1725390544089 163.93992474224214 303
1725390544104 163.90698994536976 304
1725390544118 163.8740620134132 305
1725390544133 163.8411409448981 306
1725390544149 163.8082267383503 307
1725390544166 163.77531939229604 308
1725390544182 163.7424189052619 309
1725390544198 163.70952527577475 310
1725390544214 163.6766385023618 311
1725390544230 163.6437585835506 312
1725390544246 163.61088551786904 313
1725390544259 163.57801930384525 314
1725390544282 163.54515994000786 315
1725390544300 163.51230742488565 316
1725390544327 163.47946175700784 317
1725390544351 163.44662293490396 318
1725390544374 163.41379095710377 319
1725390544408 163.3809658221375 320
1725390544434 163.3481475285357 321
1725390544460 163.3153360748291 322
1725390544485 163.28253145954892 323
1725390544512 163.24973368122662 324
1725390544532 163.21694273839395 325
1725390544561 163.18415862958312 326
1725390544586 163.1513813533266 327
1725390544616 163.11861090815717 328
1725390544637 163.08584729260792 329
1725390544653 163.05309050521228 330
1725390544669 163.02034054450408 331
1725390544684 162.98759740901738 332
1725390544701 162.95486109728665 333
1725390544717 162.92213160784664 334
1725390544732 162.88940893923237 335
1725390544748 162.85669308997927 336
1725390544763 162.82398405862315 337
1725390544784 162.79128184369998 338
1725390544807 162.75858644374617 339
1725390544826 162.7258978572985 340
1725390544848 162.6932160828939 341
1725390544866 162.66054111906985 342
1725390544893 162.62787296436395 343
1725390544908 162.5952116173143 344
1725390544923 162.5625570764592 345
1725390544940 162.52990934033735 346
1725390544956 162.49726840748772 347
1725390544972 162.46463427644963 348
1725390544987 162.43200694576277 349
1725390545004 162.39938641396705 350
1725390545022 162.36677267960286 351
1725390545045 162.33416574121077 352
1725390545066 162.30156559733172 353
1725390545086 162.26897224650705 354
1725390545106 162.2363856872783 355
1725390545120 162.2038059181874 356
1725390545138 162.17123293777667 357
1725390545160 162.13866674458862 358
1725390545186 162.1061073371662 359
1725390545206 162.07355471405265 360
1725390545233 162.04100887379144 361
1725390545256 162.00846981492654 362
1725390545274 161.9759375360021 363
1725390545290 161.9434120355627 364
1725390545306 161.91089331215312 365
1725390545317 161.8783813643186 366
1725390545328 161.84587619060463 367
1725390545340 161.813377789557 368
1725390545352 161.78088615972192 369
1725390545365 161.7484012996458 370
1725390545376 161.71592320787548 371
1725390545388 161.6834518829581 372
1725390545404 161.6509873234411 373
1725390545431 161.61852952787214 374
1725390545447 161.58607849479947 375
1725390545464 161.55363422277145 376
1725390545480 161.5211967103368 377
1725390545496 161.48876595604457 378
1725390545512 161.45634195844423 379
1725390545532 161.42392471608548 380
1725390545548 161.39151422751826 381
1725390545564 161.359110491293 382
1725390545581 161.32671350596038 383
1725390545597 161.29432327007143 384
1725390545613 161.26193978217742 385
1725390545629 161.22956304083004 386
1725390545645 161.19719304458127 387
1725390545661 161.16482979198335 388
1725390545675 161.13247328158897 389
1725390545688 161.10012351195104 390
1725390545707 161.06778048162286 391
1725390545743 161.03544418915797 392
1725390545778 161.0031146331103 393
1725390545811 160.9707918120341 394
1725390545840 160.93847572448388 395
1725390545871 160.90616636901456 396
1725390545901 160.87386374418136 397
1725390545941 160.84156784853974 398
1725390545982 160.80927868064558 399
1725390546014 160.77699623905505 400
1725390546050 160.7447205223246 401
1725390546085 160.71245152901105 402
1725390546113 160.6801892576716 403
1725390546144 160.6479337068636 404
1725390546171 160.6156848751449 405
1725390546203 160.5834427610736 406
1725390546234 160.551207363208 407
1725390546264 160.518978680107 408
1725390546296 160.48675671032956 409
1725390546320 160.45454145243508 410
1725390546347 160.4223329049833 411
1725390546379 160.39013106653417 412
1725390546414 160.35793593564807 413
1725390546455 160.32574751088566 414
1725390546481 160.29356579080797 415
1725390546514 160.26139077397625 416
1725390546556 160.22922245895214 417
1725390546598 160.19706084429762 418
1725390546641 160.1649059285749 419
1725390546671 160.13275771034662 420
1725390546714 160.10061618817568 421
1725390546737 160.06848136062527 422
1725390546752 160.03635322625897 423
1725390546767 160.00423178364062 424
1725390546792 159.97211703133448 425
1725390546815 159.94000896790496 426
1725390546839 159.90790759191697 427
1725390546857 159.87581290193566 428
1725390546880 159.84372489652642 429
1725390546898 159.8116435742551 430
1725390546941 159.7795689336878 431
1725390547009 159.74750097339094 432
1725390547053 159.7154396919313 433
1725390547088 159.68338508787585 434
1725390547122 159.6513371597921 435
1725390547149 159.61929590624766 436
1725390547175 159.58726132581057 437
1725390547208 159.55523341704924 438
1725390547239 159.52321217853222 439
1725390547268 159.49119760882857 440
1725390547298 159.45918970650754 441
1725390547325 159.42718847013882 442
1725390547349 159.3951938982923 443
1725390547373 159.36320598953822 444
1725390547394 159.3312247424472 445
1725390547422 159.29925015559007 446
1725390547456 159.2672822275381 447
1725390547480 159.23532095686278 448
1725390547508 159.20336634213595 449
1725390547528 159.17141838192984 450
1725390547551 159.13947707481688 451
1725390547572 159.10754241936985 452
1725390547599 159.07561441416192 453
1725390547624 159.0436930577665 454
1725390547651 159.01177834875733 455
1725390547675 158.97987028570853 456
1725390547701 158.94796886719442 457
1725390547726 158.91607409178982 458
1725390547752 158.88418595806962 459
1725390547774 158.85230446460923 460
1725390547803 158.82042960998436 461
1725390547829 158.7885613927709 462
1725390547863 158.75669981154516 463
1725390547896 158.7248448648838 464
1725390547916 158.6929965513637 465
1725390547940 158.66115486956213 466
1725390547969 158.62931981805662 467
1725390547995 158.5974913954251 468
1725390548022 158.5656696002457 469
1725390548047 158.53385443109698 470
1725390548073 158.5020458865578 471
1725390548099 158.47024396520723 472
1725390548125 158.43844866562475 473
1725390548150 158.40665998639017 474
1725390548174 158.37487792608357 475
1725390548196 158.34310248328535 476
1725390548220 158.31133365657624 477
1725390548245 158.2795714445373 478
1725390548274 158.2478158457499 479
1725390548301 158.21606685879559 480
1725390548325 158.18432448225656 481
1725390548347 158.15258871471497 482
1725390548374 158.1208595547535 483
1725390548397 158.08913700095505 484
1725390548427 158.0574210519029 485
1725390548460 158.02571170618063 486
1725390548485 157.99400896237208 487
1725390548510 157.9623128190615 488
1725390548533 157.93062327483335 489
1725390548559 157.89894032827252 490
1725390548583 157.86726397796414 491
1725390548608 157.8355942224936 492
1725390548637 157.80393106044679 493
1725390548667 157.7722744904097 494
1725390548692 157.74062451096873 495
1725390548716 157.70898112071072 496
1725390548738 157.67734431822254 497
1725390548762 157.64571410209163 498
1725390548785 157.6140904709057 499
