1725352414590 168.7980120451159 0
1725352414608 165.5188345049995 1
1725352414626 163.88858339560022 2
1725352414648 162.26644792120067 3
1725352414672 160.66208130188173 4
1725352414695 159.07522244481186 5
1725352414717 157.50567240325813 6
1725352414735 155.9532341937593 7
1725352414756 154.41771313184393 8
1725352414784 152.898916802682 9
1725352414802 151.39665503427045 10
1725352414827 149.9107398709246 11
1725352414852 148.4409855470862 12
1725352414878 146.98720846144315 13
1725352414896 145.5492271513579 14
1725352414917 144.12686226760047 15
1725352414941 142.7199365493825 16
1725352414966 141.32827479968896 17
1725352414989 139.95170386090334 18
1725352415013 138.5900525907237 19
1725352415035 137.24315183836524 20
1725352415060 135.9108344210465 21
1725352415080 134.59293510075554 22
1725352415108 133.2892905612927 23
1725352415127 131.9997393855871 24
1725352415146 130.72412203328292 25
1725352415166 129.46228081859246 26
1725352415211 128.21405988841326 27
1725352415235 126.97930520070562 28
1725352415260 125.75786450312707 29
1725352415279 124.54958731192167 30
1725352415304 123.35432489106061 31
1725352415324 122.17193023163048 32
1725352415349 121.00225803146739 33
1725352415370 119.84516467503323 34
1725352415390 118.7005082135314 35
1725352415410 117.56814834525896 36
1725352415427 116.44794639619276 37
1725352415449 115.33976530080648 38
1725352415471 114.24346958311567 39
1725352415490 113.15892533794839 40
1725352415508 112.08600021243852 41
1725352415528 111.02456338773938 42
1725352415550 109.97448556095429 43
1725352415569 108.9356389272827 44
1725352415589 107.907897162378 45
1725352415608 106.89113540491516 46
1725352415630 105.88523023936604 47
1725352415660 104.8900596789789 48
1725352415678 103.90550314896046 49
1725352415699 102.93144146985794 50
1725352415717 101.96775684113835 51
1725352415737 101.01433282496309 52
1725352415756 100.07105433015526 53
1725352415786 99.13780759635762 54
1725352415808 98.21448017837837 55
1725352415827 97.30096093072336 56
1725352415846 96.39713999231185 57
1725352415865 95.50290877137357 58
1725352415894 94.61815993052562 59
1725352415914 93.74278737202619 60
1725352415934 92.87668622320359 61
1725352415956 92.01975282205828 62
1725352415975 91.17188470303581 63
1725352415993 90.33298058296857 64
1725352416011 89.50294034718473 65
1725352416033 88.6816650357817 66
1725352416095 87.86905683006276 67
1725352416122 87.06501903913457 68
1725352416143 86.26945608666371 69
1725352416163 85.48227349779052 70
1725352416186 84.70337788619801 71
1725352416215 83.93267694133435 72
1725352416236 83.17007941578679 73
1725352416259 82.41549511280552 74
1725352416277 81.6688348739755 75
1725352416295 80.93001056703436 76
1725352416312 80.19893507383493 77
1725352416330 79.4755222784505 78
1725352416348 78.75968705542097 79
1725352416367 78.05134525813855 80
1725352416385 77.35041370737123 81
1725352416403 76.65681017992183 82
1725352416421 75.9704533974222 83
1725352416439 75.29126301525962 84
1725352416456 74.61915961163467 85
1725352416474 73.95406467674887 86
1725352416492 73.29590060212053 87
1725352416510 72.64459067002663 88
1725352416533 72.0000590430704 89
1725352416557 71.36223075387242 90
1725352416580 70.7310316948835 91
1725352416599 70.10638860831855 92
1725352416625 69.48822907620931 93
1725352416650 68.87648151057546 94
1725352416669 68.27107514371163 95
1725352416692 67.67194001858948 96
1725352416715 67.07900697937363 97
1725352416733 66.49220766204975 98
1725352416750 65.91147448516365 99
1725352416769 65.3367406406697 100
1725352416784 64.76794008488808 101
1725352416804 64.20500752956859 102
1725352416827 63.64787843306057 103
1725352416846 63.096488991586824 104
1725352416863 62.55077613062138 105
1725352416894 62.01067749636889 106
1725352416914 61.47613144734472 107
1725352416932 60.9470770460551 108
1725352416951 60.423454050775035 109
1725352416971 59.90520290742412 110
1725352416991 59.392264741537986 111
1725352417011 58.88458135033472 112
1725352417030 58.382095194875376 113
1725352417048 57.88474939231662 114
1725352417070 57.39248770825564 115
1725352417090 56.90525454916503 116
1725352417111 56.422994954917115 117
1725352417130 55.945654591397066 118
1725352417149 55.47317974320259 119
1725352417168 55.00551730643058 120
1725352417192 54.54261478154869 121
1725352417217 54.08442026635074 122
1725352417236 53.63088244899613 123
1725352417255 53.18195060113083 124
1725352417273 52.73757457108975 125
1725352417293 52.29770477717965 126
1725352417315 51.862292201041015 127
1725352417338 51.43128838108848 128
1725352417357 51.00464540602863 129
1725352417378 50.58231590845446 130
1725352417395 50.16425305851524 131
1725352417412 49.75041055766119 132
1725352417432 49.34074263246197 133
1725352417454 48.93520402849809 134
1725352417471 48.53375000432451 135
1725352417491 48.136336325505155 136
1725352417510 47.74291925871815 137
1725352417528 47.35345556593039 138
1725352417551 46.96790249864078 139
1725352417570 46.586217792191526 140
1725352417591 46.20835966014635 141
1725352417608 45.83428678873511 142
1725352417625 45.46395833136378 143
1725352417647 45.09733390318926 144
1725352417669 44.734373575758134 145
1725352417688 44.37503787170834 146
1725352417705 44.0192877595339 147
1725352417725 43.667084648410544 148
1725352417747 43.31839038308297 149
1725352417765 42.973167238811904 150
1725352417782 42.63137791638082 151
1725352417801 42.29298553716169 152
1725352417822 41.957953638238386 153
1725352417839 41.62624616758795 154
1725352417858 41.29782747931827 155
1725352417876 40.972662328962066 156
1725352417905 40.65071586882613 157
1725352417925 40.331953643395394 158
1725352417944 40.016341584790936 159
1725352417962 39.70384600828167 160
1725352417981 39.394433607848676 161
1725352417999 39.08807145180181 162
1725352418028 38.78472697844766 163
1725352418054 38.48436799180889 164
1725352418073 38.186962657393536 165
1725352418095 37.89247949801417 166
1725352418114 37.600887389656314 167
1725352418141 37.31215555739534 168
1725352418158 37.02625357136149 169
1725352418179 36.743151342752014 170
1725352418199 36.462819119890725 171
1725352418227 36.18522748433319 172
1725352418244 35.91034734701838 173
1725352418264 35.638149944464885 174
1725352418282 35.368606835012386 175
1725352418300 35.10168989510682 176
1725352418319 34.837371315629476 177
1725352418338 34.57562359826913 178
1725352418361 34.316419551936676 179
1725352418379 34.05973228922192 180
1725352418398 33.80553522289208 181
1725352418418 33.55380206243121 182
1725352418436 33.30450681062027 183
1725352418454 33.05762376015753 184
1725352418474 32.8131274903183 185
1725352418492 32.57099286365427 186
1725352418510 32.331195022730995 187
1725352418528 32.093709386904294 188
1725352418547 31.85851164913401 189
1725352418567 31.625577772835292 190
1725352418587 31.394883988766715 191
1725352418608 31.166406791955033 192
1725352418628 30.940122938655925 193
1725352418646 30.716009443350185 194
1725352418666 30.49404357577541 195
1725352418688 30.27420285799226 196
1725352418707 30.056465061485145 197
1725352418724 29.840808204296934 198
1725352418746 29.627210548197137 199
1725352418766 29.41565059588331 200
1725352418784 29.206107088215262 201
1725352418805 28.99855900148152 202
1725352418821 28.79298554469801 203
1725352418840 28.58936615693807 204
1725352418862 28.387680504693975 205
1725352418884 28.18790847926929 206
1725352418915 27.990030194201506 207
1725352418935 27.794025982715212 208
1725352418956 27.59987639520471 209
1725352418975 27.407562196746284 210
1725352418995 27.217064364639494 211
1725352419027 27.02836408597719 212
1725352419046 26.84144275524402 213
1725352419065 26.65628197194298 214
1725352419085 26.47286353824957 215
1725352419105 26.291169456693613 216
1725352419124 26.11118192786799 217
1725352419144 25.932883348164154 218
1725352419162 25.7562563075342 219
1725352419181 25.581283587278886 220
1725352419200 25.407948157861746 221
1725352419225 25.236233176748517 222
1725352419245 25.066121986271867 223
1725352419266 24.897598111521017 224
1725352419284 24.730645258256015 225
1725352419304 24.56524731084646 226
1725352419321 24.401388330234045 227
1725352419341 24.239052551919052 228
1725352419361 24.078224383970248 229
1725352419383 23.91888840505815 230
1725352419401 23.761029362510854 231
1725352419419 23.604632170392975 232
1725352419445 23.44968190760681 233
1725352419471 23.296163816015348 234
1725352419493 23.144063298587767 235
1725352419511 22.993365917565825 236
1725352419528 22.844057392652367 237
1725352419546 22.696123599220087 238
1725352419564 22.54955056654201 239
1725352419582 22.404324476041914 240
1725352419600 22.260431659565604 241
1725352419619 22.117858597671905 242
1725352419637 21.97659191794377 243
1725352419659 21.836618393319103 244
1725352419679 21.697924940440807 245
1725352419704 21.560498618026184 246
1725352419737 21.42432662525519 247
1725352419757 21.28939630017767 248
1725352419777 21.155695118138592 249
1725352419795 21.02321069022236 250
1725352419813 20.89193076171437 251
1725352419830 20.761843210581212 252
1725352419847 20.632936045967934 253
1725352419864 20.50519740671313 254
1725352419882 20.378615559881197 255
1725352419899 20.253178899311468 256
1725352419929 20.128875944184486 257
1725352419948 20.005695337604575 258
1725352419968 19.883625845199315 259
1725352419989 19.762656353734734 260
1725352420009 19.64277586974715 261
1725352420030 19.523973518190285 262
1725352420048 19.40623854109863 263
1725352420066 19.2895602962659 264
1725352420085 19.173928255939032 265
1725352420104 19.059332005527324 266
1725352420121 18.94576124232635 267
1725352420139 18.833205774256893 268
1725352420162 18.721655518618427 269
1725352420180 18.61110050085688 270
1725352420198 18.50153085334697 271
1725352420215 18.392936814188285 272
1725352420234 18.285308726015757 273
1725352420251 18.178637034823254 274
1725352420269 18.07291228880162 275
1725352420289 17.968125137189386 276
1725352420312 17.86426632913733 277
1725352420331 17.761326712585774 278
1725352420349 17.659297233155254 279
1725352420367 17.558168933049625 280
1725352420385 17.45793294997223 281
1725352420407 17.358580516054253 282
1725352420426 17.260102956795627 283
1725352420451 17.16249169001828 284
1725352420474 17.065738224831268 285
1725352420501 16.969834160608013 286
1725352420548 16.87477118597519 287
1725352420579 16.7805410778135 288
1725352420605 16.687135700269852 289
1725352420633 16.59454700378096 290
1725352420665 16.50276702410814 291
1725352420682 16.411787881383436 292
1725352420705 16.321601779166585 293
1725352420724 16.232201003512802 294
1725352420749 16.143577922051655 295
1725352420769 16.05572498307598 296
1725352420790 15.96863471464192 297
1725352420811 15.88229972367891 298
1725352420842 15.796712695110141 299
1725352420860 15.711866390982909 300
1725352420883 15.627753649609268 301
1725352420918 15.544367384716459 302
1725352420957 15.461700584607003 303
1725352420977 15.379746311328622 304
1725352420996 15.298497699853641 305
1725352421016 15.217947957267855 306
1725352421038 15.138090361968636 307
1725352421057 15.058918262872453 308
1725352421078 14.98042507863123 309
1725352421100 14.902604296858057 310
1725352421118 14.825449473361317 311
1725352421143 14.74895423138822 312
1725352421161 14.673112260876453 313
1725352421184 14.597917317714852 314
1725352421213 14.523363223012268 315
1725352421235 14.449443862374904 316
1725352421259 14.3761531851921 317
1725352421278 14.303485203930169 318
1725352421300 14.231433993434177 319
1725352421331 14.15999369023829 320
1725352421352 14.089158491883147 321
1725352421371 14.018922656241976 322
1725352421389 13.949280500853819 323
1725352421411 13.880226402264578 324
1725352421436 13.811754795375665 325
1725352421459 13.743860172800089 326
1725352421475 13.676537084225803 327
1725352421493 13.609780135786524 328
1725352421513 13.543583989439561 329
1725352421534 13.477943362350883 330
1725352421553 13.412853026287204 331
1725352421575 13.348307807015104 332
1725352421596 13.284302583706621 333
1725352421614 13.22083228835228 334
1725352421635 13.157891905180216 335
1725352421672 13.095476470082398 336
1725352421698 13.033581070047061 337
1725352421720 12.972200842597784 338
1725352421742 12.91133097523908 339
1725352421766 12.850966704907973 340
1725352421787 12.791103317432219 341
1725352421808 12.731736146994432 342
1725352421829 12.672860575602382 343
1725352421851 12.614472032565558 344
1725352421870 12.556565993977198 345
1725352421889 12.499137982202821 346
1725352421906 12.44218356537408 347
1725352421929 12.385698356888666 348
1725352421959 12.329678014915856 349
1725352421978 12.274118241907658 350
1725352422002 12.219014784115375 351
1725352422020 12.164363431112053 352
1725352422038 12.110160015319874 353
1725352422057 12.056400411543335 354
1725352422078 12.00308053650754 355
1725352422098 11.95019634840167 356
1725352422116 11.897743846427804 357
1725352422136 11.845719070354821 358
1725352422155 11.794118100077258 359
1725352422175 11.74293705517925 360
1725352422196 11.692172094503537 361
1725352422216 11.641819415725127 362
1725352422234 11.591875254929928 363
1725352422253 11.542335886198133 364
1725352422275 11.49319762119244 365
1725352422293 11.444456808750726 366
1725352422313 11.39610983448334 367
1725352422332 11.348153120375361 368
1725352422356 11.300583124392704 369
1725352422380 11.253396340093259 370
1725352422400 11.206589296242187 371
1725352422420 11.160158556431409 372
1725352422437 11.11410071870378 373
1725352422456 11.068412415181161 374
1725352422473 11.02309031169695 375
1725352422490 10.978131107432512 376
1725352422508 10.933531534557972 377
1725352422526 10.889288357876842 378
1725352422547 10.845398374474868 379
1725352422574 10.801858413372596 380
1725352422593 10.758665335182128 381
1725352422616 10.715816031767499 382
1725352422638 10.673307425909078 383
1725352422656 10.631136470971642 384
1725352422673 10.589300150576108 385
1725352422692 10.547795478275273 386
1725352422711 10.506619497232768 387
1725352422730 10.465769279906084 388
1725352422746 10.4252419277327 389
1725352422766 10.385034570820197 390
1725352422787 10.345144367639495 391
1725352422807 10.305568504721716 392
1725352422825 10.26630419635838 393
1725352422846 10.227348684305102 394
1725352422867 10.188699237488379 395
1725352422886 10.150353151715953 396
1725352422904 10.11230774939011 397
1725352422922 10.074560379224543 398
1725352422942 10.037108415964042 399
1725352422973 9.999949260107579 400
1725352422994 9.963080337634409 401
1725352423019 9.926499099733253 402
1725352423037 9.89020302253439 403
1725352423054 9.854189606845 404
1725352423073 9.818456377887216 405
1725352423092 9.783000885039279 406
1725352423110 9.747820701579487 407
1725352423129 9.712913424433086 408
1725352423147 9.678276673921907 409
1725352423168 9.643908093516837 410
1725352423186 9.60980534959301 411
1725352423205 9.57596613118791 412
1725352423225 9.542388149761926 413
1725352423244 9.509069138961701 414
1725352423263 9.47600685438613 415
1725352423280 9.443199073354938 416
1725352423303 9.410643594679899 417
1725352423324 9.37833823843839 418
1725352423344 9.346280845749806 419
1725352423367 9.31446927855412 420
1725352423391 9.282901419393205 421
1725352423409 9.25157517119434 422
1725352423427 9.220488457056263 423
1725352423443 9.189639220037607 424
1725352423460 9.159025422947632 425
1725352423480 9.128645048139235 426
1725352423507 9.098496097304418 427
1725352423526 9.068576591271835 428
1725352423544 9.038884569806699 429
1725352423566 9.009418091412956 430
1725352423588 8.980175233137487 431
1725352423609 8.951154090376583 432
1725352423637 8.922352776684601 433
1725352423663 8.89376942358467 434
1725352423681 8.865402180381414 435
1725352423702 8.83724921397604 436
1725352423720 8.809308708683021 437
1725352423741 8.781578866049287 438
1725352423767 8.754057904675015 439
1725352423791 8.726744060036694 440
1725352423822 8.699635584311828 441
1725352423848 8.672730746205977 442
1725352423880 8.646027830781295 443
1725352423904 8.619525139287338 444
1725352423927 8.59322098899332 445
1725352423955 8.56711371302263 446
1725352423992 8.541201660188896 447
1725352424017 8.515483194833973 448
1725352424034 8.489956696667656 449
1725352424070 8.464620560609116 450
1725352424090 8.439473196630384 451
1725352424113 8.414513029600968 452
1725352424133 8.38973849913483 453
1725352424154 8.365148059438509 454
1725352424181 8.340740179161267 455
1725352424201 8.316513341246731 456
1725352424233 8.292466042786046 457
1725352424260 8.268596794872979 458
1725352424284 8.244904122460246 459
1725352424304 8.2213865642176 460
1725352424325 8.19804267239144 461
1725352424350 8.174871012665966 462
1725352424372 8.151870164025809 463
1725352424390 8.129038718620206 464
1725352424409 8.106375281628639 465
1725352424428 8.083878471127921 466
1725352424445 8.0615469179608 467
1725352424464 8.039379265605909 468
1725352424481 8.017374170049221 469
1725352424502 7.995530299656786 470
1725352424520 7.9738463350490205 471
1725352424538 7.952320968976151 472
1725352424561 7.930952906195296 473
1725352424580 7.9097408633485555 474
1725352424600 7.888683568842715 475
1725352424621 7.867779762730062 476
1725352424641 7.847028196590626 477
1725352424661 7.826427633415583 478
1725352424680 7.805976847492029 479
1725352424698 7.785674624288913 480
1725352424718 7.7655197603442945 481
1725352424731 7.745511063153736 482
1725352424751 7.725647351060003 483
1725352424769 7.705927453143791 484
1725352424788 7.686350209115879 485
1725352424807 7.666914469210218 486
1725352424831 7.647619094078315 487
1725352424854 7.62846295468468 488
1725352424872 7.609444932203479 489
1725352424891 7.590563917916158 490
1725352424915 7.57181881311046 491
1725352424934 7.553208528980144 492
1725352424962 7.534731986526103 493
1725352424989 7.516388116458361 494
1725352425008 7.4981758590992085 495
1725352425030 7.480094164287413 496
1725352425048 7.462141991283323 497
1725352425068 7.444318308675079 498
1725352425088 7.42662209428591 499
