1725343520574 nan 0
1725343520593 nan 1
1725343520615 nan 2
1725343520633 nan 3
1725343520660 nan 4
1725343520677 nan 5
1725343520696 nan 6
1725343520716 nan 7
1725343520734 nan 8
1725343520751 nan 9
1725343520770 nan 10
1725343520787 nan 11
1725343520806 nan 12
1725343520826 nan 13
1725343520848 nan 14
1725343520868 nan 15
1725343520888 nan 16
1725343520910 nan 17
1725343520931 nan 18
1725343520945 nan 19
1725343520966 nan 20
1725343520986 nan 21
1725343521008 nan 22
1725343521031 nan 23
1725343521048 nan 24
1725343521067 nan 25
1725343521084 nan 26
1725343521101 nan 27
1725343521118 nan 28
1725343521135 nan 29
1725343521153 nan 30
1725343521176 nan 31
1725343521199 nan 32
1725343521217 nan 33
1725343521235 nan 34
1725343521253 nan 35
1725343521273 nan 36
1725343521291 nan 37
1725343521313 nan 38
1725343521331 nan 39
1725343521351 nan 40
1725343521372 nan 41
1725343521392 nan 42
1725343521408 nan 43
1725343521426 nan 44
1725343521444 nan 45
1725343521461 nan 46
1725343521479 nan 47
1725343521496 nan 48
1725343521514 nan 49
1725343521537 nan 50
1725343521557 nan 51
1725343521579 nan 52
1725343521599 nan 53
1725343521620 nan 54
1725343521643 nan 55
1725343521671 nan 56
1725343521690 nan 57
1725343521714 nan 58
1725343521736 nan 59
1725343521769 nan 60
1725343521828 nan 61
1725343521845 nan 62
1725343521875 nan 63
1725343521890 nan 64
1725343521904 nan 65
1725343521924 nan 66
1725343521943 nan 67
1725343521965 nan 68
1725343521983 nan 69
1725343522002 nan 70
1725343522022 nan 71
1725343522040 nan 72
1725343522058 nan 73
1725343522075 nan 74
1725343522092 nan 75
1725343522109 nan 76
1725343522126 nan 77
1725343522142 nan 78
1725343522161 nan 79
1725343522182 nan 80
1725343522202 nan 81
1725343522219 nan 82
1725343522237 nan 83
1725343522257 nan 84
1725343522275 nan 85
1725343522298 nan 86
1725343522318 nan 87
1725343522336 nan 88
1725343522351 nan 89
1725343522371 nan 90
1725343522395 nan 91
1725343522415 nan 92
1725343522435 nan 93
1725343522452 nan 94
1725343522471 nan 95
1725343522492 nan 96
1725343522510 nan 97
1725343522532 nan 98
1725343522554 nan 99
1725343522575 nan 100
1725343522594 nan 101
1725343522610 nan 102
1725343522632 nan 103
1725343522651 nan 104
1725343522679 nan 105
1725343522696 nan 106
1725343522713 nan 107
1725343522731 nan 108
1725343522749 nan 109
1725343522766 nan 110
1725343522784 nan 111
1725343522803 nan 112
1725343522823 nan 113
1725343522841 nan 114
1725343522861 nan 115
1725343522881 nan 116
1725343522901 nan 117
1725343522922 nan 118
1725343522942 nan 119
1725343522962 nan 120
1725343522980 nan 121
1725343522998 nan 122
1725343523017 nan 123
1725343523037 nan 124
1725343523056 nan 125
1725343523076 nan 126
1725343523097 nan 127
1725343523114 nan 128
1725343523132 nan 129
1725343523152 nan 130
1725343523170 nan 131
1725343523186 nan 132
1725343523205 nan 133
1725343523224 nan 134
1725343523242 nan 135
1725343523259 nan 136
1725343523277 nan 137
1725343523298 nan 138
1725343523319 nan 139
1725343523337 nan 140
1725343523356 nan 141
1725343523377 nan 142
1725343523398 nan 143
1725343523415 nan 144
1725343523433 nan 145
1725343523450 nan 146
1725343523469 nan 147
1725343523487 nan 148
1725343523507 nan 149
1725343523524 nan 150
1725343523541 nan 151
1725343523558 nan 152
1725343523575 nan 153
1725343523592 nan 154
1725343523612 nan 155
1725343523629 nan 156
1725343523646 nan 157
1725343523663 nan 158
1725343523695 nan 159
1725343523714 nan 160
1725343523732 nan 161
1725343523750 nan 162
1725343523767 nan 163
1725343523786 nan 164
1725343523805 nan 165
1725343523836 nan 166
1725343523853 nan 167
1725343523869 nan 168
1725343523888 nan 169
1725343523906 nan 170
1725343523929 nan 171
1725343523948 nan 172
1725343523967 nan 173
1725343523986 nan 174
1725343524004 nan 175
1725343524031 nan 176
1725343524048 nan 177
1725343524065 nan 178
1725343524082 nan 179
1725343524099 nan 180
1725343524115 nan 181
1725343524132 nan 182
1725343524149 nan 183
1725343524172 nan 184
1725343524191 nan 185
1725343524210 nan 186
1725343524227 nan 187
1725343524248 nan 188
1725343524273 nan 189
1725343524289 nan 190
1725343524300 nan 191
1725343524312 nan 192
1725343524324 nan 193
1725343524337 nan 194
1725343524349 nan 195
1725343524364 nan 196
1725343524376 nan 197
1725343524390 nan 198
1725343524409 nan 199
1725343524423 nan 200
1725343524437 nan 201
1725343524452 nan 202
1725343524473 nan 203
1725343524490 nan 204
1725343524506 nan 205
1725343524522 nan 206
1725343524534 nan 207
1725343524547 nan 208
1725343524561 nan 209
1725343524575 nan 210
1725343524588 nan 211
1725343524600 nan 212
1725343524612 nan 213
1725343524625 nan 214
1725343524638 nan 215
1725343524652 nan 216
1725343524665 nan 217
1725343524678 nan 218
1725343524702 nan 219
1725343524710 nan 220
1725343524717 nan 221
1725343524725 nan 222
1725343524733 nan 223
1725343524740 nan 224
1725343524747 nan 225
1725343524756 nan 226
1725343524765 nan 227
1725343524779 nan 228
1725343524793 nan 229
1725343524809 nan 230
1725343524824 nan 231
1725343524837 nan 232
1725343524849 nan 233
1725343524862 nan 234
1725343524879 nan 235
1725343524892 nan 236
1725343524908 nan 237
1725343524922 nan 238
1725343524935 nan 239
1725343524949 nan 240
1725343524962 nan 241
1725343524973 nan 242
1725343524985 nan 243
1725343525009 nan 244
1725343525027 nan 245
1725343525042 nan 246
1725343525056 nan 247
1725343525070 nan 248
1725343525083 nan 249
1725343525095 nan 250
1725343525109 nan 251
1725343525121 nan 252
1725343525135 nan 253
1725343525149 nan 254
1725343525166 nan 255
1725343525193 nan 256
1725343525213 nan 257
1725343525237 nan 258
1725343525261 nan 259
1725343525279 nan 260
1725343525295 nan 261
1725343525316 nan 262
1725343525336 nan 263
1725343525353 nan 264
1725343525376 nan 265
1725343525396 nan 266
1725343525412 nan 267
1725343525428 nan 268
1725343525444 nan 269
1725343525461 nan 270
1725343525478 nan 271
1725343525495 nan 272
1725343525512 nan 273
1725343525531 nan 274
1725343525551 nan 275
1725343525568 nan 276
1725343525587 nan 277
1725343525604 nan 278
1725343525624 nan 279
1725343525640 nan 280
1725343525657 nan 281
1725343525673 nan 282
1725343525691 nan 283
1725343525721 nan 284
1725343525740 nan 285
1725343525760 nan 286
1725343525777 nan 287
1725343525798 nan 288
1725343525817 nan 289
1725343525836 nan 290
1725343525854 nan 291
1725343525870 nan 292
1725343525888 nan 293
1725343525903 nan 294
1725343525919 nan 295
1725343525938 nan 296
1725343525958 nan 297
1725343525979 nan 298
1725343525998 nan 299
1725343526014 nan 300
1725343526032 nan 301
1725343526051 nan 302
1725343526069 nan 303
1725343526087 nan 304
1725343526106 nan 305
1725343526123 nan 306
1725343526143 nan 307
1725343526164 nan 308
1725343526184 nan 309
1725343526203 nan 310
1725343526221 nan 311
1725343526242 nan 312
1725343526267 nan 313
1725343526286 nan 314
1725343526303 nan 315
1725343526320 nan 316
1725343526337 nan 317
1725343526354 nan 318
1725343526372 nan 319
1725343526390 nan 320
1725343526406 nan 321
1725343526424 nan 322
1725343526439 nan 323
1725343526456 nan 324
1725343526475 nan 325
1725343526495 nan 326
1725343526512 nan 327
1725343526530 nan 328
1725343526548 nan 329
1725343526568 nan 330
1725343526589 nan 331
1725343526609 nan 332
1725343526629 nan 333
1725343526649 nan 334
1725343526666 nan 335
1725343526682 nan 336
1725343526700 nan 337
1725343526730 nan 338
1725343526747 nan 339
1725343526765 nan 340
1725343526785 nan 341
1725343526805 nan 342
1725343526823 nan 343
1725343526841 nan 344
1725343526862 nan 345
1725343526881 nan 346
1725343526899 nan 347
1725343526916 nan 348
1725343526936 nan 349
1725343526955 nan 350
1725343526972 nan 351
1725343526990 nan 352
1725343527007 nan 353
1725343527025 nan 354
1725343527053 nan 355
1725343527070 nan 356
1725343527089 nan 357
1725343527108 nan 358
1725343527126 nan 359
1725343527147 nan 360
1725343527166 nan 361
1725343527182 nan 362
1725343527202 nan 363
1725343527220 nan 364
1725343527237 nan 365
1725343527253 nan 366
1725343527271 nan 367
1725343527287 nan 368
1725343527308 nan 369
1725343527328 nan 370
1725343527348 nan 371
1725343527370 nan 372
1725343527389 nan 373
1725343527412 nan 374
1725343527429 nan 375
1725343527446 nan 376
1725343527464 nan 377
1725343527482 nan 378
1725343527503 nan 379
1725343527522 nan 380
1725343527539 nan 381
1725343527557 nan 382
1725343527574 nan 383
1725343527592 nan 384
1725343527609 nan 385
1725343527625 nan 386
1725343527643 nan 387
1725343527660 nan 388
1725343527679 nan 389
1725343527698 nan 390
1725343527716 nan 391
1725343527749 nan 392
1725343527765 nan 393
1725343527783 nan 394
1725343527800 nan 395
1725343527817 nan 396
1725343527835 nan 397
1725343527853 nan 398
1725343527871 nan 399
1725343527888 nan 400
1725343527904 nan 401
1725343527922 nan 402
1725343527942 nan 403
1725343527964 nan 404
1725343527984 nan 405
1725343528004 nan 406
1725343528023 nan 407
1725343528040 nan 408
1725343528057 nan 409
1725343528074 nan 410
1725343528091 nan 411
1725343528109 nan 412
1725343528127 nan 413
1725343528144 nan 414
1725343528194 nan 415
1725343528217 nan 416
1725343528236 nan 417
1725343528253 nan 418
1725343528270 nan 419
1725343528288 nan 420
1725343528305 nan 421
1725343528321 nan 422
1725343528339 nan 423
1725343528357 nan 424
1725343528374 nan 425
1725343528391 nan 426
1725343528409 nan 427
1725343528428 nan 428
1725343528448 nan 429
1725343528467 nan 430
1725343528485 nan 431
1725343528503 nan 432
1725343528520 nan 433
1725343528538 nan 434
1725343528556 nan 435
1725343528573 nan 436
1725343528590 nan 437
1725343528607 nan 438
1725343528624 nan 439
1725343528641 nan 440
1725343528663 nan 441
1725343528686 nan 442
1725343528704 nan 443
1725343528722 nan 444
1725343528743 nan 445
1725343528773 nan 446
1725343528792 nan 447
1725343528810 nan 448
1725343528828 nan 449
1725343528846 nan 450
1725343528867 nan 451
1725343528887 nan 452
1725343528910 nan 453
1725343528931 nan 454
1725343528950 nan 455
1725343528970 nan 456
1725343528993 nan 457
1725343529021 nan 458
1725343529038 nan 459
1725343529056 nan 460
1725343529073 nan 461
1725343529090 nan 462
1725343529107 nan 463
1725343529124 nan 464
1725343529141 nan 465
1725343529158 nan 466
1725343529178 nan 467
1725343529203 nan 468
1725343529220 nan 469
1725343529236 nan 470
1725343529253 nan 471
1725343529271 nan 472
1725343529288 nan 473
1725343529305 nan 474
1725343529320 nan 475
1725343529336 nan 476
1725343529353 nan 477
1725343529370 nan 478
1725343529387 nan 479
1725343529403 nan 480
1725343529420 nan 481
1725343529437 nan 482
1725343529455 nan 483
1725343529476 nan 484
1725343529494 nan 485
1725343529514 nan 486
1725343529535 nan 487
1725343529551 nan 488
1725343529569 nan 489
1725343529592 nan 490
1725343529613 nan 491
1725343529631 nan 492
1725343529651 nan 493
1725343529670 nan 494
1725343529689 nan 495
1725343529709 nan 496
1725343529726 nan 497
1725343529742 nan 498
1725343529776 nan 499
