1725393922001 181.50341046282827 0
1725393922031 170.25929532929243 1
1725393922058 176.52790795189597 2
1725393922090 174.39661754308 3
1725393922120 178.0267041627691 4
1725393922156 162.81504622097538 5
1725393922185 162.0795180137413 6
1725393922215 159.78413525209916 7
1725393922245 164.20722629653636 8
1725393922273 158.69479148473707 9
1725393922305 161.25570314088395 10
1725393922337 163.07775924128552 11
1725393922371 165.87036163650396 12
1725393922405 160.99603078868083 13
1725393922435 148.6923994121084 14
1725393922464 150.41797189090062 15
1725393922493 155.6305708258871 16
1725393922521 147.32818982378257 17
1725393922551 152.85296039176876 18
1725393922583 146.69573784921292 19
1725393922613 140.4762026478528 20
1725393922643 143.1376577387527 21
1725393922676 146.5953921659002 22
1725393922705 149.4670664810684 23
1725393922734 139.91603180897664 24
1725393922763 130.77308465783798 25
1725393922787 144.42880434701465 26
1725393922811 135.36411200920833 27
1725393922844 138.71547183084823 28
1725393922877 127.57031218975231 29
1725393922904 143.56384254777376 30
1725393922937 135.73888087360407 31
1725393922970 135.24093702433237 32
1725393922999 127.85984786832304 33
1725393923025 132.94358977531866 34
1725393923053 122.50335722200454 35
1725393923082 131.3216654116025 36
1725393923121 121.89542228668033 37
1725393923148 130.87670778971247 38
1725393923179 122.36712715556777 39
1725393923207 120.2438009310812 40
1725393923238 122.1192551869259 41
1725393923262 117.24207967049227 42
1725393923289 118.41602475613763 43
1725393923316 117.09063360178541 44
1725393923348 115.43688959376892 45
1725393923378 117.53077213269984 46
1725393923411 118.27148109773452 47
1725393923440 111.34863275861385 48
1725393923468 110.18277503814093 49
1725393923497 115.31777553864632 50
1725393923530 110.54366882477008 51
1725393923558 106.46983748214839 52
1725393923586 106.81994146746537 53
1725393923616 108.99634873821779 54
1725393923645 106.11218483683172 55
1725393923672 109.06504303086508 56
1725393923711 102.79061135890794 57
1725393923744 107.53194897473698 58
1725393923775 96.86707612001541 59
1725393923803 105.15817111493516 60
1725393923832 102.27315553739902 61
1725393923862 105.29003104344915 62
1725393923923 99.74604605655213 63
1725393923966 100.11017203669816 64
1725393923981 95.96699814951586 65
1725393924006 93.44560510832177 66
1725393924035 98.37707947426563 67
1725393924065 95.8620745378087 68
1725393924091 95.7333214685192 69
1725393924123 87.87027388655933 70
1725393924153 95.72853738973434 71
1725393924183 91.39540110811005 72
1725393924212 95.10316037151227 73
1725393924241 93.22266211445205 74
1725393924270 90.66574966697566 75
1725393924294 88.3087016538975 76
1725393924324 94.31283793208337 77
1725393924355 90.36390377171001 78
1725393924383 88.66265235689809 79
1725393924414 87.47022836966615 80
1725393924446 88.3114779727927 81
1725393924477 86.64538133669984 82
1725393924507 82.66363900729343 83
1725393924539 85.53089795706505 84
1725393924568 84.36703769580043 85
1725393924596 83.93381633010823 86
1725393924624 79.8019231830444 87
1725393924653 79.52686044778113 88
1725393924681 80.91019318171598 89
1725393924705 79.17604974449104 90
1725393924733 78.97209081963074 91
1725393924765 75.52284167985242 92
1725393924797 78.12826547781106 93
1725393924824 77.38944240083791 94
1725393924849 73.7269832222961 95
1725393924879 77.27438031181453 96
1725393924910 79.2377107982048 97
1725393924941 72.69943052268931 98
1725393924973 76.17815175279136 99
1725393925006 71.819852063562 100
1725393925035 73.23419346171939 101
1725393925065 74.753549512874 102
1725393925097 69.67924194566223 103
1725393925131 68.92660412713452 104
1725393925163 72.33219307193446 105
1725393925188 71.38157164603264 106
1725393925214 67.00448659703626 107
1725393925246 71.99293774168194 108
1725393925276 66.58337047778267 109
1725393925307 68.39825126458219 110
1725393925337 68.17006526466956 111
1725393925366 67.7171722620274 112
1725393925397 68.09114204987151 113
1725393925424 65.3534113730625 114
1725393925453 66.06063652229363 115
1725393925482 65.53691888403851 116
1725393925511 62.72073817824271 117
1725393925543 63.22678541655256 118
1725393925573 65.03457389423168 119
1725393925604 62.072213833362106 120
1725393925634 61.018931814037025 121
1725393925665 61.707831195023644 122
1725393925691 62.18735934807712 123
1725393925715 59.303813170438495 124
1725393925746 59.79314695506525 125
1725393925778 60.01454132422368 126
1725393925811 60.505285932721456 127
1725393925843 57.4161188862571 128
1725393925872 56.70928117657318 129
1725393925905 58.78864742994056 130
1725393925934 59.04803285769544 131
1725393925965 58.394712509790835 132
1725393925988 57.24187240058631 133
1725393926015 55.842390241654606 134
1725393926044 56.280654973760896 135
1725393926072 54.56162520629914 136
1725393926101 52.888940878322686 137
1725393926135 53.05553392788993 138
1725393926164 56.43156972367312 139
1725393926191 52.99718918558726 140
1725393926223 51.798549684834896 141
1725393926254 53.06428197288711 142
1725393926285 52.52197388521215 143
1725393926316 52.29181453314562 144
1725393926347 53.399644274786034 145
1725393926371 50.802275185559395 146
1725393926398 48.660732448567614 147
1725393926430 49.77655869659872 148
1725393926461 49.78411268081963 149
1725393926502 49.309776563317506 150
1725393926533 50.37173035259209 151
1725393926562 49.054357244483924 152
1725393926591 48.00169530198316 153
1725393926620 48.92029099459227 154
1725393926648 47.579833110520845 155
1725393926679 50.374887656235266 156
1725393926707 48.78518058323389 157
1725393926746 47.05097729087106 158
1725393926767 47.171035728606924 159
1725393926796 45.50760167146498 160
1725393926826 45.31719111989655 161
1725393926855 45.26820215483329 162
1725393926884 45.55320741388798 163
1725393926913 45.01743098476381 164
1725393926945 42.32764092058524 165
1725393926972 45.72379087341323 166
1725393927001 40.990866960014834 167
1725393927026 43.465032347670515 168
1725393927073 43.74183564946326 169
1725393927132 43.19276790198875 170
1725393927199 44.147709853004876 171
1725393927266 43.87473428122642 172
1725393927309 42.23728815962763 173
1725393927343 44.152159327319865 174
1725393927368 41.06824233531283 175
1725393927397 42.0931846159746 176
1725393927422 41.44290979012807 177
1725393927447 39.644425585445425 178
1725393927471 41.084764171857046 179
1725393927503 39.1420773292703 180
1725393927534 38.95333730827985 181
1725393927560 40.323750972862875 182
1725393927588 39.84692062994198 183
1725393927618 38.90874807828271 184
1725393927649 38.88783617517888 185
1725393927681 38.84312779478733 186
1725393927709 37.96395146241408 187
1725393927741 40.3252397932224 188
1725393927772 36.067333418680576 189
1725393927804 36.06458133408212 190
1725393927835 36.93872726778008 191
1725393927865 38.17809932091371 192
1725393927895 37.35799208065164 193
1725393927925 35.53128363100352 194
1725393927956 36.011510127073834 195
1725393927987 36.315188790058436 196
1725393928019 35.5099034693913 197
1725393928051 36.035363663367896 198
1725393928083 34.72866560359261 199
1725393928111 34.56080441693557 200
1725393928157 33.281111490407746 201
1725393928191 33.86712735735363 202
1725393928221 33.01622442351475 203
1725393928251 34.630455111368995 204
1725393928280 34.61174210222214 205
1725393928312 33.696800293945614 206
1725393928337 32.45445272987432 207
1725393928362 32.73165058535966 208
1725393928393 32.71456364921978 209
1725393928419 31.64004471442593 210
1725393928441 32.441373465474406 211
1725393928464 32.65513304775106 212
1725393928492 31.89104754487744 213
1725393928523 31.661444298244497 214
1725393928555 31.9097649082258 215
1725393928586 30.555469638280755 216
1725393928615 31.490551569987623 217
1725393928643 31.5297992865658 218
1725393928672 30.26429616466683 219
1725393928697 30.5362191254848 220
1725393928729 30.194728003784043 221
1725393928759 30.766786596185536 222
1725393928790 28.605654939739928 223
1725393928814 28.991155341647048 224
1725393928840 29.649685600491047 225
1725393928873 27.793778817954717 226
1725393928904 29.398413878927723 227
1725393928934 28.72614047314828 228
1725393928968 29.441965646060122 229
1725393928995 29.51172044855999 230
1725393929021 28.257651355102528 231
1725393929047 27.851205164327528 232
1725393929083 28.23885258059483 233
1725393929111 28.465379893162538 234
1725393929137 28.434495094742957 235
1725393929174 26.960526013859386 236
1725393929204 28.116485730881376 237
1725393929238 26.732134429521192 238
1725393929269 27.48250826446451 239
1725393929300 27.25685029744448 240
1725393929330 27.343874561716348 241
1725393929362 25.902483777715805 242
1725393929392 26.660976555151336 243
1725393929420 26.519855058380017 244
1725393929450 25.29433008775927 245
1725393929479 25.60509028346366 246
1725393929512 25.855251216078123 247
1725393929542 25.079001417084147 248
1725393929572 26.223529096738798 249
1725393929604 24.8065626501034 250
1725393929636 25.129157332959558 251
1725393929667 24.819403745522333 252
1725393929697 25.20864679722945 253
1725393929730 25.096579044530085 254
1725393929758 24.408046431072595 255
1725393929791 23.94430303287773 256
1725393929824 25.070063212087977 257
1725393929853 24.824937224275594 258
1725393929883 23.66988509638437 259
1725393929911 22.96000179170539 260
1725393929939 23.310515364473847 261
1725393929971 23.441929924602217 262
1725393930003 24.015690225242526 263
1725393930033 23.519530642993097 264
1725393930064 24.003315069324536 265
1725393930094 22.619563542768677 266
1725393930128 23.195073252965397 267
1725393930157 22.596034188090613 268
1725393930194 22.91462465237609 269
1725393930219 21.874282612079927 270
1725393930250 22.572360221562263 271
1725393930280 21.959380770090007 272
1725393930320 22.53086251176392 273
1725393930351 21.60458621787439 274
1725393930381 21.834838141001484 275
1725393930414 22.336085031129038 276
1725393930436 21.407889928062435 277
1725393930465 21.76298558854477 278
1725393930497 20.813144721790415 279
1725393930528 20.796704199876842 280
1725393930552 20.57501191604674 281
1725393930579 21.05448028335201 282
1725393930609 20.53293651449304 283
1725393930640 20.75800313975323 284
1725393930670 20.16104182900702 285
1725393930701 20.118530630609076 286
1725393930732 20.15703772376068 287
1725393930762 19.567608198577492 288
1725393930794 20.054150837444535 289
1725393930830 20.429723110770702 290
1725393930859 18.60547657692873 291
1725393930891 19.18039939007017 292
1725393930929 19.55233886175125 293
1725393930960 20.189639037859013 294
1725393930992 19.966116831213515 295
1725393931020 19.78630885749763 296
1725393931049 19.791118457042188 297
1725393931082 19.838291736315337 298
1725393931114 18.6274760299209 299
1725393931147 19.65886958720994 300
1725393931187 17.82891412961644 301
1725393931216 18.675100517073385 302
1725393931247 19.42886299409354 303
1725393931279 18.168246216634518 304
1725393931313 19.100225836357897 305
1725393931344 18.884746894970277 306
1725393931376 17.768348069701187 307
1725393931406 18.044280367187326 308
1725393931434 18.093252075461898 309
1725393931461 18.382574164311656 310
1725393931496 17.989239907367754 311
1725393931524 18.542613884038015 312
1725393931555 17.21774231372086 313
1725393931585 16.83544194380023 314
1725393931616 17.160292743327883 315
1725393931646 18.18081320273486 316
1725393931677 17.440596946549185 317
1725393931713 17.383118758925136 318
1725393931741 17.026166045712763 319
1725393931771 17.436552045961445 320
1725393931803 17.377201503428203 321
1725393931832 17.1558150825452 322
1725393931861 16.307859245442984 323
1725393931890 16.507915773503886 324
1725393931920 16.656730360067968 325
1725393931951 16.601628041524997 326
1725393931983 15.969970608692513 327
1725393932015 15.988914462756744 328
1725393932043 15.786214875402347 329
1725393932073 16.310391753321365 330
1725393932102 16.014112331322966 331
1725393932131 15.912232000808165 332
1725393932159 16.017395454053386 333
1725393932194 15.806730612544255 334
1725393932221 16.27981858926314 335
1725393932252 14.814244372430176 336
1725393932281 15.76358444836404 337
1725393932313 16.121700115561957 338
1725393932342 15.15767488762055 339
1725393932372 15.914047455446164 340
1725393932405 15.575369879769228 341
1725393932438 15.844596528470806 342
1725393932467 14.726447813183352 343
1725393932497 14.757946021285653 344
1725393932526 13.954183227128931 345
1725393932550 14.861372336882376 346
1725393932579 14.846225429854142 347
1725393932606 14.571041797325057 348
1725393932632 14.266141318735993 349
1725393932669 15.695014728965742 350
1725393932700 14.934821841474403 351
1725393932724 14.752071709974588 352
1725393932747 14.777094251534194 353
1725393932779 13.557179326004073 354
1725393932803 14.101050702117927 355
1725393932828 14.735738170169487 356
1725393932855 13.787389264606498 357
1725393932879 14.504987119218601 358
1725393932905 14.310158176523007 359
1725393932937 14.205201095828043 360
1725393932966 13.942654757686668 361
1725393933003 14.242051122502858 362
1725393933028 13.558026307805903 363
1725393933056 13.535716568761366 364
1725393933086 13.742422877744639 365
1725393933115 13.924761457328492 366
1725393933142 13.994599429468206 367
1725393933172 13.83747904462248 368
1725393933206 13.694069103352668 369
1725393933237 13.681338645741619 370
1725393933266 13.19308447028764 371
1725393933299 13.190876927771159 372
1725393933325 13.63658031314588 373
1725393933352 12.858063576104527 374
1725393933382 13.803243796266008 375
1725393933414 12.693448428563512 376
1725393933443 13.098132953730055 377
1725393933472 12.83211337213404 378
1725393933500 13.174560091030639 379
1725393933529 12.232371786611182 380
1725393933559 13.105593967594562 381
1725393933589 13.144376462316952 382
1725393933615 13.240219046379352 383
1725393933646 12.18197121375815 384
1725393933678 11.924487821293566 385
1725393933707 12.231138735490935 386
1725393933736 13.082763601834964 387
1725393933765 12.509826021302942 388
1725393933794 12.516041312359572 389
1725393933823 12.244582066678833 390
1725393933855 12.673737426912995 391
1725393933884 12.533143350456418 392
1725393933914 12.208952779004425 393
1725393933939 11.616577466507547 394
1725393933967 11.960147934145413 395
1725393933997 11.349026666449111 396
1725393934026 12.23868030249416 397
1725393934053 12.89625349481754 398
1725393934083 11.778532913311347 399
1725393934115 12.113901300883882 400
1725393934139 12.089486415090759 401
1725393934162 12.574204894001085 402
1725393934197 11.542949259524303 403
1725393934230 12.194457062321414 404
1725393934259 11.917428879174896 405
1725393934288 11.350661091124627 406
1725393934317 11.593521658367054 407
1725393934343 11.446227538113812 408
1725393934371 11.195905144138674 409
1725393934403 12.067764953990972 410
1725393934434 11.326491891814863 411
1725393934469 11.483570134046218 412
1725393934499 10.976101672379325 413
1725393934527 11.08888918938238 414
1725393934556 11.186892314510013 415
1725393934583 10.844054896119163 416
1725393934613 11.589823878291813 417
1725393934642 10.29938247574114 418
1725393934672 11.01876729319207 419
1725393934706 11.406747596001251 420
1725393934727 10.796122591788032 421
1725393934747 10.839799830243397 422
1725393934771 11.053420075427722 423
1725393934802 11.26384901138432 424
1725393934832 11.028232345227451 425
1725393934863 11.390060136042777 426
1725393934893 10.581951910228577 427
1725393934923 10.448815293709696 428
1725393934944 10.661414504797667 429
1725393934973 10.867885374987871 430
1725393935002 10.295512338544214 431
1725393935031 10.360919123113154 432
1725393935061 10.774938640889367 433
1725393935090 10.529852509802838 434
1725393935121 10.104003644564118 435
1725393935152 10.719935833249409 436
1725393935185 10.051506347983624 437
1725393935220 11.185816089185494 438
1725393935250 10.277959849881292 439
1725393935281 10.318673361592285 440
1725393935306 10.007468742320869 441
1725393935334 10.234271708136657 442
1725393935365 9.903445815670425 443
1725393935405 9.575341136932332 444
1725393935439 9.724187653939234 445
1725393935471 9.46579469339409 446
1725393935503 9.692087130719624 447
1725393935532 10.259666422841095 448
1725393935557 9.614056432328221 449
1725393935585 9.65092637437454 450
1725393935614 10.014332857159665 451
1725393935643 9.579577051158422 452
1725393935673 9.871890062461329 453
1725393935702 10.180690265767725 454
1725393935735 9.3146687229674 455
1725393935767 9.599425647309955 456
1725393935796 9.466798429288664 457
1725393935827 9.45097975969485 458
1725393935856 9.002376199179166 459
1725393935884 9.529299874659173 460
1725393935913 9.524068597606044 461
1725393935941 9.298083009418296 462
1725393935966 9.910326066085501 463
1725393935995 9.367819892470406 464
1725393936021 10.152807681882456 465
1725393936048 9.008917916555493 466
1725393936083 9.359872574036922 467
1725393936110 9.37054787842459 468
1725393936140 9.413272349097426 469
1725393936165 9.479171158396365 470
1725393936192 9.720938019844171 471
1725393936228 9.529661007859675 472
1725393936260 9.697862278662015 473
1725393936293 9.316353774609873 474
1725393936331 9.342833686648126 475
1725393936354 8.968214813066494 476
1725393936383 8.680924234254341 477
1725393936416 9.001352767052555 478
1725393936446 9.340340863270857 479
1725393936476 9.198650394440415 480
1725393936505 8.951290404482748 481
1725393936534 8.873485655461586 482
1725393936564 8.672539208316541 483
1725393936593 8.964422254095371 484
1725393936621 9.004676254105162 485
1725393936651 8.913534652918724 486
1725393936681 8.602083849787169 487
1725393936711 9.014621033146971 488
1725393936745 9.148071824206813 489
1725393936772 8.82792936603571 490
1725393936797 8.740674510283647 491
1725393936823 8.812617362866757 492
1725393936850 8.728755667943531 493
1725393936879 9.144767561734525 494
1725393936916 8.82667433518556 495
1725393936951 8.662404960272209 496
1725393936978 8.31665456657585 497
1725393937008 8.348713529952605 498
1725393937037 8.074569339463476 499
