1725423423467 164.28432654110094 0
1725423423521 152.9990845375145 1
1725423423555 134.5192216635152 2
1725423423607 122.60133625637664 3
1725423423637 112.75873827847944 4
1725423423654 102.63443797252968 5
1725423423672 96.2683778700781 6
1725423423691 86.61473896120191 7
1725423423708 73.80113511120308 8
1725423423736 72.09464767305631 9
1725423423758 65.94026385631733 10
1725423423775 59.82681050176291 11
1725423423803 55.91836801535022 12
1725423423822 49.87600988595113 13
1725423423840 46.82701247670627 14
1725423423862 42.27216761473945 15
1725423423883 37.70998576075638 16
1725423423904 35.35982622098861 17
1725423423922 31.098683209090613 18
1725423423942 28.75437723342644 19
1725423423964 25.656982940716116 20
1725423423984 24.341524776605066 21
1725423424002 23.272922204971124 22
1725423424025 20.86425218488431 23
1725423424048 19.044038320994108 24
1725423424068 18.032394336892917 25
1725423424087 15.933658888114955 26
1725423424109 14.316605457235152 27
1725423424145 13.496726660516478 28
1725423424178 11.435883436706513 29
1725423424213 10.948417816455812 30
1725423424246 10.555828486962485 31
1725423424288 9.707334545533987 32
1725423424329 8.710147834747243 33
1725423424361 8.252147177374212 34
1725423424403 8.317109135755322 35
1725423424429 6.919534177003994 36
1725423424453 6.341301869021562 37
1725423424475 5.435135188091805 38
1725423424498 5.014169423977728 39
1725423424514 4.523228281493889 40
1725423424536 4.504453660445009 41
1725423424554 4.016715324849018 42
1725423424572 3.672628550494628 43
1725423424590 3.3674520897729576 44
1725423424611 3.2750865504716127 45
1725423424639 2.8398797130968454 46
1725423424663 2.651814295656222 47
1725423424684 2.3216201395153178 48
1725423424705 2.3902407616844 49
1725423424729 2.240918758467786 50
1725423424771 2.1943320996572937 51
1725423424844 1.9711470872788825 52
1725423424869 1.6175186652105742 53
1725423424887 1.5411739291687778 54
1725423424906 1.3660140649126729 55
1725423424937 1.2008779373777174 56
1725423425032 1.3473693076000306 57
1725423425075 1.2984581358776182 58
1725423425109 1.1704248119247322 59
1725423425133 1.151084946773483 60
1725423425150 0.9507480859783201 61
1725423425168 1.0221048676989772 62
1725423425184 0.7964592023608993 63
1725423425203 0.7620584155303289 64
1725423425222 0.7030297369559961 65
1725423425248 0.603091991523388 66
1725423425271 0.5430895664064295 67
1725423425294 0.5089949404775723 68
1725423425310 0.4904323597676203 69
1725423425332 0.5045571406365064 70
1725423425355 0.5415412226597701 71
1725423425377 0.5030222482139886 72
1725423425403 0.3766232945816373 73
1725423425425 0.4598370506332201 74
1725423425446 0.3221639116490801 75
1725423425470 0.384187519055219 76
1725423425501 0.377019040747928 77
1725423425530 0.3017436559904047 78
1725423425563 0.34554858462212273 79
1725423425592 0.2623517409212 80
1725423425635 0.3335736626830079 81
1725423425676 0.4249928632221794 82
1725423425710 0.29510037054328603 83
1725423425744 0.2018358581663987 84
1725423425781 0.28287100801386555 85
1725423425803 0.24604717468554016 86
1725423425823 0.17874994514008233 87
1725423425842 0.20309301032875907 88
1725423425868 0.25182685065502924 89
1725423425892 0.20932060889238946 90
1725423425908 0.22080261736558254 91
1725423425931 0.2215868156650026 92
1725423425949 0.1569650316438732 93
1725423425969 0.17924242665960322 94
1725423426042 0.2590288006291575 95
1725423426098 0.22516682661254894 96
1725423426126 0.14273627647238407 97
1725423426144 0.21759831330234822 98
1725423426165 0.1685999685461294 99
1725423426187 0.15461575202997416 100
1725423426206 0.14425837865751306 101
1725423426239 0.23395836647256935 102
1725423426271 0.19008060412769995 103
1725423426297 0.16286118998754157 104
1725423426316 0.1685805339754715 105
1725423426339 0.12548620372103697 106
1725423426365 0.15919984641216653 107
1725423426390 0.20775621214713086 108
1725423426410 0.1575238819342886 109
1725423426433 0.10125135032195155 110
1725423426454 0.1469669783661695 111
1725423426483 0.18997463005440707 112
1725423426502 0.20344594301103364 113
1725423426521 0.1911245142206672 114
1725423426540 0.16984108033425727 115
1725423426564 0.14502173509548727 116
1725423426580 0.17116964131362655 117
1725423426601 0.12557662048965584 118
1725423426624 0.23020773797394187 119
1725423426655 0.16822135295763652 120
1725423426675 0.1345992368627159 121
1725423426696 0.19613383411145857 122
1725423426715 0.17146031828823 123
1725423426739 0.16265403282665644 124
1725423426763 0.1486769182585369 125
1725423426783 0.1106771198879186 126
1725423426813 0.1199481278678898 127
1725423426842 0.18650753849759824 128
1725423426868 0.10932741721213571 129
1725423426892 0.15461981425901164 130
1725423426917 0.13577711486757132 131
1725423426942 0.11321165759646248 132
1725423426970 0.11871417950745382 133
1725423427021 0.12701932351252818 134
1725423427065 0.11270013332579332 135
1725423427133 0.11811456941555605 136
1725423427173 0.13172248285507604 137
1725423427220 0.14514212568017573 138
1725423427246 0.11821319776664106 139
1725423427268 0.13883542152096073 140
1725423427287 0.14531308440918653 141
1725423427306 0.12685819145453564 142
1725423427326 0.16033245792205406 143
1725423427343 0.12007010635834757 144
1725423427371 0.11426868166398696 145
1725423427402 0.09227327211688079 146
1725423427424 0.10811795210640772 147
1725423427445 0.14540678882729663 148
1725423427471 0.1509274661732848 149
1725423427500 0.10373252260002383 150
1725423427529 0.13782154404107122 151
1725423427548 0.1726209027289281 152
1725423427574 0.12955721876528503 153
1725423427603 0.1146269318214572 154
1725423427640 0.1802115240332555 155
1725423427681 0.09350892892270403 156
1725423427719 0.11932775709815918 157
1725423427742 0.09936043378334358 158
1725423427768 0.15148708567038824 159
1725423427790 0.1795673604052644 160
1725423427820 0.1244912908699605 161
1725423427845 0.11240840023287196 162
1725423427895 0.14092321261299176 163
1725423427931 0.11260166473350429 164
1725423427975 0.12893357290830706 165
1725423427998 0.13044540302036228 166
1725423428024 0.1543041127201099 167
1725423428044 0.13040506192060988 168
1725423428067 0.1490537332874206 169
1725423428089 0.08953737104627103 170
1725423428116 0.15449976545736746 171
1725423428140 0.13449682655187953 172
1725423428166 0.16620023369577808 173
1725423428189 0.0875786406421179 174
1725423428208 0.0983346700509522 175
1725423428239 0.1030544337359566 176
1725423428293 0.1303604080058301 177
1725423428332 0.11371564561361237 178
1725423428367 0.13723042947373576 179
1725423428397 0.14767386949974243 180
1725423428420 0.10295629919227822 181
1725423428439 0.16064357626969208 182
1725423428465 0.20989431346423817 183
1725423428491 0.09018937258593634 184
1725423428517 0.10174065851170698 185
1725423428538 0.0987135679772599 186
1725423428560 0.10890195739153062 187
1725423428584 0.21147758242951445 188
1725423428605 0.09773197236026954 189
1725423428642 0.12441009859962507 190
1725423428684 0.12487519032357706 191
1725423428715 0.10776065829145325 192
1725423428741 0.15626001256515407 193
1725423428766 0.14732290051586033 194
1725423428789 0.16284904721165697 195
1725423428810 0.09739870381438048 196
1725423428835 0.1993631436539223 197
1725423428863 0.10104694911368729 198
1725423428906 0.1411223843526564 199
1725423428952 0.1766966917172468 200
1725423428987 0.13869578878185518 201
1725423429011 0.08944020209979527 202
1725423429047 0.13986792987967286 203
1725423429070 0.08842132630367716 204
1725423429094 0.15883831046100172 205
1725423429117 0.19451345608720716 206
1725423429141 0.12107519488727067 207
1725423429163 0.10443457739270164 208
1725423429180 0.15161808578292618 209
1725423429200 0.17560047800638787 210
1725423429223 0.12542414546279523 211
1725423429250 0.22288252858251548 212
1725423429270 0.0889979735857506 213
1725423429293 0.10070361611028487 214
1725423429311 0.13538367981552973 215
1725423429330 0.12860689583254487 216
1725423429356 0.12150436105931467 217
1725423429382 0.17465355863807597 218
1725423429403 0.08611901689963497 219
1725423429423 0.09425383004972467 220
1725423429440 0.12438274046531252 221
1725423429468 0.14242607372303465 222
1725423429488 0.18809563891267866 223
1725423429509 0.11619286724690381 224
1725423429536 0.13066466951017627 225
1725423429562 0.12521856197947756 226
1725423429584 0.1144055214810869 227
1725423429608 0.12413457879210263 228
1725423429633 0.1198795163326452 229
1725423429652 0.09211603101602676 230
1725423429675 0.08910607774800237 231
1725423429696 0.1761133550339743 232
1725423429712 0.12044070029609119 233
1725423429742 0.1090073129641267 234
1725423429765 0.1402042505556183 235
1725423429784 0.15599176243260693 236
1725423429802 0.12794211212975168 237
1725423429821 0.0882577031963206 238
1725423429841 0.13327506545002962 239
1725423429878 0.18402960861739717 240
1725423429929 0.09732894280924609 241
1725423429978 0.11976222861432334 242
1725423430002 0.13387775322790124 243
1725423430032 0.12906613881309023 244
1725423430058 0.13330981033586622 245
1725423430076 0.18389488352985012 246
1725423430100 0.1627179286457654 247
1725423430139 0.12805534535898855 248
1725423430198 0.09492577498576016 249
1725423430234 0.1274093520371931 250
1725423430259 0.11610922128524194 251
1725423430282 0.18044793562818076 252
1725423430302 0.15018330099191027 253
1725423430325 0.1526008850440997 254
