1725341848497 nan 0
1725341848526 nan 1
1725341848547 nan 2
1725341848570 nan 3
1725341848600 nan 4
1725341848626 nan 5
1725341848650 nan 6
1725341848679 nan 7
1725341848701 nan 8
1725341848721 nan 9
1725341848743 nan 10
1725341848766 nan 11
1725341848793 nan 12
1725341848810 nan 13
1725341848832 nan 14
1725341848856 nan 15
1725341848879 nan 16
1725341848899 nan 17
1725341848922 nan 18
1725341848945 nan 19
1725341848966 nan 20
1725341848995 nan 21
1725341849010 nan 22
1725341849038 nan 23
1725341849056 nan 24
1725341849071 nan 25
1725341849090 nan 26
1725341849107 nan 27
1725341849124 nan 28
1725341849141 nan 29
1725341849161 nan 30
1725341849184 nan 31
1725341849210 nan 32
1725341849235 nan 33
1725341849259 nan 34
1725341849282 nan 35
1725341849307 nan 36
1725341849329 nan 37
1725341849352 nan 38
1725341849397 nan 39
1725341849416 nan 40
1725341849435 nan 41
1725341849460 nan 42
1725341849481 nan 43
1725341849510 nan 44
1725341849528 nan 45
1725341849545 nan 46
1725341849561 nan 47
1725341849578 nan 48
1725341849594 nan 49
1725341849609 nan 50
1725341849626 nan 51
1725341849641 nan 52
1725341849660 nan 53
1725341849748 nan 54
1725341849766 nan 55
1725341849781 nan 56
1725341849797 nan 57
1725341849814 nan 58
1725341849830 nan 59
1725341849848 nan 60
1725341849864 nan 61
1725341849880 nan 62
1725341849898 nan 63
1725341849923 nan 64
1725341849945 nan 65
1725341849968 nan 66
1725341849991 nan 67
1725341850018 nan 68
1725341850046 nan 69
1725341850071 nan 70
1725341850092 nan 71
1725341850110 nan 72
1725341850127 nan 73
1725341850150 nan 74
1725341850180 nan 75
1725341850202 nan 76
1725341850232 nan 77
1725341850256 nan 78
1725341850280 nan 79
1725341850309 nan 80
1725341850349 nan 81
1725341850373 nan 82
1725341850393 nan 83
1725341850433 nan 84
1725341850450 nan 85
1725341850467 nan 86
1725341850483 nan 87
1725341850498 nan 88
1725341850515 nan 89
1725341850531 nan 90
1725341850549 nan 91
1725341850579 nan 92
1725341850599 nan 93
1725341850628 nan 94
1725341850648 nan 95
1725341850665 nan 96
1725341850683 nan 97
1725341850699 nan 98
1725341850714 nan 99
1725341850730 nan 100
1725341850745 nan 101
1725341850761 nan 102
1725341850776 nan 103
1725341850794 nan 104
1725341850810 nan 105
1725341850830 nan 106
1725341850850 nan 107
1725341850866 nan 108
1725341850884 nan 109
1725341850901 nan 110
1725341850916 nan 111
1725341850931 nan 112
1725341850945 nan 113
1725341850960 nan 114
1725341850975 nan 115
1725341850989 nan 116
1725341851005 nan 117
1725341851020 nan 118
1725341851035 nan 119
1725341851050 nan 120
1725341851065 nan 121
1725341851081 nan 122
1725341851096 nan 123
1725341851115 nan 124
1725341851132 nan 125
1725341851147 nan 126
1725341851161 nan 127
1725341851176 nan 128
1725341851191 nan 129
1725341851206 nan 130
1725341851221 nan 131
1725341851238 nan 132
1725341851255 nan 133
1725341851271 nan 134
1725341851288 nan 135
1725341851307 nan 136
1725341851325 nan 137
1725341851342 nan 138
1725341851362 nan 139
1725341851379 nan 140
1725341851395 nan 141
1725341851414 nan 142
1725341851457 nan 143
1725341851476 nan 144
1725341851495 nan 145
1725341851510 nan 146
1725341851526 nan 147
1725341851540 nan 148
1725341851554 nan 149
1725341851567 nan 150
1725341851581 nan 151
1725341851595 nan 152
1725341851608 nan 153
1725341851622 nan 154
1725341851638 nan 155
1725341851653 nan 156
1725341851668 nan 157
1725341851686 nan 158
1725341851702 nan 159
1725341851717 nan 160
1725341851733 nan 161
1725341851753 nan 162
1725341851770 nan 163
1725341851787 nan 164
1725341851805 nan 165
1725341851820 nan 166
1725341851837 nan 167
1725341851853 nan 168
1725341851869 nan 169
1725341851886 nan 170
1725341851901 nan 171
1725341851914 nan 172
1725341851928 nan 173
1725341851942 nan 174
1725341851956 nan 175
1725341851970 nan 176
1725341851984 nan 177
1725341851999 nan 178
1725341852013 nan 179
1725341852030 nan 180
1725341852049 nan 181
1725341852072 nan 182
1725341852096 nan 183
1725341852115 nan 184
1725341852139 nan 185
1725341852159 nan 186
1725341852179 nan 187
1725341852201 nan 188
1725341852224 nan 189
1725341852244 nan 190
1725341852265 nan 191
1725341852280 nan 192
1725341852293 nan 193
1725341852307 nan 194
1725341852321 nan 195
1725341852337 nan 196
1725341852351 nan 197
1725341852365 nan 198
1725341852379 nan 199
1725341852394 nan 200
1725341852411 nan 201
1725341852428 nan 202
1725341852446 nan 203
1725341852486 nan 204
1725341852510 nan 205
1725341852527 nan 206
1725341852541 nan 207
1725341852555 nan 208
1725341852571 nan 209
1725341852587 nan 210
1725341852603 nan 211
1725341852619 nan 212
1725341852633 nan 213
1725341852649 nan 214
1725341852670 nan 215
1725341852690 nan 216
1725341852709 nan 217
1725341852732 nan 218
1725341852754 nan 219
1725341852775 nan 220
1725341852797 nan 221
1725341852824 nan 222
1725341852845 nan 223
1725341852865 nan 224
1725341852884 nan 225
1725341852903 nan 226
1725341852917 nan 227
1725341852931 nan 228
1725341852947 nan 229
1725341852962 nan 230
1725341852977 nan 231
1725341852992 nan 232
1725341853008 nan 233
1725341853023 nan 234
1725341853042 nan 235
1725341853058 nan 236
1725341853076 nan 237
1725341853100 nan 238
1725341853122 nan 239
1725341853140 nan 240
1725341853163 nan 241
1725341853209 nan 242
1725341853232 nan 243
1725341853253 nan 244
1725341853274 nan 245
1725341853288 nan 246
1725341853301 nan 247
1725341853315 nan 248
1725341853329 nan 249
1725341853343 nan 250
1725341853359 nan 251
1725341853374 nan 252
1725341853390 nan 253
1725341853403 nan 254
1725341853417 nan 255
1725341853431 nan 256
1725341853445 nan 257
1725341853461 nan 258
1725341853496 nan 259
1725341853511 nan 260
1725341853527 nan 261
1725341853550 nan 262
1725341853569 nan 263
1725341853591 nan 264
1725341853611 nan 265
1725341853631 nan 266
1725341853652 nan 267
1725341853671 nan 268
1725341853692 nan 269
1725341853711 nan 270
1725341853739 nan 271
1725341853755 nan 272
1725341853775 nan 273
1725341853790 nan 274
1725341853804 nan 275
1725341853819 nan 276
1725341853833 nan 277
1725341853847 nan 278
1725341853863 nan 279
1725341853878 nan 280
1725341853893 nan 281
1725341853910 nan 282
1725341853929 nan 283
1725341853946 nan 284
1725341853970 nan 285
1725341853987 nan 286
1725341854004 nan 287
1725341854020 nan 288
1725341854030 nan 289
1725341854045 nan 290
1725341854059 nan 291
1725341854073 nan 292
1725341854088 nan 293
1725341854102 nan 294
1725341854117 nan 295
1725341854132 nan 296
1725341854150 nan 297
1725341854171 nan 298
1725341854189 nan 299
1725341854207 nan 300
1725341854225 nan 301
1725341854246 nan 302
1725341854265 nan 303
1725341854280 nan 304
1725341854292 nan 305
1725341854303 nan 306
1725341854315 nan 307
1725341854327 nan 308
1725341854340 nan 309
1725341854352 nan 310
1725341854365 nan 311
1725341854377 nan 312
1725341854389 nan 313
1725341854404 nan 314
1725341854427 nan 315
1725341854446 nan 316
1725341854465 nan 317
1725341854490 nan 318
1725341854529 nan 319
1725341854543 nan 320
1725341854558 nan 321
1725341854574 nan 322
1725341854590 nan 323
1725341854605 nan 324
1725341854620 nan 325
1725341854634 nan 326
1725341854649 nan 327
1725341854676 nan 328
1725341854697 nan 329
1725341854716 nan 330
1725341854733 nan 331
1725341854750 nan 332
1725341854766 nan 333
1725341854789 nan 334
1725341854806 nan 335
1725341854825 nan 336
1725341854842 nan 337
1725341854859 nan 338
1725341854874 nan 339
1725341854891 nan 340
1725341854907 nan 341
1725341854921 nan 342
1725341854934 nan 343
1725341854949 nan 344
1725341854963 nan 345
1725341854978 nan 346
1725341854993 nan 347
1725341855007 nan 348
1725341855023 nan 349
1725341855042 nan 350
1725341855061 nan 351
1725341855081 nan 352
1725341855099 nan 353
1725341855115 nan 354
1725341855131 nan 355
1725341855152 nan 356
1725341855174 nan 357
1725341855195 nan 358
1725341855214 nan 359
1725341855230 nan 360
1725341855249 nan 361
1725341855265 nan 362
1725341855281 nan 363
1725341855297 nan 364
1725341855313 nan 365
1725341855330 nan 366
1725341855347 nan 367
1725341855364 nan 368
1725341855380 nan 369
1725341855396 nan 370
1725341855413 nan 371
1725341855430 nan 372
1725341855446 nan 373
1725341855462 nan 374
1725341855478 nan 375
1725341855495 nan 376
1725341855512 nan 377
1725341855548 nan 378
1725341855563 nan 379
1725341855580 nan 380
1725341855598 nan 381
1725341855613 nan 382
1725341855629 nan 383
1725341855645 nan 384
1725341855663 nan 385
1725341855677 nan 386
1725341855691 nan 387
1725341855705 nan 388
1725341855719 nan 389
1725341855734 nan 390
1725341855751 nan 391
1725341855766 nan 392
1725341855780 nan 393
1725341855796 nan 394
1725341855812 nan 395
1725341855827 nan 396
1725341855843 nan 397
1725341855859 nan 398
1725341855876 nan 399
1725341855892 nan 400
1725341855908 nan 401
1725341855924 nan 402
1725341855941 nan 403
1725341855956 nan 404
1725341855971 nan 405
1725341855985 nan 406
1725341856003 nan 407
1725341856020 nan 408
1725341856034 nan 409
1725341856048 nan 410
1725341856062 nan 411
1725341856076 nan 412
1725341856090 nan 413
1725341856104 nan 414
1725341856119 nan 415
1725341856132 nan 416
1725341856146 nan 417
1725341856161 nan 418
1725341856174 nan 419
1725341856188 nan 420
1725341856201 nan 421
1725341856216 nan 422
1725341856230 nan 423
1725341856245 nan 424
1725341856261 nan 425
1725341856276 nan 426
1725341856290 nan 427
1725341856308 nan 428
1725341856326 nan 429
1725341856343 nan 430
1725341856360 nan 431
1725341856377 nan 432
1725341856393 nan 433
1725341856410 nan 434
1725341856431 nan 435
1725341856451 nan 436
1725341856481 nan 437
1725341856503 nan 438
1725341856520 nan 439
1725341856536 nan 440
1725341856570 nan 441
1725341856587 nan 442
1725341856602 nan 443
1725341856619 nan 444
1725341856636 nan 445
1725341856652 nan 446
1725341856665 nan 447
1725341856680 nan 448
1725341856694 nan 449
1725341856708 nan 450
1725341856723 nan 451
1725341856737 nan 452
1725341856751 nan 453
1725341856765 nan 454
1725341856780 nan 455
1725341856795 nan 456
1725341856813 nan 457
1725341856829 nan 458
1725341856845 nan 459
1725341856864 nan 460
1725341856881 nan 461
1725341856899 nan 462
1725341856914 nan 463
1725341856931 nan 464
1725341856946 nan 465
1725341856962 nan 466
1725341856979 nan 467
1725341856995 nan 468
1725341857011 nan 469
1725341857028 nan 470
1725341857045 nan 471
1725341857060 nan 472
1725341857076 nan 473
1725341857092 nan 474
1725341857108 nan 475
1725341857122 nan 476
1725341857139 nan 477
1725341857156 nan 478
1725341857171 nan 479
1725341857187 nan 480
1725341857204 nan 481
1725341857224 nan 482
1725341857248 nan 483
1725341857272 nan 484
1725341857296 nan 485
1725341857317 nan 486
1725341857344 nan 487
1725341857363 nan 488
1725341857383 nan 489
1725341857406 nan 490
1725341857424 nan 491
1725341857440 nan 492
1725341857457 nan 493
1725341857473 nan 494
1725341857489 nan 495
1725341857505 nan 496
1725341857524 nan 497
1725341857542 nan 498
1725341857582 nan 499
