1725341878333 nan 0
1725341878356 nan 1
1725341878373 nan 2
1725341878393 nan 3
1725341878412 nan 4
1725341878432 nan 5
1725341878454 nan 6
1725341878470 nan 7
1725341878488 nan 8
1725341878506 nan 9
1725341878527 nan 10
1725341878550 nan 11
1725341878575 nan 12
1725341878600 nan 13
1725341878625 nan 14
1725341878649 nan 15
1725341878671 nan 16
1725341878696 nan 17
1725341878712 nan 18
1725341878727 nan 19
1725341878743 nan 20
1725341878760 nan 21
1725341878777 nan 22
1725341878793 nan 23
1725341878809 nan 24
1725341878824 nan 25
1725341878841 nan 26
1725341878856 nan 27
1725341878871 nan 28
1725341878888 nan 29
1725341878904 nan 30
1725341878920 nan 31
1725341878942 nan 32
1725341878962 nan 33
1725341878987 nan 34
1725341879018 nan 35
1725341879043 nan 36
1725341879061 nan 37
1725341879078 nan 38
1725341879094 nan 39
1725341879111 nan 40
1725341879126 nan 41
1725341879143 nan 42
1725341879164 nan 43
1725341879182 nan 44
1725341879201 nan 45
1725341879220 nan 46
1725341879238 nan 47
1725341879258 nan 48
1725341879276 nan 49
1725341879293 nan 50
1725341879310 nan 51
1725341879329 nan 52
1725341879348 nan 53
1725341879364 nan 54
1725341879379 nan 55
1725341879398 nan 56
1725341879415 nan 57
1725341879432 nan 58
1725341879449 nan 59
1725341879466 nan 60
1725341879484 nan 61
1725341879507 nan 62
1725341879528 nan 63
1725341879603 nan 64
1725341879645 nan 65
1725341879657 nan 66
1725341879664 nan 67
1725341879676 nan 68
1725341879700 nan 69
1725341879724 nan 70
1725341879758 nan 71
1725341879783 nan 72
1725341879805 nan 73
1725341879821 nan 74
1725341879836 nan 75
1725341879851 nan 76
1725341879867 nan 77
1725341879882 nan 78
1725341879899 nan 79
1725341879915 nan 80
1725341879935 nan 81
1725341879955 nan 82
1725341879973 nan 83
1725341879994 nan 84
1725341880043 nan 85
1725341880070 nan 86
1725341880095 nan 87
1725341880117 nan 88
1725341880142 nan 89
1725341880160 nan 90
1725341880181 nan 91
1725341880197 nan 92
1725341880212 nan 93
1725341880228 nan 94
1725341880244 nan 95
1725341880260 nan 96
1725341880276 nan 97
1725341880293 nan 98
1725341880306 nan 99
1725341880325 nan 100
1725341880340 nan 101
1725341880357 nan 102
1725341880379 nan 103
1725341880398 nan 104
1725341880414 nan 105
1725341880438 nan 106
1725341880461 nan 107
1725341880487 nan 108
1725341880508 nan 109
1725341880524 nan 110
1725341880546 nan 111
1725341880563 nan 112
1725341880582 nan 113
1725341880599 nan 114
1725341880614 nan 115
1725341880629 nan 116
1725341880644 nan 117
1725341880659 nan 118
1725341880674 nan 119
1725341880689 nan 120
1725341880706 nan 121
1725341880721 nan 122
1725341880738 nan 123
1725341880754 nan 124
1725341880769 nan 125
1725341880785 nan 126
1725341880802 nan 127
1725341880824 nan 128
1725341880845 nan 129
1725341880866 nan 130
1725341880885 nan 131
1725341880903 nan 132
1725341880922 nan 133
1725341880939 nan 134
1725341880954 nan 135
1725341880969 nan 136
1725341880985 nan 137
1725341881002 nan 138
1725341881032 nan 139
1725341881049 nan 140
1725341881065 nan 141
1725341881085 nan 142
1725341881103 nan 143
1725341881121 nan 144
1725341881141 nan 145
1725341881162 nan 146
1725341881178 nan 147
1725341881203 nan 148
1725341881222 nan 149
1725341881241 nan 150
1725341881266 nan 151
1725341881288 nan 152
1725341881311 nan 153
1725341881327 nan 154
1725341881346 nan 155
1725341881369 nan 156
1725341881390 nan 157
1725341881409 nan 158
1725341881428 nan 159
1725341881447 nan 160
1725341881466 nan 161
1725341881483 nan 162
1725341881503 nan 163
1725341881522 nan 164
1725341881540 nan 165
1725341881560 nan 166
1725341881578 nan 167
1725341881600 nan 168
1725341881624 nan 169
1725341881645 nan 170
1725341881665 nan 171
1725341881685 nan 172
1725341881707 nan 173
1725341881731 nan 174
1725341881750 nan 175
1725341881771 nan 176
1725341881793 nan 177
1725341881812 nan 178
1725341881827 nan 179
1725341881842 nan 180
1725341881857 nan 181
1725341881873 nan 182
1725341881889 nan 183
1725341881904 nan 184
1725341881919 nan 185
1725341881936 nan 186
1725341881953 nan 187
1725341881971 nan 188
1725341881990 nan 189
1725341882014 nan 190
1725341882054 nan 191
1725341882082 nan 192
1725341882107 nan 193
1725341882127 nan 194
1725341882153 nan 195
1725341882176 nan 196
1725341882196 nan 197
1725341882217 nan 198
1725341882241 nan 199
1725341882261 nan 200
1725341882284 nan 201
1725341882301 nan 202
1725341882321 nan 203
1725341882344 nan 204
1725341882372 nan 205
1725341882397 nan 206
1725341882422 nan 207
1725341882440 nan 208
1725341882454 nan 209
1725341882469 nan 210
1725341882484 nan 211
1725341882500 nan 212
1725341882516 nan 213
1725341882533 nan 214
1725341882549 nan 215
1725341882568 nan 216
1725341882592 nan 217
1725341882608 nan 218
1725341882627 nan 219
1725341882647 nan 220
1725341882670 nan 221
1725341882694 nan 222
1725341882716 nan 223
1725341882742 nan 224
1725341882761 nan 225
1725341882781 nan 226
1725341882800 nan 227
1725341882819 nan 228
1725341882839 nan 229
1725341882859 nan 230
1725341882885 nan 231
1725341882912 nan 232
1725341882935 nan 233
1725341882952 nan 234
1725341882967 nan 235
1725341882983 nan 236
1725341883000 nan 237
1725341883017 nan 238
1725341883033 nan 239
1725341883062 nan 240
1725341883086 nan 241
1725341883107 nan 242
1725341883124 nan 243
1725341883143 nan 244
1725341883161 nan 245
1725341883180 nan 246
1725341883196 nan 247
1725341883212 nan 248
1725341883228 nan 249
1725341883244 nan 250
1725341883260 nan 251
1725341883277 nan 252
1725341883293 nan 253
1725341883310 nan 254
1725341883329 nan 255
1725341883350 nan 256
1725341883370 nan 257
1725341883391 nan 258
1725341883410 nan 259
1725341883429 nan 260
1725341883443 nan 261
1725341883459 nan 262
1725341883473 nan 263
1725341883489 nan 264
1725341883503 nan 265
1725341883517 nan 266
1725341883533 nan 267
1725341883549 nan 268
1725341883569 nan 269
1725341883594 nan 270
1725341883613 nan 271
1725341883636 nan 272
1725341883661 nan 273
1725341883684 nan 274
1725341883700 nan 275
1725341883716 nan 276
1725341883731 nan 277
1725341883747 nan 278
1725341883763 nan 279
1725341883779 nan 280
1725341883794 nan 281
1725341883813 nan 282
1725341883834 nan 283
1725341883853 nan 284
1725341883872 nan 285
1725341883891 nan 286
1725341883908 nan 287
1725341883924 nan 288
1725341883941 nan 289
1725341883960 nan 290
1725341883978 nan 291
1725341884006 nan 292
1725341884028 nan 293
1725341884051 nan 294
1725341884086 nan 295
1725341884108 nan 296
1725341884126 nan 297
1725341884147 nan 298
1725341884167 nan 299
1725341884189 nan 300
1725341884207 nan 301
1725341884227 nan 302
1725341884252 nan 303
1725341884269 nan 304
1725341884290 nan 305
1725341884312 nan 306
1725341884336 nan 307
1725341884359 nan 308
1725341884379 nan 309
1725341884398 nan 310
1725341884414 nan 311
1725341884431 nan 312
1725341884447 nan 313
1725341884464 nan 314
1725341884482 nan 315
1725341884499 nan 316
1725341884513 nan 317
1725341884530 nan 318
1725341884545 nan 319
1725341884560 nan 320
1725341884579 nan 321
1725341884596 nan 322
1725341884613 nan 323
1725341884632 nan 324
1725341884650 nan 325
1725341884675 nan 326
1725341884697 nan 327
1725341884719 nan 328
1725341884743 nan 329
1725341884761 nan 330
1725341884785 nan 331
1725341884808 nan 332
1725341884829 nan 333
1725341884847 nan 334
1725341884864 nan 335
1725341884883 nan 336
1725341884905 nan 337
1725341884928 nan 338
1725341884953 nan 339
1725341884977 nan 340
1725341884995 nan 341
1725341885018 nan 342
1725341885039 nan 343
1725341885058 nan 344
1725341885096 nan 345
1725341885115 nan 346
1725341885133 nan 347
1725341885150 nan 348
1725341885169 nan 349
1725341885185 nan 350
1725341885201 nan 351
1725341885218 nan 352
1725341885235 nan 353
1725341885252 nan 354
1725341885265 nan 355
1725341885284 nan 356
1725341885301 nan 357
1725341885322 nan 358
1725341885342 nan 359
1725341885359 nan 360
1725341885376 nan 361
1725341885392 nan 362
1725341885407 nan 363
1725341885423 nan 364
1725341885441 nan 365
1725341885461 nan 366
1725341885477 nan 367
1725341885497 nan 368
1725341885520 nan 369
1725341885543 nan 370
1725341885563 nan 371
1725341885577 nan 372
1725341885592 nan 373
1725341885606 nan 374
1725341885620 nan 375
1725341885637 nan 376
1725341885656 nan 377
1725341885672 nan 378
1725341885687 nan 379
1725341885709 nan 380
1725341885732 nan 381
1725341885757 nan 382
1725341885778 nan 383
1725341885802 nan 384
1725341885825 nan 385
1725341885855 nan 386
1725341885881 nan 387
1725341885903 nan 388
1725341885923 nan 389
1725341885940 nan 390
1725341885957 nan 391
1725341885974 nan 392
1725341885989 nan 393
1725341886003 nan 394
1725341886020 nan 395
1725341886037 nan 396
1725341886053 nan 397
1725341886070 nan 398
1725341886085 nan 399
1725341886116 nan 400
1725341886135 nan 401
1725341886154 nan 402
1725341886173 nan 403
1725341886190 nan 404
1725341886211 nan 405
1725341886227 nan 406
1725341886247 nan 407
1725341886265 nan 408
1725341886283 nan 409
1725341886306 nan 410
1725341886325 nan 411
1725341886345 nan 412
1725341886366 nan 413
1725341886385 nan 414
1725341886404 nan 415
1725341886422 nan 416
1725341886442 nan 417
1725341886462 nan 418
1725341886480 nan 419
1725341886499 nan 420
1725341886519 nan 421
1725341886538 nan 422
1725341886557 nan 423
1725341886576 nan 424
1725341886594 nan 425
1725341886613 nan 426
1725341886631 nan 427
1725341886649 nan 428
1725341886667 nan 429
1725341886686 nan 430
1725341886704 nan 431
1725341886724 nan 432
1725341886742 nan 433
1725341886761 nan 434
1725341886780 nan 435
1725341886797 nan 436
1725341886815 nan 437
1725341886834 nan 438
1725341886851 nan 439
1725341886862 nan 440
1725341886875 nan 441
1725341886889 nan 442
1725341886903 nan 443
1725341886917 nan 444
1725341886933 nan 445
1725341886948 nan 446
1725341886955 nan 447
1725341886962 nan 448
1725341886973 nan 449
1725341886980 nan 450
1725341886987 nan 451
1725341886996 nan 452
1725341887003 nan 453
1725341887011 nan 454
1725341887019 nan 455
1725341887027 nan 456
1725341887036 nan 457
1725341887044 nan 458
1725341887052 nan 459
1725341887079 nan 460
1725341887141 nan 461
1725341887157 nan 462
1725341887175 nan 463
1725341887187 nan 464
1725341887199 nan 465
1725341887211 nan 466
1725341887224 nan 467
1725341887235 nan 468
1725341887247 nan 469
1725341887261 nan 470
1725341887273 nan 471
1725341887284 nan 472
1725341887292 nan 473
1725341887304 nan 474
1725341887314 nan 475
1725341887324 nan 476
1725341887334 nan 477
1725341887344 nan 478
1725341887360 nan 479
1725341887371 nan 480
1725341887383 nan 481
1725341887399 nan 482
1725341887411 nan 483
1725341887430 nan 484
1725341887448 nan 485
1725341887466 nan 486
1725341887486 nan 487
1725341887503 nan 488
1725341887521 nan 489
1725341887544 nan 490
1725341887560 nan 491
1725341887577 nan 492
1725341887593 nan 493
1725341887610 nan 494
1725341887627 nan 495
1725341887646 nan 496
1725341887663 nan 497
1725341887681 nan 498
1725341887697 nan 499
