1725341256346 nan 0
1725341256387 nan 1
1725341256413 nan 2
1725341256439 nan 3
1725341256463 nan 4
1725341256490 nan 5
1725341256514 nan 6
1725341256534 nan 7
1725341256561 nan 8
1725341256585 nan 9
1725341256602 nan 10
1725341256621 nan 11
1725341256638 nan 12
1725341256656 nan 13
1725341256680 nan 14
1725341256695 nan 15
1725341256711 nan 16
1725341256728 nan 17
1725341256743 nan 18
1725341256759 nan 19
1725341256780 nan 20
1725341256800 nan 21
1725341256819 nan 22
1725341256840 nan 23
1725341256867 nan 24
1725341256885 nan 25
1725341256906 nan 26
1725341256930 nan 27
1725341256955 nan 28
1725341256980 nan 29
1725341257002 nan 30
1725341257017 nan 31
1725341257037 nan 32
1725341257056 nan 33
1725341257080 nan 34
1725341257107 nan 35
1725341257142 nan 36
1725341257175 nan 37
1725341257203 nan 38
1725341257221 nan 39
1725341257238 nan 40
1725341257253 nan 41
1725341257268 nan 42
1725341257283 nan 43
1725341257298 nan 44
1725341257315 nan 45
1725341257330 nan 46
1725341257346 nan 47
1725341257362 nan 48
1725341257378 nan 49
1725341257392 nan 50
1725341257410 nan 51
1725341257426 nan 52
1725341257440 nan 53
1725341257455 nan 54
1725341257472 nan 55
1725341257495 nan 56
1725341257514 nan 57
1725341257532 nan 58
1725341257549 nan 59
1725341257573 nan 60
1725341257593 nan 61
1725341257617 nan 62
1725341257632 nan 63
1725341257647 nan 64
1725341257663 nan 65
1725341257683 nan 66
1725341257707 nan 67
1725341257725 nan 68
1725341257754 nan 69
1725341257782 nan 70
1725341257813 nan 71
1725341257844 nan 72
1725341257865 nan 73
1725341257884 nan 74
1725341257902 nan 75
1725341257919 nan 76
1725341257936 nan 77
1725341257954 nan 78
1725341257970 nan 79
1725341257987 nan 80
1725341258002 nan 81
1725341258017 nan 82
1725341258033 nan 83
1725341258051 nan 84
1725341258066 nan 85
1725341258082 nan 86
1725341258112 nan 87
1725341258132 nan 88
1725341258148 nan 89
1725341258165 nan 90
1725341258185 nan 91
1725341258325 nan 92
1725341258347 nan 93
1725341258379 nan 94
1725341258397 nan 95
1725341258418 nan 96
1725341258437 nan 97
1725341258460 nan 98
1725341258478 nan 99
1725341258495 nan 100
1725341258511 nan 101
1725341258526 nan 102
1725341258541 nan 103
1725341258557 nan 104
1725341258576 nan 105
1725341258591 nan 106
1725341258609 nan 107
1725341258631 nan 108
1725341258649 nan 109
1725341258664 nan 110
1725341258680 nan 111
1725341258696 nan 112
1725341258710 nan 113
1725341258725 nan 114
1725341258739 nan 115
1725341258754 nan 116
1725341258768 nan 117
1725341258783 nan 118
1725341258805 nan 119
1725341258836 nan 120
1725341258857 nan 121
1725341258878 nan 122
1725341258896 nan 123
1725341258916 nan 124
1725341258933 nan 125
1725341258952 nan 126
1725341258968 nan 127
1725341258986 nan 128
1725341259004 nan 129
1725341259023 nan 130
1725341259043 nan 131
1725341259066 nan 132
1725341259090 nan 133
1725341259111 nan 134
1725341259131 nan 135
1725341259151 nan 136
1725341259168 nan 137
1725341259183 nan 138
1725341259198 nan 139
1725341259213 nan 140
1725341259228 nan 141
1725341259246 nan 142
1725341259261 nan 143
1725341259277 nan 144
1725341259292 nan 145
1725341259308 nan 146
1725341259323 nan 147
1725341259341 nan 148
1725341259360 nan 149
1725341259380 nan 150
1725341259400 nan 151
1725341259418 nan 152
1725341259434 nan 153
1725341259456 nan 154
1725341259471 nan 155
1725341259490 nan 156
1725341259507 nan 157
1725341259525 nan 158
1725341259547 nan 159
1725341259563 nan 160
1725341259579 nan 161
1725341259597 nan 162
1725341259613 nan 163
1725341259629 nan 164
1725341259645 nan 165
1725341259662 nan 166
1725341259678 nan 167
1725341259696 nan 168
1725341259713 nan 169
1725341259747 nan 170
1725341259769 nan 171
1725341259790 nan 172
1725341259811 nan 173
1725341259850 nan 174
1725341259867 nan 175
1725341259883 nan 176
1725341259903 nan 177
1725341259919 nan 178
1725341259937 nan 179
1725341259954 nan 180
1725341259976 nan 181
1725341259994 nan 182
1725341260016 nan 183
1725341260037 nan 184
1725341260066 nan 185
1725341260096 nan 186
1725341260118 nan 187
1725341260138 nan 188
1725341260161 nan 189
1725341260180 nan 190
1725341260198 nan 191
1725341260215 nan 192
1725341260233 nan 193
1725341260251 nan 194
1725341260272 nan 195
1725341260294 nan 196
1725341260310 nan 197
1725341260326 nan 198
1725341260342 nan 199
1725341260358 nan 200
1725341260374 nan 201
1725341260391 nan 202
1725341260413 nan 203
1725341260432 nan 204
1725341260462 nan 205
1725341260486 nan 206
1725341260511 nan 207
1725341260535 nan 208
1725341260557 nan 209
1725341260572 nan 210
1725341260594 nan 211
1725341260608 nan 212
1725341260624 nan 213
1725341260639 nan 214
1725341260655 nan 215
1725341260671 nan 216
1725341260686 nan 217
1725341260700 nan 218
1725341260716 nan 219
1725341260732 nan 220
1725341260751 nan 221
1725341260773 nan 222
1725341260793 nan 223
1725341260819 nan 224
1725341260860 nan 225
1725341260884 nan 226
1725341260906 nan 227
1725341260930 nan 228
1725341260955 nan 229
1725341260978 nan 230
1725341261000 nan 231
1725341261023 nan 232
1725341261042 nan 233
1725341261067 nan 234
1725341261087 nan 235
1725341261110 nan 236
1725341261130 nan 237
1725341261155 nan 238
1725341261178 nan 239
1725341261195 nan 240
1725341261214 nan 241
1725341261229 nan 242
1725341261245 nan 243
1725341261260 nan 244
1725341261276 nan 245
1725341261293 nan 246
1725341261307 nan 247
1725341261321 nan 248
1725341261335 nan 249
1725341261350 nan 250
1725341261364 nan 251
1725341261379 nan 252
1725341261395 nan 253
1725341261409 nan 254
1725341261424 nan 255
1725341261440 nan 256
1725341261456 nan 257
1725341261471 nan 258
1725341261487 nan 259
1725341261503 nan 260
1725341261520 nan 261
1725341261536 nan 262
1725341261552 nan 263
1725341261565 nan 264
1725341261581 nan 265
1725341261598 nan 266
1725341261610 nan 267
1725341261626 nan 268
1725341261642 nan 269
1725341261658 nan 270
1725341261674 nan 271
1725341261690 nan 272
1725341261704 nan 273
1725341261719 nan 274
1725341261733 nan 275
1725341261748 nan 276
1725341261763 nan 277
1725341261778 nan 278
1725341261795 nan 279
1725341261814 nan 280
1725341261838 nan 281
1725341261881 nan 282
1725341261927 nan 283
1725341261954 nan 284
1725341261981 nan 285
1725341262017 nan 286
1725341262043 nan 287
1725341262072 nan 288
1725341262099 nan 289
1725341262127 nan 290
1725341262147 nan 291
1725341262168 nan 292
1725341262185 nan 293
1725341262203 nan 294
1725341262223 nan 295
1725341262239 nan 296
1725341262254 nan 297
1725341262270 nan 298
1725341262285 nan 299
1725341262301 nan 300
1725341262319 nan 301
1725341262337 nan 302
1725341262355 nan 303
1725341262379 nan 304
1725341262399 nan 305
1725341262432 nan 306
1725341262449 nan 307
1725341262464 nan 308
1725341262483 nan 309
1725341262499 nan 310
1725341262513 nan 311
1725341262528 nan 312
1725341262542 nan 313
1725341262557 nan 314
1725341262590 nan 315
1725341262608 nan 316
1725341262626 nan 317
1725341262644 nan 318
1725341262685 nan 319
1725341262710 nan 320
1725341262729 nan 321
1725341262751 nan 322
1725341262767 nan 323
1725341262784 nan 324
1725341262801 nan 325
1725341262818 nan 326
1725341262838 nan 327
1725341262861 nan 328
1725341262898 nan 329
1725341262915 nan 330
1725341262935 nan 331
1725341262950 nan 332
1725341262964 nan 333
1725341262978 nan 334
1725341262993 nan 335
1725341263008 nan 336
1725341263023 nan 337
1725341263043 nan 338
1725341263058 nan 339
1725341263077 nan 340
1725341263095 nan 341
1725341263113 nan 342
1725341263133 nan 343
1725341263161 nan 344
1725341263189 nan 345
1725341263205 nan 346
1725341263224 nan 347
1725341263248 nan 348
1725341263263 nan 349
1725341263282 nan 350
1725341263297 nan 351
1725341263314 nan 352
1725341263337 nan 353
1725341263352 nan 354
1725341263366 nan 355
1725341263383 nan 356
1725341263398 nan 357
1725341263418 nan 358
1725341263447 nan 359
1725341263468 nan 360
1725341263489 nan 361
1725341263509 nan 362
1725341263526 nan 363
1725341263546 nan 364
1725341263569 nan 365
1725341263589 nan 366
1725341263630 nan 367
1725341263653 nan 368
1725341263672 nan 369
1725341263692 nan 370
1725341263710 nan 371
1725341263754 nan 372
1725341263781 nan 373
1725341263805 nan 374
1725341263849 nan 375
1725341263870 nan 376
1725341263893 nan 377
1725341263942 nan 378
1725341263955 nan 379
1725341263965 nan 380
1725341263977 nan 381
1725341263990 nan 382
1725341263997 nan 383
1725341264004 nan 384
1725341264011 nan 385
1725341264019 nan 386
1725341264026 nan 387
1725341264033 nan 388
1725341264042 nan 389
1725341264049 nan 390
1725341264056 nan 391
1725341264067 nan 392
1725341264081 nan 393
1725341264093 nan 394
1725341264105 nan 395
1725341264133 nan 396
1725341264158 nan 397
1725341264178 nan 398
1725341264194 nan 399
1725341264210 nan 400
1725341264225 nan 401
1725341264239 nan 402
1725341264260 nan 403
1725341264275 nan 404
1725341264292 nan 405
1725341264306 nan 406
1725341264321 nan 407
1725341264342 nan 408
1725341264359 nan 409
1725341264379 nan 410
1725341264398 nan 411
1725341264412 nan 412
1725341264427 nan 413
1725341264442 nan 414
1725341264457 nan 415
1725341264475 nan 416
1725341264490 nan 417
1725341264504 nan 418
1725341264519 nan 419
1725341264534 nan 420
1725341264549 nan 421
1725341264565 nan 422
1725341264582 nan 423
1725341264602 nan 424
1725341264619 nan 425
1725341264639 nan 426
1725341264658 nan 427
1725341264675 nan 428
1725341264697 nan 429
1725341264717 nan 430
1725341264740 nan 431
1725341264761 nan 432
1725341264778 nan 433
1725341264799 nan 434
1725341264817 nan 435
1725341264831 nan 436
1725341264845 nan 437
1725341264860 nan 438
1725341264875 nan 439
1725341264889 nan 440
1725341264903 nan 441
1725341264933 nan 442
1725341264948 nan 443
1725341264963 nan 444
1725341264981 nan 445
1725341265004 nan 446
1725341265021 nan 447
1725341265036 nan 448
1725341265055 nan 449
1725341265072 nan 450
1725341265087 nan 451
1725341265104 nan 452
1725341265120 nan 453
1725341265135 nan 454
1725341265151 nan 455
1725341265166 nan 456
1725341265184 nan 457
1725341265198 nan 458
1725341265212 nan 459
1725341265227 nan 460
1725341265241 nan 461
1725341265255 nan 462
1725341265269 nan 463
1725341265283 nan 464
1725341265300 nan 465
1725341265318 nan 466
1725341265334 nan 467
1725341265349 nan 468
1725341265365 nan 469
1725341265381 nan 470
1725341265397 nan 471
1725341265424 nan 472
1725341265456 nan 473
1725341265494 nan 474
1725341265527 nan 475
1725341265549 nan 476
1725341265576 nan 477
1725341265595 nan 478
1725341265615 nan 479
1725341265635 nan 480
1725341265653 nan 481
1725341265671 nan 482
1725341265689 nan 483
1725341265713 nan 484
1725341265740 nan 485
1725341265764 nan 486
1725341265793 nan 487
1725341265814 nan 488
1725341265841 nan 489
1725341265861 nan 490
1725341265879 nan 491
1725341265896 nan 492
1725341265913 nan 493
1725341265948 nan 494
1725341265974 nan 495
1725341266009 nan 496
1725341266040 nan 497
1725341266071 nan 498
1725341266104 nan 499
