1725412121929 186813.67545116364 0
1725412122008 5.448629742437497e+18 1
1725412122100 4.263630168226332e+32 2
1725412122200 1.0093222395437147e+43 3
1725412122279 1.9478112358587118e+54 4
1725412122363 4.675953924382848e+65 5
1725412122449 5.898356215706114e+77 6
1725412122539 2.974779684493394e+88 7
1725412122611 8.079609432843067e+97 8
1725412122698 1.129669779907065e+111 9
1725412122794 2.182651495317579e+124 10
1725412122878 7.166370277052831e+133 11
1725412122961 6.744337360326771e+146 12
1725412123048 3.401744858535068e+157 13
1725412123130 2.296905841557696e+168 14
1725412123205 4.642904483475876e+181 15
1725412123275 4.946661424483715e+192 16
1725412123352 1.3221767459687228e+206 17
1725412123430 8.825415240046726e+218 18
1725412123569 7.832029357674482e+229 19
1725412123620 5.114279396212571e+239 20
1725412123700 5.117334596857537e+252 21
1725412123795 5.604047836076705e+263 22
1725412123865 3.769071992927046e+273 23
1725412123940 1.06729970701923e+286 24
1725412124024 1.7898727428552552e+297 25
1725412124095 inf 26
1725412124167 inf 27
