1725358387919 174.9911334313242 0
1725358387939 174.95566127580327 1
1725358387958 174.9201970924728 2
1725358387983 174.88474087943985 3
1725358388006 174.8492926348121 4
1725358388029 174.81385235669748 5
1725358388050 174.77842004320462 6
1725358388072 174.7429956924425 7
1725358388097 174.70757930252051 8
1725358388119 174.6721708715487 9
1725358388139 174.63677039763738 10
1725358388163 174.60137787889752 11
1725358388185 174.56599331344037 12
1725358388208 174.53061669937784 13
1725358388232 174.49524803482217 14
1725358388250 174.45988731788617 15
1725358388276 174.42453454668302 16
1725358388302 174.38918971932645 17
1725358388325 174.3538528339306 18
1725358388349 174.31852388861012 19
1725358388370 174.28320288148012 20
1725358388397 174.2478898106562 21
1725358388425 174.21258467425437 22
1725358388447 174.17728747039115 23
1725358388470 174.14199819718357 24
1725358388490 174.10671685274903 25
1725358388513 174.07144343520548 26
1725358388536 174.03617794267126 27
1725358388559 174.0009203732653 28
1725358388581 173.96567072510686 29
1725358388612 173.9304289963158 30
1725358388633 173.89519518501234 31
1725358388657 173.8599692893172 32
1725358388678 173.8247513073516 33
1725358388698 173.7895412372372 34
1725358388718 173.75433907709612 35
1725358388743 173.719144825051 36
1725358388760 173.68395847922483 37
1725358388781 173.64878003774123 38
1725358388801 173.61360949872417 39
1725358388823 173.57844686029807 40
1725358388842 173.54329212058792 41
1725358388880 173.50814527771914 42
1725358388901 173.47300632981754 43
1725358388924 173.43787527500947 44
1725358388946 173.40275211142176 45
1725358388966 173.3676368371816 46
1725358388989 173.33252945041684 47
1725358389009 173.2974299492556 48
1725358389031 173.26233833182658 49
1725358389050 173.22725459625883 50
1725358389076 173.192178740682 51
1725358389098 173.1571107632262 52
1725358389125 173.12205066202188 53
1725358389180 173.0869984352001 54
1725358389205 173.05195408089222 55
1725358389226 173.01691759723022 56
1725358389248 172.98188898234648 57
1725358389269 172.94686823437385 58
1725358389288 172.91185535144567 59
1725358389314 172.87685033169566 60
1725358389332 172.84185317325813 61
1725358389350 172.80686387426775 62
1725358389374 172.77188243285963 63
1725358389394 172.73690884716953 64
1725358389417 172.70194311533345 65
1725358389437 172.66698523548803 66
1725358389457 172.6320352057702 67
1725358389476 172.59709302431753 68
1725358389496 172.562158689268 69
1725358389518 172.5272321987599 70
1725358389538 172.49231355093218 71
1725358389557 172.4574027439242 72
1725358389580 172.42249977587574 73
1725358389600 172.38760464492708 74
1725358389625 172.35271734921898 75
1725358389648 172.31783788689253 76
1725358389671 172.2829662560895 77
1725358389693 172.24810245495192 78
1725358389710 172.21324648162246 79
1725358389731 172.17839833424406 80
1725358389750 172.1435580109603 81
1725358389772 172.10872550991508 82
1725358389796 172.0739008292529 83
1725358389814 172.03908396711856 84
1725358389838 172.0042749216575 85
1725358389863 171.96947369101545 86
1725358389892 171.93468027333873 87
1725358389914 171.8998946667741 88
1725358389936 171.86511686946866 89
1725358389958 171.83034687957013 90
1725358389980 171.7955846952266 91
1725358390010 171.76083031458666 92
1725358390033 171.72608373579934 93
1725358390055 171.69134495701414 94
1725358390075 171.656613976381 95
1725358390096 171.62189079205032 96
1725358390117 171.58717540217307 97
1725358390139 171.55246780490046 98
1725358390161 171.5177679983844 99
1725358390183 171.48307598077702 100
1725358390202 171.44839175023114 101
1725358390223 171.41371530489985 102
1725358390242 171.37904664293686 103
1725358390263 171.34438576249622 104
1725358390288 171.30973266173248 105
1725358390308 171.27508733880066 106
1725358390328 171.24044979185624 107
1725358390348 171.2058200190551 108
1725358390370 171.17119801855367 109
1725358390388 171.13658378850877 110
1725358390407 171.10197732707775 111
1725358390427 171.06737863241827 112
1725358390451 171.03278770268864 113
1725358390471 170.99820453604747 114
1725358390494 170.96362913065394 115
1725358390517 170.92906148466764 116
1725358390539 170.89450159624857 117
1725358390561 170.85994946355729 118
1725358390582 170.82540508475475 119
1725358390604 170.79086845800234 120
1725358390624 170.75633958146196 121
1725358390644 170.72181845329595 122
1725358390664 170.68730507166705 123
1725358390683 170.6527994347386 124
1725358390702 170.61830154067425 125
1725358390722 170.58381138763818 126
1725358390746 170.54932897379493 127
1725358390765 170.51485429730968 128
1725358390785 170.4803873563479 129
1725358390807 170.44592814907557 130
1725358390829 170.41147667365917 131
1725358390847 170.37703292826552 132
1725358390863 170.34259691106212 133
1725358390894 170.30816862021658 134
1725358390914 170.27374805389735 135
1725358390937 170.23933521027297 136
1725358390959 170.20493008751274 137
1725358390981 170.1705326837863 138
1725358391001 170.13614299726362 139
1725358391020 170.10176102611533 140
1725358391044 170.06738676851236 141
1725358391063 170.03302022262625 142
1725358391083 169.99866138662878 143
1725358391104 169.96431025869242 144
1725358391120 169.92996683698988 145
1725358391141 169.8956311196945 146
1725358391163 169.86130310497995 147
1725358391182 169.8269827910204 148
1725358391199 169.79267017599054 149
1725358391221 169.75836525806537 150
1725358391246 169.72406803542043 151
1725358391266 169.68977850623176 152
1725358391288 169.65549666867577 153
1725358391309 169.62122252092934 154
1725358391333 169.58695606116976 155
1725358391354 169.55269728757497 156
1725358391377 169.5184461983231 157
1725358391398 169.48420279159288 158
1725358391418 169.4499670655635 159
1725358391441 169.4157390184145 160
1725358391462 169.38151864832602 161
1725358391484 169.34730595347855 162
1725358391507 169.313100932053 163
1725358391527 169.27890358223084 164
1725358391550 169.24471390219395 165
1725358391570 169.21053189012457 166
1725358391590 169.1763575442055 167
1725358391612 169.14219086262003 168
1725358391635 169.10803184355177 169
1725358391654 169.07388048518484 170
1725358391676 169.03973678570387 171
1725358391697 169.00560074329383 172
1725358391717 168.9714723561402 173
1725358391737 168.93735162242893 174
1725358391755 168.90323854034645 175
1725358391776 168.8691331080795 176
1725358391796 168.83503532381536 177
1725358391815 168.80094518574182 178
1725358391835 168.76686269204703 179
1725358391857 168.73278784091963 180
1725358391876 168.6987206305487 181
1725358391910 168.66466105912374 182
1725358391932 168.63060912483473 183
1725358391954 168.59656482587215 184
1725358391976 168.56252816042684 185
1725358391996 168.52849912669015 186
1725358392014 168.49447772285384 187
1725358392032 168.4604639471101 188
1725358392051 168.42645779765166 189
1725358392071 168.39245927267166 190
1725358392091 168.35846837036357 191
1725358392114 168.32448508892153 192
1725358392134 168.29050942653993 193
1725358392155 168.25654138141374 194
1725358392176 168.22258095173828 195
1725358392200 168.1886281357094 196
1725358392220 168.1546829315233 197
1725358392240 168.12074533737677 198
1725358392264 168.08681535146692 199
1725358392284 168.05289297199138 200
1725358392305 168.01897819714816 201
1725358392328 167.98507102513585 202
1725358392346 167.9511714541533 203
1725358392365 167.91727948239992 204
1725358392385 167.8833951080756 205
1725358392404 167.84951832938057 206
1725358392424 167.81564914451565 207
1725358392443 167.78178755168196 208
1725358392463 167.7479335490811 209
1725358392483 167.71408713491525 210
1725358392505 167.6802483073868 211
1725358392525 167.6464170646988 212
1725358392546 167.61259340505464 213
1725358392569 167.57877732665824 214
1725358392590 167.5449688277138 215
1725358392617 167.51116790642612 216
1725358392638 167.47737456100043 217
1725358392665 167.44358878964235 218
1725358392683 167.40981059055795 219
1725358392704 167.37603996195375 220
1725358392726 167.3422769020368 221
1725358392747 167.30852140901447 222
1725358392769 167.27477348109466 223
1725358392793 167.2410331164856 224
1725358392816 167.20730031339616 225
1725358392834 167.1735750700355 226
1725358392854 167.13985738461324 227
1725358392874 167.10614725533947 228
1725358392910 167.0724446804248 229
1725358392930 167.03874965808012 230
1725358392950 167.00506218651694 231
1725358392969 166.97138226394705 232
1725358392992 166.9377098885828 233
1725358393014 166.90404505863694 234
1725358393033 166.8703877723227 235
1725358393053 166.83673802785367 236
1725358393072 166.80309582344395 237
1725358393091 166.76946115730811 238
1725358393116 166.7358340276611 239
1725358393138 166.70221443271825 240
1725358393161 166.66860237069557 241
1725358393185 166.63499783980927 242
1725358393203 166.6014008382761 243
1725358393226 166.56781136431326 244
1725358393246 166.5342294161384 245
1725358393266 166.50065499196955 246
1725358393288 166.46708809002524 247
1725358393308 166.43352870852442 248
1725358393330 166.39997684568652 249
1725358393352 166.36643249973133 250
1725358393376 166.33289566887916 251
1725358393397 166.29936635135073 252
1725358393417 166.26584454536723 253
1725358393440 166.23233024915018 254
1725358393459 166.19882346092172 255
1725358393483 166.16532417890426 256
1725358393505 166.13183240132082 257
1725358393528 166.09834812639468 258
1725358393548 166.0648713523497 259
1725358393570 166.03140207741015 260
1725358393589 165.99794029980066 261
1725358393608 165.9644860177464 262
1725358393628 165.93103922947293 263
1725358393649 165.89759993320627 264
1725358393670 165.8641681271729 265
1725358393690 165.83074380959965 266
1725358393711 165.79732697871395 267
1725358393731 165.76391763274341 268
1725358393752 165.7305157699164 269
1725358393774 165.69712138846154 270
1725358393798 165.66373448660786 271
1725358393823 165.63035506258493 272
1725358393845 165.59698311462273 273
1725358393863 165.56361864095163 274
1725358393882 165.53026163980252 275
1725358393901 165.49691210940668 276
1725358393934 165.46357004799577 277
1725358393952 165.43023545380208 278
1725358393974 165.3969083250581 279
1725358393995 165.3635886599969 280
1725358394015 165.33027645685198 281
1725358394035 165.29697171385726 282
1725358394055 165.26367442924712 283
1725358394074 165.23038460125622 284
1725358394101 165.19710222811992 285
1725358394125 165.16382730807388 286
1725358394147 165.13055983935416 287
1725358394169 165.09729982019732 288
1725358394190 165.06404724884038 289
1725358394210 165.03080212352066 290
1725358394229 164.99756444247615 291
1725358394248 164.96433420394504 292
1725358394272 164.93111140616605 293
1725358394294 164.89789604737845 294
1725358394312 164.86468812582177 295
1725358394333 164.83148763973603 296
1725358394353 164.79829458736177 297
1725358394373 164.7651089669398 298
1725358394398 164.7319307767116 299
1725358394417 164.69876001491886 300
1725358394438 164.66559667980383 301
1725358394462 164.63244076960916 302
1725358394483 164.59929228257798 303
1725358394503 164.56615121695376 304
1725358394523 164.5330175709805 305
1725358394543 164.4998913429026 306
1725358394563 164.46677253096485 307
1725358394583 164.43366113341256 308
1725358394603 164.40055714849137 309
1725358394623 164.36746057444753 310
1725358394646 164.3343714095276 311
1725358394666 164.3012896519785 312
1725358394687 164.26821530004773 313
1725358394709 164.23514835198313 314
1725358394729 164.20208880603303 315
1725358394757 164.16903666044624 316
1725358394778 164.13599191347186 317
1725358394798 164.1029545633595 318
1725358394821 164.0699246083593 319
1725358394844 164.03690204672165 320
1725358394863 164.0038868766975 321
1725358394885 163.9708790965382 322
1725358394904 163.9378787044955 323
1725358394938 163.9048856988217 324
1725358394958 163.87190007776937 325
1725358394977 163.83892183959162 326
1725358395005 163.805950982542 327
1725358395034 163.7729875048744 328
1725358395056 163.74003140484322 329
1725358395074 163.70708268070328 330
1725358395097 163.67414133070986 331
1725358395121 163.6412073531186 332
1725358395149 163.60828074618559 333
1725358395170 163.57536150816745 334
1725358395197 163.5424496373211 335
1725358395219 163.50954513190396 336
1725358395237 163.47664799017386 337
1725358395254 163.4437582103891 338
1725358395273 163.41087579080835 339
1725358395296 163.3780007296908 340
1725358395313 163.34513302529592 341
1725358395331 163.31227267588378 342
1725358395348 163.27941967971483 343
1725358395366 163.2465740350499 344
1725358395384 163.21373574015027 345
1725358395410 163.18090479327765 346
1725358395430 163.14808119269424 347
1725358395447 163.11526493666258 348
1725358395468 163.0824560234457 349
1725358395489 163.04965445130702 350
1725358395509 163.0168602185105 351
1725358395531 162.98407332332036 352
1725358395554 162.95129376400138 353
1725358395575 162.91852153881868 354
1725358395596 162.88575664603792 355
1725358395616 162.85299908392506 356
1725358395637 162.8202488507466 357
1725358395657 162.7875059447694 358
1725358395678 162.7547703642608 359
1725358395697 162.7220421074885 360
1725358395718 162.68932117272072 361
1725358395737 162.65660755822597 362
1725358395759 162.62390126227345 363
1725358395776 162.59120228313247 364
1725358395794 162.55851061907296 365
1725358395814 162.52582626836528 366
1725358395831 162.4931492292801 367
1725358395851 162.46047950008864 368
1725358395872 162.42781707906252 369
1725358395895 162.39516196447371 370
1725358395914 162.36251415459472 371
1725358395933 162.32987364769843 372
1725358395963 162.29724044205813 373
1725358395985 162.26461453594757 374
1725358396009 162.23199592764092 375
1725358396029 162.19938461541278 376
1725358396050 162.1667805975382 377
1725358396073 162.13418387229257 378
1725358396096 162.10159443795186 379
1725358396119 162.06901229279228 380
1725358396136 162.03643743509062 381
1725358396153 162.00386986312404 382
1725358396171 161.9713095751701 383
1725358396191 161.93875656950678 384
1725358396218 161.90621084441264 385
1725358396239 161.87367239816643 386
1725358396260 161.8411412290475 387
1725358396280 161.80861733533555 388
1725358396300 161.77610071531075 389
1725358396319 161.7435913672536 390
1725358396342 161.71108928944514 391
1725358396363 161.67859448016682 392
1725358396387 161.64610693770047 393
1725358396409 161.61362666032838 394
1725358396432 161.58115364633318 395
1725358396450 161.5486878939981 396
1725358396466 161.51622940160658 397
1725358396487 161.4837781674427 398
1725358396508 161.45133418979077 399
1725358396528 161.41889746693565 400
1725358396548 161.38646799716258 401
1725358396570 161.3540457787573 402
1725358396589 161.3216308100058 403
1725358396613 161.28922308919468 404
1725358396632 161.25682261461085 405
1725358396652 161.22442938454168 406
1725358396671 161.19204339727497 407
1725358396691 161.159664651099 408
1725358396711 161.12729314430234 409
1725358396730 161.09492887517408 410
1725358396753 161.06257184200368 411
1725358396776 161.03022204308112 412
1725358396801 160.99787947669668 413
1725358396825 160.96554414114115 414
1725358396845 160.93321603470568 415
1725358396865 160.90089515568195 416
1725358396887 160.86858150236193 417
1725358396905 160.83627507303808 418
1725358396925 160.8039758660033 419
1725358396947 160.77168387955084 420
1725358396979 160.73939911197448 421
1725358396998 160.70712156156833 422
1725358397017 160.67485122662694 423
1725358397036 160.64258810544533 424
1725358397056 160.61033219631892 425
1725358397076 160.57808349754347 426
1725358397095 160.5458420074154 427
1725358397116 160.51360772423115 428
1725358397137 160.481380646288 429
1725358397159 160.44916077188338 430
1725358397182 160.4169480993153 431
1725358397202 160.38474262688203 432
1725358397223 160.35254435288243 433
1725358397244 160.3203532756157 434
1725358397264 160.2881693933814 435
1725358397283 160.2559927044797 436
1725358397302 160.2238232072109 437
1725358397323 160.19166089987598 438
1725358397344 160.15950578077627 439
1725358397364 160.12735784821348 440
1725358397383 160.09521710048975 441
1725358397404 160.06308353590762 442
1725358397425 160.03095715277013 443
1725358397446 159.99883794938066 444
1725358397466 159.96672592404306 445
1725358397495 159.93462107506156 446
1725358397516 159.90252340074082 447
1725358397538 159.87043289938595 448
1725358397557 159.83834956930247 449
1725358397576 159.80627340879624 450
1725358397596 159.77420441617372 451
1725358397617 159.74214258974158 452
1725358397636 159.710087927807 453
1725358397656 159.67804042867766 454
1725358397676 159.64600009066152 455
1725358397696 159.61396691206704 456
1725358397716 159.58194089120312 457
1725358397735 159.54992202637897 458
1725358397753 159.51791031590432 459
1725358397774 159.48590575808927 460
1725358397799 159.45390835124437 461
1725358397823 159.42191809368055 462
1725358397843 159.38993498370922 463
1725358397866 159.35795901964212 464
1725358397888 159.3259901997915 465
1725358397909 159.29402852246994 466
1725358397931 159.2620739859905 467
1725358397948 159.23012658866662 468
1725358397982 159.1981863288122 469
1725358398005 159.1662532047415 470
1725358398025 159.13432721476929 471
1725358398045 159.10240835721063 472
1725358398065 159.07049663038111 473
1725358398091 159.03859203259663 474
1725358398115 159.00669456217364 475
1725358398141 158.97480421742887 476
1725358398163 158.94292099667953 477
1725358398181 158.9110448982433 478
1725358398203 158.87917592043817 479
1725358398226 158.84731406158264 480
1725358398247 158.81545931999557 481
1725358398271 158.7836116939962 482
1725358398291 158.75177118190427 483
1725358398311 158.71993778203995 484
1725358398332 158.6881114927237 485
1725358398352 158.65629231227652 486
1725358398373 158.62448023901973 487
1725358398397 158.59267527127517 488
1725358398418 158.560877407365 489
1725358398442 158.52908664561184 490
1725358398462 158.49730298433875 491
1725358398483 158.4655264218691 492
1725358398502 158.43375695652682 493
1725358398522 158.40199458663616 494
1725358398545 158.37023931052175 495
1725358398568 158.33849112650876 496
1725358398590 158.3067500329227 497
1725358398613 158.27501602808945 498
1725358398635 158.2432891103354 499
