1725404997458 173.31136100308888 0
1725404997490 169.98322635233438 1
1725404997522 168.2944050561131 2
1725404997561 166.61443381656838 3
1725404997605 164.95138809875232 4
1725404997640 163.3050538501305 5
1725404997672 161.6752614243402 6
1725404997698 160.06184271477852 7
1725404997724 158.46463136155205 8
1725404997752 156.88346273135937 9
1725404997784 155.3181738988513 10
1725404997810 153.76860362819923 11
1725404997847 152.23459235487695 12
1725404997884 150.71598216765253 13
1725404997917 149.21261679078862 14
1725404997948 147.72434156644712 15
1725404997980 146.25100343729662 16
1725404998007 144.7924509293197 17
1725404998038 143.34853413481756 18
1725404998066 141.9191046956093 19
1725404998099 140.5040157864236 20
1725404998133 139.1031220984804 21
1725404998164 137.71627982326 22
1725404998192 136.34334663645694 23
1725404998214 134.98418168211728 24
1725404998247 133.63864555695588 25
1725404998273 132.30660029485193 26
1725404998301 130.98790935152076 27
1725404998327 129.68243758935895 28
1725404998357 128.3900512624615 29
1725404998381 127.11061800180805 30
1725404998406 125.84400680061677 31
1725404998434 124.59008799986329 32
1725404998468 123.34873327396285 33
1725404998499 122.11981561661388 34
1725404998530 120.90320932680034 35
1725404998558 119.69878999495178 36
1725404998599 118.50643448925828 37
1725404998666 117.32602094213897 38
1725404998701 116.15742873686193 39
1725404998732 115.00053849431387 40
1725404998763 113.8552320599176 41
1725404998791 112.72139249069521 42
1725404998823 111.59890404247588 43
1725404998855 110.48765215724575 44
1725404998882 109.38752345063895 45
1725404998914 108.29840569956706 46
1725404998940 107.22018782998653 47
1725404998966 106.15275990480131 48
1725404999001 105.09601311189974 49
1725404999034 104.04983975232356 50
1725404999057 103.01413322856828 51
1725404999081 101.98878803301211 52
1725404999108 100.97369973647312 53
1725404999139 99.96876497689225 54
1725404999173 98.9738814481411 55
1725404999207 97.98894788895284 56
1725404999234 97.01386407197477 57
1725404999264 96.04853079294111 58
1725404999295 95.09284985996472 59
1725404999322 94.14672408294608 60
1725404999354 93.21005726309826 61
1725404999394 92.28275418258661 62
1725404999421 91.36472059428165 63
1725404999455 90.45586321162394 64
1725404999490 89.55608969859948 65
1725404999521 88.6653086598245 66
1725404999554 87.78342963073828 67
1725404999585 86.91036306790262 68
1725404999618 86.0460203394069 69
1725404999647 85.19031371537737 70
1725404999678 84.34315635858954 71
1725404999711 83.50446231518235 72
1725404999744 82.674146505473 73
1725404999773 81.85212471487132 74
1725404999802 81.03831358489239 75
1725404999832 80.23263060426642 76
1725404999862 79.43499410014456 77
1725404999891 78.64532322939995 78
1725404999915 77.86353797002214 79
1725404999947 77.08955911260479 80
1725404999974 76.32330825192463 81
1725405000012 75.56470777861131 82
1725405000040 74.81368087090691 83
1725405000067 74.0701514865135 84
1725405000091 73.33404435452907 85
1725405000116 72.60528496746925 86
1725405000143 71.88379957337501 87
1725405000175 71.1695151680048 88
1725405000212 70.46235948711016 89
1725405000239 69.7622609987944 90
1725405000274 69.06914889595254 91
1725405000301 68.38295308879216 92
1725405000330 67.70360419743429 93
1725405000359 67.0310335445931 94
1725405000389 66.3651731483337 95
1725405000422 65.70595571490703 96
1725405000449 65.05331463166122 97
1725405000474 64.4071839600282 98
1725405000504 63.76749842858513 99
1725405000530 63.13419342618933 100
1725405000559 62.5072049951863 101
1725405000591 61.88646982468984 102
1725405000614 61.27192524393326 103
1725405000647 60.66350921569146 104
1725405000673 60.06116032977226 105
1725405000701 59.464817796576945 106
1725405000733 58.874421440729016 107
1725405000765 58.28991169476992 108
1725405000796 57.711229592921875 109
1725405000825 57.13831676491633 110
1725405000856 56.57111542988776 111
1725405000879 56.00956839033159 112
1725405000913 55.45361902612614 113
1725405000942 54.90321128861742 114
1725405000978 54.3582896947663 115
1725405001009 53.81879932135731 116
1725405001040 53.284685799268296 117
1725405001068 52.755895307800266 118
1725405001101 52.23237456906727 119
1725405001122 51.714070842444485 120
1725405001151 51.20093191907529 121
1725405001182 50.69290611643562 122
1725405001214 50.189942272955435 123
1725405001239 49.69198974269639 124
1725405001272 49.19899839008569 125
1725405001301 48.710918584704494 126
1725405001333 48.227701196131605 127
1725405001366 47.749297588840385 128
1725405001389 47.27565961714953 129
1725405001418 46.80673962022631 130
1725405001451 46.342490417142365 131
1725405001484 45.882865301980615 132
1725405001506 45.42781803899385 133
1725405001532 44.97730285781327 134
1725405001557 44.53127444870728 135
1725405001588 44.08968795788976 136
1725405001617 43.652498982876956 137
1725405001648 43.21966356789295 138
1725405001678 42.79113819932285 139
1725405001709 42.366879801213265 140
1725405001743 41.94684573081967 141
1725405001771 41.53099377419989 142
1725405001807 41.11928214185367 143
1725405001841 40.71166946440704 144
1725405001872 40.30811478834211 145
1725405001897 39.90857757177055 146
1725405001922 39.513017680251465 147
1725405001950 39.12139538265213 148
1725405001982 38.733671347052095 149
1725405002022 38.34980663668931 150
1725405002055 37.96976270594867 151
1725405002086 37.593501396391574 152
1725405002115 37.22098493282705 153
1725405002140 36.85217591942322 154
1725405002164 36.487037335859064 155
1725405002196 36.12553253351605 156
1725405002229 35.767625231708905 157
1725405002263 35.4132795139556 158
1725405002292 35.062459824285504 159
1725405002324 34.71513096358603 160
1725405002355 34.37125808598657 161
1725405002381 34.030806695280155 162
1725405002412 33.693742641381604 163
1725405002439 33.36003211682241 164
1725405002473 33.02964165328167 165
1725405002498 32.702538118152916 166
1725405002525 32.37868871114589 167
1725405002556 32.05806096092376 168
1725405002586 31.740622721774567 169
1725405002613 31.426342170317223 170
1725405002639 31.115187802241035 171
1725405002665 30.80712842907911 172
1725405002695 30.502133175014652 173
1725405002725 30.200171473720168 174
1725405002755 29.901213065229083 175
1725405002795 29.60522799283954 176
1725405002822 29.31218660005 177
1725405002854 29.022059527526142 178
1725405002883 28.734817710098955 179
1725405002914 28.450432373793703 180
1725405002943 28.168875032889176 181
1725405002969 27.890117487007213 182
1725405002998 27.61413181823192 183
1725405003022 27.340890388258575 184
1725405003051 27.070365835571483 185
1725405003086 26.80253107265097 186
1725405003118 26.537359283208712 187
1725405003148 26.27482391945162 188
1725405003172 26.014898699373436 189
1725405003205 25.757557604074194 190
1725405003238 25.502774875107093 191
1725405003264 25.250525011852325 192
1725405003291 25.000782768917936 193
1725405003322 24.753523153567116 194
1725405003352 24.50872142317168 195
1725405003373 24.266353082691857 196
1725405003399 24.02639388218132 197
1725405003422 23.788819814318217 198
1725405003454 23.553607111960996 199
1725405003480 23.32073224572924 200
1725405003509 23.090171921609283 201
1725405003540 22.86190307858412 202
1725405003573 22.635902886287578 203
1725405003599 22.412148742682255 204
1725405003628 22.190618271761217 205
1725405003658 21.971289321273066 206
1725405003687 21.754139960470184 207
1725405003718 21.53914847787987 208
1725405003748 21.3262933790982 209
1725405003772 21.115553384606347 210
1725405003798 20.906907427608942 211
1725405003824 20.700334651894845 212
1725405003847 20.495814409719106 213
1725405003874 20.293326259706856 214
1725405003899 20.092849964778388 215
1725405003927 19.89436549009548 216
1725405003959 19.697853001028076 217
1725405003991 19.503292861142327 218
1725405004024 19.31066563020847 219
1725405004054 19.119952062229398 220
1725405004082 18.931133103488744 221
1725405004106 18.744189890619392 222
1725405004136 18.55910374869101 223
1725405004164 18.375856189317318 224
1725405004197 18.194428908782445 225
1725405004225 18.01480378618637 226
1725405004255 17.836962881609082 227
1725405004284 17.6608884342933 228
1725405004320 17.486562860845925 229
1725405004350 17.313968753457182 230
1725405004383 17.143088878138393 231
1725405004414 16.973906172977177 232
1725405004440 16.806403746410552 233
1725405004465 16.640564875515366 234
1725405004491 16.47637300431621 235
1725405004522 16.31381174211037 236
1725405004551 16.152864861809586 237
1725405004582 15.993516298298985 238
1725405004622 15.835750146812199 239
1725405004654 15.67955066132318 240
1725405004685 15.524902252954245 241
1725405004715 15.371789488400015 242
1725405004742 15.22019708836769 243
1725405004773 15.070109926032698 244
1725405004806 14.921513025510256 245
1725405004837 14.774391560342012 246
1725405004864 14.62873085199855 247
1725405004887 14.484516368396386 248
1725405004921 14.341733722430467 249
1725405004992 14.200368670521147 250
1725405005024 14.060407111176017 251
1725405005054 13.921835083566272 252
1725405005084 13.784638766117263 253
1725405005115 13.648804475113588 254
1725405005140 13.514318663317848 255
1725405005167 13.381167918603806 256
1725405005193 13.249338962602955 257
1725405005223 13.118818649364998 258
1725405005264 12.989593964031684 259
1725405005293 12.861652021524144 260
1725405005322 12.734980065243276 261
1725405005348 12.609565465783508 262
1725405005372 12.485395719659325 263
1725405005401 12.36245844804463 264
1725405005430 12.240741395525003 265
1725405005457 12.120232428862272 266
1725405005491 12.000919535771866 267
1725405005522 11.882790823712007 268
1725405005559 11.765834518685699 269
1725405005588 11.650038964054195 270
1725405005619 11.535392619362929 271
1725405005648 11.421884059178945 272
1725405005673 11.309501971940053 273
1725405005700 11.19823515881578 274
1725405005730 11.088072532579586 275
1725405005758 10.979003116492478 276
1725405005782 10.87101604319797 277
1725405005818 10.764100553628019 278
1725405005847 10.65824599592005 279
1725405005874 10.553441824344885 280
1725405005907 10.449677598245374 281
1725405005941 10.34694298098589 282
1725405005967 10.24522773891207 283
1725405005999 10.144521740321434 284
1725405006030 10.044814954443918 285
1725405006061 9.946097450433145 286
1725405006095 9.848359396367243 287
1725405006124 9.751591058260287 288
1725405006158 9.655782799083426 289
1725405006189 9.560925077795625 290
1725405006219 9.467008448384535 291
1725405006249 9.374023558916988 292
1725405006286 9.281961150598496 293
1725405006306 9.190812056842997 294
1725405006331 9.100567202351252 295
1725405006366 9.011217602198917 296
1725405006389 8.922754360933627 297
1725405006415 8.835168671681151 298
1725405006440 8.74845181526052 299
1725405006471 8.66259515930811 300
1725405006501 8.577590157410409 301
1725405006532 8.493428348245631 302
1725405006564 8.410101354733726 303
1725405006592 8.327600883195233 304
1725405006624 8.245918722518297 305
1725405006657 8.165046743334162 306
1725405006689 8.084976897200953 307
1725405006716 8.005701215795607 308
1725405006746 7.927211810113999 309
1725405006773 7.849500869678872 310
1725405006793 7.77256066175606 311
1725405006818 7.696383530578188 312
1725405006847 7.620961896576477 313
1725405006872 7.546288255620102 314
1725405006897 7.472355178263116 315
1725405006922 7.3991553089991635 316
1725405006954 7.326681365523319 317
1725405006984 7.254926138001735 318
1725405007016 7.183882488348161 319
1725405007062 7.113543349508203 320
1725405007095 7.043901724750315 321
1725405007123 6.97495068696413 322
1725405007152 6.906683377965878 323
1725405007183 6.839093007810519 324
1725405007213 6.7721728541110116 325
1725405007244 6.705916261364287 326
1725405007283 6.6403166402840075 327
1725405007318 6.575367467139972 328
1725405007351 6.511062283104178 329
1725405007379 6.447394693603439 330
1725405007414 6.384358367678457 331
1725405007448 6.321947037349291 332
1725405007474 6.260154496987256 333
1725405007502 6.198974602693115 334
1725405007533 6.138401271681348 335
1725405007565 6.078428481670748 336
1725405007596 6.019050270281105 337
1725405007621 5.960260734435785 338
1725405007650 5.902054029770483 339
1725405007684 5.844424370047762 340
1725405007714 5.787366026577494 341
1725405007742 5.730873327643131 342
1725405007773 5.6749406579336235 343
1725405007799 5.619562457981172 344
1725405007824 5.56473322360446 345
1725405007850 5.510447505357531 346
1725405007875 5.456699907984182 347
1725405007897 5.403485089877772 348
1725405007924 5.3507977625464935 349
1725405007961 5.298632690083995 350
1725405007992 5.246984688645196 351
1725405008023 5.195848625927441 352
1725405008054 5.145219420656821 353
1725405008086 5.095092042079684 354
1725405008114 5.04546150945909 355
1725405008152 4.996322891576426 356
1725405008183 4.947671306237988 357
1725405008208 4.899501919786443 358
1725405008230 4.8518099466172515 359
1725405008260 4.804590648699813 360
1725405008292 4.757839335103535 361
1725405008324 4.711551361528532 362
1725405008356 4.665722129841059 363
1725405008387 4.620347087613626 364
1725405008418 4.575421727669621 365
1725405008449 4.530941587632527 366
1725405008480 4.486902249479665 367
1725405008507 4.443299339100447 368
1725405008534 4.400128525858848 369
1725405008564 4.3573855221604765 370
1725405008591 4.315066083023831 371
1725405008624 4.273166005655889 372
1725405008647 4.231681129031957 373
1725405008674 4.190607333479661 374
1725405008705 4.149940540267091 375
1725405008738 4.109676711195173 376
1725405008764 4.069811848193974 377
1725405008787 4.0303419929230895 378
1725405008814 3.9912632263760663 379
1725405008837 3.952571668488725 380
1725405008862 3.914263477751387 381
1725405008892 3.8763348508250464 382
1725405008923 3.8387820221612117 383
1725405008958 3.801601263625804 384
1725405008992 3.7647888841265793 385
1725405009024 3.7283412292443265 386
1725405009050 3.692254680867834 387
1725405009080 3.656525656832411 388
1725405009105 3.621150610562075 389
1725405009131 3.586126030715209 390
1725405009163 3.5514484408339717 391
1725405009191 3.517114398996894 392
1725405009222 3.483120497475213 393
1725405009247 3.4494633623925957 394
1725405009274 3.4161396533880524 395
1725405009303 3.3831460632824903 396
1725405009334 3.350479317748386 397
1725405009364 3.31813617498289 398
1725405009392 3.28611342538413 399
1725405009414 3.254407891230741 400
1725405009439 3.223016426364562 401
1725405009467 3.1919359158766745 402
1725405009498 3.1611632757963037 403
1725405009522 3.130695452783012 404
1725405009548 3.100529423821949 405
1725405009577 3.0706621959220257 406
1725405009600 3.0410908058172987 407
1725405009630 3.011812319671055 408
1725405009658 2.982823832783164 409
1725405009693 2.9541224693000876 410
1725405009726 2.9257053819279153 411
1725405009757 2.897569751648276 412
1725405009789 2.8697127874369595 413
1725405009819 2.842131725985517 414
1725405009849 2.814823831425452 415
1725405009884 2.787786395055325 416
1725405009909 2.7610167350704726 417
1725405009931 2.734512196295512 418
1725405009957 2.70827014991935 419
1725405009991 2.68228799323309 420
1725405010021 2.6565631493702977 421
1725405010054 2.6310930670499926 422
1725405010087 2.6058752203221704 423
1725405010121 2.5809071083158956 424
1725405010154 2.5561862549898877 425
1725405010187 2.531710208885474 426
1725405010214 2.507476542882231 427
1725405010239 2.4834828539559153 428
1725405010274 2.4597267629388004 429
1725405010299 2.436205914282446 430
1725405010331 2.412917975822886 431
1725405010362 2.3898606385479773 432
1725405010397 2.3670316163673006 433
1725405010427 2.3444286458841574 434
1725405010455 2.322049486169957 435
1725405010483 2.2998919185408173 436
1725405010512 2.2779537463363693 437
1725405010544 2.256232794700796 438
1725405010579 2.2347269103660308 439
1725405010609 2.213433961437141 440
1725405010641 2.1923518371798445 441
1725405010666 2.171478447810098 442
1725405010697 2.1508117242858598 443
1725405010725 2.1303496181008654 444
1725405010757 2.1100901010805 445
1725405010790 2.09003116517963 446
1725405010819 2.070170822282566 447
1725405010849 2.050507104004922 448
1725405010880 2.031038061497446 449
1725405010912 2.011761765251929 450
1725405010937 1.9926763049088867 451
1725405010973 1.973779789067225 452
1725405011005 1.9550703450958533 453
1725405011038 1.9365461189470512 454
1725405011069 1.9182052749718537 455
1725405011099 1.9000459957371387 456
1725405011123 1.8820664818445572 457
1725405011148 1.8642649517513632 458
1725405011180 1.8466396415928998 459
1725405011209 1.8291888050069676 460
1725405011232 1.8119107129598293 461
1725405011264 1.794803653574074 462
1725405011298 1.7778659319580548 463
1725405011322 1.7610958700371104 464
1725405011350 1.7444918063865145 465
1725405011379 1.728052096065964 466
1725405011412 1.7117751104558019 467
1725405011441 1.6956592370948422 468
1725405011468 1.6797028795197875 469
1725405011497 1.663904457106344 470
1725405011522 1.6482624049117696 471
1725405011548 1.6327751735191 472
1725405011569 1.6174412288829088 473
1725405011601 1.6022590521765308 474
1725405011632 1.5872271396409319 475
1725405011663 1.572344002434936 476
1725405011695 1.55760816648707 477
1725405011721 1.5430181723488448 478
1725405011748 1.528572575049425 479
1725405011770 1.5142699439518401 480
1725405011800 1.5001088626105978 481
1725405011840 1.4860879286306894 482
1725405011874 1.4722057535280304 483
1725405011908 1.4584609625912603 484
1725405011944 1.4448521947449469 485
1725405011973 1.4313781024141357 486
1725405012004 1.4180373513902202 487
1725405012036 1.4048286206982366 488
1725405012062 1.3917506024653525 489
1725405012090 1.3788020017907845 490
1725405012112 1.3659815366169108 491
1725405012141 1.3532879376017528 492
1725405012199 1.340719947992645 493
1725405012225 1.3282763235012285 494
1725405012257 1.3159558321796552 495
1725405012289 1.303757254298012 496
1725405012315 1.291679382222992 497
1725405012341 1.2797210202977924 498
1725405012372 1.2678809847231007 499
