1725343209466 nan 0
1725343209502 nan 1
1725343209523 nan 2
1725343209542 nan 3
1725343209563 nan 4
1725343209585 nan 5
1725343209605 nan 6
1725343209626 nan 7
1725343209660 nan 8
1725343209678 nan 9
1725343209698 nan 10
1725343209716 nan 11
1725343209736 nan 12
1725343209754 nan 13
1725343209771 nan 14
1725343209790 nan 15
1725343209809 nan 16
1725343209827 nan 17
1725343209845 nan 18
1725343209869 nan 19
1725343209888 nan 20
1725343209908 nan 21
1725343209926 nan 22
1725343209944 nan 23
1725343209961 nan 24
1725343209979 nan 25
1725343209997 nan 26
1725343210015 nan 27
1725343210033 nan 28
1725343210051 nan 29
1725343210069 nan 30
1725343210089 nan 31
1725343210108 nan 32
1725343210127 nan 33
1725343210146 nan 34
1725343210172 nan 35
1725343210210 nan 36
1725343210234 nan 37
1725343210273 nan 38
1725343210296 nan 39
1725343210318 nan 40
1725343210339 nan 41
1725343210364 nan 42
1725343210391 nan 43
1725343210411 nan 44
1725343210427 nan 45
1725343210443 nan 46
1725343210460 nan 47
1725343210477 nan 48
1725343210495 nan 49
1725343210512 nan 50
1725343210531 nan 51
1725343210549 nan 52
1725343210567 nan 53
1725343210589 nan 54
1725343210608 nan 55
1725343210625 nan 56
1725343210658 nan 57
1725343210712 nan 58
1725343210728 nan 59
1725343210745 nan 60
1725343210763 nan 61
1725343210780 nan 62
1725343210801 nan 63
1725343210823 nan 64
1725343210842 nan 65
1725343210862 nan 66
1725343210883 nan 67
1725343210903 nan 68
1725343210920 nan 69
1725343210936 nan 70
1725343210951 nan 71
1725343210968 nan 72
1725343210985 nan 73
1725343211001 nan 74
1725343211019 nan 75
1725343211037 nan 76
1725343211055 nan 77
1725343211074 nan 78
1725343211095 nan 79
1725343211113 nan 80
1725343211131 nan 81
1725343211150 nan 82
1725343211169 nan 83
1725343211189 nan 84
1725343211207 nan 85
1725343211225 nan 86
1725343211244 nan 87
1725343211260 nan 88
1725343211290 nan 89
1725343211307 nan 90
1725343211320 nan 91
1725343211338 nan 92
1725343211359 nan 93
1725343211379 nan 94
1725343211398 nan 95
1725343211418 nan 96
1725343211435 nan 97
1725343211456 nan 98
1725343211479 nan 99
1725343211500 nan 100
1725343211518 nan 101
1725343211537 nan 102
1725343211556 nan 103
1725343211576 nan 104
1725343211597 nan 105
1725343211614 nan 106
1725343211635 nan 107
1725343211655 nan 108
1725343211672 nan 109
1725343211689 nan 110
1725343211706 nan 111
1725343211724 nan 112
1725343211741 nan 113
1725343211757 nan 114
1725343211775 nan 115
1725343211795 nan 116
1725343211814 nan 117
1725343211832 nan 118
1725343211850 nan 119
1725343211872 nan 120
1725343211897 nan 121
1725343211913 nan 122
1725343211930 nan 123
1725343211946 nan 124
1725343211962 nan 125
1725343211979 nan 126
1725343211996 nan 127
1725343212013 nan 128
1725343212033 nan 129
1725343212052 nan 130
1725343212076 nan 131
1725343212095 nan 132
1725343212117 nan 133
1725343212136 nan 134
1725343212156 nan 135
1725343212173 nan 136
1725343212189 nan 137
1725343212206 nan 138
1725343212223 nan 139
1725343212240 nan 140
1725343212257 nan 141
1725343212273 nan 142
1725343212309 nan 143
1725343212328 nan 144
1725343212347 nan 145
1725343212371 nan 146
1725343212397 nan 147
1725343212416 nan 148
1725343212437 nan 149
1725343212458 nan 150
1725343212476 nan 151
1725343212495 nan 152
1725343212511 nan 153
1725343212531 nan 154
1725343212550 nan 155
1725343212569 nan 156
1725343212589 nan 157
1725343212610 nan 158
1725343212626 nan 159
1725343212645 nan 160
1725343212664 nan 161
1725343212681 nan 162
1725343212696 nan 163
1725343212712 nan 164
1725343212729 nan 165
1725343212747 nan 166
1725343212765 nan 167
1725343212783 nan 168
1725343212803 nan 169
1725343212823 nan 170
1725343212845 nan 171
1725343212864 nan 172
1725343212882 nan 173
1725343212899 nan 174
1725343212916 nan 175
1725343212932 nan 176
1725343212949 nan 177
1725343212966 nan 178
1725343212983 nan 179
1725343213000 nan 180
1725343213017 nan 181
1725343213034 nan 182
1725343213052 nan 183
1725343213069 nan 184
1725343213087 nan 185
1725343213105 nan 186
1725343213121 nan 187
1725343213138 nan 188
1725343213155 nan 189
1725343213173 nan 190
1725343213196 nan 191
1725343213214 nan 192
1725343213235 nan 193
1725343213255 nan 194
1725343213279 nan 195
1725343213291 nan 196
1725343213313 nan 197
1725343213320 nan 198
1725343213328 nan 199
1725343213337 nan 200
1725343213345 nan 201
1725343213354 nan 202
1725343213362 nan 203
1725343213370 nan 204
1725343213377 nan 205
1725343213386 nan 206
1725343213394 nan 207
1725343213402 nan 208
1725343213413 nan 209
1725343213427 nan 210
1725343213445 nan 211
1725343213464 nan 212
1725343213481 nan 213
1725343213497 nan 214
1725343213513 nan 215
1725343213532 nan 216
1725343213545 nan 217
1725343213557 nan 218
1725343213565 nan 219
1725343213572 nan 220
1725343213580 nan 221
1725343213588 nan 222
1725343213595 nan 223
1725343213605 nan 224
1725343213612 nan 225
1725343213619 nan 226
1725343213627 nan 227
1725343213635 nan 228
1725343213642 nan 229
1725343213652 nan 230
1725343213661 nan 231
1725343213674 nan 232
1725343213686 nan 233
1725343213699 nan 234
1725343213712 nan 235
1725343213724 nan 236
1725343213739 nan 237
1725343213754 nan 238
1725343213767 nan 239
1725343213779 nan 240
1725343213793 nan 241
1725343213804 nan 242
1725343213817 nan 243
1725343213830 nan 244
1725343213843 nan 245
1725343213856 nan 246
1725343213868 nan 247
1725343213878 nan 248
1725343213886 nan 249
1725343213894 nan 250
1725343213902 nan 251
1725343213911 nan 252
1725343213931 nan 253
1725343213950 nan 254
1725343213972 nan 255
1725343213991 nan 256
1725343214013 nan 257
1725343214030 nan 258
1725343214047 nan 259
1725343214064 nan 260
1725343214082 nan 261
1725343214100 nan 262
1725343214115 nan 263
1725343214135 nan 264
1725343214153 nan 265
1725343214181 nan 266
1725343214200 nan 267
1725343214218 nan 268
1725343214235 nan 269
1725343214250 nan 270
1725343214271 nan 271
1725343214285 nan 272
1725343214304 nan 273
1725343214342 nan 274
1725343214362 nan 275
1725343214380 nan 276
1725343214397 nan 277
1725343214416 nan 278
1725343214434 nan 279
1725343214454 nan 280
1725343214476 nan 281
1725343214492 nan 282
1725343214510 nan 283
1725343214528 nan 284
1725343214546 nan 285
1725343214563 nan 286
1725343214580 nan 287
1725343214597 nan 288
1725343214614 nan 289
1725343214632 nan 290
1725343214649 nan 291
1725343214665 nan 292
1725343214683 nan 293
1725343214704 nan 294
1725343214721 nan 295
1725343214739 nan 296
1725343214757 nan 297
1725343214776 nan 298
1725343214791 nan 299
1725343214811 nan 300
1725343214831 nan 301
1725343214851 nan 302
1725343214870 nan 303
1725343214890 nan 304
1725343214911 nan 305
1725343214928 nan 306
1725343214946 nan 307
1725343214964 nan 308
1725343214981 nan 309
1725343214998 nan 310
1725343215015 nan 311
1725343215032 nan 312
1725343215050 nan 313
1725343215070 nan 314
1725343215089 nan 315
1725343215107 nan 316
1725343215123 nan 317
1725343215142 nan 318
1725343215161 nan 319
1725343215177 nan 320
1725343215196 nan 321
1725343215213 nan 322
1725343215230 nan 323
1725343215246 nan 324
1725343215264 nan 325
1725343215281 nan 326
1725343215300 nan 327
1725343215318 nan 328
1725343215349 nan 329
1725343215370 nan 330
1725343215388 nan 331
1725343215405 nan 332
1725343215426 nan 333
1725343215443 nan 334
1725343215462 nan 335
1725343215480 nan 336
1725343215501 nan 337
1725343215522 nan 338
1725343215542 nan 339
1725343215563 nan 340
1725343215580 nan 341
1725343215598 nan 342
1725343215614 nan 343
1725343215633 nan 344
1725343215654 nan 345
1725343215672 nan 346
1725343215689 nan 347
1725343215706 nan 348
1725343215723 nan 349
1725343215740 nan 350
1725343215756 nan 351
1725343215772 nan 352
1725343215791 nan 353
1725343215809 nan 354
1725343215829 nan 355
1725343215847 nan 356
1725343215867 nan 357
1725343215888 nan 358
1725343215905 nan 359
1725343215920 nan 360
1725343215943 nan 361
1725343215964 nan 362
1725343215983 nan 363
1725343216003 nan 364
1725343216028 nan 365
1725343216047 nan 366
1725343216064 nan 367
1725343216086 nan 368
1725343216106 nan 369
1725343216126 nan 370
1725343216145 nan 371
1725343216162 nan 372
1725343216179 nan 373
1725343216196 nan 374
1725343216213 nan 375
1725343216230 nan 376
1725343216249 nan 377
1725343216267 nan 378
1725343216285 nan 379
1725343216307 nan 380
1725343216326 nan 381
1725343216342 nan 382
1725343216371 nan 383
1725343216391 nan 384
1725343216413 nan 385
1725343216432 nan 386
1725343216451 nan 387
1725343216470 nan 388
1725343216491 nan 389
1725343216510 nan 390
1725343216529 nan 391
1725343216547 nan 392
1725343216564 nan 393
1725343216580 nan 394
1725343216597 nan 395
1725343216615 nan 396
1725343216632 nan 397
1725343216648 nan 398
1725343216666 nan 399
1725343216685 nan 400
1725343216704 nan 401
1725343216722 nan 402
1725343216745 nan 403
1725343216765 nan 404
1725343216784 nan 405
1725343216802 nan 406
1725343216819 nan 407
1725343216837 nan 408
1725343216854 nan 409
1725343216871 nan 410
1725343216889 nan 411
1725343216907 nan 412
1725343216925 nan 413
1725343216945 nan 414
1725343216964 nan 415
1725343216986 nan 416
1725343217009 nan 417
1725343217031 nan 418
1725343217051 nan 419
1725343217068 nan 420
1725343217085 nan 421
1725343217102 nan 422
1725343217118 nan 423
1725343217135 nan 424
1725343217151 nan 425
1725343217166 nan 426
1725343217190 nan 427
1725343217215 nan 428
1725343217238 nan 429
1725343217265 nan 430
1725343217304 nan 431
1725343217345 nan 432
1725343217388 nan 433
1725343217408 nan 434
1725343217427 nan 435
1725343217444 nan 436
1725343217461 nan 437
1725343217478 nan 438
1725343217495 nan 439
1725343217513 nan 440
1725343217530 nan 441
1725343217549 nan 442
1725343217568 nan 443
1725343217589 nan 444
1725343217607 nan 445
1725343217624 nan 446
1725343217646 nan 447
1725343217664 nan 448
1725343217685 nan 449
1725343217702 nan 450
1725343217721 nan 451
1725343217736 nan 452
1725343217757 nan 453
1725343217782 nan 454
1725343217804 nan 455
1725343217822 nan 456
1725343217840 nan 457
1725343217857 nan 458
1725343217875 nan 459
1725343217895 nan 460
1725343217912 nan 461
1725343217936 nan 462
1725343217958 nan 463
1725343217981 nan 464
1725343218005 nan 465
1725343218027 nan 466
1725343218047 nan 467
1725343218067 nan 468
1725343218089 nan 469
1725343218112 nan 470
1725343218137 nan 471
1725343218161 nan 472
1725343218178 nan 473
1725343218195 nan 474
1725343218213 nan 475
1725343218232 nan 476
1725343218251 nan 477
1725343218270 nan 478
1725343218289 nan 479
1725343218313 nan 480
1725343218338 nan 481
1725343218361 nan 482
1725343218394 nan 483
1725343218415 nan 484
1725343218439 nan 485
1725343218465 nan 486
1725343218488 nan 487
1725343218514 nan 488
1725343218536 nan 489
1725343218563 nan 490
1725343218583 nan 491
1725343218601 nan 492
1725343218625 nan 493
1725343218648 nan 494
1725343218680 nan 495
1725343218711 nan 496
1725343218744 nan 497
1725343218782 nan 498
1725343218805 nan 499
