1725396870205 167.78055724492853 0
1725396870232 165.74878384661062 1
1725396870260 163.17931954216976 2
1725396870287 164.9569150224653 3
1725396870318 164.2327701914918 4
1725396870337 156.21196618850726 5
1725396870357 157.7864173708145 6
1725396870377 154.2334238206645 7
1725396870393 156.3716060986617 8
1725396870410 153.6715389536648 9
1725396870427 150.87021952702 10
1725396870445 150.98966017137923 11
1725396870475 152.2025336883623 12
1725396870501 153.04890114629663 13
1725396870528 142.48297995005163 14
1725396870558 144.96355117698516 15
1725396870583 146.67243064521716 16
1725396870611 146.29071766350268 17
1725396870635 142.5383756882663 18
1725396870661 143.72623937775717 19
1725396870686 144.82049086823957 20
1725396870708 138.50849435103524 21
1725396870730 137.66292638688898 22
1725396870749 136.4733880795263 23
1725396870765 136.9608710736641 24
1725396870782 134.30205755167728 25
1725396870802 130.55801727473929 26
1725396870821 131.3200512709303 27
1725396870846 129.0380105444904 28
1725396870870 132.37369165209543 29
1725396870890 124.218895727894 30
1725396870917 122.90000834639906 31
1725396870947 129.2616952370746 32
1725396870978 122.09524980540252 33
1725396871000 121.50509911362937 34
1725396871023 126.17508874947693 35
1725396871050 120.51354807949112 36
1725396871078 123.09493533011235 37
1725396871096 121.01702505166551 38
1725396871115 120.57677255286565 39
1725396871134 116.62988925962955 40
1725396871152 117.94924085388045 41
1725396871171 117.88906230922477 42
1725396871189 114.55058328189965 43
1725396871207 113.94415810621938 44
1725396871235 112.05514583854917 45
1725396871256 111.44847217810485 46
1725396871278 111.62652400308212 47
1725396871305 107.54927244915865 48
1725396871331 107.11740258849909 49
1725396871358 107.52889592372581 50
1725396871382 111.35639929097479 51
1725396871404 107.28365587965298 52
1725396871445 103.82270614839474 53
1725396871476 104.3588728458405 54
1725396871506 105.34759664860891 55
1725396871538 101.99734326418653 56
1725396871569 102.27129511273587 57
1725396871600 100.49781854601522 58
1725396871638 97.80781022720221 59
1725396871669 101.23678208240183 60
1725396871700 98.32227289153741 61
1725396871726 93.56115292771223 62
1725396871755 94.29162972855352 63
1725396871788 95.72487828367187 64
1725396871819 90.76838905814239 65
1725396871849 90.94340898584556 66
1725396871879 92.36702683309126 67
1725396871912 93.42501470802395 68
1725396871942 91.28931266347898 69
1725396871973 90.68834329235146 70
1725396872003 87.65692141832507 71
1725396872043 87.06821040376555 72
1725396872150 89.00433059986628 73
1725396872212 87.56008653470779 74
1725396872239 85.45303728530975 75
1725396872268 85.09938212789011 76
1725396872294 87.42304124385802 77
1725396872323 86.38888511032968 78
1725396872354 83.44213368592456 79
1725396872383 80.99256752763549 80
1725396872413 81.13355402915033 81
1725396872443 81.29846552977392 82
1725396872475 82.9819664153858 83
1725396872507 78.98347300216733 84
1725396872538 77.97335006136609 85
1725396872569 76.21153597650057 86
1725396872595 75.65656563723341 87
1725396872631 78.23913310117305 88
1725396872658 77.30022618294154 89
1725396872689 74.19009556116308 90
1725396872720 74.91484411899037 91
1725396872744 72.91288341747622 92
1725396872775 74.03970868738297 93
1725396872807 72.31430593137756 94
1725396872839 74.47133765236461 95
1725396872871 71.40363506931897 96
1725396872900 69.50824532975838 97
1725396872929 69.39385630909509 98
1725396872960 69.44242174494083 99
1725396872990 70.97067213516642 100
1725396873023 69.25943385669103 101
1725396873048 67.99734587106674 102
1725396873080 65.89690145189913 103
1725396873106 68.21565545143476 104
1725396873136 68.12530890078699 105
1725396873169 63.17568307545689 106
1725396873199 66.15640095624322 107
1725396873232 64.90787508814438 108
1725396873263 62.658212129179574 109
1725396873293 62.77239364684177 110
1725396873324 61.312134231939645 111
1725396873354 60.785089402788984 112
1725396873384 63.027521130053934 113
1725396873414 62.22617411143504 114
1725396873444 59.78296557950831 115
1725396873475 58.324230068738494 116
1725396873508 58.58647647992321 117
1725396873539 59.53712022577949 118
1725396873572 56.91294136373955 119
1725396873601 57.491622788741196 120
1725396873638 56.81106523294942 121
1725396873669 54.99375022190261 122
1725396873696 53.779569706427225 123
1725396873724 55.77577327167168 124
1725396873755 54.508700064485964 125
1725396873780 55.97336971058076 126
1725396873811 52.095599663112495 127
1725396873841 52.97136157630739 128
1725396873872 54.69046735355144 129
1725396873902 51.12514658476697 130
1725396873934 52.892499757305906 131
1725396873963 52.39190908790581 132
1725396873993 50.10424481619262 133
1725396874024 49.97422846765937 134
1725396874057 50.51319548205974 135
1725396874087 49.3343719498306 136
1725396874117 51.9234375627479 137
1725396874147 48.739454942678506 138
1725396874174 47.64222672438771 139
1725396874207 48.35841647674688 140
1725396874240 48.51353476880982 141
1725396874271 47.831686772703 142
1725396874297 48.260649690955184 143
1725396874322 47.23816110953931 144
1725396874352 46.667693083996355 145
1725396874378 44.754637292973165 146
1725396874406 45.68359184780174 147
1725396874435 44.25995745291744 148
1725396874467 45.237884313702445 149
1725396874498 44.40241547812862 150
1725396874528 42.83124091418554 151
1725396874558 43.993763333541885 152
1725396874589 43.72801435766023 153
1725396874613 43.796426877194804 154
1725396874641 43.71087785532728 155
1725396874660 41.76683857042232 156
1725396874684 41.39831561998369 157
1725396874711 41.72038715698448 158
1725396874734 39.9096914860774 159
1725396874760 40.441592146671795 160
1725396874790 39.18248376841626 161
1725396874827 38.51060461739033 162
1725396874858 38.74697619331191 163
1725396874888 39.85097671018332 164
1725396874921 38.2880462056341 165
1725396874947 38.537778357571675 166
1725396874973 36.72247198992091 167
1725396874997 37.08425064324276 168
1725396875024 36.184701806301675 169
1725396875054 36.92468609595575 170
1725396875085 37.35868173142739 171
1725396875116 37.01476868754822 172
1725396875147 37.2739781205735 173
1725396875179 35.760067123248064 174
1725396875213 35.961741454828235 175
1725396875243 33.90684713551318 176
1725396875276 35.37602002432741 177
1725396875305 34.621322737755854 178
1725396875338 32.89925537794568 179
1725396875370 33.13342597156726 180
1725396875402 32.914291698601104 181
1725396875434 34.10022291987139 182
1725396875459 32.59683904580358 183
1725396875493 33.24017111494001 184
1725396875519 33.985939281742816 185
1725396875548 30.956759570686017 186
1725396875579 31.719427820905917 187
1725396875612 31.10509337720696 188
1725396875649 31.008520414158706 189
1725396875680 31.30520859773931 190
1725396875711 30.950524784700445 191
1725396875743 29.927318165295002 192
1725396875773 28.849425245415084 193
1725396875804 30.30636765929549 194
1725396875835 29.296844074796198 195
1725396875863 27.72089954073259 196
1725396875884 28.135084992951537 197
1725396875915 28.571237413551195 198
1725396875944 30.11988362591183 199
1725396875972 29.097858420757273 200
1725396876001 28.010231763611372 201
1725396876028 27.518481647854518 202
1725396876059 26.847966830976777 203
1725396876092 27.626838227597638 204
1725396876121 27.419066162986155 205
1725396876153 27.391604983811707 206
1725396876183 27.279857608848168 207
1725396876217 26.066936428078403 208
1725396876247 26.422658204268924 209
1725396876276 26.312003934964935 210
1725396876306 26.223336355555052 211
1725396876334 26.297168363071012 212
1725396876364 26.544005667760675 213
1725396876393 25.900405842997507 214
1725396876423 24.851271862079972 215
1725396876454 24.71129000213268 216
1725396876483 24.98660814974831 217
1725396876510 24.144030845509032 218
1725396876542 22.566206063211816 219
1725396876569 24.594671722150274 220
1725396876599 23.70303126682005 221
1725396876630 23.669444494325326 222
1725396876664 22.90955823981674 223
1725396876695 23.05131745956698 224
1725396876725 22.45698095461347 225
1725396876759 22.24946104691997 226
1725396876789 22.04824504632889 227
1725396876819 21.521217399677077 228
1725396876850 21.65393477484071 229
1725396876881 21.308265851361217 230
1725396876912 22.634933895584105 231
1725396876946 20.954421853617152 232
1725396876977 21.32283165455255 233
1725396877008 20.875713128386227 234
1725396877040 22.01201341445409 235
1725396877071 20.183854799844028 236
1725396877101 20.777581541817387 237
1725396877131 19.848740334405925 238
1725396877161 19.176127778020177 239
1725396877195 20.137295410341867 240
1725396877227 20.829668928095252 241
1725396877257 19.633593997770962 242
1725396877287 19.93939641543018 243
1725396877317 19.327447832696553 244
1725396877346 19.450292957026708 245
1725396877377 19.949350167235792 246
1725396877413 18.62348685291302 247
1725396877450 18.95787484625181 248
1725396877484 17.38487345584115 249
1725396877517 18.124538421857405 250
1725396877547 18.26305137768436 251
1725396877578 17.816833096100005 252
1725396877613 18.75232081138471 253
1725396877665 17.285233778184086 254
1725396877701 17.605602849031875 255
1725396877735 17.443999063916152 256
1725396877763 17.239541243811782 257
1725396877796 17.486193641265924 258
1725396877826 16.57358707525647 259
1725396877854 16.30739768291916 260
1725396877881 16.76912942527608 261
1725396877908 16.76585699757979 262
1725396877940 17.24694360243258 263
1725396877972 17.33832325307379 264
1725396878003 15.952707749582672 265
1725396878035 16.273075113495526 266
1725396878063 15.150302449628871 267
1725396878094 15.017408743097338 268
1725396878125 16.181620569903767 269
1725396878156 15.641158022212103 270
1725396878187 14.765528390988882 271
1725396878217 14.799984262029199 272
1725396878241 14.151673194711211 273
1725396878264 14.885715883277816 274
1725396878295 14.657950915109543 275
1725396878325 15.229073495720904 276
1725396878358 15.138223073577231 277
1725396878389 14.273948010462188 278
1725396878421 14.586687637708744 279
1725396878447 13.51040731283237 280
1725396878471 14.004181581351112 281
1725396878504 13.410692229279592 282
1725396878536 12.78121350366028 283
1725396878567 13.891160541542746 284
1725396878599 13.37041806093793 285
1725396878627 13.755408518542128 286
1725396878654 13.058213811216746 287
1725396878691 13.336532892793162 288
1725396878723 13.132600119865065 289
1725396878752 12.931750770390739 290
1725396878772 13.44569504888858 291
1725396878785 12.417236186866921 292
1725396878798 12.58936928976651 293
1725396878811 12.765025674688102 294
1725396878824 12.774989735547381 295
1725396878837 12.447506334416602 296
1725396878849 12.68432734990117 297
1725396878870 12.247523256911533 298
1725396878896 12.21567434019283 299
1725396878913 11.926685901904047 300
1725396878934 12.582020044088543 301
1725396878951 11.346256218568344 302
1725396878968 11.636105175303902 303
1725396878987 11.521050518134773 304
1725396879005 11.414191085720631 305
1725396879022 11.48609567168176 306
1725396879039 10.825173329472769 307
1725396879053 11.21200116803719 308
1725396879066 10.988116994149491 309
1725396879078 10.939078275094156 310
1725396879091 10.572680611523916 311
1725396879110 10.323672999400348 312
1725396879137 10.21420296014268 313
1725396879157 10.158690983597083 314
1725396879178 9.789956616242934 315
1725396879201 10.499346174062794 316
1725396879226 9.82877299076687 317
1725396879252 10.206270186127314 318
1725396879277 10.445092254516853 319
1725396879299 10.216894066206395 320
1725396879362 9.979074717986391 321
1725396879396 9.75663904979202 322
1725396879429 9.958631225955687 323
1725396879448 9.983553017483226 324
1725396879462 9.087318307403912 325
1725396879475 9.34596873099985 326
1725396879492 9.161821617210432 327
1725396879511 9.420247322419046 328
1725396879527 8.68606098900377 329
1725396879545 8.726096677195853 330
1725396879563 9.649474161098473 331
1725396879582 8.512673728832036 332
1725396879599 8.888070537602939 333
1725396879636 8.542954935202227 334
1725396879666 8.898089714871656 335
1725396879697 8.881311373884538 336
1725396879726 8.574386216378025 337
1725396879746 8.802092551301092 338
1725396879764 8.231085290496312 339
1725396879783 8.565313278214587 340
1725396879802 7.973815358281486 341
1725396879820 8.565057237622934 342
1725396879842 8.718286836779491 343
1725396879869 8.113871205756725 344
1725396879899 8.187334162751403 345
1725396879914 8.264661738990622 346
1725396879927 7.830038774122987 347
1725396879940 8.264281057060328 348
1725396879953 8.165043931359445 349
1725396879967 7.741552547557062 350
1725396879983 7.649233229252072 351
1725396880005 8.161375562574298 352
1725396880037 7.655061425893373 353
1725396880064 7.595785962053122 354
1725396880088 7.307779855470399 355
1725396880114 6.725498662057699 356
1725396880137 7.221329678344107 357
1725396880152 7.089257400975252 358
1725396880165 7.472171272020306 359
1725396880178 6.6090892756796595 360
1725396880191 6.402749873922015 361
1725396880204 7.246130190895062 362
1725396880216 6.899659758482848 363
1725396880230 6.474115556660308 364
1725396880246 6.6118338010700715 365
1725396880265 6.534619339245166 366
1725396880281 6.476086020636635 367
1725396880298 6.605497098613432 368
1725396880316 6.515600145674417 369
1725396880335 6.991531404436058 370
1725396880353 6.729543330410661 371
1725396880377 6.230334995042477 372
1725396880401 6.562649981388269 373
1725396880426 6.362038244678393 374
1725396880454 6.535778058720528 375
1725396880478 5.778738574454043 376
1725396880500 5.792952301437823 377
1725396880531 6.023575483249077 378
1725396880560 5.655501526413811 379
1725396880593 6.227968570981266 380
1725396880613 6.036916398946206 381
1725396880631 5.742269808142363 382
1725396880648 5.557879945513438 383
1725396880667 5.961014758360854 384
1725396880683 5.635089659668374 385
1725396880703 5.906459769772281 386
1725396880716 5.662065189177902 387
1725396880729 5.672243137323472 388
1725396880746 6.002386378284682 389
1725396880765 5.875804273574329 390
1725396880784 5.1019631467925874 391
1725396880802 5.934633122126294 392
1725396880821 5.273267554364848 393
1725396880838 5.324573687722545 394
1725396880854 5.5053788584413645 395
1725396880878 5.105327542486479 396
1725396880905 4.83359462270194 397
1725396880932 4.97625725259632 398
1725396880959 5.280186297137127 399
1725396880985 4.926065352566654 400
1725396881004 5.075173717179153 401
1725396881022 5.058188149693018 402
1725396881041 5.169769801622626 403
1725396881064 4.646833546606795 404
1725396881083 4.713696943214585 405
1725396881102 4.819185979161341 406
1725396881127 4.951806220389908 407
1725396881149 4.4682062257607935 408
1725396881171 4.658514423591198 409
1725396881197 4.571791435953089 410
1725396881217 4.643222838719141 411
1725396881238 5.060398421579716 412
1725396881263 4.643877086693973 413
1725396881292 4.598582095706894 414
1725396881323 4.207702564688445 415
1725396881344 4.549348707423367 416
1725396881368 4.3411160314451385 417
1725396881394 4.657889267389944 418
1725396881419 4.086595352973103 419
1725396881446 4.301482986721736 420
1725396881469 4.044170057874365 421
1725396881495 4.277692318876489 422
1725396881524 4.010481607015667 423
1725396881548 4.134719720346672 424
1725396881574 4.147302081619515 425
1725396881603 3.9070880589286814 426
1725396881629 3.925849818985652 427
1725396881659 4.0456545137142985 428
1725396881684 4.089525332940537 429
1725396881719 4.322619268911997 430
1725396881738 4.105941349247448 431
1725396881753 4.641193347653807 432
1725396881766 3.9936738928351416 433
1725396881779 3.757960806589955 434
1725396881792 3.781354971766591 435
1725396881810 3.6165326993582414 436
1725396881823 3.889728381044484 437
1725396881836 4.0604472501661135 438
1725396881849 3.656372409983016 439
1725396881869 3.8510835637661494 440
1725396881899 3.637851886453748 441
1725396881949 3.5113230430901057 442
1725396881981 3.2230351272419315 443
1725396882002 3.7676495891752313 444
1725396882020 3.5805677654332504 445
1725396882035 3.5220313895163335 446
1725396882048 3.5735030183317362 447
1725396882061 3.464188215431305 448
1725396882075 3.667141145185007 449
1725396882092 3.341851961196154 450
1725396882106 3.2492430495965494 451
1725396882130 3.289380790261139 452
1725396882154 3.0298171690051356 453
1725396882176 3.311519894212564 454
1725396882199 3.0217694621985642 455
1725396882225 3.328508619461615 456
1725396882249 3.352441763892822 457
1725396882268 3.0557698920237497 458
1725396882286 3.3014152161195702 459
1725396882304 3.2657216223565046 460
1725396882325 2.9450500374142803 461
1725396882344 3.165054491958279 462
1725396882369 2.890575114462721 463
1725396882392 2.7485001330381835 464
1725396882421 2.8032919395389717 465
1725396882445 2.995773472833622 466
1725396882473 3.007106161560511 467
1725396882497 2.9143952131062183 468
1725396882521 2.833507982550993 469
1725396882544 2.8601048597689793 470
1725396882571 2.7663797117113638 471
1725396882598 3.0059618365665357 472
1725396882624 2.583480065941337 473
1725396882657 2.8440863993368635 474
1725396882679 2.6548659327693067 475
1725396882715 2.9306693975186198 476
1725396882738 2.3341957863694316 477
1725396882754 2.8760284461107832 478
1725396882775 2.4538233708557744 479
1725396882794 2.492130090272026 480
1725396882811 2.4679612473289523 481
1725396882830 2.7214129763239447 482
1725396882853 2.579685052814406 483
1725396882878 2.4464368377501735 484
1725396882902 2.1677514587470754 485
1725396882927 2.4826394599533685 486
1725396882955 2.633422325154436 487
1725396882978 2.4749198868987743 488
1725396882997 2.3520561688085535 489
1725396883019 2.5563319420553836 490
1725396883038 2.1164816130466635 491
1725396883065 2.180346105852955 492
1725396883086 2.3949950570818945 493
1725396883109 2.573949706672489 494
1725396883135 2.4486670686870773 495
1725396883160 2.238804124784047 496
1725396883184 2.233601607754001 497
1725396883204 2.206016961512176 498
1725396883225 2.108435355137522 499
