1725423039883 175.45896141437063 0
1725423039915 172.06717850147675 1
1725423039950 170.34645516690603 2
1725423039984 168.63480032976594 3
1725423040051 166.9918064668725 4
1725423040093 165.3392406146392 5
1725423040129 163.70329043334038 6
1725423040172 162.08365846915348 7
1725423040214 160.4801813231463 8
1725423040260 158.89269660247987 9
1725423040297 157.32104356805166 10
1725423040367 155.76506311410265 11
1725423040413 154.22459775134158 12
1725423040453 152.69949159023324 13
1725423040509 151.18959032446432 14
1725423040569 149.69474121458543 15
1725423040604 148.2147930718271 16
1725423040647 146.74959624208742 17
1725423040690 145.29900259009048 18
1725423040729 143.86286548371228 19
1725423040758 142.4410397784735 20
1725423040792 141.03338180219657 21
1725423040831 139.63974933982539 22
1725423040869 138.26000161840594 23
1725423040917 136.8939992922261 24
1725423040954 135.54160442811238 25
1725423040995 134.20268049088267 26
1725423041025 132.87709232895273 27
1725423041062 131.5647061600946 28
1725423041099 130.26538955734569 29
1725423041136 128.9790114350667 30
1725423041180 127.70544203514652 31
1725423041215 126.44455291335298 32
1725423041245 125.19621692582704 33
1725423041282 123.96030821572003 34
1725423041318 122.73670219997103 35
1725423041350 121.52527555622393 36
1725423041399 120.32590620988191 37
1725423041437 119.1384733212985 38
1725423041485 117.96563612155023 39
1725423041533 116.80303889585797 40
1725423041565 115.6539171072916 41
1725423041617 114.51522032799888 42
1725423041650 113.38783053960671 43
1725423041682 112.27162714064421 44
1725423041716 111.16649860073132 45
1725423041749 110.07233444054066 46
1725423041801 108.98902529050167 47
1725423041836 107.9164628789207 48
1725423041883 106.85454002086765 49
1725423041919 105.80315060717075 50
1725423042033 104.76218959352414 51
1725423042102 103.73155298970758 52
1725423042156 102.71113784891692 53
1725423042175 101.70084225720352 54
1725423042208 100.70056532302276 55
1725423042237 99.71020716688919 56
1725423042269 98.7296689111382 57
1725423042303 97.75885266979226 58
1725423042330 96.79766153853149 59
1725423042367 95.84599958476657 60
1725423042403 94.90377183781384 61
1725423042439 93.97088427917045 62
1725423042472 93.04724383288986 63
1725423042499 92.13275835605516 64
1725423042529 91.22733662935038 65
1725423042556 90.33088834772803 66
1725423042591 89.44332411117252 67
1725423042620 88.56455541555752 68
1725423042650 87.69449464359724 69
1725423042688 86.83305505589017 70
1725423042728 85.98015078205425 71
1725423042760 85.13569681195277 72
1725423042786 84.29960898700986 73
1725423042817 83.47180399161482 74
1725423042849 82.65219934461405 75
1725423042890 81.84071339089012 76
1725423042930 81.03726529302669 77
1725423042974 80.24177502305838 78
1725423043026 79.4541633543053 79
1725423043070 78.67435185329015 80
1725423043120 77.90226287173861 81
1725423043148 77.13781953866095 82
1725423043181 76.38094575251401 83
1725423043215 75.6315661734439 84
1725423043251 74.88960621560716 85
1725423043302 74.1549920395704 86
1725423043349 73.4276505447875 87
1725423043383 72.70750936215315 88
1725423043415 71.99449684663254 89
1725423043449 71.28854206996611 90
1725423043482 70.58957481344825 91
1725423043517 69.89752556077993 92
1725423043560 69.21232549099376 93
1725423043594 68.53390647145149 94
1725423043626 67.86256639788441 95
1725423043659 67.19731368912515 96
1725423043699 66.53919272645975 97
1725423043738 65.88739310423958 98
1725423043785 65.24204134903809 99
1725423043823 64.6030713334868 100
1725423043869 63.97041966676605 101
1725423043904 63.34449018508085 102
1725423043949 62.72404084752838 103
1725423043982 62.11042766978701 104
1725423044021 61.50263855287353 105
1725423044056 60.90050672915052 106
1725423044089 60.30485344961422 107
1725423044116 59.714904962358204 108
1725423044156 59.130786730355176 109
1725423044199 58.552438942535815 110
1725423044236 57.979804359020115 111
1725423044264 57.41282629307931 112
1725423044295 56.85144862289568 113
1725423044326 56.29561578576581 114
1725423044369 55.745272772506546 115
1725423044398 55.200365121916 116
1725423044433 54.66083891529001 117
1725423044468 54.12664077099427 118
1725423044498 53.59771783909086 119
1725423044528 53.07426113481392 120
1725423044558 52.55526562309925 121
1725423044589 52.04226627020359 122
1725423044622 51.53403187849498 123
1725423044654 51.030577845995246 124
1725423044689 50.53245074756206 125
1725423044721 50.039115944306396 126
1725423044759 49.550650027086185 127
1725423044789 49.06700321726606 128
1725423044824 48.58789480823163 129
1725423044859 48.11386448875315 130
1725423044894 47.644390358821724 131
1725423044935 47.17954869433913 132
1725423044968 46.71896773604562 133
1725423045014 46.26319063915708 134
1725423045053 45.812087022567994 135
1725423045087 45.3653166695291 136
1725423045120 44.92295384105508 137
1725423045153 44.48472964455858 138
1725423045180 44.05116456668087 139
1725423045213 43.62175966749795 140
1725423045249 43.1965903027375 141
1725423045278 42.775613089910955 142
1725423045306 42.35825063206921 143
1725423045350 41.94581125464325 144
1725423045385 41.537162971780226 145
1725423045407 41.132546322521236 146
1725423045427 40.731702664699725 147
1725423045445 40.33522046714762 148
1725423045461 39.942404060386764 149
1725423045481 39.55359059367347 150
1725423045502 39.1684786616639 151
1725423045525 38.786769041229334 152
1725423045550 38.40947841196065 153
1725423045570 38.03576533719739 154
1725423045592 37.665610186301 155
1725423045612 37.299019623960255 156
1725423045630 36.93622917367379 157
1725423045648 36.57716801218787 158
1725423045666 36.2213934614316 159
1725423045687 35.86904510070404 160
1725423045702 35.52008790527718 161
1725423045725 35.17508631795817 162
1725423045758 34.833035607111384 163
1725423045790 34.4944887950739 164
1725423045828 34.15924382920295 165
1725423045854 33.82753147883686 166
1725423045887 33.49925256530521 167
1725423045921 33.17336245462044 168
1725423045956 32.85144016612282 169
1725423045988 32.532434192139014 170
1725423046022 32.21678662459966 171
1725423046047 31.904115194558734 172
1725423046081 31.59462723717543 173
1725423046111 31.288146615524035 174
1725423046132 30.984346905391703 175
1725423046151 30.683982678668656 176
1725423046166 30.38607509306187 177
1725423046184 30.09174526486875 178
1725423046207 29.800047158013673 179
1725423046229 29.5110730752781 180
1725423046258 29.225036578469684 181
1725423046288 28.941776303397322 182
1725423046314 28.661455429272074 183
1725423046348 28.383592967933637 184
1725423046382 28.10856457898179 185
1725423046421 27.836596763055866 186
1725423046458 27.566883124511826 187
1725423046493 27.300037035449837 188
1725423046520 27.035719846908304 189
1725423046547 26.77392084522053 190
1725423046567 26.514960431533968 191
1725423046594 26.258287283995358 192
1725423046627 26.004200591137007 193
1725423046664 25.75291619702727 194
1725423046694 25.503627555614383 195
1725423046720 25.25698294562697 196
1725423046750 25.012895489245228 197
1725423046770 24.770941952484574 198
1725423046788 24.53152510002146 199
1725423046806 24.29438559237579 200
1725423046830 24.059965252815264 201
1725423046849 23.827400559676708 202
1725423046871 23.59719874658627 203
1725423046891 23.36921632404747 204
1725423046915 23.143563527528432 205
1725423046934 22.920063439557566 206
1725423046958 22.69898428033491 207
1725423046980 22.47993679763459 208
1725423046997 22.26303715519695 209
1725423047014 22.048139140603794 210
1725423047029 21.83581795423988 211
1725423047048 21.625145494204215 212
1725423047064 21.415955400422842 213
1725423047087 21.210042934244534 214
1725423047107 21.005591588910352 215
1725423047146 20.803163863300387 216
1725423047180 20.602842432466712 217
1725423047215 20.404294069367175 218
1725423047255 20.207916455120703 219
1725423047286 20.012907903113028 220
1725423047326 19.82036343499053 221
1725423047370 19.629843198462947 222
1725423047412 19.440781207933963 223
1725423047449 19.25393193143299 224
1725423047489 19.068654298614717 225
1725423047513 18.885151673306627 226
1725423047534 18.703805461200954 227
1725423047557 18.523953926243134 228
1725423047579 18.346079914561088 229
1725423047596 18.169848537786578 230
1725423047627 17.99507495467049 231
1725423047682 17.822187189791773 232
1725423047720 17.65112967708979 233
1725423047745 17.481653227099507 234
1725423047767 17.314142271195216 235
1725423047791 17.14777946533538 236
1725423047814 16.983562585024274 237
1725423047834 16.820702203400288 238
1725423047864 16.658864089467826 239
1725423047888 16.499638148405133 240
1725423047909 16.341027078862272 241
1725423047927 16.184486179384745 242
1725423047947 16.029813231678084 243
1725423047963 15.876241090178574 244
1725423047981 15.723799769615516 245
1725423048026 15.573432607853292 246
1725423048067 15.424555288042832 247
1725423048099 15.276827676839973 248
1725423048127 15.130679480302424 249
1725423048149 14.986111400765477 250
1725423048172 14.842449614976779 251
1725423048191 14.700252372444004 252
1725423048213 14.560300717155384 253
1725423048233 14.42103882634473 254
1725423048267 14.28318842148004 255
1725423048295 14.146983647076148 256
1725423048319 14.011514018323906 257
1725423048353 13.87790385887977 258
1725423048387 13.745412535605272 259
1725423048423 13.614399189448541 260
1725423048457 13.484483446491698 261
1725423048486 13.355848926316751 262
1725423048512 13.228085344523953 263
1725423048534 13.102239797688688 264
1725423048556 12.97729783294355 265
1725423048577 12.854035594812439 266
1725423048593 12.731134224196673 267
1725423048620 12.609772657231149 268
1725423048666 12.49007366523456 269
1725423048701 12.3710237810799 270
1725423048743 12.253414572217215 271
1725423048781 12.13671923935905 272
1725423048814 12.021461611493509 273
1725423048854 11.906786369875514 274
1725423048889 11.79339427843511 275
1725423048926 11.681714663125591 276
1725423048956 11.570540726111723 277
1725423048992 11.460786378102654 278
1725423049024 11.351854460445198 279
1725423049063 11.24392835419531 280
1725423049099 11.137435973644243 281
1725423049123 11.031743309669237 282
1725423049142 10.92705428883849 283
1725423049164 10.823510857942747 284
1725423049182 10.720850471921908 285
1725423049197 10.61897642946545 286
1725423049215 10.51865124678277 287
1725423049234 10.418761997685426 288
1725423049266 10.320395212572361 289
1725423049297 10.222401517172655 290
1725423049325 10.125476788996684 291
1725423049356 10.030135756407404 292
1725423049391 9.93515793611912 293
1725423049426 9.841039444294436 294
1725423049467 9.74819636185798 295
1725423049489 9.65588478784225 296
1725423049512 9.564730082288506 297
1725423049529 9.474363097319229 298
1725423049548 9.385088019181527 299
1725423049566 9.296567239757167 300
1725423049585 9.208665764941026 301
1725423049601 9.121751092873927 302
1725423049627 9.03548914390392 303
1725423049653 8.950547202216768 304
1725423049670 8.866130856114976 305
1725423049690 8.782815014978679 306
1725423049712 8.699777374256286 307
1725423049734 8.61815782223108 308
1725423049783 8.53696676189114 309
1725423049819 8.45668438168939 310
1725423049858 8.377142854795125 311
1725423049882 8.298440875270918 312
1725423049900 8.21999298194671 313
1725423049925 8.143386560478568 314
1725423049945 8.066648114132876 315
1725423049964 7.990886688419622 316
1725423049982 7.915783146160583 317
1725423050012 7.841087924567832 318
1725423050032 7.768128704007589 319
1725423050056 7.695190349300447 320
1725423050079 7.622627857547349 321
1725423050095 7.5514938703466035 322
1725423050116 7.480793899875828 323
1725423050138 7.410729624120011 324
1725423050158 7.341288988477236 325
1725423050179 7.272638682472206 326
1725423050198 7.20447640355412 327
1725423050222 7.137424528218168 328
1725423050250 7.0704954225809855 329
1725423050269 7.0043444999135085 330
1725423050299 6.939023970028119 331
1725423050329 6.874146996186574 332
1725423050356 6.809949415290518 333
1725423050380 6.746309627589413 334
1725423050396 6.683171727380892 335
1725423050414 6.621255455462828 336
1725423050428 6.558957650947409 337
1725423050450 6.498331929336838 338
1725423050467 6.43784033644501 339
1725423050490 6.377700887018678 340
1725423050516 6.31840382457513 341
1725423050538 6.25948099005147 342
1725423050557 6.201650798109242 343
1725423050578 6.14393516246064 344
1725423050596 6.086324311875421 345
1725423050625 6.030515819768143 346
1725423050661 5.973948158684905 347
1725423050696 5.9189692855457245 348
1725423050729 5.863784836429411 349
1725423050755 5.809472382379047 350
1725423050778 5.755594013339501 351
1725423050796 5.701665992335625 352
1725423050815 5.649277997075398 353
1725423050834 5.596992133165506 354
1725423050866 5.545449990305601 355
1725423050908 5.494040079070445 356
1725423050944 5.442759509687655 357
1725423050979 5.393155538856307 358
1725423050997 5.343119345554591 359
1725423051015 5.293905227725512 360
1725423051032 5.2450468029053665 361
1725423051055 5.196085942717489 362
1725423051071 5.148843787657875 363
1725423051090 5.101216439934272 364
1725423051111 5.054413399753139 365
1725423051145 5.007659487207923 366
1725423051180 4.9612296294968585 367
1725423051221 4.916251071387013 368
1725423051246 4.870997579239227 369
1725423051263 4.82557840659126 370
1725423051289 4.7813355719457835 371
1725423051311 4.737472079699287 372
1725423051327 4.694087660805052 373
1725423051346 4.650984466069058 374
1725423051367 4.608543619572247 375
1725423051393 4.566077326067258 376
1725423051417 4.524733734452605 377
1725423051445 4.482979013264543 378
1725423051463 4.441889223786317 379
1725423051481 4.401397886942016 380
1725423051502 4.361214632674277 381
1725423051521 4.321525992743492 382
1725423051544 4.282108025258022 383
1725423051568 4.243071044607584 384
1725423051595 4.2044571751029025 385
1725423051617 4.165524619133525 386
1725423051638 4.128307090721462 387
1725423051659 4.090007071384968 388
1725423051675 4.052814390227429 389
1725423051692 4.0164853555598885 390
1725423051711 3.979426352488447 391
1725423051733 3.9438087632349967 392
1725423051755 3.9076355935404274 393
1725423051777 3.8722721783204834 394
1725423051794 3.837307409776965 395
1725423051813 3.8025292561228934 396
1725423051829 3.7681873138564788 397
1725423051847 3.7341806363935297 398
1725423051878 3.7001777687695934 399
1725423051895 3.6668392188705488 400
1725423051914 3.633802311577522 401
1725423051932 3.6010334519579668 402
1725423051953 3.568121536410166 403
1725423051968 3.5361111155573326 404
1725423051993 3.504450161203688 405
1725423052037 3.473178659747666 406
1725423052079 3.4411257798634214 407
1725423052109 3.4105815234697117 408
1725423052127 3.379769417887033 409
1725423052147 3.349665215006685 410
1725423052165 3.31941671563557 411
1725423052190 3.289864240217408 412
1725423052211 3.2602195622015224 413
1725423052227 3.2313176926494975 414
1725423052257 3.202334664534842 415
1725423052287 3.173160398376761 416
1725423052319 3.145320422193297 417
1725423052364 3.116856612684767 418
1725423052388 3.0895423274601828 419
1725423052411 3.061493170599983 420
1725423052430 3.03449794152222 421
1725423052448 3.007641404541847 422
1725423052467 2.980409764401123 423
1725423052496 2.95399260114721 424
1725423052529 2.927924941222653 425
1725423052564 2.9020465674162064 426
1725423052595 2.8764194652924373 427
1725423052618 2.8504942060040146 428
1725423052634 2.82537342917012 429
1725423052658 2.8004337239802046 430
1725423052678 2.7751466190909473 431
1725423052695 2.751060231449738 432
1725423052713 2.726338532893741 433
1725423052731 2.702742463365564 434
1725423052754 2.6789353588514606 435
1725423052777 2.655369808516799 436
1725423052798 2.631732931588889 437
1725423052826 2.608908743273858 438
1725423052846 2.5860162209538258 439
1725423052879 2.5630897838460203 440
1725423052921 2.540644311616817 441
1725423052962 2.518282925596383 442
1725423053001 2.496482854935 443
1725423053044 2.4744210355744576 444
1725423053087 2.4530087271585446 445
1725423053119 2.431125839556466 446
1725423053141 2.410473800412901 447
1725423053161 2.388808143857208 448
1725423053181 2.3684563593476176 449
1725423053197 2.3474246173724493 450
1725423053216 2.3272547648096387 451
1725423053234 2.3070503787854215 452
1725423053257 2.287169843063489 453
1725423053284 2.267143511917611 454
1725423053303 2.247513921014923 455
1725423053322 2.2280674843554795 456
1725423053344 2.2090539545996966 457
1725423053367 2.18942888219448 458
1725423053407 2.1709211985487444 459
1725423053446 2.151924222296608 460
1725423053478 2.1334771095821745 461
1725423053507 2.1153653454785952 462
1725423053542 2.0967767837181133 463
1725423053574 2.079308283897574 464
1725423053609 2.061261649932493 465
1725423053632 2.0437084268801584 466
1725423053656 2.0257064564833493 467
1725423053677 2.008294428658007 468
1725423053699 1.99169920787678 469
1725423053724 1.974138904373024 470
1725423053759 1.9577367387914701 471
1725423053797 1.9407701455794817 472
1725423053833 1.9242448626578648 473
1725423053884 1.9078853388583314 474
1725423053920 1.8919495007857297 475
1725423053965 1.8756687328993202 476
1725423053998 1.860164429481813 477
1725423054030 1.8437415137962423 478
1725423054065 1.828900041689129 479
1725423054108 1.8129333359477091 480
1725423054130 1.7978668241831326 481
1725423054157 1.782983175036807 482
1725423054187 1.7674927039274189 483
1725423054209 1.7528766529074677 484
1725423054231 1.7380264750686518 485
1725423054255 1.723353266274897 486
1725423054282 1.7093159274694818 487
1725423054300 1.6946026461422925 488
1725423054323 1.680253580087258 489
1725423054357 1.666257492597559 490
1725423054432 1.6525711421333453 491
1725423054488 1.6390036327312778 492
1725423054512 1.6251736971602644 493
1725423054533 1.611609950501587 494
1725423054558 1.5983758098347591 495
1725423054582 1.585561959876819 496
1725423054603 1.5721016607797327 497
1725423054641 1.5585789559448089 498
1725423054681 1.5459940047457579 499
