1725351715999 173.9246797398895 0
1725351716029 173.88935905476652 1
1725351716057 173.8540463329817 2
1725351716083 173.81874157263476 3
1725351716115 173.7834447718258 4
1725351716142 173.74815592865548 5
1725351716166 173.71287504122478 6
1725351716186 173.67760210763532 7
1725351716211 173.64233712598917 8
1725351716237 173.60708009438878 9
1725351716265 173.57183101093716 10
1725351716296 173.53658987373777 11
1725351716327 173.50135668089456 12
1725351716361 173.4661314305119 13
1725351716383 173.43091412069478 14
1725351716409 173.39570474954843 15
1725351716433 173.3605033151788 16
1725351716459 173.32530981569215 17
1725351716488 173.2901242491953 18
1725351716514 173.25494661379545 19
1725351716537 173.21977690760048 20
1725351716558 173.18461512871846 21
1725351716582 173.14946127525818 22
1725351716601 173.11431534532872 23
1725351716626 173.07917733703977 24
1725351716672 173.04404724850147 25
1725351716734 173.00892507782436 26
1725351716759 172.9738108231195 27
1725351716778 172.93870448249845 28
1725351716797 172.9036060540732 29
1725351716827 172.86851553595625 30
1725351716846 172.83343292626054 31
1725351716864 172.7983582230995 32
1725351716884 172.7632914245871 33
1725351716907 172.7282325288376 34
1725351716933 172.69318153396588 35
1725351716964 172.65813843808732 36
1725351716980 172.6231032393177 37
1725351717016 172.58807593577322 38
1725351717042 172.5530565255707 39
1725351717074 172.51804500682726 40
1725351717097 172.48304137766067 41
1725351717121 172.44804563618905 42
1725351717144 172.41305778053106 43
1725351717167 172.37807780880573 44
1725351717188 172.3431057191327 45
1725351717212 172.30814150963192 46
1725351717237 172.27318517842403 47
1725351717258 172.23823672362994 48
1725351717287 172.20329614337112 49
1725351717319 172.16836343576946 50
1725351717398 172.13343859894746 51
1725351717422 172.0985216310279 52
1725351717442 172.06361253013412 53
1725351717461 172.02871129438995 54
1725351717480 171.9938179219197 55
1725351717500 171.9589324108481 56
1725351717519 171.92405475930033 57
1725351717537 171.88918496540217 58
1725351717557 171.8543230272797 59
1725351717575 171.81946894305958 60
1725351717593 171.78462271086894 61
1725351717611 171.7497843288353 62
1725351717632 171.71495379508676 63
1725351717653 171.68013110775178 64
1725351717676 171.6453162649593 65
1725351717698 171.61050926483887 66
1725351717721 171.57571010552036 67
1725351717758 171.54091878513412 68
1725351717781 171.50613530181107 69
1725351717807 171.4713596536825 70
1725351717837 171.43659183888022 71
1725351717857 171.40183185553641 72
1725351717881 171.36707970178392 73
1725351717900 171.3323353757558 74
1725351717926 171.2975988755859 75
1725351717952 171.26287019940816 76
1725351717974 171.2281493453573 77
1725351717997 171.19343631156835 78
1725351718019 171.15873109617687 79
1725351718041 171.12403369731882 80
1725351718059 171.08934411313072 81
1725351718077 171.05466234174943 82
1725351718095 171.01998838131243 83
1725351718121 170.98532222995755 84
1725351718140 170.9506638858231 85
1725351718165 170.91601334704796 86
1725351718186 170.88137061177133 87
1725351718211 170.846735678133 88
1725351718232 170.81210854427317 89
1725351718258 170.7774892083324 90
1725351718276 170.74287766845197 91
1725351718296 170.70827392277337 92
1725351718317 170.67367796943873 93
1725351718337 170.63908980659062 94
1725351718357 170.6045094323719 95
1725351718378 170.56993684492616 96
1725351718397 170.53537204239723 97
1725351718415 170.5008150229296 98
1725351718437 170.46626578466808 99
1725351718459 170.43172432575798 100
1725351718480 170.39719064434507 101
1725351718499 170.36266473857566 102
1725351718520 170.32814660659645 103
1725351718537 170.29363624655457 104
1725351718559 170.25913365659773 105
1725351718578 170.22463883487399 106
1725351718596 170.19015177953196 107
1725351718615 170.15567248872065 108
1725351718635 170.12120096058956 109
1725351718656 170.0867371932887 110
1725351718676 170.05228118496845 111
1725351718696 170.0178329337797 112
1725351718715 169.98339243787382 113
1725351718739 169.94895969540258 114
1725351718761 169.91453470451836 115
1725351718787 169.88011746337384 116
1725351718814 169.84570797012222 117
1725351718846 169.81130622291718 118
1725351718871 169.77691221991287 119
1725351718901 169.74252595926387 120
1725351718920 169.7081474391252 121
1725351718940 169.67377665765247 122
1725351718958 169.63941361300155 123
1725351718980 169.60505830332895 124
1725351719004 169.57071072679153 125
1725351719024 169.53637088154676 126
1725351719049 169.5020387657523 127
1725351719071 169.46771437756658 128
1725351719088 169.43339771514826 129
1725351719110 169.3990887766566 130
1725351719133 169.3647875602513 131
1725351719162 169.3304940640924 132
1725351719188 169.29620828634057 133
1725351719212 169.26193022515685 134
1725351719240 169.2276598787027 135
1725351719266 169.19339724514018 136
1725351719287 169.15914232263168 137
1725351719307 169.1248951093401 138
1725351719325 169.0906556034288 139
1725351719344 169.05642380306156 140
1725351719363 169.02219970640274 141
1725351719388 168.987983311617 142
1725351719407 168.95377461686957 143
1725351719431 168.91957362032608 144
1725351719457 168.88538032015268 145
1725351719477 168.85119471451588 146
1725351719498 168.81701680158278 147
1725351719518 168.78284657952085 148
1725351719538 168.74868404649803 149
1725351719557 168.7145292006827 150
1725351719576 168.6803820402438 151
1725351719595 168.6462425633506 152
1725351719613 168.6121107681729 153
1725351719631 168.57798665288095 154
1725351719655 168.54387021564543 155
1725351719678 168.50976145463753 156
1725351719699 168.47566036802883 157
1725351719725 168.44156695399144 158
1725351719751 168.40748121069785 159
1725351719778 168.37340313632106 160
1725351719796 168.33933272903457 161
1725351719815 168.30526998701222 162
1725351719841 168.27121490842842 163
1725351719866 168.23716749145794 164
1725351719886 168.20312773427605 165
1725351719909 168.1690956350586 166
1725351719927 168.13507119198158 167
1725351719946 168.1010544032218 168
1725351719967 168.06704526695634 169
1725351719993 168.03304378136266 170
1725351720023 167.99904994461886 171
1725351720057 167.96506375490338 172
1725351720091 167.9310852103952 173
1725351720114 167.89711430927358 174
1725351720134 167.86315104971848 175
1725351720157 167.82919542991016 176
1725351720177 167.79524744802933 177
1725351720195 167.76130710225723 178
1725351720215 167.7273743907755 179
1725351720234 167.69344931176624 180
1725351720255 167.6595318634121 181
1725351720275 167.625622043896 182
1725351720293 167.59171985140148 183
1725351720314 167.55782528411243 184
1725351720340 167.52393834021333 185
1725351720363 167.49005901788894 186
1725351720385 167.4561873153245 187
1725351720405 167.42232323070596 188
1725351720429 167.3884667622193 189
1725351720452 167.35461790805135 190
1725351720478 167.32077666638912 191
1725351720500 167.2869430354202 192
1725351720528 167.25311701333263 193
1725351720558 167.21929859831488 194
1725351720580 167.18548778855586 195
1725351720600 167.15168458224497 196
1725351720619 167.11788897757202 197
1725351720641 167.0841009727273 198
1725351720665 167.0503205659016 199
1725351720684 167.01654775528598 200
1725351720703 166.98278253907225 201
1725351720728 166.9490249154524 202
1725351720748 166.915274882619 203
1725351720777 166.88153243876505 204
1725351720794 166.84779758208404 205
1725351720815 166.8140703107698 206
1725351720843 166.78035062301677 207
1725351720872 166.74663851701973 208
1725351720892 166.71293399097388 209
1725351720913 166.679237043075 210
1725351720941 166.64554767151924 211
1725351720968 166.61186587450322 212
1725351720997 166.57819165022397 213
1725351721025 166.54452499687906 214
1725351721048 166.51086591266636 215
1725351721066 166.47721439578444 216
1725351721086 166.44357044443203 217
1725351721113 166.40993405680854 218
1725351721141 166.37630523111366 219
1725351721165 166.34268396554765 220
1725351721185 166.3090702583112 221
1725351721212 166.27546410760544 222
1725351721233 166.24186551163191 223
1725351721254 166.20827446859263 224
1725351721274 166.17469097669004 225
1725351721293 166.14111503412713 226
1725351721315 166.1075466391072 227
1725351721342 166.0739857898341 228
1725351721361 166.04043248451214 229
1725351721376 166.00688672134595 230
1725351721399 165.9733484985408 231
1725351721425 165.93981781430216 232
1725351721453 165.90629466683623 233
1725351721477 165.87277905434945 234
1725351721495 165.83927097504878 235
1725351721516 165.8057704271417 236
1725351721546 165.772277408836 237
1725351721568 165.73879191833998 238
1725351721592 165.70531395386243 239
1725351721616 165.67184351361254 240
1725351721644 165.63838059579993 241
1725351721664 165.6049251986348 242
1725351721688 165.57147732032752 243
1725351721710 165.53803695908925 244
1725351721729 165.5046041131313 245
1725351721756 165.47117878066567 246
1725351721779 165.43776095990458 247
1725351721801 165.40435064906086 248
1725351721824 165.3709478463478 249
1725351721850 165.337552549979 250
1725351721878 165.30416475816855 251
1725351721898 165.27078446913112 252
1725351721925 165.23741168108168 253
1725351721943 165.20404639223565 254
1725351721965 165.17068860080897 255
1725351721983 165.137338305018 256
1725351722003 165.10399550307952 257
1725351722024 165.07066019321076 258
1725351722043 165.03733237362945 259
1725351722064 165.00401204255368 260
1725351722086 164.9706991982021 261
1725351722107 164.9373938387937 262
1725351722133 164.9040959625479 263
1725351722156 164.87080556768467 264
1725351722180 164.83752265242435 265
1725351722201 164.80424721498778 266
1725351722226 164.77097925359618 267
1725351722248 164.73771876647123 268
1725351722274 164.7044657518351 269
1725351722299 164.67122020791035 270
1725351722323 164.63798213292006 271
1725351722342 164.60475152508766 272
1725351722362 164.5715283826371 273
1725351722393 164.53831270379266 274
1725351722424 164.50510448677923 275
1725351722445 164.471903729822 276
1725351722470 164.43871043114672 277
1725351722492 164.40552458897946 278
1725351722513 164.37234620154686 279
1725351722539 164.33917526707594 280
1725351722564 164.30601178379408 281
1725351722585 164.27285574992928 282
1725351722609 164.23970716370988 283
1725351722630 164.20656602336462 284
1725351722651 164.17343232712275 285
1725351722674 164.14030607321402 286
1725351722696 164.10718725986848 287
1725351722717 164.0740758853167 288
1725351722751 164.0409719477897 289
1725351722790 164.0078754455189 290
1725351722813 163.97478637673626 291
1725351722834 163.94170473967404 292
1725351722862 163.908630532565 293
1725351722885 163.87556375364244 294
1725351722910 163.84250440113996 295
1725351722929 163.80945247329169 296
1725351722950 163.7764079683321 297
1725351722971 163.74337088449622 298
1725351722991 163.71034122001947 299
1725351723010 163.67731897313772 300
1725351723028 163.64430414208724 301
1725351723049 163.6112967251048 302
1725351723074 163.57829672042757 303
1725351723094 163.5453041262932 304
1725351723113 163.5123189409397 305
1725351723135 163.47934116260564 306
1725351723162 163.4463707895299 307
1725351723183 163.41340781995194 308
1725351723204 163.38045225211152 309
1725351723225 163.34750408424892 310
1725351723249 163.31456331460487 311
1725351723279 163.28162994142048 312
1725351723303 163.2487039629373 313
1725351723323 163.21578537739748 314
1725351723342 163.18287418304334 315
1725351723365 163.14997037811784 316
1725351723384 163.11707396086433 317
1725351723408 163.08418492952657 318
1725351723427 163.05130328234875 319
1725351723449 163.01842901757564 320
1725351723468 162.98556213345216 321
1725351723487 162.95270262822396 322
1725351723514 162.919850500137 323
1725351723537 162.88700574743766 324
1725351723556 162.85416836837277 325
1725351723575 162.82133836118967 326
1725351723594 162.788515724136 327
1725351723611 162.75570045546002 328
1725351723629 162.72289255341025 329
1725351723648 162.69009201623575 330
1725351723666 162.65729884218604 331
1725351723690 162.6245130295109 332
1725351723717 162.59173457646077 333
1725351723737 162.55896348128647 334
1725351723758 162.5261997422391 335
1725351723778 162.4934433575704 336
1725351723800 162.46069432553244 337
1725351723824 162.4279526443778 338
1725351723851 162.3952183123594 339
1725351723883 162.3624913277306 340
1725351723902 162.32977168874527 341
1725351723927 162.29705939365772 342
1725351723945 162.26435444072266 343
1725351723965 162.23165682819516 344
1725351723984 162.1989665543309 345
1725351724007 162.1662836173858 346
1725351724025 162.13360801561637 347
1725351724048 162.10093974727945 348
1725351724067 162.06827881063248 349
1725351724091 162.0356252039331 350
1725351724115 162.00297892543955 351
1725351724148 161.97033997341043 352
1725351724171 161.9377083461048 353
1725351724191 161.90508404178223 354
1725351724214 161.87246705870257 355
1725351724237 161.83985739512622 356
1725351724264 161.807255049314 357
1725351724288 161.7746600195271 358
1725351724312 161.74207230402723 359
1725351724342 161.70949190107643 360
1725351724365 161.6769188089373 361
1725351724387 161.64435302587282 362
1725351724409 161.6117945501463 363
1725351724432 161.5792433800217 364
1725351724451 161.5466995137632 365
1725351724474 161.51416294963556 366
1725351724491 161.48163368590383 367
1725351724513 161.44911172083374 368
1725351724532 161.41659705269112 369
1725351724557 161.3840896797425 370
1725351724575 161.35158960025473 371
1725351724596 161.31909681249513 372
1725351724619 161.2866113147314 373
1725351724643 161.25413310523172 374
1725351724662 161.22166218226468 375
1725351724687 161.1891985440993 376
1725351724708 161.1567421890051 377
1725351724728 161.12429311525193 378
1725351724746 161.0918513211101 379
1725351724768 161.05941680485043 380
1725351724791 161.02698956474404 381
1725351724817 160.99456959906257 382
1725351724861 160.96215690607812 383
1725351724891 160.92975148406308 384
1725351724912 160.89735333129045 385
1725351724946 160.86496244603353 386
1725351724971 160.83257882656613 387
1725351724998 160.8002024711624 388
1725351725024 160.76783337809707 389
1725351725049 160.7354715456451 390
1725351725070 160.70311697208209 391
1725351725091 160.67076965568387 392
1725351725109 160.63842959472692 393
1725351725127 160.6060967874879 394
1725351725147 160.5737712322441 395
1725351725168 160.54145292727316 396
1725351725188 160.50914187085314 397
1725351725211 160.47683806126258 398
1725351725232 160.44454149678037 399
1725351725252 160.41225217568598 400
1725351725280 160.3799700962591 401
1725351725299 160.34769525677993 402
1725351725324 160.31542765552925 403
1725351725354 160.28316729078804 404
1725351725374 160.2509141608379 405
1725351725393 160.2186682639607 406
1725351725411 160.18642959843885 407
1725351725431 160.1541981625551 408
1725351725450 160.1219739545927 409
1725351725470 160.08975697283532 410
1725351725490 160.05754721556707 411
1725351725509 160.0253446810724 412
1725351725529 159.99314936763625 413
1725351725554 159.9609612735441 414
1725351725579 159.92878039708154 415
1725351725600 159.896606736535 416
1725351725622 159.86444029019097 417
1725351725648 159.83228105633663 418
1725351725665 159.80012903325945 419
1725351725683 159.76798421924738 420
1725351725700 159.73584661258874 421
1725351725725 159.70371621157233 422
1725351725745 159.6715930144874 423
1725351725764 159.6394770196235 424
1725351725785 159.60736822527076 425
1725351725809 159.57526662971972 426
1725351725830 159.54317223126122 427
1725351725854 159.5110850281866 428
1725351725878 159.47900501878766 429
1725351725912 159.44693220135662 430
1725351725934 159.41486657418608 431
1725351725961 159.38280813556906 432
1725351725988 159.35075688379905 433
1725351726012 159.31871281716997 434
1725351726032 159.28667593397614 435
1725351726062 159.25464623251227 436
1725351726083 159.22262371107362 437
1725351726108 159.19060836795572 438
1725351726132 159.15860020145462 439
1725351726160 159.12659920986675 440
1725351726183 159.094605391489 441
1725351726208 159.0626187446187 442
1725351726232 159.03063926755357 443
1725351726254 158.99866695859166 444
1725351726281 158.96670181603164 445
1725351726300 158.9347438381725 446
1725351726321 158.90279302331365 447
1725351726341 158.87084936975492 448
1725351726362 158.8389128757966 449
1725351726383 158.80698353973935 450
1725351726404 158.77506135988435 451
1725351726424 158.7431463345331 452
1725351726454 158.71123846198756 453
1725351726480 158.67933774055012 454
1725351726499 158.64744416852363 455
1725351726521 158.61555774421126 456
1725351726548 158.5836784659167 457
1725351726571 158.55180633194402 458
1725351726591 158.51994134059774 459
1725351726611 158.48808349018276 460
1725351726631 158.45623277900447 461
1725351726657 158.4243892053686 462
1725351726679 158.39255276758135 463
1725351726699 158.3607234639493 464
1725351726725 158.3289012927796 465
1725351726747 158.29708625237956 466
1725351726766 158.26527834105718 467
1725351726791 158.2334775571207 468
1725351726812 158.20168389887885 469
1725351726833 158.1698973646408 470
1725351726856 158.1381179527161 471
1725351726877 158.10634566141474 472
1725351726903 158.07458048904712 473
1725351726924 158.0428224339241 474
1725351726941 158.0110714943569 475
1725351726959 157.9793276686572 476
1725351726977 157.94759095513714 477
1725351727000 157.91586135210915 478
1725351727029 157.88413885788617 479
1725351727056 157.8524234707817 480
1725351727080 157.8207151891093 481
1725351727098 157.78901401118333 482
1725351727117 157.75731993531835 483
1725351727142 157.72563295982937 484
1725351727167 157.69395308303186 485
1725351727191 157.66228030324174 486
1725351727217 157.63061461877524 487
1725351727241 157.59895602794913 488
1725351727270 157.56730452908047 489
1725351727291 157.53566012048688 490
1725351727311 157.50402280048633 491
1725351727330 157.47239256739715 492
1725351727350 157.44076941953827 493
1725351727409 157.4091533552288 494
1725351727429 157.37754437278846 495
1725351727453 157.34594247053727 496
1725351727473 157.3143476467957 497
1725351727494 157.28275989988472 498
1725351727517 157.25117922812564 499
