1725363201026 4.634772085321084 0
1725363201097 4.394109446421142 1
1725363201190 3.7511087730554795 2
1725363201257 6.11280690161755 3
1725363201324 5.353389942642722 4
1725363201406 4.204615054302725 5
1725363201493 2.336305291360152 6
1725363201577 4.471060970820068 7
1725363201648 5.33747378906911 8
1725363201720 5.614147952172059 9
1725363201787 3.437119869787005 10
1725363201842 4.4651906334196285 11
1725363201900 9.866599050549295 12
1725363201971 2.2506432500706404 13
1725363202060 5.74859282437236 14
1725363202159 14.253080448125823 15
1725363202287 2.4973583387394145 16
1725363202429 9.999061210580836 17
1725363202495 0.12533665715214015 18
1725363202566 66.6617992400463 19
1725363202647 19.19373570908702 20
1725363202724 2.683293565079425 21
1725363202816 887.4652897717908 22
1725363202884 183.73974470930665 23
1725363202946 593.325696343647 24
1725363203016 4326.971400218783 25
1725363203084 17878.24987887097 26
1725363203147 89.13663035751301 27
1725363203210 2551.971369913277 28
1725363203273 1202.983682131073 29
1725363203343 19344.634068038955 30
1725363203411 1503.290260068961 31
1725363203472 42.81934612040036 32
1725363203535 175538.4613454673 33
1725363203591 260473.39812004476 34
1725363203648 5141.747086576708 35
1725363203707 526.7800265706146 36
1725363203766 7721.363989582713 37
1725363203836 38177.93221820584 38
1725363203890 735847.3971430735 39
1725363203947 679.7391532815902 40
1725363204009 42536071.24574269 41
1725363204069 79168.23588889565 42
1725363204136 23011398.04186785 43
1725363204192 2820818.7440138925 44
1725363204248 101758312.39566755 45
1725363204297 701324713.5265958 46
1725363204367 3997070.011843619 47
1725363204461 337469802.3748284 48
1725363204535 162273686.60035282 49
1725363204596 14158673263.801931 50
1725363204655 572407150.3261793 51
1725363204724 70403824.60849483 52
1725363204787 1446450801.8940835 53
1725363204850 48751983138.84201 54
1725363204906 109669346091.35988 55
1725363204975 4236038197.886673 56
1725363205043 2000433022.694854 57
1725363205105 17197740886.041412 58
1725363205162 25416402955.08978 59
1725363205220 76027309.6028545 60
1725363205277 10821201.999551522 61
1725363205341 531982655420.3508 62
1725363205396 165362851379041.66 63
1725363205457 892876807175.9739 64
1725363205525 728532511022.7593 65
1725363205590 1402360980237.0244 66
1725363205659 3209024857042.235 67
1725363205718 12211340396398.752 68
1725363205777 85190083669080.69 69
1725363205830 228344436706761.97 70
1725363205915 2137257115669760.5 71
1725363205986 376469283089718.25 72
1725363206051 212041307971.64502 73
1725363206128 262675691854.4515 74
1725363206191 1.2786397068442672e+16 75
1725363206288 538812286217816.2 76
1725363206354 122339836817477.45 77
1725363206403 1.6837332413049358e+16 78
1725363206465 6.549927434888111e+16 79
1725363206533 1.841514622410809e+17 80
1725363206607 1.4526761246832806e+18 81
1725363206671 2449757911493.659 82
1725363206731 1632027300924015.5 83
1725363206810 194160633248582.47 84
1725363206868 1.5513181088865037e+18 85
1725363206939 5.3325041425466477e+17 86
1725363207035 421203420026169.94 87
1725363207125 3.825401443134657e+20 88
1725363207194 3.0526702310363566e+18 89
1725363207266 1.2550074804219817e+20 90
1725363207334 1.2503919644290297e+20 91
1725363207397 1.813264003934264e+20 92
1725363207472 4.691211311488511e+17 93
1725363207549 1.3175312664800306e+21 94
1725363207607 9.387323089147179e+20 95
1725363207668 8.447839068828594e+20 96
1725363207736 3.2072734857598316e+21 97
1725363207800 2.9026429678234108e+20 98
1725363207911 3.9400798747351686e+21 99
1725363207990 4.631494462485092e+20 100
1725363208081 2.867527212480308e+23 101
1725363208149 1.011592478339911e+19 102
1725363208222 3.0689709061427806e+23 103
1725363208303 3.538201757219294e+19 104
1725363208369 7.596807856815482e+19 105
1725363208456 7.497680873819151e+23 106
1725363208518 7.271267138827992e+24 107
1725363208595 1.120510866423522e+24 108
1725363208700 7.629391153115596e+23 109
1725363208778 1.6907954632097578e+23 110
1725363208835 4.350455891021126e+22 111
1725363208910 1.3944377517909935e+26 112
1725363208986 3.6855361660611406e+23 113
1725363209054 6.294344291153709e+23 114
1725363209133 2.6705859123687262e+25 115
1725363209191 1.638151191944176e+25 116
1725363209256 1.8078328086415316e+27 117
1725363209315 2.4903140652828917e+24 118
1725363209406 2.274838639669651e+25 119
1725363209467 7.408751133563029e+26 120
1725363209532 2.5669427167401086e+26 121
1725363209597 5.41294205841986e+27 122
1725363209657 3.7375906724462426e+26 123
1725363209727 4.0623186079949684e+28 124
1725363209784 3.332229674341245e+28 125
1725363209842 1.0410110397508914e+29 126
1725363209911 4.206192871900546e+27 127
1725363209985 1.4277824075149e+27 128
1725363210045 5.554288499297919e+26 129
1725363210119 4.5293137468521073e+27 130
1725363210185 9.499983438653921e+28 131
1725363210255 1.723587500141204e+30 132
1725363210311 7.0979140010085555e+28 133
1725363210374 4.9973107179729067e+30 134
1725363210446 7.634481242052037e+31 135
1725363210536 1.2502615951210007e+31 136
1725363210600 7.857267920222467e+30 137
1725363210676 1.0043650495260577e+31 138
1725363210743 9.565581974327219e+30 139
1725363210816 2.634285682928521e+31 140
1725363210878 2.4250178092519e+34 141
1725363210945 1.359069695567088e+32 142
1725363211012 2.540321251939789e+31 143
1725363211069 2.498329385393804e+32 144
1725363211133 2.612833414999127e+31 145
1725363211200 1.527636503345346e+32 146
1725363211259 1.3783572979307548e+34 147
1725363211315 3.4236080964157592e+34 148
1725363211372 1.8202359294325758e+34 149
1725363211437 3.4187144150232414e+33 150
1725363211496 7.760538790207064e+31 151
1725363211579 3.019713127027892e+33 152
1725363211649 3.100756643313355e+34 153
1725363211714 2.7096845522772007e+35 154
1725363211770 3.674652341271391e+34 155
1725363211832 1.2313346947871338e+34 156
1725363211902 2.7683414718162796e+35 157
1725363211971 2.351812151549239e+36 158
1725363212033 1.549441889638462e+36 159
1725363212096 1.1564086330885937e+36 160
1725363212173 2.1040928113467784e+36 161
1725363212241 1.0911084581117978e+37 162
1725363212320 8.69893186757802e+36 163
1725363212395 5.8090556991996095e+35 164
1725363212452 2.7743930458603003e+38 165
1725363212513 5.953048302137412e+37 166
1725363212583 2.061802889500475e+38 167
1725363212656 8.654334709376624e+37 168
1725363212717 8.457438916789956e+35 169
1725363212785 4.043295081088303e+38 170
1725363212843 3.503991033056452e+36 171
1725363212901 2.673384259732735e+40 172
1725363212958 5.3024280521266e+41 173
1725363213026 3.193717777042934e+39 174
1725363213107 2.4532641504678016e+41 175
1725363213173 8.54605342159604e+37 176
1725363213234 1.81398049845316e+41 177
1725363213302 7.51977040747369e+42 178
1725363213369 1.4797334098506412e+42 179
1725363213427 3.1255403331840556e+42 180
1725363213497 1.7942661030862046e+40 181
1725363213566 4.717237988728015e+41 182
1725363213625 1.535241316969228e+42 183
1725363213682 1.4675583325978675e+42 184
1725363213743 3.3958815470913823e+42 185
1725363213799 7.77560964766247e+41 186
1725363213871 5.782409554992156e+41 187
1725363213964 1.4117787194951893e+44 188
1725363214041 2.7366025397865453e+44 189
1725363214105 2.9347817731541138e+44 190
1725363214164 1.2651247874667001e+45 191
1725363214207 1.2534863176147573e+45 192
1725363214248 1.1681773622716009e+44 193
1725363214289 6.994254728819503e+46 194
1725363214334 1.535220415555718e+44 195
1725363214388 1.955566643231663e+47 196
1725363214455 2.8892199605037016e+45 197
1725363214511 8.008289906714417e+46 198
1725363214556 2.8436764795879546e+46 199
1725363214614 2.2928305081255146e+48 200
1725363214682 2.942716205939224e+48 201
1725363214752 4.401713265391593e+48 202
1725363214825 1.1256172951371335e+48 203
1725363214894 4.276073897892331e+46 204
1725363214939 4.8691120957757006e+48 205
1725363215010 2.7722703392838176e+48 206
1725363215080 2.2562031439442679e+49 207
1725363215137 5.104315005555735e+48 208
1725363215203 1.2760379248826878e+47 209
1725363215260 2.1559569169140218e+49 210
1725363215307 1.310849794801172e+48 211
1725363215360 2.859154840834441e+49 212
1725363215433 1.0728472658252067e+48 213
1725363215497 2.8322990592164087e+50 214
1725363215541 1.1138141263620777e+51 215
1725363215605 1.4218609296242981e+50 216
1725363215671 8.12943299778369e+51 217
1725363215746 1.061202134110133e+52 218
1725363215837 3.863505891240694e+52 219
1725363215916 3.891441245173001e+52 220
1725363215980 1.1503940639137879e+52 221
1725363216037 4.6551945393667533e+52 222
1725363216088 1.1238562230889839e+54 223
1725363216166 6.224728822877299e+52 224
1725363216244 4.965918141146912e+52 225
1725363216324 8.93445783515874e+52 226
1725363216395 2.68775505760796e+53 227
1725363216451 4.976628366780424e+54 228
1725363216515 4.818387245196487e+53 229
1725363216576 3.253735281261996e+54 230
1725363216656 1.6750409566795172e+55 231
1725363216746 3.6710879499668763e+53 232
1725363216805 1.1924024893968188e+55 233
1725363216879 1.8477504339328093e+55 234
1725363216951 5.241708619805038e+55 235
1725363217026 2.861946302809679e+54 236
1725363217084 6.403448498832266e+56 237
1725363217150 1.2425024864762598e+58 238
1725363217202 5.318414777762447e+56 239
1725363217255 1.4493754908656484e+57 240
1725363217311 2.919191053376628e+58 241
1725363217364 5.679567330894681e+57 242
1725363217410 1.6723258681054447e+58 243
1725363217458 1.9126427667044908e+58 244
1725363217536 3.996538420595787e+59 245
1725363217622 1.3220857866618774e+59 246
1725363217702 5.365771124128474e+59 247
1725363217760 9.21981222214305e+57 248
1725363217819 1.5479154379544853e+59 249
1725363217895 1.263332903156276e+60 250
1725363217966 4.726517386003148e+59 251
1725363218047 3.226817112112798e+60 252
1725363218120 4.6389402685031674e+60 253
1725363218201 2.1246149834080813e+58 254
1725363218262 1.2197869674246525e+60 255
1725363218321 2.0587378112178597e+61 256
1725363218392 8.869938542898454e+61 257
1725363218443 6.093520593481951e+61 258
1725363218521 7.092555332464398e+61 259
1725363218590 6.381159540769071e+62 260
1725363218658 1.597651752101621e+62 261
1725363218725 1.7913928797712105e+63 262
1725363218782 6.008563438207938e+60 263
1725363218839 5.751822777295136e+63 264
1725363218907 1.1777421540945907e+64 265
1725363218965 2.117952673735641e+65 266
1725363219038 5.8864004718086496e+63 267
1725363219109 2.4645979563275984e+62 268
1725363219181 8.047361279110584e+61 269
1725363219245 4.9837522116001935e+65 270
1725363219316 1.5632663326235882e+66 271
1725363219388 1.049697457754993e+65 272
1725363219461 5.19728857519807e+65 273
1725363219517 3.396117218119656e+64 274
1725363219573 1.4655681713933335e+64 275
1725363219642 4.301534428820309e+66 276
1725363219712 1.3291056922703386e+66 277
1725363219787 1.8298964159757717e+67 278
1725363219857 4.880970740274872e+65 279
1725363219943 7.759272192549645e+67 280
1725363220003 2.401130452179319e+69 281
1725363220071 1.1792311729848755e+69 282
1725363220127 2.6933719636211187e+69 283
1725363220194 1.2726225600005288e+69 284
1725363220267 7.615019897727399e+67 285
1725363220329 5.476194076582053e+68 286
1725363220392 3.9581056834331366e+68 287
1725363220470 2.2315656410689856e+67 288
1725363220546 4.248042044186815e+67 289
1725363220616 3.92474220068902e+69 290
1725363220678 3.2081611511916625e+69 291
1725363220741 2.1284726734603542e+68 292
1725363220819 1.7620653091856743e+70 293
1725363220887 8.819498754309067e+71 294
1725363220954 1.0355479077866599e+70 295
1725363221019 6.731599715897065e+71 296
1725363221087 1.5913910884084855e+73 297
1725363221143 4.69301732460721e+70 298
1725363221207 2.328765305015969e+73 299
1725363221272 7.845425078419755e+70 300
1725363221335 1.1895323960516305e+72 301
1725363221407 1.1686598818897016e+72 302
1725363221478 2.85281120719866e+71 303
1725363221568 9.008225046597828e+73 304
1725363221635 7.798148679809696e+70 305
1725363221702 7.13965742333555e+67 306
1725363221772 1.7829768023451574e+71 307
1725363221837 1.8376822045929366e+74 308
1725363221905 2.3430355742969645e+76 309
1725363221963 4.108880625710186e+75 310
1725363222026 6.837243147339646e+73 311
1725363222098 5.409208889016557e+75 312
1725363222170 5.714470474901953e+75 313
1725363222236 3.325040915037105e+76 314
1725363222312 5.078464592294842e+75 315
1725363222381 1.7549070759095806e+77 316
1725363222437 2.158711980570029e+72 317
1725363222523 3.6188192049481007e+77 318
1725363222586 1.4059280444764733e+76 319
1725363222653 5.589628399121995e+77 320
1725363222723 4.5624847837072736e+75 321
1725363222794 5.61333917500596e+77 322
1725363222861 2.7949627004895944e+76 323
1725363222927 1.4614001869918447e+78 324
1725363222989 9.740681391930234e+79 325
1725363223055 2.388718512396331e+78 326
1725363223136 1.4111866623936523e+80 327
1725363223202 3.18385076243143e+79 328
1725363223267 1.5321569449516098e+77 329
1725363223340 7.361438729442807e+77 330
1725363223412 3.808676330794461e+81 331
1725363223485 2.3493842927627554e+81 332
1725363223548 4.206474372784807e+81 333
1725363223621 5.184964689327509e+82 334
1725363223702 1.2467199349425607e+76 335
1725363223783 2.6270242881007615e+78 336
1725363223839 1.8064243631586708e+80 337
1725363223898 4.8389524457590217e+83 338
1725363223965 1.7248551862497202e+84 339
1725363224029 1.4776517599606912e+83 340
1725363224093 1.553001444696719e+81 341
1725363224158 4.7736393867163453e+83 342
1725363224230 3.331842655726892e+83 343
1725363224294 7.137120425098745e+82 344
1725363224355 2.739339456311514e+83 345
1725363224428 1.9102812384956018e+83 346
1725363224498 8.838877563155459e+84 347
1725363224566 2.6145866713593746e+82 348
1725363224631 8.129104823474053e+84 349
1725363224713 2.2764235734719052e+86 350
1725363224770 9.875790771834111e+82 351
1725363224840 1.0996722835787884e+85 352
1725363224914 1.2002347480745605e+85 353
1725363224973 9.613121404187429e+86 354
1725363225060 1.607376948527956e+86 355
1725363225134 7.79531305451995e+85 356
1725363225202 2.228764082858088e+87 357
1725363225268 1.3900411526003314e+88 358
1725363225554 9.187446800943394e+88 359
1725363225621 1.2242566816264807e+87 360
1725363225682 2.466295049114383e+88 361
1725363225766 1.200934024921249e+89 362
1725363225843 4.542809440284829e+88 363
1725363225911 3.453887400617378e+89 364
1725363225976 2.175242216367913e+90 365
1725363226035 1.1141224723972588e+86 366
1725363226102 5.625007423026791e+89 367
1725363226174 5.259244294362147e+89 368
1725363226253 2.961307368211032e+91 369
1725363226340 1.573612499456371e+92 370
1725363226405 8.650792320952939e+91 371
1725363226462 1.7699664737407361e+90 372
1725363226531 4.636506745165494e+91 373
1725363226606 1.248052532357376e+91 374
1725363226659 1.3875695269086623e+93 375
1725363226726 8.461488366719559e+90 376
1725363226783 1.8364946758781543e+92 377
1725363226838 9.791537451829302e+91 378
1725363226907 5.899301923521764e+93 379
1725363226964 3.831314082159154e+92 380
1725363227027 3.698137975343526e+91 381
1725363227094 2.4716685255327018e+94 382
1725363227162 3.072655809586072e+93 383
1725363227228 1.024551734976179e+94 384
1725363227284 6.480281708068434e+95 385
1725363227340 1.9171262250203382e+94 386
1725363227406 1.6383628982340413e+92 387
1725363227477 6.97081148627157e+94 388
1725363227541 2.461001062152207e+96 389
1725363227600 6.696165000736952e+95 390
1725363227669 1.5506597352948723e+96 391
1725363227745 1.6527218069803554e+97 392
1725363227801 6.96461467946958e+93 393
1725363227871 7.544186523936748e+96 394
1725363227934 2.1027619593321905e+97 395
1725363228003 3.823610702439371e+97 396
1725363228066 5.890243549801088e+95 397
1725363228118 1.1495913320397134e+97 398
1725363228176 5.997502582578198e+97 399
1725363228255 3.440883743854045e+97 400
1725363228325 2.3115042168546485e+98 401
1725363228391 1.2655522968789904e+98 402
1725363228466 5.948055515748616e+97 403
1725363228524 4.80764757822511e+98 404
1725363228580 6.970026056743017e+99 405
1725363228644 1.6537990998310494e+100 406
1725363228709 3.6837372968800695e+101 407
1725363228773 1.9850797533679816e+101 408
1725363228830 1.3352315053880254e+99 409
1725363228889 1.3866055092791415e+100 410
1725363228948 4.8734622579978927e+101 411
1725363229001 7.636840541466803e+99 412
1725363229070 4.146672858590052e+97 413
1725363229139 3.577434133519653e+102 414
1725363229198 4.6742042237858373e+101 415
1725363229261 2.474934070273988e+101 416
1725363229333 1.1168803391300073e+100 417
1725363229391 8.906646116079828e+100 418
1725363229447 2.330360365656378e+104 419
1725363229505 1.9073649320697955e+103 420
1725363229573 3.3677287988834653e+104 421
1725363229647 1.4716886890001252e+103 422
1725363229721 2.098540584420583e+104 423
1725363229791 3.325951036149677e+104 424
1725363229853 6.207358565633027e+105 425
1725363229934 5.6113291329695815e+103 426
1725363230006 1.0042313938758462e+104 427
1725363230076 2.3416310420906914e+104 428
1725363230143 1.071161514984468e+105 429
1725363230203 1.8438461253195305e+106 430
1725363230276 2.2637667124703905e+105 431
1725363230328 1.0205768666480899e+105 432
1725363230394 6.809518662687116e+107 433
1725363230461 5.266154404382964e+106 434
1725363230531 2.095919148430842e+106 435
1725363230587 1.7308738884340128e+107 436
1725363230642 4.786327724959329e+106 437
1725363230704 2.5753799259321204e+107 438
1725363230767 2.741140973337489e+106 439
1725363230842 3.295951414065062e+109 440
1725363230908 1.8872584493558366e+108 441
1725363230975 1.5335469715836004e+109 442
1725363231043 3.6633916851937903e+106 443
1725363231128 6.543228287980103e+108 444
1725363231192 3.777053802686923e+107 445
1725363231250 1.8365999881823906e+111 446
1725363231314 2.9505026870284997e+111 447
1725363231385 1.9157893322211512e+111 448
1725363231446 6.710393608846254e+111 449
1725363231511 2.783066001613595e+109 450
1725363231569 4.6777825130259334e+110 451
1725363231630 2.833524308899017e+108 452
1725363231685 1.2494417620938046e+112 453
1725363231740 4.2694945925099574e+109 454
1725363231800 7.095091888766153e+113 455
1725363231874 2.1991804412513986e+112 456
1725363231940 1.4598139839772106e+113 457
1725363232009 3.173390043361638e+111 458
1725363232066 2.4238345597510532e+113 459
1725363232122 1.1318780336983053e+114 460
1725363232182 1.0266674391171776e+114 461
1725363232234 1.1782864867686753e+113 462
1725363232294 7.329500109576295e+113 463
1725363232354 2.6080571555867704e+109 464
1725363232412 2.045924539610248e+115 465
1725363232471 2.2675047685039407e+115 466
1725363232534 4.7876626387906046e+113 467
1725363232612 6.103739341200561e+114 468
1725363232671 6.003768698458676e+114 469
1725363232726 2.852264401318278e+117 470
1725363232794 6.132546457238753e+114 471
1725363232854 3.3750907612511396e+112 472
1725363232911 1.9792039957762572e+117 473
1725363232979 7.3654670591088935e+115 474
1725363233037 4.913509515621288e+116 475
1725363233093 3.3037806396512613e+118 476
1725363233156 7.263560156620442e+118 477
1725363233221 1.1802160730173727e+117 478
1725363233295 3.7474468036856473e+118 479
1725363233368 6.625686423079265e+118 480
1725363233435 4.057912197395105e+119 481
1725363233513 1.1852208404221606e+120 482
1725363233577 1.3475327943657686e+117 483
1725363233642 5.849588125833783e+117 484
1725363233709 1.4902174624170472e+116 485
1725363233773 7.100933369958248e+120 486
1725363233834 1.8370432901832003e+120 487
1725363233899 5.611204888335682e+118 488
1725363233963 2.63421299086672e+118 489
1725363234048 3.8879907672946217e+121 490
1725363234104 1.4877567782941707e+123 491
1725363234163 2.063494481452588e+121 492
1725363234223 4.804691558445293e+120 493
1725363234280 3.027374975581387e+121 494
1725363234335 1.701160448280658e+121 495
1725363234403 3.328524622928555e+121 496
1725363234461 5.85505687483815e+120 497
1725363234519 6.391232363041407e+124 498
1725363234576 6.62398157833864e+123 499
