1725390078979 123.46381419398566 0
1725390079045 66.96897497079718 1
1725390079117 48.0539928236095 2
1725390079175 24.4767862200625 3
1725390079234 22.334578353848123 4
1725390079308 11.840536886905456 5
1725390079377 6.1668813523648724 6
1725390079437 3.8962295533894644 7
1725390079498 6.144719298144192 8
1725390079564 2.016368567831477 9
1725390079622 1.1838944720837412 10
1725390079692 0.5717806824721671 11
1725390079757 0.6662489179018725 12
1725390079820 0.4612558922844504 13
1725390079898 0.009192527852001002 14
1725390079964 0.011781749911725968 15
1725390080032 0.7034502705506421 16
1725390080174 0.5327072322459346 17
1725390080268 0.6228986744923152 18
1725390080337 0.012372230507894951 19
1725390080412 0.10669098519155311 20
1725390080480 0.10146945491736233 21
1725390080538 0.21085291491119512 22
1725390080614 0.005627698219354612 23
1725390080678 0.0488840687802198 24
1725390080741 0.3356336247429056 25
1725390080807 0.9952761504456901 26
1725390080884 0.3288697604704233 27
1725390080940 0.05163981036618862 28
1725390081000 0.01247786941296474 29
1725390081070 0.057984782379068234 30
1725390081138 0.16499904415708003 31
1725390081197 1.0433076388276375e-05 32
1725390081256 0.030671665329539806 33
1725390081317 0.09869807697519481 34
1725390081393 0.027564885683247026 35
1725390081445 0.00019637294346439507 36
1725390081504 0.026287186561283038 37
1725390081570 0.10738271583488848 38
1725390081627 0.009359299878640846 39
1725390081688 0.008173965417299676 40
1725390081745 0.0002203029115385838 41
1725390081815 0.03802158023619906 42
1725390081881 0.023480717071626054 43
1725390081946 0.1111763239182083 44
1725390082014 0.006407465762072078 45
1725390082073 0.22484615217910117 46
1725390082138 0.12994431936915318 47
1725390082206 0.10602371220020211 48
1725390082284 0.05249508704840224 49
1725390082348 0.0006381724180662863 50
1725390082409 0.07730158650477408 51
