1725385912724 0.05762035232363651 0
1725385912800 0.04944096074191335 1
1725385912909 0.05192665522053933 2
1725385912984 0.0677010903704006 3
1725385913050 0.05343145941582318 4
1725385913168 0.08802600264954594 5
1725385913236 0.00824364964531667 6
1725385913312 0.07141933678784106 7
1725385913387 0.02962591628373805 8
1725385913459 0.37691370438137606 9
1725385913534 0.18816702181832065 10
1725385913606 0.01883977720497164 11
1725385913667 0.40182704644144673 12
1725385913737 0.014275870274503655 13
1725385913815 0.04544230476257344 14
1725385913907 0.0913931190112079 15
1725385914013 0.007836896118951178 16
1725385914082 0.0872711739439831 17
1725385914185 0.024569204138341363 18
1725385914263 0.008817026043895657 19
1725385914328 0.13531330220139173 20
1725385914399 0.04135188282648065 21
1725385914519 0.03459853481691425 22
1725385914603 0.09756109256810533 23
1725385914681 0.004431294365521279 24
1725385914760 0.02382231391290776 25
1725385914836 0.00029905203565335614 26
1725385914910 0.00022379029745431568 27
1725385914984 0.041377483893322645 28
1725385915051 0.09495660222769842 29
1725385915122 0.02968473785213486 30
1725385915189 0.11985541456415202 31
1725385915255 0.3385269181223962 32
1725385915341 0.0005315904493075012 33
1725385915419 0.18538774565693947 34
1725385915504 0.0402914810200153 35
1725385915580 0.02488794642734272 36
1725385915665 0.041172602817634164 37
1725385915757 0.005725982526105508 38
1725385915825 0.4549872311521246 39
1725385915889 0.0681536067924061 40
1725385915963 0.029933671768542437 41
1725385916028 0.008314991662364052 42
1725385916086 0.18536099225462863 43
1725385916147 0.37608344815408024 44
1725385916217 0.06006831107703237 45
1725385916302 0.02476188747256031 46
1725385916379 0.11419085733470512 47
1725385916452 0.020369973853942642 48
1725385916525 0.09131942156553848 49
1725385916593 0.007778401521018071 50
1725385916655 0.05417037691219826 51
1725385916723 0.00023763515551859603 52
1725385916795 0.1124954005928113 53
1725385916858 0.439420385116599 54
1725385916912 0.09129333367285686 55
1725385916977 0.03761140501972545 56
1725385917041 0.013307281583750882 57
1725385917103 0.16863243289318486 58
1725385917172 0.02661803598673649 59
1725385917237 0.29773330837118817 60
1725385917302 0.25587874530723603 61
1725385917370 0.2809816656336829 62
1725385917445 0.23389730335279993 63
1725385917554 0.05729735326858432 64
1725385917619 0.09996155164335185 65
1725385917685 0.126995138502893 66
1725385917759 0.03992385158054764 67
1725385917830 0.3619292418583899 68
1725385917903 1.1403816637435344 69
1725385917977 0.3522469023284438 70
1725385918038 0.09227119203685621 71
1725385918096 0.013168932327168073 72
1725385918163 0.10107192670725837 73
1725385918230 0.2789089108100006 74
1725385918295 0.20684353698594166 75
1725385918365 0.021780981108911808 76
1725385918454 0.05389051163985564 77
1725385918523 0.3268889710568459 78
1725385918599 0.09660271334698504 79
1725385918675 0.26011367125882545 80
1725385918737 0.060402780385030164 81
1725385918804 0.012208870503738025 82
1725385918872 0.09571357203852933 83
1725385918942 0.4292467533058236 84
1725385919014 0.0522195116284147 85
1725385919082 0.12397316070709488 86
1725385919158 0.024725157998007116 87
1725385919239 0.06449335624076659 88
1725385919352 0.6666747635484158 89
1725385919423 0.10486853443485027 90
1725385919502 0.41821416794912475 91
1725385919582 0.05288107131543897 92
1725385919659 0.17977783109596923 93
1725385919739 0.9812224358913793 94
1725385919812 0.21620879946058427 95
1725385919890 0.1210183144113196 96
1725385919959 0.0004961638420242682 97
1725385920034 0.013654934326985191 98
1725385920109 0.08928777789205468 99
1725385920168 0.5030596520120763 100
1725385920238 0.021009774422855097 101
1725385920303 0.08090541908733834 102
1725385920364 0.03702386129312391 103
1725385920429 0.5722475466787692 104
1725385920497 0.08743264201052249 105
1725385920584 0.03726276575882061 106
1725385920660 0.02423676071843793 107
1725385920733 0.01720987184861775 108
1725385920806 0.29473403616860727 109
1725385920885 0.08586603915087455 110
1725385920968 0.01163423986639726 111
1725385921043 0.3999859336620588 112
1725385921121 0.07200072459331114 113
1725385921187 0.021967515148698578 114
1725385921280 0.14068660581866116 115
1725385921346 1.1456258444450775 116
1725385921414 0.0031102100880303816 117
1725385921487 0.6215908341311701 118
1725385921561 0.07859437431660726 119
1725385921633 0.06179182566004044 120
1725385921707 0.02311122498169573 121
1725385921777 0.27729389009787225 122
1725385921851 0.016241787886122357 123
1725385921912 0.00265695544871282 124
1725385921983 2.6941518685259357e-06 125
1725385922066 1.2482773823203586 126
1725385922148 0.07914246643819546 127
1725385922202 0.26705748887397707 128
1725385922268 0.2675412630507957 129
1725385922333 0.020257747940320613 130
1725385922407 0.0020188990407841154 131
1725385922475 0.15365139222437427 132
1725385922535 0.14449589023637416 133
1725385922601 0.13545141122575127 134
1725385922661 0.015219006601073254 135
1725385922737 0.7208843305966777 136
1725385922811 0.0031500590423971706 137
1725385922892 0.10391961057950397 138
1725385922976 0.0005436325621874369 139
1725385923053 0.13446451377317126 140
1725385923132 0.1974196784983571 141
1725385923198 0.0006442916854345919 142
1725385923270 0.21767535493142642 143
1725385923347 0.3459858678676403 144
1725385923430 0.1637805039154484 145
1725385923524 0.013560729718616214 146
1725385923596 0.7089910514149329 147
1725385923659 0.25775380640358225 148
1725385923734 0.387417553910985 149
1725385923806 0.1490264177316519 150
1725385923871 0.1587459863806291 151
1725385923945 0.1377880290860142 152
1725385924021 0.565476815401605 153
1725385924098 0.35642066331340205 154
1725385924165 0.00019067821288071876 155
1725385924240 0.09761575605988157 156
1725385924305 0.019185361475761664 157
1725385924371 0.032324610508344905 158
1725385924433 0.08841961137620613 159
1725385924524 0.01702674991557598 160
1725385924603 0.09304535998327645 161
1725385924678 0.02940626643916057 162
1725385924779 0.008569369480510129 163
1725385924855 0.04004849145093235 164
1725385924934 0.03371599357764791 165
1725385925002 1.66422056854469e-07 166
1725385925067 0.00691733790262569 167
1725385925147 0.15595140189913687 168
1725385925231 0.04024599511424334 169
1725385925306 0.042847052009903 170
1725385925388 0.10750442220710676 171
1725385925461 0.14453930346157412 172
1725385925533 0.020858854476320958 173
1725385925604 1.0064190874162466 174
1725385925678 0.19377268843809747 175
1725385925759 0.3877818089996159 176
1725385925830 0.06248853032649771 177
1725385925892 0.23795838122736898 178
1725385925955 0.2751317228263017 179
1725385926028 0.10456490308113352 180
1725385926095 0.0025222551101413983 181
1725385926169 0.00021044369736166051 182
1725385926238 0.4330725153068481 183
1725385926309 0.20385203381194025 184
1725385926421 0.11575660432977915 185
1725385926484 0.0019309289372772451 186
1725385926557 0.0031321405305476976 187
1725385926623 0.021059277818554073 188
1725385926686 0.8028564056014961 189
1725385926754 0.26460447933132036 190
1725385926811 0.01101953725522978 191
1725385926894 0.0011485865131461975 192
1725385926974 0.3099947738120511 193
1725385927054 0.06590702925770216 194
1725385927125 0.20035289528825162 195
1725385927185 0.005459964754548169 196
1725385927251 0.002266889903849775 197
1725385927312 0.006859098731499143 198
1725385927384 0.0019099423840202414 199
1725385927453 0.305729349478828 200
1725385927524 0.02170342933882052 201
1725385927588 0.006029552631437208 202
1725385927648 0.6066130970124431 203
1725385927713 0.014604307706143904 204
1725385927788 0.16576545682811003 205
1725385927847 0.04125603042285771 206
1725385927916 0.029193927427320028 207
1725385927975 0.04001880634491686 208
1725385928036 0.04634403632087061 209
1725385928108 0.044338003687639974 210
1725385928182 0.003165528960851951 211
1725385928247 0.0700157204033165 212
1725385928324 0.11908323115272886 213
1725385928392 0.0232203655895223 214
1725385928458 0.038131679819969004 215
1725385928521 0.03634541929600838 216
1725385928590 0.010398373239115839 217
1725385928672 0.03219071302613884 218
1725385928743 0.004051587241143097 219
1725385928815 0.3121560556372984 220
1725385928880 0.001028055684833402 221
1725385928947 0.42120179103080296 222
1725385929007 0.473948748541103 223
1725385929074 0.0008310167824162722 224
1725385929146 1.2439040641073198 225
1725385929213 0.0010185387560942814 226
1725385929290 0.013412776918245288 227
1725385929371 0.03252294772926823 228
1725385929448 0.08809388161732228 229
1725385929524 0.1189415606116573 230
1725385929598 0.07576486021278851 231
1725385929662 0.08148433375710012 232
1725385929738 0.5556220499345877 233
1725385929814 0.12116282874764575 234
1725385929891 0.024899180716710528 235
1725385929979 0.020273646972502172 236
1725385930038 0.04106479561805164 237
1725385930110 0.15010325856813417 238
1725385930177 0.02364675202847529 239
1725385930243 0.01864495136118059 240
1725385930322 0.0415379996365035 241
1725385930387 0.03977239356840403 242
1725385930468 0.0026748270616031495 243
1725385930527 0.0367718970276332 244
1725385930597 0.00188925652131587 245
1725385930681 0.011808379109182714 246
1725385930744 0.8386676327672647 247
1725385930820 4.229414038723494e-06 248
1725385930890 0.1735904381150199 249
1725385930952 0.010331957963639112 250
1725385931017 0.20131914817193397 251
1725385931091 0.3260477259517532 252
1725385931169 0.028562750799485833 253
1725385931255 0.05234450360606898 254
1725385931330 0.689185231877024 255
1725385931408 0.14075140856351193 256
1725385931483 1.0336149046835989e-05 257
1725385931562 0.19530598271676916 258
1725385931641 0.14987224422189568 259
1725385931728 0.024124214546073514 260
1725385931801 0.2381170551207356 261
1725385931874 0.010406705758930993 262
1725385931938 0.7773020657685139 263
1725385932013 0.016283977950912343 264
1725385932103 0.03067281756401765 265
1725385932173 0.001794969844741158 266
1725385932262 0.04303942407053228 267
1725385932337 0.049609589623348695 268
1725385932434 0.0657633214966832 269
1725385932525 0.11701838068388698 270
1725385932593 0.0156510843551434 271
1725385932688 0.12395979491948099 272
1725385932809 0.008500492692461266 273
1725385932868 0.08624246809031888 274
1725385932926 2.9871415383140166e-06 275
1725385932997 0.12005773107138398 276
1725385933072 0.02442045601963403 277
1725385933141 0.0005194072714484366 278
1725385933218 0.3610517097228972 279
1725385933291 0.004878261400250802 280
1725385933385 0.15455860487485878 281
1725385933486 0.015138749316728563 282
1725385933561 0.09457221951605133 283
1725385933633 0.34660143725888576 284
1725385933699 0.004102913164516041 285
1725385933765 0.10997089758962675 286
1725385933850 0.04427314404633201 287
1725385933916 0.009175250101963484 288
1725385934033 0.11300784923151651 289
1725385934133 0.17595135112250002 290
1725385934213 0.007274310116816866 291
1725385934291 0.08941145876274367 292
1725385934357 0.03744667306647467 293
1725385934437 0.013402127207048819 294
1725385934518 0.07875886816831401 295
1725385934601 0.054713544550558546 296
1725385934666 0.0006931644368547439 297
1725385934780 0.06500227047020485 298
1725385934847 0.1258546119865386 299
1725385934920 0.015727484018663234 300
1725385934991 0.08090629173100158 301
1725385935064 0.000596344592464518 302
1725385935145 0.15693270541459922 303
1725385935237 0.07443580386684996 304
1725385935312 0.00014405157387108693 305
1725385935393 0.024967134720023296 306
1725385935462 0.019132180759453006 307
1725385935531 0.004490936673159197 308
1725385935600 0.16999225616605051 309
1725385935671 1.4249375256082264e-08 310
1725385935754 0.000125422282841452 311
1725385935823 0.11210270038754858 312
1725385935906 0.13603325400547225 313
1725385935973 0.028885083462977433 314
1725385936045 0.08356174358259014 315
1725385936124 0.22805543713303883 316
1725385936210 0.04579497529805201 317
1725385936282 0.008995399306136272 318
1725385936353 0.9086146203232629 319
1725385936431 0.14921403343560616 320
1725385936503 0.0027566761806576494 321
1725385936576 0.0587988392809778 322
1725385936661 0.06362108764519374 323
1725385936742 0.08232357144942382 324
1725385936866 0.03269272962554402 325
1725385936926 0.20062380417353046 326
1725385936995 0.036947563633935705 327
1725385937107 0.0014113274932567748 328
1725385937166 0.0231240830591738 329
1725385937226 0.15560093323478175 330
1725385937292 0.01984108644864302 331
1725385937368 0.8361560468998456 332
1725385937459 0.07215551442519834 333
1725385937540 0.03747845295055484 334
1725385937645 0.0006532288909445399 335
1725385937709 0.0011579526717197788 336
1725385937795 0.040217011409448895 337
1725385937872 0.0793004356433869 338
1725385937943 0.002813587637214638 339
1725385938015 0.3597725651307081 340
1725385938092 2.9183646981414703e-05 341
1725385938164 0.40057798289057306 342
1725385938225 0.28861447213183694 343
1725385938303 8.316879302172724e-05 344
1725385938373 0.11161204179753562 345
1725385938470 0.15618897143288976 346
1725385938543 0.02979584920198972 347
1725385938622 0.16949220461830464 348
1725385938739 0.03543622240396389 349
1725385938808 0.26321656262635174 350
1725385938880 0.09572521402092296 351
1725385938942 0.021268171495622653 352
1725385939014 0.11892327068895543 353
1725385939080 0.06601966493803764 354
1725385939149 0.6008703695300683 355
1725385939226 0.00383126323622504 356
1725385939298 0.08898407245270869 357
1725385939376 0.09716279716389285 358
1725385939454 0.21918867336295372 359
1725385939526 0.013686086582136511 360
1725385939606 0.08617045882158664 361
1725385939677 0.01072267758014539 362
1725385939748 0.023486846983515233 363
1725385939853 0.14322510536833832 364
1725385939929 0.6565369477820806 365
1725385940010 0.8286899800855824 366
1725385940083 0.0030838826431089064 367
1725385940144 0.01341006825072979 368
1725385940202 0.4013366036289756 369
1725385940276 0.06309615508360598 370
1725385940357 0.0394654649308092 371
1725385940418 0.04712938360585271 372
1725385940488 0.2826279089535337 373
1725385940563 0.004912351061881801 374
1725385940633 0.06458839628965822 375
1725385940705 0.25277934909235106 376
1725385940776 0.044076525605694646 377
1725385940851 0.0009543867850012956 378
1725385940920 0.09023706710251725 379
1725385940983 0.08022584272946728 380
1725385941049 0.3793629706373556 381
1725385941123 0.048191882348392036 382
1725385941200 0.03231446172864382 383
1725385941275 0.8778558872310785 384
1725385941343 0.582906665176326 385
1725385941423 0.0011516897351131926 386
1725385941496 0.0025114896694585624 387
1725385941564 0.21765543771804857 388
1725385941638 0.009639830438684577 389
1725385941718 0.01819818279234325 390
1725385941795 0.023911178283040936 391
1725385941859 0.18684739527758656 392
1725385941931 0.0009460141695115209 393
1725385942001 0.0006230202781490661 394
1725385942109 0.15342803611086486 395
1725385942180 0.12435925555176999 396
1725385942248 0.015525603949678255 397
1725385942319 0.390091847138443 398
1725385942391 0.07673640025318033 399
1725385942461 1.0129615190611587 400
1725385942531 0.24135001859637106 401
1725385942595 0.03798289551860632 402
1725385942672 0.05055453342618218 403
1725385942742 0.12110037358614546 404
1725385942811 0.3226317487420953 405
1725385942884 0.07142543674384601 406
1725385942967 0.009675976333973015 407
1725385943034 0.0984252570431131 408
1725385943095 0.09680761744856091 409
1725385943164 2.482291677730924e-05 410
1725385943227 0.0004798460195747933 411
1725385943297 0.42255798838526365 412
1725385943370 0.1399302091554007 413
1725385943450 0.04219843875736887 414
1725385943512 0.0583828718923104 415
1725385943591 0.23897313658868197 416
1725385943663 0.015379175206622015 417
1725385943723 0.00014668962174839908 418
1725385943787 0.45748041874315115 419
1725385943872 0.010257801534952407 420
1725385943942 0.18920403941249134 421
1725385944000 0.11522793604829325 422
1725385944073 0.43303334303597496 423
1725385944145 0.2327054171761048 424
1725385944209 0.0228139995258913 425
1725385944279 0.13966840806234185 426
1725385944350 0.04256380885015755 427
1725385944421 0.2148218736577056 428
1725385944489 0.009199820902013173 429
1725385944569 0.051427556227110524 430
1725385944642 0.002495194132012078 431
1725385944703 0.0018651699331489256 432
1725385944776 0.9397353547621939 433
1725385944838 0.039951520485264166 434
1725385944906 0.0031014281600406494 435
1725385944971 0.07187268023181129 436
1725385945034 0.032482568811738353 437
1725385945095 0.08411688589070795 438
1725385945166 0.0839874704814991 439
1725385945239 0.008538307587431846 440
1725385945308 0.4943014740347947 441
1725385945385 0.059727839414216236 442
1725385945452 0.00787563842335679 443
1725385945550 0.03659063800962429 444
1725385945615 0.5950584989582077 445
1725385945693 0.018243594853031914 446
1725385945766 0.021995240113686976 447
1725385945827 0.1378785823313394 448
1725385945891 0.12417366724752843 449
1725385945972 0.16669391208915252 450
1725385946036 0.02033527082743954 451
1725385946099 0.000471468445797923 452
1725385946166 0.8411255853694453 453
1725385946237 0.0011334215472176491 454
1725385946295 0.0013334123151688036 455
1725385946396 0.0804238261720409 456
1725385946461 0.10864914220623355 457
1725385946534 0.6511310198015814 458
1725385946613 0.4468292860899766 459
1725385946683 0.3528976317649307 460
1725385946743 0.5700943367337246 461
1725385946823 0.006332809951168271 462
1725385946897 0.01381771486656527 463
1725385946963 0.0259262287230036 464
1725385947020 0.08256053345939382 465
1725385947103 0.8623772628805899 466
1725385947170 0.021274111761723065 467
1725385947230 0.000957540629681766 468
1725385947302 0.03628895913087667 469
1725385947360 0.0014339522735222522 470
1725385947421 0.22780419809102193 471
1725385947480 1.194346444124522e-05 472
1725385947539 1.1254128318016719e-07 473
1725385947613 0.09016732333516854 474
1725385947681 0.47192772317413373 475
1725385947741 0.04240568146586944 476
1725385947810 0.001914677495501864 477
1725385947885 0.0069436956391101725 478
1725385947973 0.22133650074302427 479
1725385948036 0.037693408396966145 480
1725385948107 0.0058337930654428945 481
1725385948175 0.0017700838461137953 482
1725385948244 0.11751561704410943 483
1725385948313 0.032442248823652105 484
1725385948388 0.11407529755665502 485
1725385948469 0.007859505238250327 486
1725385948539 0.0996080399056375 487
1725385948622 0.0035739143864863053 488
1725385948687 0.1467754888752855 489
1725385948747 0.33949086730827877 490
1725385948803 0.008170868900312508 491
1725385948859 6.641533191881027e-05 492
1725385948928 0.024381632215447653 493
1725385949006 0.30792162631694997 494
1725385949076 0.011635687721043961 495
1725385949178 0.0005141272099264119 496
1725385949238 0.006263990468806886 497
1725385949309 0.3222368466550373 498
1725385949383 0.042861684952797435 499
