1725385812980 6285117.456045209 0
1725385813054 3.5672416872922747e+18 1
1725385813154 1.2177576516491516e+28 2
1725385813214 7.077568487065658e+41 3
1725385813279 2.5564171006649244e+51 4
1725385813354 2.351897717956414e+63 5
1725385813425 1.7468550875092317e+72 6
1725385813498 1.0136099070655969e+85 7
1725385813573 2.4856268801416744e+94 8
1725385813642 8.362807417540484e+102 9
1725385813713 2.0844216564286626e+117 10
1725385813771 8.924760970299445e+127 11
1725385813845 6.395259494220931e+140 12
1725385813917 4.5319927480987875e+154 13
1725385813985 2.4125025703697843e+163 14
1725385814071 4.182903417639682e+175 15
1725385814141 7.767210408199458e+184 16
1725385814210 3.037429033906313e+197 17
1725385814283 2.2387713551158587e+207 18
1725385814370 7.868952460678365e+214 19
1725385814444 8.263228975514861e+232 20
1725385814527 1.7120196944047466e+243 21
1725385814595 1.7028620193404713e+254 22
1725385814666 4.5550403143090844e+266 23
1725385814733 2.470595179790818e+277 24
1725385814805 2.350867100009018e+288 25
1725385814874 1.138258368484757e+301 26
1725385814940 inf 27
1725385815009 inf 28
