1725341750693 169.65649379340326 0
1725341750708 381.71267023028435 1
1725341750735 191550.0725306835 2
1725341750753 284549999.0137903 3
1725341750774 449858917996.6631 4
1725341750791 716397559365627.5 5
1725341750811 1.14222129813407e+18 6
1725341750827 1.8215451224780054e+21 7
1725341750843 2.905004704278574e+24 8
1725341750858 4.632942744366927e+27 9
1725341750872 7.388692902449638e+30 10
1725341750886 1.178361131575453e+34 11
1725341750899 1.8792701760366225e+37 12
1725341750913 2.99709174921627e+40 13
1725341750927 4.779812441090749e+43 14
1725341750940 7.62292545256612e+46 15
1725341750954 1.2157170009229343e+50 16
1725341750967 1.938845966085832e+53 17
1725341750984 3.0921042293235973e+56 18
1725341751001 4.931339947704193e+59 19
1725341751022 7.864584074885605e+62 20
1725341751042 1.254257125383137e+66 21
1725341751060 2.000310406240103e+69 22
1725341751077 3.1901287545726553e+72 23
1725341751095 5.0876711129451626e+75 24
1725341751108 8.113903652444935e+78 25
1725341751122 1.2940190318837012e+82 26
1725341751135 2.063723364983079e+85 27
1725341751149 3.291260810111372e+88 28
1725341751162 5.248958219874509e+91 29
1725341751175 8.37112704934977e+94 30
1725341751188 1.3350414528167192e+98 31
1725341751201 2.1291466133911033e+101 32
1725341751216 3.3955989094947765e+104 33
1725341751230 5.415358379570737e+107 34
1725341751250 8.636504828996536e+110 35
1725341751267 1.377364348455045e+114 36
1725341751283 2.1966438807809147e+117 37
1725341751300 3.5032446893115893e+120 38
1725341751317 5.587033683778866e+123 39
1725341751332 8.910295498032671e+126 40
1725341751347 1.4210289458745965e+130 41
1725341751362 2.2662809167881446e+133 42
1725341751378 3.61430300818892e+136 43
1725341751393 5.764151362805015e+139 44
1725341751407 9.19276575816924e+142 45
1725341751422 1.4660777791137848e+146 46
1725341751437 2.338125555414194e+149 47
1725341751452 3.728882048935706e+152 48
1725341751466 5.946883948416487e+155 49
1725341751478 9.484190765977054e+158 50
1725341751490 1.5125547306063595e+162 51
1725341751504 2.412247781104202e+165 52
1725341751517 3.8470934239247875e+168 53
1725341751529 6.135409441906864e+171 54
1725341751542 9.784854400919548e+174 55
1725341751554 1.560505073927693e+178 56
1725341751568 2.4887197969192387e+181 57
1725341751581 3.9690522838150764e+184 58
1725341751594 6.3299114874879155e+187 59
1725341751606 1.0095049541881568e+191 60
1725341751619 1.6099755178960295e+194 61
1725341751633 2.567616094870073e+197 62
1725341751646 4.094877429721001e+200 63
1725341751659 6.530579551179748e+203 64
1725341751672 1.0415078352465537e+207 65
1725341751687 1.6610142520720215e+210 66
1725341751700 2.6490135284803332e+213 67
1725341751713 4.224691428937544e+216 68
1725341751727 6.737609105370411e+219 69
1725341751742 1.0745252575330932e+223 70
1725341751755 1.7136709937005058e+226 71
1725341751768 2.7329913876501123e+229 72
1725341751782 4.3586207343339397e+232 73
1725341751796 6.951201819227241e+235 74
1725341751814 1.1085893835865444e+239 75
1725341751828 1.7679970361404684e+242 76
1725341751842 2.8196314758929997e+245 77
1725341751859 4.496795807532663e+248 78
1725341751887 7.17156575514505e+251 79
1725341751947 1.1437333955483402e+255 80
1725341751963 1.8240452988304316e+258 81
1725341751979 2.9090181900216465e+261 82
1725341751999 4.6393512459931225e+264 83
1725341752016 7.398915571420935e+267 84
1725341752031 1.1799915274855695e+271 85
1725341752046 1.8818703788376035e+274 86
1725341752061 3.0012386023591034e+277 87
1725341752078 4.786425914123884e+280 88
1725341752095 7.633472731354485e+283 89
1725341752107 1.2173990987385554e+287 90
1725341752120 1.9415286040413445e+290 91
1725341752133 3.0963825455568357e+293 92
1725341752146 4.938163078551785e+296 93
1725341752159 7.875465718977255e+299 94
1725341752172 1.255992548325768e+303 95
1725341752185 inf 96
1725341752198 inf 97
1725341752213 inf 98
