1725386362387 175.33278972401033 0
1725386362482 175.29692212518535 1
1725386362509 175.278993403903 2
1725386362549 175.26106561443393 3
1725386362575 175.2431396766837 4
1725386362601 175.22521559040888 5
1725386362625 175.20729335541424 6
1725386362646 175.18937297150455 7
1725386362669 175.1714544384846 8
1725386362697 175.15353775615924 9
1725386362723 175.13562292433335 10
1725386362750 175.11770994281173 11
1725386362774 175.09979881139932 12
1725386362805 175.08188952990102 13
1725386362833 175.06398209812176 14
1725386362854 175.04607651586653 15
1725386362879 175.02817278294026 16
1725386362904 175.01027089914797 17
1725386362928 174.99237086429466 18
1725386362954 174.9744726781854 19
1725386362981 174.95657634062525 20
1725386363009 174.93868185141932 21
1725386363033 174.92078921037262 22
1725386363060 174.90289841729037 23
1725386363086 174.8850094719777 24
1725386363114 174.86712237423973 25
1725386363137 174.84923712388175 26
1725386363164 174.83135372070888 27
1725386363187 174.8134721645264 28
1725386363212 174.79559245513954 29
1725386363238 174.7777145923536 30
1725386363269 174.75983857597387 31
1725386363293 174.74196440580562 32
1725386363316 174.7240920816543 33
1725386363340 174.70622160332516 34
1725386363367 174.68835297062364 35
1725386363394 174.6704861833552 36
1725386363417 174.65262124132514 37
1725386363443 174.63475814433897 38
1725386363468 174.6168968922022 39
1725386363493 174.59903748472024 40
1725386363517 174.5811799216987 41
1725386363572 174.563324202943 42
1725386363597 174.54547032825877 43
1725386363622 174.52761829745157 44
1725386363649 174.50976811032695 45
1725386363672 174.49191976669061 46
1725386363699 174.47407326634817 47
1725386363721 174.4562286091052 48
1725386363744 174.43838579476753 49
1725386363768 174.42054482314074 50
1725386363790 174.40270569403063 51
1725386363813 174.38486840724292 52
1725386363836 174.36703296258332 53
1725386363859 174.3491993598577 54
1725386363883 174.33136759887182 55
1725386363904 174.3135376794316 56
1725386363931 174.29570960134276 57
1725386363956 174.27788336441128 58
1725386363977 174.26005896844305 59
1725386364003 174.24223641324383 60
1725386364026 174.22441569861977 61
1725386364052 174.20659682437673 62
1725386364072 174.1887797903207 63
1725386364094 174.17096459625765 64
1725386364120 174.15315124199367 65
1725386364145 174.13533972733472 66
1725386364165 174.11753005208695 67
1725386364190 174.09972221605642 68
1725386364210 174.0819162190492 69
1725386364233 174.06411206087145 70
1725386364259 174.04630974132928 71
1725386364286 174.02850926022893 72
1725386364335 174.0107106173766 73
1725386364347 173.99291381257842 74
1725386364359 173.97511884564065 75
1725386364370 173.95732571636958 76
1725386364391 173.93953442457146 77
1725386364412 173.92174497005266 78
1725386364436 173.90395735261941 79
1725386364456 173.88617157207807 80
1725386364472 173.86838762823507 81
1725386364489 173.85060552089666 82
1725386364508 173.8328252498694 83
1725386364523 173.8150468149596 84
1725386364539 173.79727021597378 85
1725386364557 173.77949545271835 86
1725386364573 173.76172252499984 87
1725386364587 173.74395143262475 88
1725386364601 173.72618217539963 89
1725386364614 173.70841475313102 90
1725386364629 173.69064916562547 91
1725386364645 173.67288541268962 92
1725386364660 173.65512349413 93
1725386364686 173.63736340975342 94
1725386364729 173.61960515936636 95
1725386364774 173.60184874277562 96
1725386364802 173.58409415978784 97
1725386364829 173.5663414102097 98
1725386364854 173.54859049384808 99
1725386364878 173.53084141050968 100
1725386364903 173.51309416000123 101
1725386364925 173.4953487421296 102
1725386364950 173.47760515670163 103
1725386364978 173.4598634035241 104
1725386365002 173.44212348240396 105
1725386365023 173.4243853931481 106
1725386365048 173.40664913556336 107
1725386365069 173.3889147094567 108
1725386365089 173.37118211463513 109
1725386365106 173.3534513509056 110
1725386365135 173.33572241807508 111
1725386365159 173.31799531595064 112
1725386365180 173.30027004433927 113
1725386365201 173.28254660304808 114
1725386365224 173.26482499188407 115
1725386365244 173.24710521065444 116
1725386365263 173.2293872591663 117
1725386365295 173.21167113722672 118
1725386365308 173.19395684464297 119
1725386365319 173.17624438122215 120
1725386365330 173.15853374677155 121
1725386365341 173.14082494109832 122
1725386365352 173.12311796400977 123
1725386365362 173.10541281531317 124
1725386365375 173.0877094948158 125
1725386365401 173.07000800232498 126
1725386365423 173.05230833764801 127
1725386365447 173.03461050059232 128
1725386365470 173.01691449096526 129
1725386365489 172.9992203085742 130
1725386365512 172.98152795322656 131
1725386365539 172.96383742472986 132
1725386365568 172.94614872289148 133
1725386365613 172.9284618475189 134
1725386365639 172.9107767984197 135
1725386365655 172.89309357540137 136
1725386365671 172.87541217827146 137
1725386365687 172.8577326068375 138
1725386365703 172.84005486090712 139
1725386365717 172.82237894028793 140
1725386365730 172.80470484478752 141
1725386365749 172.78703257421364 142
1725386365791 172.76936212837387 143
1725386365825 172.75169350707597 144
1725386365847 172.73402671012758 145
1725386365874 172.71636173733648 146
1725386365901 172.69869858851047 147
1725386365938 172.68103726345728 148
1725386365971 172.66337776198472 149
1725386366000 172.6457200839006 150
1725386366019 172.62806422901278 151
1725386366036 172.6104101971291 152
1725386366058 172.5927579880575 153
1725386366073 172.57510760160588 154
1725386366086 172.5574590375821 155
1725386366097 172.53981229579412 156
1725386366110 172.52216737604994 157
1725386366124 172.5045242781576 158
1725386366141 172.486883001925 159
1725386366168 172.46924354716026 160
1725386366196 172.45160591367141 161
1725386366214 172.4339701012665 162
1725386366230 172.41633610975364 163
1725386366249 172.39870393894094 164
1725386366272 172.38107358863658 165
1725386366315 172.36344505864867 166
1725386366352 172.3458183487854 167
1725386366375 172.32819345885497 168
1725386366394 172.3105703886656 169
1725386366428 172.29294913802556 170
1725386366447 172.2753297067431 171
1725386366469 172.25771209462647 172
1725386366511 172.24009630148402 173
1725386366568 172.22248232712406 174
1725386366595 172.2048701713549 175
1725386366623 172.187259833985 176
1725386366641 172.16965131482266 177
1725386366655 172.1520446136763 178
1725386366673 172.13443973035444 179
1725386366691 172.11683666466544 180
1725386366707 172.09923541641783 181
1725386366726 172.08163598542004 182
1725386366742 172.06403837148062 183
1725386366759 172.04644257440813 184
1725386366783 172.02884859401107 185
1725386366849 172.0112564300981 186
1725386366877 171.99366608247777 187
1725386366892 171.97607755095868 188
1725386366906 171.9584908353495 189
1725386366928 171.9409059354589 190
1725386366950 171.92332285109552 191
1725386366966 171.90574158206815 192
1725386366978 171.88816212818543 193
1725386366990 171.87058448925615 194
1725386367011 171.85300866508908 195
1725386367023 171.83543465549295 196
1725386367037 171.81786246027661 197
1725386367050 171.8002920792489 198
1725386367064 171.78272351221864 199
1725386367077 171.7651567589948 200
1725386367089 171.74759181938612 201
1725386367103 171.7300286932016 202
1725386367118 171.7124673802502 203
1725386367159 171.6949078803408 204
1725386367181 171.67735019328245 205
1725386367205 171.6597943188841 206
1725386367232 171.64224025695475 207
1725386367262 171.62468800730352 208
1725386367288 171.6071375697394 209
1725386367349 171.58958894407152 210
1725386367382 171.5720421301089 211
1725386367398 171.55449712766074 212
1725386367413 171.53695393653618 213
1725386367431 171.51941255654432 214
1725386367448 171.50187298749444 215
1725386367468 171.48433522919566 216
1725386367488 171.46679928145724 217
1725386367516 171.44926514408849 218
1725386367549 171.43173281689857 219
1725386367581 171.41420229969685 220
1725386367612 171.39667359229256 221
1725386367632 171.37914669449512 222
1725386367647 171.36162160611386 223
1725386367664 171.34409832695812 224
1725386367678 171.3265768568373 225
1725386367696 171.30905719556088 226
1725386367711 171.29153934293817 227
1725386367727 171.2740232987788 228
1725386367745 171.2565090628921 229
1725386367762 171.2389966350876 230
1725386367781 171.22148601517486 231
1725386367794 171.20397720296336 232
1725386367810 171.18647019826275 233
1725386367823 171.16896500088257 234
1725386367839 171.1514616106324 235
1725386367851 171.13396002732188 236
1725386367864 171.1164602507606 237
1725386367877 171.09896228075837 238
1725386367901 171.08146611712473 239
1725386367922 171.06397175966947 240
1725386367941 171.0464792082023 241
1725386367961 171.02898846253294 242
1725386367980 171.01149952247115 243
1725386367997 170.9940123878268 244
1725386368021 170.97652705840966 245
1725386368040 170.95904353402955 246
1725386368071 170.9415618144963 247
1725386368094 170.92408189961984 248
1725386368114 170.90660378921004 249
1725386368149 170.88912748307678 250
1725386368177 170.87165298103005 251
1725386368219 170.85418028287978 252
1725386368240 170.83670938843596 253
1725386368259 170.81924029750857 254
1725386368274 170.80177300990766 255
1725386368288 170.78430752544324 256
1725386368302 170.7668438439254 257
1725386368314 170.74938196516416 258
1725386368342 170.73192188896974 259
1725386368355 170.71446361515214 260
1725386368371 170.69700714352155 261
1725386368394 170.67955247388818 262
1725386368419 170.66209960606216 263
1725386368442 170.6446485398537 264
1725386368469 170.6271992750731 265
1725386368494 170.6097518115305 266
1725386368514 170.5923061490362 267
1725386368529 170.57486228740058 268
1725386368544 170.5574202264338 269
1725386368560 170.53997996594634 270
1725386368573 170.5225415057484 271
1725386368586 170.50510484565052 272
1725386368598 170.48818956565017 273
1725386368611 170.47101620400093 274
1725386368623 170.45384461581185 275
1725386368640 170.4366747878565 276
1725386368657 170.41950671995073 277
1725386368680 170.40234041190953 278
1725386368696 170.3851758635481 279
1725386368714 170.36801307468153 280
1725386368731 170.350852045125 281
1725386368747 170.33369277469365 282
1725386368769 170.31653526320272 283
1725386368797 170.2993795104674 284
1725386368815 170.28222551630293 285
1725386368836 170.26507328052458 286
1725386368866 170.24792280294758 287
1725386368894 170.2307740833873 288
1725386368909 170.21362712165896 289
1725386368927 170.196481917578 290
1725386368943 170.17933847095975 291
1725386368958 170.16219678161957 292
1725386368975 170.14505684937285 293
1725386368989 170.12791867403504 294
1725386369006 170.11078225542153 295
1725386369019 170.0936475933478 296
1725386369038 170.0765146876294 297
1725386369053 170.05938353808173 298
1725386369069 170.0422541445203 299
1725386369085 170.02512650676076 300
1725386369102 170.0080006246186 301
1725386369118 169.99087649790937 302
1725386369132 169.97375412644877 303
1725386369152 169.95663351005228 304
1725386369168 169.93951464853566 305
1725386369185 169.92239754171453 306
1725386369202 169.90528218940457 307
1725386369218 169.88816859142148 308
1725386369230 169.87105674758098 309
1725386369243 169.85394665769883 310
1725386369254 169.83683832159076 311
1725386369267 169.81973173907258 312
1725386369280 169.80262690996005 313
1725386369292 169.78552383406904 314
1725386369305 169.76842251121542 315
1725386369316 169.75132294121494 316
1725386369329 169.7342251238836 317
1725386369353 169.7171290590372 318
1725386369365 169.70003474649178 319
1725386369379 169.68294218606317 320
1725386369397 169.66585137756738 321
1725386369414 169.64876232082045 322
1725386369432 169.63167501563828 323
1725386369449 169.61458946183697 324
1725386369465 169.59750565923252 325
1725386369478 169.58042360764108 326
1725386369503 169.5633433068786 327
1725386369540 169.54626475676125 328
1725386369564 169.52918795710514 329
1725386369586 169.51211290772648 330
1725386369606 169.49503960844137 331
1725386369622 169.47796805906603 332
1725386369649 169.46089825941658 333
1725386369680 169.44383020930937 334
1725386369707 169.42676390856053 335
1725386369735 169.40969935698644 336
1725386369765 169.39263655440328 337
1725386369806 169.37557550062743 338
1725386369840 169.35851619547518 339
1725386369871 169.34145863876284 340
1725386369895 169.32440283030687 341
1725386369913 169.30734876992358 342
1725386369929 169.29029645742943 343
1725386369947 169.2732458926408 344
1725386369962 169.25619707537413 345
1725386369980 169.23915000544594 346
1725386370003 169.22210468267266 347
1725386370029 169.20506110687086 348
1725386370056 169.18801927785697 349
1725386370087 169.17097919544761 350
1725386370119 169.15394085945937 351
1725386370143 169.13690426970877 352
1725386370164 169.11986942601243 353
1725386370187 169.102836328187 354
1725386370208 169.08580497604913 355
1725386370222 169.06877536941548 356
1725386370241 169.0517475081027 357
1725386370262 169.03472139192758 358
1725386370278 169.01769702070678 359
1725386370290 169.00067439425703 360
1725386370302 168.98365351239516 361
1725386370315 168.9666343749379 362
1725386370328 168.94961698170212 363
1725386370340 168.93260133250465 364
1725386370365 168.91558742716222 365
1725386370378 168.89857526549181 366
1725386370407 168.8815648473103 367
1725386370445 168.86455617243453 368
1725386370462 168.84754924068153 369
1725386370490 168.83054405186815 370
1725386370507 168.8135406058114 371
1725386370525 168.79653890232825 372
1725386370546 168.77953894123573 373
1725386370590 168.76254072235088 374
1725386370610 168.74554424549072 375
1725386370626 168.72854951047233 376
1725386370651 168.71155651711277 377
1725386370668 168.69456526522922 378
1725386370684 168.6775757546387 379
1725386370701 168.66058798515846 380
1725386370722 168.64360195660558 381
1725386370737 168.6266176687973 382
1725386370758 168.60963512155087 383
1725386370784 168.59265431468344 384
1725386370811 168.5756752480123 385
1725386370834 168.5586979213547 386
1725386370860 168.54172233452792 387
1725386370880 168.52474848734926 388
1725386370901 168.5077763796361 389
1725386370924 168.49080601120573 390
1725386370948 168.4738373818756 391
1725386370970 168.45687049146298 392
1725386370993 168.43990533978535 393
1725386371019 168.42294192666014 394
1725386371043 168.40598025190482 395
1725386371067 168.38902031533678 396
1725386371086 168.37206211677355 397
1725386371112 168.35510565603263 398
1725386371134 168.33815093293157 399
1725386371162 168.32119794728789 400
1725386371184 168.30424669891917 401
1725386371206 168.28729718764305 402
1725386371253 168.27034941327702 403
1725386371272 168.25340337563878 404
1725386371289 168.236459074546 405
1725386371304 168.21951650981632 406
1725386371319 168.20257568126735 407
1725386371333 168.18563658871696 408
1725386371348 168.16869923198274 409
1725386371365 168.15176361088245 410
1725386371388 168.13482972523394 411
1725386371405 168.117897574855 412
1725386371421 168.10096715956334 413
1725386371443 168.08403847917677 414
1725386371468 168.0671115335133 415
1725386371486 168.0501863223906 416
1725386371512 168.03326284562672 417
1725386371531 168.01634110303948 418
1725386371548 167.99942109444686 419
1725386371563 167.9825028196667 420
1725386371579 167.9655862785171 421
1725386371593 167.94867147081592 422
1725386371609 167.93175839638127 423
1725386371625 167.91484705503115 424
1725386371645 167.89793744658357 425
1725386371668 167.8810295708566 426
1725386371686 167.8641234276684 427
1725386371702 167.84721901683696 428
1725386371718 167.83031633818052 429
1725386371733 167.8134153915171 430
1725386371747 167.79651617666497 431
1725386371766 167.77961869344227 432
1725386371782 167.76272294166722 433
1725386371799 167.74582892115805 434
1725386371816 167.72893663173298 435
1725386371827 167.7120460732103 436
1725386371838 167.69515724540824 437
1725386371849 167.67827014814517 438
1725386371860 167.66138478123943 439
1725386371871 167.64450114450926 440
1725386371888 167.6276192377731 441
1725386371905 167.6107390608494 442
1725386371920 167.59386061355642 443
1725386371938 167.57698389571266 444
1725386371955 167.56010890713654 445
1725386371970 167.54323564764658 446
1725386371983 167.52636411706118 447
1725386371994 167.50949431519888 448
1725386372008 167.49262624187818 449
1725386372025 167.4757598969177 450
1725386372050 167.45889528013595 451
1725386372072 167.4420323913515 452
1725386372090 167.42517123038294 453
1725386372109 167.40831179704898 454
1725386372124 167.39145409116813 455
1725386372145 167.37459811255914 456
1725386372156 167.35774386104066 457
1725386372168 167.34089133643144 458
1725386372178 167.32404053855015 459
1725386372190 167.30719146721555 460
1725386372201 167.29034412224635 461
1725386372211 167.2734985034614 462
1725386372222 167.2566546106795 463
1725386372233 167.23981244371944 464
1725386372244 167.22297200240004 465
1725386372257 167.20613328654022 466
1725386372272 167.18929629595883 467
1725386372282 167.17246103047472 468
1725386372293 167.1556274899069 469
1725386372304 167.13879567407423 470
1725386372315 167.12196558279572 471
1725386372326 167.10513721589032 472
1725386372337 167.08831057317704 473
1725386372347 167.07148565447494 474
1725386372360 167.05466245960298 475
1725386372371 167.03784098838025 476
1725386372401 167.02102124062586 477
1725386372422 167.00420321615886 478
1725386372437 166.98738691479835 479
1725386372459 166.97057233636352 480
1725386372482 166.95375948067354 481
1725386372502 166.93694834754754 482
1725386372516 166.92013893680473 483
1725386372527 166.90333124826432 484
1725386372538 166.88652528174558 485
1725386372552 166.8697210370677 486
1725386372563 166.85291851405 487
1725386372577 166.83611771251176 488
1725386372587 166.81931863227234 489
1725386372598 166.80252127315106 490
1725386372610 166.78572563496718 491
1725386372621 166.76893171754017 492
1725386372636 166.75213952068944 493
1725386372652 166.7353490442343 494
1725386372668 166.71856028799428 495
1725386372680 166.7017732517888 496
1725386372692 166.68498793543733 497
1725386372706 166.6682043387594 498
1725386372718 166.65142246157444 499
