1725422705120 74.56929744201072 0
1725422705230 28.456346602075396 1
1725422705296 12.360514793878176 2
1725422705403 5.972414556352833 3
1725422705526 2.3585250226506824 4
1725422705642 0.3006867426432844 5
1725422705718 0.36993499639700184 6
1725422705801 0.11867586254503554 7
1725422705874 0.08358963539364242 8
1725422705943 0.004407585136888843 9
1725422706025 0.039562010045180736 10
1725422706102 0.009520244032247657 11
1725422706191 0.15014036383803409 12
1725422706265 0.2502858179300139 13
1725422706362 0.06473788940363331 14
1725422706448 0.07198794080379599 15
1725422706534 0.000584693319995159 16
1725422706629 0.02273611766805637 17
1725422706715 0.018176196547315678 18
1725422706813 0.4917360108516724 19
1725422706900 0.008583249803565843 20
1725422707058 0.1295526522674263 21
1725422707156 0.1568677105070725 22
1725422707240 0.07745007491847647 23
1725422707337 0.029846820496681338 24
1725422707417 0.09683887855042617 25
1725422707504 0.1702562717224877 26
1725422707580 0.04556455557995968 27
1725422707663 0.007435337058699251 28
1725422707750 0.04277517088282362 29
1725422707857 0.09961413691196096 30
1725422707955 0.01719254558523768 31
1725422708024 0.0008154017116454626 32
1725422708101 0.07855172668615698 33
1725422708199 0.855013080828957 34
1725422708269 0.06684429171076943 35
1725422708355 0.016303469164212665 36
1725422708441 0.9176241909857981 37
1725422708542 0.018040311363782476 38
1725422708638 0.028607726853854334 39
1725422708718 0.002351327853985451 40
1725422708793 0.5424671945187612 41
1725422708894 0.1829832560599697 42
1725422708982 3.8419593287910546e-05 43
1725422709066 1.1251484159232632 44
1725422709145 0.0005502767984322162 45
1725422709229 0.2823029272353925 46
1725422709300 0.1031479706177408 47
1725422709395 0.2304420245771509 48
1725422709481 0.0403900345606817 49
1725422709572 0.1797864941826782 50
1725422709645 0.023492181280222898 51
1725422709742 0.15694165642487465 52
1725422709831 0.18911652296586892 53
1725422709912 0.09506773494025202 54
1725422710000 0.015192063367780055 55
1725422710081 0.027331349925336004 56
1725422710171 0.09145615922154986 57
1725422710263 0.023126604870283618 58
1725422710343 0.33832394468221466 59
1725422710414 0.01237078467346307 60
1725422710496 0.07060788191299656 61
1725422710575 0.006346039317325168 62
1725422710659 0.08466123950475692 63
1725422710735 0.3908623314078884 64
1725422710805 0.23542728433565194 65
1725422710890 0.10639928051262036 66
1725422710981 0.009767445207478192 67
1725422711051 0.0003844101070897583 68
1725422711136 0.3464042859543058 69
1725422711237 0.049849532721984155 70
1725422711324 0.01144415269659844 71
1725422711408 0.010406530174939694 72
1725422711482 0.09365798793882925 73
1725422711548 0.39439832401623337 74
1725422711628 0.16480346776366692 75
1725422711730 0.06593715727971916 76
1725422711805 0.002586683045539118 77
1725422711876 0.024586534680376963 78
1725422711971 0.023380990808591105 79
1725422712070 0.0725615682078456 80
1725422712165 0.2867350542408133 81
1725422712256 0.030041406050252514 82
1725422712322 0.004541804252628114 83
1725422712411 0.014362858134790237 84
1725422712486 0.27890922317570704 85
1725422712558 0.03138783497351657 86
1725422712638 0.002644585755105824 87
1725422712716 0.019339244744908977 88
1725422712797 0.03649669501443265 89
1725422712871 0.2334001856595077 90
1725422712938 0.0200057338803584 91
1725422713029 0.2596055782997342 92
1725422713124 0.006711333449283382 93
1725422713204 0.00805979306133506 94
1725422713299 0.00790331097569593 95
1725422713377 0.04382023399923994 96
1725422713451 0.0015387027707089694 97
1725422713541 0.2509388194635061 98
1725422713658 0.0025251355122342467 99
1725422713762 0.18044990189574855 100
1725422713833 0.012963048608096852 101
1725422713934 0.2158351393307112 102
1725422714019 0.04196319413609772 103
1725422714094 0.012216903933444727 104
1725422714181 0.017839980357967772 105
1725422714270 0.22540216369477184 106
1725422714349 0.23953477484581975 107
1725422714424 0.04057752559575859 108
1725422714511 0.35694487647203377 109
1725422714598 0.19967530322543767 110
1725422714688 0.08258914075190167 111
1725422714781 0.12893237849368658 112
1725422714858 0.22120267202084937 113
1725422714944 9.018716736215019e-05 114
1725422715022 0.044863253478584324 115
1725422715111 0.01989199267743728 116
1725422715179 0.1819585563020918 117
1725422715256 0.3391366795674329 118
1725422715340 0.004595754844982534 119
1725422715428 0.019917658698217853 120
1725422715505 0.2616519482232063 121
1725422715587 0.5558992000107762 122
1725422715661 0.1283956892423068 123
1725422715750 0.8401206871510764 124
1725422715817 0.08803914290618656 125
1725422715889 0.012595708146600394 126
1725422715969 0.041234613694916884 127
1725422716057 0.04222950907627205 128
1725422716137 0.956148001742583 129
1725422716238 0.01073039076745845 130
1725422716344 0.013509398007850483 131
1725422716421 0.10151628000494657 132
1725422716495 0.029145113974727348 133
1725422716565 0.007207192197595888 134
1725422716649 0.26937792268421845 135
1725422716738 0.05559505593398608 136
1725422716837 0.10148541854040381 137
1725422716904 0.12671063765531396 138
1725422716989 0.2661610317552217 139
1725422717083 0.10881171659066324 140
1725422717182 0.04165751855595236 141
1725422717251 0.21861946607328964 142
1725422717311 0.012322115162338491 143
1725422717386 0.05654403851971975 144
1725422717462 0.014504362306506886 145
1725422717540 0.0031355929608491637 146
1725422717625 0.00564198199448726 147
1725422717708 0.3332129229397199 148
1725422717789 0.0006959127549645784 149
1725422717862 0.011747657865112596 150
1725422717952 0.6278875795477559 151
1725422718022 0.05291343776303014 152
1725422718098 0.22580980954834667 153
1725422718178 0.059796080887668496 154
1725422718253 0.0016476933970969918 155
1725422718324 0.029668552875708975 156
1725422718394 0.04120897497751435 157
1725422718459 0.0014421608584970363 158
1725422718543 0.007888723864675266 159
1725422718643 0.21697092538638452 160
1725422718737 0.5599951463669872 161
1725422718835 0.052078874990115695 162
1725422718918 0.013402609444697499 163
1725422719015 0.0035808151327815867 164
1725422719094 0.0478128871167834 165
1725422719189 0.002195497839882878 166
1725422719278 0.22203155290925505 167
1725422719356 0.00011574834404631453 168
1725422719448 0.003281530709424406 169
1725422719531 0.0593891674818441 170
1725422719611 0.023068211061463898 171
1725422719678 0.04882554108258677 172
1725422719769 0.08912448935848163 173
1725422719859 0.0023718237144907013 174
1725422719952 0.017341924082316915 175
1725422720028 0.043500894227807306 176
1725422720106 0.019607733531487974 177
1725422720180 0.07287339922850573 178
1725422720255 0.09181951643999879 179
1725422720342 0.004014204027359397 180
1725422720423 0.007355823899149462 181
1725422720517 0.0002625758166865044 182
1725422720623 0.01641485524306534 183
1725422720696 0.2429179242940816 184
1725422720787 0.01355675623097466 185
1725422720871 0.0011411252503434957 186
1725422720966 0.0175791498180859 187
1725422721059 0.5918354226697635 188
1725422721136 0.19810083242377813 189
1725422721198 0.12737542298429713 190
1725422721279 0.002663513694760465 191
1725422721367 0.01511435059353207 192
1725422721446 0.0710182517767408 193
1725422721524 0.3403224300045734 194
1725422721615 0.031077484865158798 195
1725422721681 0.04498238589008986 196
1725422721768 0.3631470615394515 197
1725422721862 0.021405111283876805 198
1725422721950 0.33914576469349406 199
1725422722037 0.01733984149562954 200
1725422722128 0.042307717703718134 201
1725422722197 0.04456887783800554 202
1725422722287 0.3394825942968005 203
1725422722370 0.07280357585390274 204
1725422722468 0.028496475464012364 205
1725422722551 0.0970225082949905 206
1725422722649 0.0037454549006199728 207
1725422722733 0.6884006926233213 208
1725422722825 0.005077977422407462 209
1725422722891 0.03352668367789228 210
1725422722949 0.0006493971141667234 211
1725422723060 0.022893667229626637 212
1725422723135 0.02303291451078612 213
1725422723229 0.2051451376109737 214
1725422723325 0.06462346805438206 215
1725422723405 0.9266025981343681 216
1725422723499 0.02328307447737526 217
1725422723597 0.04838203735744131 218
1725422723665 0.030647085732133626 219
1725422723749 0.04689392982463559 220
1725422723829 0.3944892700238436 221
1725422723916 0.06288260309634726 222
1725422724032 0.013211619161008195 223
1725422724112 0.39375945585421473 224
1725422724196 0.04015331117413947 225
1725422724290 0.017877539191179608 226
1725422724381 0.013154870865818388 227
1725422724465 0.14834691490011492 228
1725422724548 0.10925568189779968 229
1725422724629 0.21601232314189273 230
1725422724711 0.0015927407596395722 231
1725422724793 0.0915462400934358 232
1725422724900 0.02225074047865285 233
1725422724995 0.09134858906368949 234
1725422725091 0.006393277392259341 235
1725422725180 1.3267771767199925 236
1725422725256 0.1067330355278856 237
1725422725329 0.1718856257892238 238
1725422725425 0.13481579188607837 239
1725422725519 0.43719656446170907 240
1725422725595 0.00020450997099826456 241
1725422725682 0.09000258004686632 242
1725422725762 0.3828458527389198 243
1725422725838 0.37383494475791795 244
1725422725925 0.029293894542438075 245
1725422726017 0.3305657569007835 246
1725422726093 0.009735358508944544 247
1725422726167 0.017278287797074545 248
1725422726246 0.005010435267437967 249
1725422726316 0.005407317727784115 250
1725422726403 0.00043693601449946523 251
1725422726496 0.09750964263891787 252
1725422726571 0.26460198369716115 253
1725422726637 0.15565640540165923 254
1725422726729 0.02305214727388303 255
1725422726814 0.11017605051559504 256
1725422726875 0.05244736038690672 257
1725422726935 0.0003655395644780629 258
1725422727004 0.2430469300040317 259
1725422727096 0.02623572238989407 260
1725422727175 0.08962886516902785 261
1725422727256 0.2075027394661713 262
1725422727336 0.9460140718567612 263
1725422727418 0.06519817671099915 264
1725422727496 0.40171935156948474 265
1725422727568 0.06835566041732025 266
1725422727637 0.008391631457529625 267
1725422727722 0.21183857584032004 268
1725422727813 0.4184547302441218 269
1725422727899 0.21743537999060045 270
1725422728006 0.006037572272070948 271
1725422728071 0.09594020851548027 272
1725422728152 0.15883060356111567 273
1725422728245 0.20570402411017388 274
1725422728330 0.008725282253854345 275
1725422728404 0.35646324000988056 276
1725422728493 0.00841366664420297 277
1725422728595 0.09625210561168461 278
1725422728691 0.12169704753740179 279
1725422728770 1.7348720432433515 280
1725422728846 0.07285800364257292 281
1725422728925 0.06997661528762743 282
1725422729020 0.0017817610833913053 283
