1725391693813 154.19725344952792 0
1725391693840 139.71166524101594 1
1725391693873 129.88174330983193 2
1725391693910 121.44925924677058 3
1725391693958 106.31241692495999 4
1725391693981 102.60019915243655 5
1725391694006 88.9843661594308 6
1725391694040 82.73627712395253 7
1725391694069 79.31260507632095 8
1725391694101 69.39947735911234 9
1725391694130 62.33349464081091 10
1725391694159 59.02216880356292 11
1725391694189 54.95527314499445 12
1725391694220 49.255673686848 13
1725391694247 45.24732891882442 14
1725391694286 42.08440085804827 15
1725391694314 37.4750165029063 16
1725391694341 35.10908868002234 17
1725391694373 32.308865831087964 18
1725391694403 31.044602748126962 19
1725391694434 27.578443932030876 20
1725391694464 24.899827200186035 21
1725391694496 22.976039566596896 22
1725391694525 20.905358490385538 23
1725391694553 20.869157374473296 24
1725391694577 18.638285802914588 25
1725391694605 16.786444599425753 26
1725391694633 15.24690481695458 27
1725391694663 15.054727612891211 28
1725391694691 13.429116842916265 29
1725391694718 12.394847552156218 30
1725391694748 11.585436192874303 31
1725391694772 10.977478211708915 32
1725391694804 9.868960696535641 33
1725391694832 9.503250936728431 34
1725391694857 8.83192613224323 35
1725391694888 8.284901449080017 36
1725391694923 7.576794539379577 37
1725391694954 7.15504589575039 38
1725391694984 6.663490599062757 39
1725391695014 6.510791766906468 40
1725391695045 5.773117814035087 41
1725391695076 5.242987981307145 42
1725391695108 5.0305676169940545 43
1725391695137 4.308219074042961 44
1725391695168 4.402761326251946 45
1725391695209 4.093327632504088 46
1725391695239 3.4802319302301705 47
1725391695269 3.6614907225726983 48
1725391695305 3.56614531465679 49
1725391695330 3.2283147017440785 50
1725391695358 3.0062899246776933 51
1725391695386 2.9624523779623693 52
1725391695414 2.805316964361472 53
1725391695442 2.3170845603589076 54
1725391695470 2.392903405045957 55
1725391695500 2.4961533039840287 56
1725391695522 2.2522303392696403 57
1725391695553 2.0181301659204993 58
1725391695582 2.0399624595379735 59
1725391695610 1.9145973731881207 60
1725391695638 1.9202499102377126 61
1725391695666 1.8138682964088726 62
1725391695694 1.8554947539020497 63
1725391695724 1.8167690444332367 64
1725391695757 1.6942473649624736 65
1725391695784 1.6907692754114214 66
1725391695813 1.479633232759197 67
1725391695842 1.4776522258233207 68
1725391695886 1.3440756547096508 69
1725391695957 1.2957537367059335 70
1725391695984 1.1494781775212637 71
1725391696012 1.3055139664551845 72
1725391696042 1.0116664656733154 73
1725391696070 1.1523066715919632 74
1725391696097 0.9718155393661955 75
1725391696128 0.9903511367422894 76
1725391696154 1.1056861941098826 77
1725391696181 1.1191692335399999 78
1725391696206 0.9830091149299174 79
1725391696234 0.9796696580448271 80
1725391696265 0.9702791905443005 81
1725391696297 0.8385452410110306 82
1725391696331 0.7453777831021291 83
1725391696363 0.9565307388544336 84
1725391696394 0.8676376902715063 85
1725391696422 0.9378190128458769 86
1725391696454 0.84069036857175 87
1725391696486 0.9507817052648131 88
1725391696515 0.7337752629957635 89
1725391696547 0.7618355514314975 90
1725391696574 0.7892614125622457 91
1725391696600 0.7880397665024022 92
1725391696631 0.7628048375297691 93
1725391696663 0.7389878615769641 94
1725391696693 0.8118976397657052 95
1725391696720 0.6487213341679569 96
1725391696748 0.6777063215067626 97
1725391696777 0.7012018985086765 98
1725391696804 0.7717693143317302 99
1725391696835 0.8270545619102098 100
1725391696864 0.7334162178442836 101
1725391696893 0.6690289680596517 102
1725391696925 0.6232746383808597 103
1725391696953 0.6175321985161818 104
1725391696983 0.6167389822328385 105
1725391697020 0.6367013670314097 106
1725391697050 0.7445971709617846 107
1725391697076 0.5765835429745674 108
1725391697102 0.7870543788999023 109
1725391697129 0.5882004281659524 110
1725391697157 0.5606035300443446 111
1725391697187 0.6348996215842111 112
1725391697218 0.6657827915981362 113
1725391697249 0.7188110459325475 114
1725391697274 0.5590800786327523 115
1725391697310 0.6239290370742031 116
1725391697338 0.7476204847824047 117
1725391697366 0.5881602571297219 118
1725391697397 0.4777472879644285 119
1725391697425 0.6223342667586009 120
1725391697453 0.7112570334222585 121
1725391697478 0.5244767434947736 122
1725391697503 0.5889931387784492 123
1725391697532 0.36592697237495875 124
1725391697559 0.6794477722337182 125
1725391697584 0.6952448236201468 126
1725391697613 0.5735867285584811 127
1725391697643 0.6702989873737484 128
1725391697670 0.6047742945193026 129
1725391697696 0.6195779724148801 130
1725391697744 0.4692362374854955 131
1725391697777 0.6029115015462384 132
1725391697807 0.5723901865625663 133
1725391697837 0.6916238922716851 134
1725391697866 0.5091463649553994 135
1725391697893 0.5841467101645063 136
1725391697921 0.5339557623950528 137
1725391697949 0.5696003525992689 138
1725391697978 0.43379223242416504 139
1725391698007 0.5184821411759288 140
1725391698031 0.5729797800324811 141
1725391698057 0.6139215281412477 142
1725391698087 0.517034929716407 143
1725391698115 0.6333431599984591 144
1725391698142 0.6496871861710816 145
1725391698170 0.648528439201111 146
1725391698199 0.4612739677958971 147
1725391698230 0.6008554313336758 148
1725391698259 0.5148281643094024 149
1725391698294 0.6093503406871283 150
1725391698334 0.5871411056601102 151
1725391698362 0.4827530350484135 152
1725391698389 0.5210869705150493 153
1725391698416 0.5458051343457899 154
1725391698444 0.4856134760441727 155
1725391698473 0.5292135748812521 156
1725391698507 0.5886977272315111 157
1725391698536 0.4215269901327051 158
1725391698568 0.5073642105177891 159
1725391698598 0.5404891392802005 160
1725391698632 0.4837172869923707 161
1725391698660 0.4921752057725008 162
1725391698690 0.49115108363565846 163
1725391698719 0.7181793680904769 164
1725391698753 0.5386407424390622 165
1725391698783 0.553103212239974 166
1725391698815 0.4739500229977716 167
1725391698846 0.6333126946930688 168
1725391698878 0.5854999714629784 169
1725391698909 0.5089980619879664 170
1725391698939 0.460443807147341 171
1725391698972 0.5229072132167997 172
1725391699003 0.5422325419358487 173
1725391699034 0.6191890556536308 174
1725391699065 0.5165014396410821 175
1725391699097 0.6022212963721391 176
1725391699124 0.5182789456214043 177
1725391699147 0.4446851675111115 178
1725391699177 0.563749068415264 179
1725391699210 0.3930389598248083 180
1725391699241 0.5533810703535872 181
1725391699273 0.39602082884925766 182
1725391699298 0.5543468497963627 183
1725391699330 0.7364457242895981 184
1725391699358 0.5468053147220335 185
1725391699389 0.5032214975458309 186
1725391699423 0.5112911851944446 187
1725391699451 0.5659792515565052 188
1725391699475 0.5331805580231468 189
1725391699503 0.6540205273670187 190
1725391699532 0.48513978341216046 191
1725391699563 0.43629452202737895 192
