1725354930533 174.08531053443662 0
1725354930553 169.71796784502402 1
1725354930573 170.48425092799815 2
1725354930595 168.71172664454986 3
1725354930615 161.29503650978722 4
1725354930636 169.18566281826222 5
1725354930656 161.06977218613397 6
1725354930676 165.8607705184609 7
1725354930698 156.82145934209376 8
1725354930721 156.83429010677247 9
1725354930744 161.15100423294436 10
1725354930767 152.67961437252822 11
1725354930805 149.2365413591924 12
1725354930831 160.78905443740132 13
1725354930854 159.57724943563682 14
1725354930879 159.12212957710614 15
1725354930904 148.9925086548612 16
1725354930928 158.216145060069 17
1725354930952 152.5167196290206 18
1725354930971 146.68919570128762 19
1725354930991 146.8235960367911 20
1725354931010 141.87875906069993 21
1725354931034 144.8897900202138 22
1725354931054 139.63740333932438 23
1725354931076 142.67723594120733 24
1725354931098 137.1004529606474 25
1725354931117 149.8475289363369 26
1725354931139 138.54422130136143 27
1725354931161 139.7325752273034 28
1725354931187 130.0807787245055 29
1725354931207 133.9912992280119 30
1725354931229 137.52736791511882 31
1725354931254 132.74982942372392 32
1725354931275 123.73725836135431 33
1725354931295 127.71580273924363 34
1725354931316 129.69222637414182 35
1725354931338 126.5015509451948 36
1725354931358 121.52721324441856 37
1725354931379 128.546417509038 38
1725354931400 118.82112128836904 39
1725354931419 116.50534506336406 40
1725354931440 119.50163911415363 41
1725354931462 118.0090143368668 42
1725354931482 117.44225693912979 43
1725354931502 113.0193161014998 44
1725354931523 109.16042030851364 45
1725354931543 114.08406956128138 46
1725354931566 112.99991440421155 47
1725354931588 114.45367816489865 48
1725354931605 110.37996242247183 49
1725354931627 109.17158461616417 50
1725354931650 107.91346134047663 51
1725354931671 113.99763165576047 52
1725354931691 103.89141858880573 53
1725354931715 106.02871836608082 54
1725354931767 106.55895362893868 55
1725354931802 107.11001883501486 56
1725354931824 103.36849509262505 57
1725354931847 103.49438758985352 58
1725354931868 101.07490526535207 59
1725354931893 100.49688910205415 60
1725354931914 99.10772833290186 61
1725354931937 101.10856135565211 62
1725354931957 98.61756516010041 63
1725354931981 99.10276110395348 64
1725354932011 99.7735144411509 65
1725354932038 96.14498155055482 66
1725354932061 97.03814327260145 67
1725354932079 99.47298271200792 68
1725354932104 91.84999768336853 69
1725354932122 93.91236882868438 70
1725354932138 91.28910714921881 71
1725354932159 88.31141233719458 72
1725354932179 97.66682850934643 73
1725354932199 88.26293967784311 74
1725354932220 90.0826653185223 75
1725354932243 88.31804864389825 76
1725354932263 87.68992072389653 77
1725354932284 90.57988007094272 78
1725354932304 85.38308229461603 79
1725354932325 82.14912253628758 80
1725354932345 86.62432538386624 81
1725354932365 88.73166652995728 82
1725354932386 83.93005441925517 83
1725354932408 81.86926222963258 84
1725354932428 79.60953426481876 85
1725354932452 80.27423201139449 86
1725354932472 81.13931447545802 87
1725354932496 78.84501369452065 88
1725354932516 79.73582819935845 89
1725354932537 77.19614430919732 90
1725354932557 74.4330583828748 91
1725354932577 73.21421974871612 92
1725354932597 76.23866774443172 93
1725354932617 75.92103100307449 94
1725354932638 76.68866965344488 95
1725354932658 69.40705003738276 96
1725354932679 73.13095886346608 97
1725354932701 72.1798483696456 98
1725354932722 74.26130200476905 99
1725354932744 70.4427594189316 100
1725354932767 68.10922091591789 101
1725354932790 67.07337998811339 102
1725354932825 71.00670415121084 103
1725354932843 68.98632848531476 104
1725354932867 71.55275420349355 105
1725354932889 68.75433711615571 106
1725354932908 69.4607144965935 107
1725354932931 63.72503536367719 108
1725354932953 65.49513862742758 109
1725354932977 67.14250515617799 110
1725354932997 63.477849421262235 111
1725354933021 65.09018403462954 112
1725354933043 64.18359186000062 113
1725354933064 60.893344482325574 114
1725354933085 61.11152696929601 115
1725354933106 60.77461855899806 116
1725354933127 60.386639578482004 117
1725354933147 61.3477524099296 118
1725354933168 60.8449620919166 119
1725354933189 61.506639255291205 120
1725354933211 58.58662382107547 121
1725354933229 56.4975720664968 122
1725354933254 56.779370758464886 123
1725354933281 58.455447577322026 124
1725354933304 54.765562837791734 125
1725354933325 58.56017333450333 126
1725354933345 56.863179487905 127
1725354933365 55.81233729591607 128
1725354933387 53.330049195767906 129
1725354933409 54.5966422337724 130
1725354933429 54.53125330854399 131
1725354933449 51.835041180624266 132
1725354933470 52.37612629583904 133
1725354933490 52.93892386194178 134
1725354933510 52.42613665954173 135
1725354933530 51.74024473426987 136
1725354933552 52.058617732276765 137
1725354933573 49.16329904330815 138
1725354933594 47.956367481699644 139
1725354933614 51.71346384395383 140
1725354933636 48.47351033087015 141
1725354933657 47.3789400867378 142
1725354933679 46.53165122221907 143
1725354933701 46.96884045122835 144
1725354933721 48.32324959921679 145
1725354933742 45.34405859229795 146
1725354933763 43.9460080101489 147
1725354933781 46.600004051668336 148
1725354933801 45.876509754295675 149
1725354933835 47.559753324940324 150
1725354933852 46.25144748716722 151
1725354933874 45.95077409117524 152
1725354933896 45.33737515866768 153
1725354933917 43.512034242561036 154
1725354933939 45.982436452088216 155
1725354933962 44.79267891168264 156
1725354933983 42.09956251611468 157
1725354934004 42.53243985770078 158
1725354934023 42.67859348754707 159
1725354934039 43.11116390238807 160
1725354934059 41.75637194344062 161
1725354934078 39.58749311321968 162
1725354934100 41.26158878868296 163
1725354934120 39.135519149450644 164
1725354934144 39.31580738111107 165
1725354934172 38.72488059915389 166
1725354934193 40.22070848678267 167
1725354934218 38.29670916802775 168
1725354934237 37.75564723442006 169
1725354934259 36.92697500648849 170
1725354934281 36.427870354381035 171
1725354934303 36.60815787275288 172
1725354934323 36.393809951474545 173
1725354934344 37.092716764491264 174
1725354934366 37.03932218382571 175
1725354934387 35.99182686323542 176
1725354934408 36.93389445516939 177
1725354934431 35.64894464304102 178
1725354934448 35.93854441758486 179
1725354934470 35.35502329938753 180
1725354934491 35.29734083537328 181
1725354934511 34.471268451805656 182
1725354934529 35.31725191899453 183
1725354934551 33.983155435568285 184
1725354934572 34.08309480924527 185
1725354934594 34.22401341270802 186
1725354934614 31.924651611412386 187
1725354934637 32.041521868021086 188
1725354934659 32.128952525589106 189
1725354934678 31.347079797018083 190
1725354934701 31.845479947488315 191
1725354934723 30.054976370372614 192
1725354934744 32.076324515942176 193
1725354934766 30.356303381018254 194
1725354934788 30.200147821570617 195
1725354934810 30.2843371900848 196
1725354934844 28.65830459907589 197
1725354934864 29.022844118248894 198
1725354934887 29.051547486523344 199
1725354934909 28.5413887212566 200
1725354934930 29.624927196862362 201
1725354934950 28.589401889674097 202
1725354934970 28.17519542559755 203
1725354934990 28.823103255929382 204
1725354935015 27.632866732711683 205
1725354935036 28.185503432458148 206
1725354935054 28.953428346682756 207
1725354935075 28.690627141993573 208
1725354935095 27.10594777910257 209
1725354935115 26.627637122756536 210
1725354935137 26.66815434062041 211
1725354935159 26.017833061902664 212
1725354935180 26.794884486593574 213
1725354935199 26.080170379130717 214
1725354935221 26.21895416235234 215
1725354935240 25.47012296458966 216
1725354935260 25.761664596696168 217
1725354935282 25.079610463869344 218
1725354935306 25.278953029738553 219
1725354935328 24.073564373281346 220
1725354935349 25.06678124493786 221
1725354935371 24.059090697610337 222
1725354935391 23.31887517370748 223
1725354935412 24.271057228875982 224
1725354935435 23.35761047061996 225
1725354935456 23.410296609496097 226
1725354935472 22.85945038525655 227
1725354935493 23.507919990140156 228
1725354935514 21.60720150013282 229
1725354935542 23.20640246451031 230
1725354935560 23.162235423809328 231
1725354935583 21.953436757119984 232
1725354935605 22.006877468215812 233
1725354935627 21.325161118068017 234
1725354935647 22.19373338496031 235
1725354935668 21.89686556119812 236
1725354935688 21.040652852875546 237
1725354935709 20.361645830223633 238
1725354935730 20.650644690334108 239
1725354935750 20.150241876383003 240
1725354935770 20.77699042640789 241
1725354935791 18.700082762782817 242
1725354935815 20.234750885735252 243
1725354935838 18.70303030476089 244
1725354935865 19.610956780155405 245
1725354935887 20.044428733766395 246
1725354935910 19.097044602618826 247
1725354935932 19.27874383113323 248
1725354935950 19.368980679618495 249
1725354935976 18.728389054155084 250
1725354935997 18.97303501551397 251
1725354936020 19.991678545954734 252
1725354936040 18.54005677260441 253
1725354936061 18.38820667343975 254
1725354936083 18.346875670487556 255
1725354936100 18.156037916761495 256
1725354936121 18.30723818356885 257
1725354936142 17.990699392976573 258
1725354936164 17.866294525592693 259
1725354936187 16.950769929232916 260
1725354936205 17.624139750182124 261
1725354936224 17.007794442045093 262
1725354936246 16.821670967941728 263
1725354936270 17.446613500925068 264
1725354936291 16.656820239673156 265
1725354936311 15.434831184983386 266
1725354936331 16.35900938438918 267
1725354936352 15.879540232266569 268
1725354936373 14.899727047103854 269
1725354936393 16.494856043115092 270
1725354936414 15.54261872606853 271
1725354936438 15.773016990173563 272
1725354936458 16.211628522093374 273
1725354936479 16.138629981913624 274
1725354936497 14.838337332353735 275
1725354936518 14.785919769276461 276
1725354936539 14.98382691763815 277
1725354936561 14.717792845941805 278
1725354936582 14.232474905730053 279
1725354936605 14.054579811646029 280
1725354936630 13.895199570141447 281
1725354936649 14.024450040550764 282
1725354936669 14.58178853963115 283
1725354936692 14.5694706744634 284
1725354936714 14.618173584425831 285
1725354936733 13.427996825980294 286
1725354936754 14.953500812624062 287
1725354936774 14.168685867638013 288
1725354936796 13.716653735117331 289
1725354936816 13.771136595531996 290
1725354936840 13.852630816735038 291
1725354936873 13.328137369923173 292
1725354936893 12.137170783836961 293
1725354936911 12.519964487872132 294
1725354936934 12.956600817616096 295
1725354936956 12.6036237456724 296
1725354936978 12.688085071365817 297
1725354936997 13.052287624165826 298
1725354937018 12.426242109992396 299
1725354937042 11.933324055666855 300
1725354937061 12.770183000621747 301
1725354937082 12.354200350269988 302
1725354937103 11.430527473059513 303
1725354937123 12.097016109839595 304
1725354937143 11.88142965961455 305
1725354937161 11.959898491255887 306
1725354937182 11.026212144954002 307
1725354937204 11.742059690270482 308
1725354937227 11.328003700206336 309
1725354937248 11.377316133688508 310
1725354937269 10.838933576243761 311
1725354937290 10.901598445406506 312
1725354937311 11.558423035969714 313
1725354937333 11.219766364543235 314
1725354937355 10.54852060004434 315
1725354937376 10.459876832258129 316
1725354937397 10.5993095906651 317
1725354937420 10.81576587687812 318
1725354937443 10.569677136685852 319
1725354937461 10.444549852862188 320
1725354937483 10.419775508856135 321
1725354937505 10.050285539250204 322
1725354937525 10.04688949381147 323
1725354937545 9.989520386103116 324
1725354937567 10.949967820585877 325
1725354937588 9.599670443882246 326
1725354937609 9.186961013265657 327
1725354937632 10.236914737342783 328
1725354937672 9.699349699939287 329
1725354937717 9.910510105779258 330
1725354937743 9.760106544955606 331
1725354937773 9.763970540121187 332
1725354937804 8.862812893870696 333
1725354937827 9.439005643987043 334
1725354937845 9.136063261813312 335
1725354937876 8.910836588318688 336
1725354937898 9.262527850211374 337
1725354937920 9.039353300769966 338
1725354937945 8.520041770041274 339
1725354937970 8.350880463340403 340
1725354937991 8.634191853864246 341
1725354938012 8.295151975011569 342
1725354938032 7.909259026649465 343
1725354938055 8.051139390708189 344
1725354938077 8.666680807639638 345
1725354938097 8.322945823349583 346
1725354938118 7.931089933498252 347
1725354938141 7.70042659427183 348
1725354938167 7.6961446501302335 349
1725354938187 8.14907697668879 350
1725354938210 7.532577706572334 351
1725354938229 7.389634536838183 352
1725354938251 7.809148188721446 353
1725354938271 8.024843604725685 354
1725354938291 7.511469877097569 355
1725354938314 7.782387258933718 356
1725354938333 7.184867598296997 357
1725354938355 6.802971552252422 358
1725354938376 6.980491411417572 359
1725354938394 7.040865493948498 360
1725354938414 7.115455501214601 361
1725354938436 7.708271647089894 362
1725354938458 7.464634112864285 363
1725354938484 7.738513809550191 364
1725354938504 6.969254808878463 365
1725354938526 6.713379223519039 366
1725354938542 7.308461910988937 367
1725354938563 7.497171883901851 368
1725354938583 7.200486691413175 369
1725354938603 7.190580672573085 370
1725354938623 6.964456776607315 371
1725354938643 6.98720427715749 372
1725354938664 6.64306025895911 373
1725354938684 6.718320821440121 374
1725354938704 7.013990340489291 375
1725354938724 6.323748887413785 376
1725354938745 6.778281801455023 377
1725354938765 5.891737596306203 378
1725354938787 6.031466985226293 379
1725354938808 6.445629901974018 380
1725354938829 6.446993218341812 381
1725354938857 6.118935124297404 382
1725354938882 6.469837427950228 383
1725354938929 6.434120719084097 384
1725354938952 5.999539441045481 385
1725354938972 5.357808827484889 386
1725354938992 5.770204827162109 387
1725354939012 5.629502669836035 388
1725354939033 6.068915325766626 389
1725354939052 5.28398092042353 390
1725354939072 5.490261430528704 391
1725354939092 5.7256621163860135 392
1725354939113 5.644366039830413 393
1725354939133 5.425097928014798 394
1725354939154 5.392068060908014 395
1725354939174 5.409384810473556 396
1725354939195 5.294716911782394 397
1725354939214 5.690519116993222 398
1725354939236 5.033117947450965 399
1725354939258 5.142674008255184 400
1725354939280 4.781682314729624 401
1725354939303 4.986121018801881 402
1725354939323 4.968147695196213 403
1725354939343 5.329396628318985 404
1725354939363 4.9745197747937535 405
1725354939388 5.518004064729838 406
1725354939408 5.072016412733425 407
1725354939437 4.802513987426286 408
1725354939468 4.893648390009047 409
1725354939493 5.306970625974506 410
1725354939515 5.132118481620289 411
1725354939536 4.484795915641451 412
1725354939557 4.328609629079232 413
1725354939578 5.013620662153779 414
1725354939597 4.553198852977445 415
1725354939618 4.385012951289517 416
1725354939638 4.232946983305478 417
1725354939658 4.526978940282774 418
1725354939677 4.684036600760278 419
1725354939699 4.349220268750222 420
1725354939722 4.5299744612366695 421
1725354939742 4.301957166318995 422
1725354939763 4.426952639181262 423
1725354939785 4.646391930046622 424
1725354939805 4.061865644369417 425
1725354939826 4.043484235087876 426
1725354939847 4.163562613317246 427
1725354939869 4.5606162407577004 428
1725354939902 4.258650587992563 429
1725354939923 3.7892739274362177 430
1725354939942 4.322882022667082 431
1725354939963 4.193760035618573 432
1725354939983 3.800399112049857 433
1725354940004 4.071753737895149 434
1725354940029 3.568547922015871 435
1725354940049 3.8317189832210046 436
1725354940069 3.7220057440384955 437
1725354940092 3.830739847218669 438
1725354940112 3.6255566204148337 439
1725354940135 3.6328197180087227 440
1725354940156 3.5337058509763777 441
1725354940179 3.533514761802365 442
1725354940199 3.971611952579726 443
1725354940220 3.8434588839106065 444
1725354940240 3.7785509161967523 445
1725354940261 3.404539896859304 446
1725354940282 3.5237436788084553 447
1725354940303 3.6027668753306714 448
1725354940324 3.6763852311759213 449
1725354940347 3.5263258424792903 450
1725354940369 3.28476995537134 451
1725354940394 3.451270295119512 452
1725354940415 3.395410300046001 453
1725354940435 3.046196244643596 454
1725354940460 2.9665353640999896 455
1725354940480 3.521943000585552 456
1725354940502 3.4330992916692393 457
1725354940523 3.23477240644441 458
1725354940543 3.249460379609249 459
1725354940564 3.5136942427086466 460
1725354940584 3.4178316080348172 461
1725354940600 3.3009761299439306 462
1725354940618 2.892890478630071 463
1725354940640 2.910177559728194 464
1725354940663 3.0015359656158673 465
1725354940685 2.918873750525934 466
1725354940706 3.352796240421551 467
1725354940726 2.7800487598209283 468
1725354940764 3.164002659235716 469
1725354940788 2.9663323273886117 470
1725354940810 3.003803555746389 471
1725354940831 2.8177796241376654 472
1725354940853 2.840062538245878 473
1725354940876 3.073730111399304 474
1725354940909 2.840804775491982 475
1725354940934 2.8366100866346864 476
1725354940955 3.12158841814803 477
1725354940978 2.72035368558129 478
1725354940997 2.8979890519036675 479
1725354941020 2.733114166953778 480
1725354941043 2.523146271096708 481
1725354941068 2.5693096606872863 482
1725354941090 2.5161666488077725 483
1725354941111 2.543090388932719 484
1725354941133 2.5603522831532577 485
1725354941150 2.5827287446354177 486
1725354941172 2.4848657678127823 487
1725354941192 2.2489842727106377 488
1725354941213 2.3846256768572953 489
1725354941241 2.6773789300076176 490
1725354941270 2.7226142922416576 491
1725354941288 2.4731544152121816 492
1725354941310 2.7820003832013906 493
1725354941330 2.6537731342001085 494
1725354941353 2.3786463697987603 495
1725354941376 2.6710200866718914 496
1725354941400 2.405637624756897 497
1725354941422 2.2677788126770775 498
1725354941444 2.360605164862999 499
