1725391714500 155.79645392043628 0
1725391714527 138.856420303805 1
1725391714558 129.36827582216267 2
1725391714587 112.86382876752276 3
1725391714613 107.61157850295461 4
1725391714644 99.77218415240738 5
1725391714676 90.19698706433982 6
1725391714704 86.10014650955716 7
1725391714732 77.36653989921956 8
1725391714757 69.58297035060122 9
1725391714789 63.41152968692729 10
1725391714821 58.7192869053186 11
1725391714855 53.44543481354394 12
1725391714882 49.71532942231124 13
1725391714910 45.47202778270021 14
1725391714942 41.85979082228903 15
1725391714968 38.59078353424362 16
1725391714997 36.163705487299595 17
1725391715026 33.91895254127943 18
1725391715048 29.087430254402605 19
1725391715074 25.93603694123268 20
1725391715103 25.97450196300819 21
1725391715131 23.319971379504032 22
1725391715154 21.303994598453833 23
1725391715182 19.60072223184211 24
1725391715206 18.505357817500613 25
1725391715237 15.906959233006862 26
1725391715267 15.605790763379938 27
1725391715293 13.950027521114803 28
1725391715321 13.571041065964968 29
1725391715352 12.420969552836954 30
1725391715385 11.676752509251472 31
1725391715414 10.226329061784002 32
1725391715444 9.78972261039318 33
1725391715479 9.361606967889843 34
1725391715508 9.128941360137446 35
1725391715535 8.317315848050564 36
1725391715566 7.213765052320143 37
1725391715591 7.175696584581613 38
1725391715616 6.694380982940431 39
1725391715644 6.582824451959682 40
1725391715672 5.875555667994765 41
1725391715701 5.565148364058873 42
1725391715728 4.791434567093181 43
1725391715756 5.101790995688909 44
1725391715788 4.666818058417604 45
1725391715817 4.104009167913017 46
1725391715848 3.6054830836303218 47
1725391715880 3.5855281495250777 48
1725391715905 3.3502628025775567 49
1725391715933 3.3134238677826957 50
1725391715960 2.7547833956875585 51
1725391715988 2.7116031075421807 52
1725391716013 2.9132008704340895 53
1725391716046 2.550927847740527 54
1725391716077 2.336204491131867 55
1725391716111 2.4748181738203594 56
1725391716143 2.308584731432005 57
1725391716174 2.0793642629780438 58
1725391716213 2.0718992485987924 59
1725391716245 1.820891311883551 60
1725391716276 2.0100970059939467 61
1725391716305 1.635857425824224 62
1725391716333 1.6492656204092977 63
1725391716360 1.558117475798126 64
1725391716388 1.305709090585186 65
1725391716413 1.5239863185241438 66
1725391716443 1.4654831041668814 67
1725391716476 1.4775059468512135 68
1725391716504 1.3214076591714135 69
1725391716533 1.2026936355188005 70
1725391716561 1.2041003784920892 71
1725391716589 1.3584239766448534 72
1725391716616 1.021165374881468 73
1725391716644 1.2042041354602098 74
1725391716672 1.1052987739226925 75
1725391716700 1.1138922670180125 76
1725391716727 1.2336874850726838 77
1725391716755 1.0174612252544362 78
1725391716785 0.9573433467628872 79
1725391716818 1.0230376210981527 80
1725391716841 0.8317999859705106 81
1725391716907 0.9254360936845859 82
1725391716933 0.8733767021911308 83
1725391716960 0.7719836145708503 84
1725391716986 0.9250309626915314 85
1725391717011 0.8693958075495586 86
1725391717041 0.823196150989184 87
1725391717073 0.7998515150782585 88
1725391717106 0.8885602147726994 89
1725391717137 0.7469042597795471 90
1725391717166 0.7953827315633148 91
1725391717201 0.9997784750676719 92
1725391717228 0.7279906125804682 93
1725391717259 0.7662742632017545 94
1725391717287 0.7110580134510371 95
1725391717315 0.7070151463351055 96
1725391717343 0.6859197618540906 97
1725391717372 0.808343342949108 98
1725391717400 0.6598251702491418 99
1725391717435 0.67542772258296 100
1725391717463 0.720517850460003 101
1725391717493 0.6584060737328449 102
1725391717522 0.6964411794620784 103
1725391717547 0.6699552340213397 104
1725391717570 0.6476192452711821 105
1725391717596 0.5997537366341439 106
1725391717620 0.710498851216584 107
1725391717647 0.6749008474095187 108
1725391717668 0.569324456044059 109
1725391717699 0.5562507949778757 110
1725391717723 0.6867423169325139 111
1725391717748 0.6515272388837557 112
1725391717776 0.5246015724346579 113
1725391717804 0.5371928793797849 114
1725391717832 0.563557034192736 115
1725391717857 0.6757429872196019 116
1725391717885 0.6555610765607 117
1725391717912 0.6229102153028919 118
1725391717941 0.6093550661214355 119
1725391717973 0.6899520627323067 120
1725391718002 0.575534564715972 121
1725391718031 0.6482843738412113 122
1725391718058 0.5122682328272734 123
1725391718086 0.5715534972526946 124
1725391718114 0.4711315337040875 125
1725391718138 0.5234756346825441 126
1725391718168 0.575992296830231 127
1725391718198 0.4782300291262245 128
1725391718223 0.5705868896831929 129
1725391718250 0.7325478443264914 130
1725391718283 0.5930534510801262 131
1725391718316 0.5781672494633177 132
1725391718340 0.4703338760925342 133
1725391718364 0.5770079289936213 134
1725391718390 0.5097330586998283 135
1725391718421 0.6691938461087823 136
1725391718450 0.5948468778822428 137
1725391718481 0.5991005483992229 138
1725391718506 0.6627379234153926 139
1725391718533 0.4873202709748293 140
1725391718562 0.5719372219448382 141
1725391718590 0.5249724477905554 142
1725391718619 0.6224604725555362 143
1725391718650 0.45507089821413277 144
1725391718679 0.5193402506583507 145
1725391718707 0.6480553796043645 146
1725391718736 0.6721573295450224 147
1725391718762 0.393240009766253 148
1725391718790 0.5638319846577665 149
1725391718818 0.5421610411321567 150
1725391718842 0.5704862249729519 151
1725391718866 0.5782942387858457 152
1725391718899 0.5188415637637004 153
1725391718930 0.5580467745416045 154
1725391718956 0.53160792318039 155
1725391718984 0.5696928806685462 156
1725391719014 0.6312572108354637 157
1725391719044 0.5471008006588355 158
1725391719075 0.4566505842576335 159
1725391719104 0.7496420908729241 160
1725391719135 0.6135703581491291 161
1725391719163 0.592319481701328 162
1725391719191 0.5395984331199012 163
1725391719219 0.4287814358561546 164
1725391719247 0.6150828853767943 165
1725391719276 0.5406534207758446 166
1725391719300 0.5083481270168367 167
1725391719328 0.514979211928549 168
1725391719359 0.6028886120531148 169
1725391719390 0.632344506019575 170
1725391719417 0.5652382682882997 171
1725391719446 0.4258709568497413 172
1725391719473 0.6820752138453893 173
1725391719503 0.47104879264307953 174
1725391719530 0.5570358951797588 175
1725391719555 0.49731969950996374 176
1725391719584 0.5543115955326814 177
1725391719614 0.6081928841651723 178
1725391719645 0.5744522132973874 179
1725391719675 0.6652280768192762 180
1725391719701 0.5208580651814405 181
1725391719732 0.5269845185929749 182
1725391719758 0.5874608803291804 183
1725391719787 0.5695833737870573 184
1725391719816 0.5904326255506606 185
1725391719843 0.5474886889830309 186
1725391719872 0.5383327850997206 187
1725391719900 0.4991939064319787 188
1725391719931 0.48862559743599476 189
1725391719962 0.42590710685941885 190
1725391719987 0.4096058679116572 191
1725391720013 0.5696872855686762 192
