1725386553785 167.03461232460245 0
1725386553811 169.88621604324538 1
1725386553840 158.7663689003795 2
1725386553866 166.3686823285485 3
1725386553895 159.90070897395208 4
1725386553917 162.77297947878404 5
1725386553946 162.48473679623277 6
1725386553969 157.7494662647175 7
1725386553996 161.42415062482937 8
1725386554029 150.9567460301144 9
1725386554053 152.06388083256851 10
1725386554077 152.15372229841805 11
1725386554113 149.79383171655522 12
1725386554138 148.16555863556724 13
1725386554161 144.87185360277087 14
1725386554186 146.32457831930205 15
1725386554213 144.83493288428065 16
1725386554246 140.8931804314808 17
1725386554273 142.23611400489978 18
1725386554300 136.20746087561994 19
1725386554327 142.56542521635657 20
1725386554354 137.27183502813 21
1725386554379 131.59383856911109 22
1725386554405 136.36758699537094 23
1725386554434 135.5657893973631 24
1725386554464 136.77424766205112 25
1725386554492 135.87142986206766 26
1725386554518 131.33221662173835 27
1725386554544 134.1879630680839 28
1725386554569 131.4264540177353 29
1725386554595 131.48180452232162 30
1725386554621 130.48667191103266 31
1725386554645 124.28142601738206 32
1725386554666 121.65732508433646 33
1725386554694 124.14621440936878 34
1725386554720 127.04001074160502 35
1725386554746 119.06899468587729 36
1725386554773 117.67273244432207 37
1725386554802 117.47954785570481 38
1725386554834 117.5200301233874 39
1725386554864 118.46285297140973 40
1725386554889 114.74614401432609 41
1725386554914 117.72240335869375 42
1725386554938 111.58377187758718 43
1725386554967 116.02431542315631 44
1725386555021 112.28708563635912 45
1725386555053 105.45073837212192 46
1725386555074 109.98014987624438 47
1725386555096 112.45231909702854 48
1725386555120 109.4375110769168 49
1725386555142 104.45929901639639 50
1725386555168 105.20990672434276 51
1725386555202 104.74878925502622 52
1725386555225 105.60173698631544 53
1725386555239 102.87811730019384 54
1725386555258 99.23919469801011 55
1725386555269 102.55205911046086 56
1725386555280 100.06471078018829 57
1725386555292 100.72173248952937 58
1725386555303 99.11263016694153 59
1725386555314 100.79694956079956 60
1725386555327 96.8017853133561 61
1725386555340 95.11621299532442 62
1725386555352 96.95266525822878 63
1725386555370 93.72830306181957 64
1725386555390 93.45959942939979 65
1725386555408 94.27544703246623 66
1725386555431 93.77968769433214 67
1725386555449 94.39206483323122 68
1725386555471 91.15119586626668 69
1725386555488 91.79124614017266 70
1725386555503 89.43347207288197 71
1725386555517 92.28443169914054 72
1725386555529 83.18598070169519 73
1725386555540 89.28740733351769 74
1725386555551 86.19135885221374 75
1725386555563 82.01594026789668 76
1725386555574 84.89633557126096 77
1725386555585 81.79484448832262 78
1725386555596 83.4662626267746 79
1725386555617 82.86011841542866 80
1725386555637 83.70774529413177 81
1725386555661 77.64681032341412 82
1725386555680 83.00088489854022 83
1725386555712 79.42204948330387 84
1725386555735 78.60194842520765 85
1725386555753 78.84912533119345 86
1725386555771 79.498541393514 87
1725386555785 76.05547287620496 88
1725386555804 77.224259418883 89
1725386555820 72.2800868680284 90
1725386555836 76.88256711295475 91
1725386555862 70.39701659815641 92
1725386555888 72.40856747291642 93
1725386555909 75.00762123673677 94
1725386555933 72.2672245255767 95
1725386555959 71.43559216156002 96
1725386555983 72.59186916579615 97
1725386556005 70.42639463918513 98
1725386556033 70.79434797456564 99
1725386556057 67.2036296014035 100
1725386556083 65.9220514269294 101
1725386556105 68.74614337309491 102
1725386556121 66.30071677024821 103
1725386556136 66.76588466763152 104
1725386556153 64.75240506099013 105
1725386556170 66.90554669630053 106
1725386556188 64.50514726027436 107
1725386556205 64.0720645272971 108
1725386556222 64.11692808649586 109
1725386556245 63.46603868074936 110
1725386556276 63.351035961136 111
1725386556299 61.53732521738291 112
1725386556330 62.8834042571199 113
1725386556355 62.6437234033434 114
1725386556378 60.70463809951209 115
1725386556404 59.72289637586644 116
1725386556426 58.50749120814094 117
1725386556455 58.53349656035566 118
1725386556474 60.315411374337124 119
1725386556499 55.57354890602755 120
1725386556520 57.01019598451024 121
1725386556546 54.916212189943 122
1725386556567 55.07497380166837 123
1725386556595 57.31334404297278 124
1725386556615 54.32462979079656 125
1725386556631 56.44304381964559 126
1725386556647 53.69894411784268 127
1725386556662 54.34326067070777 128
1725386556679 51.97634343578162 129
1725386556697 50.84899882598124 130
1725386556714 51.71045868546871 131
1725386556731 51.38826728967759 132
1725386556751 49.72188245998236 133
1725386556767 49.828383239537715 134
1725386556784 49.078454652778326 135
1725386556802 51.249044619171755 136
1725386556818 50.27213966082525 137
1725386556834 49.78539624059762 138
1725386556850 47.9401780827183 139
1725386556876 48.07229784681247 140
1725386556900 48.21618080819785 141
1725386556924 48.365204955193704 142
1725386556942 46.891512709399024 143
1725386556954 45.93313675480287 144
1725386556965 44.11701572005873 145
1725386556978 44.555205902214105 146
1725386556995 46.358836619866814 147
1725386557013 45.561209278922036 148
1725386557030 43.997237770930276 149
1725386557047 45.961376983955965 150
1725386557064 43.71836275024261 151
1725386557081 43.93266981402852 152
1725386557096 42.78541631897628 153
1725386557115 44.18533207280892 154
1725386557131 43.78019257561767 155
1725386557146 41.351165036652844 156
1725386557162 41.31254177307219 157
1725386557179 41.51644087961938 158
1725386557196 41.48663640517185 159
1725386557213 40.05655357874191 160
1725386557236 40.642981881597855 161
1725386557260 40.785580162722155 162
1725386557287 40.02550311162922 163
1725386557310 38.243442819713934 164
1725386557336 37.16208993502047 165
1725386557357 39.05429177183173 166
1725386557374 37.57155785786989 167
1725386557391 39.493610651663445 168
1725386557407 36.716464643231696 169
1725386557424 37.20619116072393 170
1725386557441 35.224353694670484 171
1725386557458 36.55456044529234 172
1725386557474 35.27565620880136 173
1725386557494 35.64374797542568 174
1725386557519 36.035527390553725 175
1725386557540 35.23710297533343 176
1725386557568 35.29592337247344 177
1725386557593 35.41812889145309 178
1725386557610 33.14624844818528 179
1725386557626 32.76264766029743 180
1725386557644 33.064849979464974 181
1725386557660 32.26575768350869 182
1725386557677 33.270279072050336 183
1725386557694 31.996868796178404 184
1725386557712 32.29178776828828 185
1725386557727 31.413752307149934 186
1725386557750 31.897090787085627 187
1725386557772 32.65799370175334 188
1725386557796 31.13563251256837 189
1725386557816 31.6685866048967 190
1725386557843 31.1930299320378 191
1725386557863 30.557612671841547 192
1725386557877 30.84173261024205 193
1725386557892 30.127665752906307 194
1725386557911 28.70430885076495 195
1725386557928 30.271674048799696 196
1725386557945 28.411759167611784 197
1725386557962 28.819734377439605 198
1725386557978 29.53729400653154 199
1725386557999 29.84927331221953 200
1725386558021 27.442664658863375 201
1725386558045 27.325290924376414 202
1725386558066 27.220651202931577 203
1725386558088 26.804032687810558 204
1725386558105 27.00281400661507 205
1725386558128 26.928853527201504 206
1725386558152 27.217628301778603 207
1725386558174 27.127117688381922 208
1725386558197 26.24245306194587 209
1725386558209 25.098691581527806 210
1725386558221 26.38374243034389 211
1725386558242 25.804564453687135 212
1725386558267 26.714769352434423 213
1725386558300 25.645137783095304 214
1725386558325 24.35944160201224 215
1725386558351 24.853049142240597 216
1725386558378 25.50456147780329 217
1725386558403 22.302317174406202 218
1725386558426 23.73467339467461 219
1725386558447 24.390451795508717 220
1725386558470 24.722419571248253 221
1725386558488 23.63024470307965 222
1725386558500 22.952269486566628 223
1725386558512 22.718340960138345 224
1725386558524 22.069223542857763 225
1725386558535 22.166831276213838 226
1725386558546 22.13674615144812 227
1725386558558 22.892273645467384 228
1725386558569 22.918022514790497 229
1725386558580 21.318275583214728 230
1725386558592 21.323878814295657 231
1725386558605 21.030560170378006 232
1725386558622 22.027235905429958 233
1725386558637 20.344269496361367 234
1725386558649 20.96655741617251 235
1725386558660 22.025820731556628 236
1725386558672 20.56531195937033 237
1725386558687 20.695750077589242 238
1725386558698 20.572823012170893 239
1725386558710 20.121056737657693 240
1725386558721 19.695105238002146 241
1725386558747 19.068219427536654 242
1725386558773 20.190663100695755 243
1725386558802 18.48525955856352 244
1725386558826 19.358477263091682 245
1725386558848 19.106932023198134 246
1725386558862 18.849040144729887 247
1725386558879 18.488170217398114 248
1725386558897 19.025272248943573 249
1725386558915 19.268310954325365 250
1725386558932 17.92861195050758 251
1725386558949 18.68291864477029 252
1725386558966 17.33796524563811 253
1725386558985 17.672162290412015 254
1725386559010 18.133711768532937 255
1725386559033 16.540234011307312 256
1725386559052 17.39995545346512 257
1725386559068 16.208073614599925 258
1725386559085 16.764712581051317 259
1725386559102 17.11443988953316 260
1725386559120 15.789316258973725 261
1725386559143 16.761491912975952 262
1725386559167 17.728023539534423 263
1725386559182 15.6943891289319 264
1725386559204 16.22515063135686 265
1725386559225 16.173934515999438 266
1725386559244 15.91854394747136 267
1725386559262 15.816403675859823 268
1725386559278 16.66224427691458 269
1725386559295 14.772314347971177 270
1725386559306 15.28495776882821 271
1725386559318 15.199803680851415 272
1725386559329 14.551011585277227 273
1725386559340 14.836227357755515 274
1725386559353 15.037659561190095 275
1725386559375 15.274806714636215 276
1725386559395 14.81219491093689 277
1725386559422 14.39129927108975 278
1725386559446 14.492503827033856 279
1725386559469 13.972423221403494 280
1725386559489 14.197754406446853 281
1725386559520 13.304814228163677 282
1725386559562 13.568611382250278 283
1725386559583 13.663719719360957 284
1725386559604 12.966004565857736 285
1725386559620 13.528653813500853 286
1725386559636 13.392132683830841 287
1725386559650 13.935640427645932 288
1725386559661 12.847776404226106 289
1725386559672 12.992000150205753 290
1725386559683 12.601282774495207 291
1725386559695 13.793225657419176 292
1725386559706 12.351880906537245 293
1725386559718 12.55580480658787 294
1725386559729 12.705069971645768 295
1725386559743 12.00383054369594 296
1725386559756 11.775334973231748 297
1725386559767 12.498147089178978 298
1725386559778 12.904964603750676 299
1725386559789 11.510854158821187 300
1725386559800 11.47698366069515 301
1725386559811 12.484683054399063 302
1725386559823 11.505923599470425 303
1725386559834 11.433139434824598 304
1725386559846 11.554502589158902 305
1725386559864 11.38692870822128 306
1725386559883 10.85171176059896 307
1725386559909 11.323156640845612 308
1725386559924 11.099992868108185 309
1725386559943 10.256686557744782 310
1725386559968 10.444220218934982 311
1725386559988 10.794140794512158 312
1725386560007 10.730872001528422 313
1725386560021 9.795269369006212 314
1725386560038 10.901324552524388 315
1725386560053 10.265197615785157 316
1725386560068 9.682463524086392 317
1725386560082 10.377583480692099 318
1725386560093 10.062845836076844 319
1725386560111 10.003392567362878 320
1725386560131 10.517060381332128 321
1725386560151 9.539948828314378 322
1725386560175 9.93152042476192 323
1725386560202 9.681942370924618 324
1725386560225 9.710087102229382 325
1725386560242 9.549058325999331 326
1725386560259 9.4976956379299 327
1725386560279 8.764277156443791 328
1725386560302 9.549732636753786 329
1725386560320 8.822816348238023 330
1725386560338 8.810581950905858 331
1725386560355 8.980010641605046 332
1725386560372 9.028625989041394 333
1725386560389 8.972446252120282 334
1725386560406 9.307433346475394 335
1725386560422 8.552961246797656 336
1725386560439 8.596950729568869 337
1725386560452 8.654839621260033 338
1725386560463 8.379416180024576 339
1725386560474 8.410910454991846 340
1725386560490 8.107280059011327 341
1725386560517 8.177311490509089 342
1725386560535 7.935016002239139 343
1725386560552 7.545865693655446 344
1725386560568 7.702426830869651 345
1725386560584 7.895449418961619 346
1725386560601 8.365172023561719 347
1725386560624 8.410953046987833 348
1725386560649 7.9248679677184075 349
1725386560675 7.545443667419113 350
1725386560692 6.925865613256617 351
1725386560718 7.519823623110575 352
1725386560744 7.310965236636119 353
1725386560766 6.975715066764053 354
1725386560792 8.111291659263873 355
1725386560816 7.626756308799633 356
1725386560840 7.360391534014881 357
1725386560862 7.397413170522349 358
1725386560880 7.086391109642098 359
1725386560913 6.935405441568363 360
1725386560945 7.045782452175212 361
1725386560969 6.727617349984228 362
1725386560995 6.731792869586182 363
1725386561020 7.079602102489536 364
1725386561046 6.470746291797394 365
1725386561071 7.0506409672102155 366
1725386561097 6.633435747581823 367
1725386561119 5.900325341310966 368
1725386561142 6.005156938758813 369
1725386561168 6.35809299676308 370
1725386561196 6.751587867139995 371
1725386561221 6.194796050854605 372
1725386561245 6.5773037367745 373
1725386561268 6.566219768197169 374
1725386561297 6.566861643121668 375
1725386561328 6.2814628240051205 376
1725386561353 5.804395235810955 377
1725386561380 6.39165349031191 378
1725386561407 5.96690874295082 379
1725386561434 5.934594792012487 380
1725386561457 5.832965203620451 381
1725386561486 6.181405166439785 382
1725386561510 6.161741476021972 383
1725386561536 5.399440594323144 384
1725386561562 5.3049026913042425 385
1725386561587 5.82276786344881 386
1725386561615 5.523479950110997 387
1725386561636 5.410981633383201 388
1725386561656 5.2461124024025745 389
1725386561678 5.873240680677002 390
1725386561709 5.125509505732811 391
1725386561738 5.762464824545277 392
1725386561768 5.4476105852117005 393
1725386561795 5.0729084477717254 394
1725386561820 4.9184991387434875 395
1725386561845 5.050612423821875 396
1725386561870 5.0280014710729715 397
1725386561895 4.9493994360252715 398
1725386561920 5.143392816885114 399
1725386561943 5.026882043617283 400
1725386561970 4.976487285946194 401
1725386561996 4.793557669361942 402
1725386562020 4.829268729685068 403
1725386562041 5.526070918604894 404
1725386562067 4.892389717818693 405
1725386562090 4.857815637714575 406
1725386562112 4.567818006285636 407
1725386562130 4.765085327332955 408
1725386562151 4.569687341108751 409
1725386562179 4.622355801553099 410
1725386562204 5.15977313110282 411
1725386562228 4.833215226733679 412
1725386562253 4.917029284824918 413
1725386562277 4.640113811262747 414
1725386562301 4.658750265038395 415
1725386562330 4.568785515263289 416
1725386562350 4.651316862328226 417
1725386562376 4.512387583225107 418
1725386562399 4.848890330751515 419
1725386562426 4.189816170328741 420
1725386562451 4.280944067869245 421
1725386562482 4.5495969543439765 422
1725386562512 4.353670719750511 423
1725386562539 4.096312189360887 424
1725386562567 4.154443257493965 425
1725386562586 4.266694562678739 426
1725386562611 3.8981475297056707 427
1725386562637 4.113099389762958 428
1725386562663 4.041423532855811 429
1725386562693 3.6488207999462277 430
1725386562719 3.474154535001025 431
1725386562746 3.881978380076018 432
1725386562771 3.3665661642140874 433
1725386562797 3.4872488296955284 434
1725386562826 4.2019962114855804 435
1725386562855 3.744431870203122 436
1725386562882 3.99776631732844 437
1725386562904 3.8972894848913917 438
1725386562928 3.6466166768249177 439
1725386562952 3.2288282064525426 440
1725386562977 3.3130556745773942 441
1725386563002 3.592896310036702 442
1725386563029 3.446619167159879 443
1725386563056 3.207094605628856 444
1725386563082 3.489976802812831 445
1725386563109 3.3795102128398327 446
1725386563135 3.471890983782839 447
1725386563162 3.588255768775786 448
1725386563186 3.233097411942591 449
1725386563210 3.5075449186636627 450
1725386563233 3.2289613665101533 451
1725386563260 3.809226633427034 452
1725386563289 2.9997598845966342 453
1725386563327 3.475692313569226 454
1725386563351 3.0303734771739412 455
1725386563376 3.157840308832669 456
1725386563404 3.397033891666333 457
1725386563430 3.1274988385627407 458
1725386563455 2.8635625813665477 459
1725386563480 3.246479731054753 460
1725386563508 2.912536445961845 461
1725386563534 3.1610911320379413 462
1725386563562 3.0629684835579254 463
1725386563586 2.7864041200649643 464
1725386563612 3.034129394483145 465
1725386563639 2.8625278715148994 466
1725386563661 2.846356791703724 467
1725386563686 2.7259258893318155 468
1725386563715 2.7323011990225106 469
1725386563736 2.692867144435794 470
1725386563759 3.018351060787018 471
1725386563785 2.4545932959754895 472
1725386563812 2.7488254436026147 473
1725386563836 3.007800734495403 474
1725386563863 2.6353947475460036 475
1725386563890 2.699240364078016 476
1725386563917 2.6552062085955224 477
1725386563943 2.616392121777218 478
1725386563968 2.4855517623761245 479
1725386563995 2.7597261718875066 480
1725386564023 2.4923233967064466 481
1725386564047 2.558688203608874 482
1725386564071 2.5026101761908164 483
1725386564097 2.3182509892210152 484
1725386564124 2.7524752556285685 485
1725386564154 2.428354884213434 486
1725386564179 2.4406749387737388 487
1725386564199 2.535149513283673 488
1725386564224 2.396297854295307 489
1725386564248 2.6795437242592017 490
1725386564271 2.0968673348893385 491
1725386564297 2.2058201066951413 492
1725386564322 2.4673534598318105 493
1725386564355 2.4801712318799756 494
1725386564381 2.2067806286409635 495
1725386564407 2.272153154866658 496
1725386564432 2.6461965157670586 497
1725386564457 2.2718257402545707 498
1725386564483 2.0521378079530654 499
