1725396896110 166.8353532025088 0
1725396896142 162.7087069642352 1
1725396896171 167.2476414304645 2
1725396896206 166.30038037373686 3
1725396896233 161.87152856883355 4
1725396896263 158.8539165281396 5
1725396896276 161.77279117967123 6
1725396896289 155.98125280091577 7
1725396896303 157.07707994770962 8
1725396896317 148.22987884627818 9
1725396896331 151.58306185542287 10
1725396896346 156.28524112545875 11
1725396896361 146.2800787694213 12
1725396896374 149.57297560855596 13
1725396896391 152.7699986069712 14
1725396896407 147.5801849328945 15
1725396896428 141.20315992049518 16
1725396896452 146.63062398563605 17
1725396896470 142.1559472038822 18
1725396896489 136.39746982241792 19
1725396896507 138.05504530989685 20
1725396896524 145.13747675913876 21
1725396896539 139.81649481442952 22
1725396896557 133.66397443009174 23
1725396896575 138.69297442182696 24
1725396896593 133.62786746661791 25
1725396896612 135.2281624658556 26
1725396896631 129.57441009741967 27
1725396896656 131.4324449395725 28
1725396896679 131.89029198757774 29
1725396896704 124.14706774481171 30
1725396896732 128.57389231681597 31
1725396896757 124.80328416073563 32
1725396896776 123.92929062422905 33
1725396896791 118.387803039815 34
1725396896804 125.80375168319154 35
1725396896819 120.13975985663662 36
1725396896832 116.47645233844212 37
1725396896858 118.1112091474869 38
1725396896873 118.63517383656907 39
1725396896891 118.21305453223545 40
1725396896916 116.88609081712067 41
1725396896943 115.59256524218296 42
1725396896969 120.4830968998781 43
1725396896993 109.50119074950261 44
1725396897016 113.0820031344966 45
1725396897039 109.08982443657104 46
1725396897058 109.1512717047235 47
1725396897076 112.21848744370138 48
1725396897093 104.31409929744318 49
1725396897109 106.20713569568957 50
1725396897126 108.24249446202579 51
1725396897143 105.1355453066344 52
1725396897160 107.02508339631378 53
1725396897179 103.7651933912491 54
1725396897199 102.36862005436068 55
1725396897217 100.89801570999077 56
1725396897235 99.97262648428388 57
1725396897254 103.44878680247845 58
1725396897277 97.41227948540964 59
1725396897297 97.44829677191373 60
1725396897315 94.56853074411389 61
1725396897334 97.801098401427 62
1725396897353 94.60479623286436 63
1725396897371 97.2386867986608 64
1725396897389 91.44716786163363 65
1725396897413 89.94600860370106 66
1725396897439 90.56114052559211 67
1725396897462 89.74292825582802 68
1725396897493 92.23395636260629 69
1725396897520 92.09950058089849 70
1725396897544 88.89730809657846 71
1725396897572 86.661343530265 72
1725396897604 85.37127152450142 73
1725396897627 86.0837745509725 74
1725396897655 86.85628101812785 75
1725396897674 86.45842261859957 76
1725396897696 85.68248606891504 77
1725396897711 84.21913165308528 78
1725396897724 84.56177907210261 79
1725396897737 83.61675146915476 80
1725396897749 81.53235227412584 81
1725396897765 80.65601189116302 82
1725396897789 81.21008019825571 83
1725396897820 81.23989993868054 84
1725396897844 78.5028426063456 85
1725396897869 78.98218949356311 86
1725396897894 78.09844004849921 87
1725396897917 76.68836440351835 88
1725396897942 72.61977152250559 89
1725396897961 75.25648677089553 90
1725396897980 74.18215322327363 91
1725396897998 75.21818589773012 92
1725396898020 70.40625810465423 93
1725396898046 70.70615725244751 94
1725396898071 72.87616064917835 95
1725396898152 70.30733886262628 96
1725396898193 69.76437919528061 97
1725396898211 70.51992939963687 98
1725396898230 72.59070811870836 99
1725396898247 68.26288631003227 100
1725396898268 68.98315402655605 101
1725396898295 67.12970716206777 102
1725396898328 67.77250301031928 103
1725396898356 63.46734973636062 104
1725396898380 66.09051954617475 105
1725396898399 63.269251568356786 106
1725396898419 65.05247637136037 107
1725396898445 65.32140693411236 108
1725396898471 65.05824281142192 109
1725396898495 61.89453394436185 110
1725396898516 62.259721442656755 111
1725396898541 61.39644153689373 112
1725396898565 62.24172927795573 113
1725396898587 60.196965223076134 114
1725396898612 60.21294872579098 115
1725396898634 59.51778783704539 116
1725396898655 59.928924208234285 117
1725396898675 56.579757078000064 118
1725396898702 58.47424970295553 119
1725396898730 59.024293895317626 120
1725396898762 56.599158188294226 121
1725396898781 56.16929112578535 122
1725396898803 57.24478469483247 123
1725396898823 56.93292736880937 124
1725396898847 51.7421456213656 125
1725396898873 55.09241971588782 126
1725396898893 54.22620206163665 127
1725396898924 51.916114607961326 128
1725396898950 54.21845352828407 129
1725396898980 52.12875800159476 130
1725396899004 53.212214076511664 131
1725396899024 52.940343834549815 132
1725396899047 49.711908894316196 133
1725396899060 49.73127328056411 134
1725396899073 50.73139345425084 135
1725396899086 49.26283921626376 136
1725396899099 48.31435630453452 137
1725396899112 50.04083905702557 138
1725396899125 47.13691391107179 139
1725396899142 49.41477995541815 140
1725396899168 50.012838246073684 141
1725396899192 46.80070681682407 142
1725396899212 45.50289592872996 143
1725396899233 45.36800635547342 144
1725396899257 46.5410019632555 145
1725396899281 46.23492946158788 146
1725396899308 45.40281129712153 147
1725396899336 46.09949694028659 148
1725396899367 44.129398978644076 149
1725396899394 42.6474139364061 150
1725396899425 43.69175009669304 151
1725396899451 44.55059871431722 152
1725396899479 42.14826797003552 153
1725396899502 41.89257697586937 154
1725396899517 42.4753653288445 155
1725396899530 42.38030897893116 156
1725396899544 39.629092612299765 157
1725396899557 39.55362421476342 158
1725396899570 42.119193367959745 159
1725396899584 42.55724206856963 160
1725396899596 40.09834614172146 161
1725396899610 39.14270021630263 162
1725396899624 40.93330690646144 163
1725396899640 38.874538203011724 164
1725396899658 39.996500928410086 165
1725396899677 38.43530834932052 166
1725396899696 37.32122425838304 167
1725396899714 36.60176464219698 168
1725396899733 37.681766138314764 169
1725396899751 38.28175406742098 170
1725396899774 36.278951264053084 171
1725396899800 36.8923107254406 172
1725396899823 34.826136596787165 173
1725396899851 34.79474154178873 174
1725396899877 36.31246285358752 175
1725396899895 37.06287672488725 176
1725396899914 33.715679295882225 177
1725396899931 34.40092634420851 178
1725396899949 33.05550711603544 179
1725396899967 34.067020590323516 180
1725396899985 33.6200140684505 181
1725396900004 33.133480169381606 182
1725396900030 32.10707047024856 183
1725396900048 32.52436545589062 184
1725396900066 31.619707972218702 185
1725396900083 31.945733998684307 186
1725396900102 32.736719946836196 187
1725396900120 30.909287907604494 188
1725396900140 30.71336772854889 189
1725396900167 30.39055482227429 190
1725396900192 31.60647352710112 191
1725396900219 30.623469069967914 192
1725396900253 30.154159653758583 193
1725396900274 30.053757933121105 194
1725396900293 30.157554722028 195
1725396900315 29.237168960243753 196
1725396900334 28.664213921389077 197
1725396900350 29.545582663183247 198
1725396900368 30.199183284941064 199
1725396900385 28.223306472503463 200
1725396900409 28.695275862603182 201
1725396900426 26.705857475963185 202
1725396900444 28.631275154963184 203
1725396900463 27.495854176283252 204
1725396900481 28.26361817865854 205
1725396900500 28.225328516535086 206
1725396900521 27.300030175458875 207
1725396900539 28.082422269942022 208
1725396900558 26.580201672402893 209
1725396900577 25.7697796182968 210
1725396900596 26.190619833972146 211
1725396900614 24.774225437823233 212
1725396900633 25.717403118173465 213
1725396900657 27.243276647367278 214
1725396900682 25.26647321211536 215
1725396900705 25.02419423971816 216
1725396900730 24.285406072045003 217
1725396900758 22.952133734859864 218
1725396900774 24.397369344796168 219
1725396900792 24.568487975845457 220
1725396900810 22.596860956169014 221
1725396900828 23.372608586075607 222
1725396900846 22.77802734609391 223
1725396900864 22.591056549297296 224
1725396900892 23.794373166563805 225
1725396900914 22.902541650554035 226
1725396900935 23.290594325036636 227
1725396900955 23.851016556639635 228
1725396900984 22.504866218754188 229
1725396901007 21.837168458676942 230
1725396901039 20.944423709274364 231
1725396901057 20.708263703052417 232
1725396901071 20.476504754747662 233
1725396901084 20.907807585658453 234
1725396901097 20.288958761842487 235
1725396901110 20.101875258372797 236
1725396901123 21.129925641710685 237
1725396901136 20.449350516497816 238
1725396901160 19.52892657125184 239
1725396901179 19.05746922270828 240
1725396901197 19.674241506804417 241
1725396901216 20.246194117119767 242
1725396901234 19.035529461979976 243
1725396901253 18.802688302680505 244
1725396901274 20.062072456466655 245
1725396901288 19.006392598274832 246
1725396901305 20.58495443918717 247
1725396901318 18.444956124580496 248
1725396901331 17.20753112279476 249
1725396901349 19.27334566002642 250
1725396901366 18.152965355098566 251
1725396901385 17.71768220765414 252
1725396901417 17.45684494365494 253
1725396901448 17.482037763862387 254
1725396901476 18.09141752449082 255
1725396901510 16.91359125796508 256
1725396901540 16.58964507943097 257
1725396901565 17.446302348487563 258
1725396901594 17.247323629472024 259
1725396901625 17.554710896216 260
1725396901654 16.86388304805143 261
1725396901684 17.062108914828308 262
1725396901716 15.95524300914111 263
1725396901748 15.318780732037276 264
1725396901783 14.936695954862149 265
1725396901813 15.443046541886533 266
1725396901843 14.599137818269996 267
1725396901875 16.210376659403778 268
1725396901910 14.950011319509116 269
1725396901940 15.336221205102559 270
1725396901970 15.714192704356476 271
1725396902003 14.565591792373938 272
1725396902034 14.710451831527878 273
1725396902064 14.274475480525625 274
1725396902095 15.634149809699789 275
1725396902125 14.544005521367298 276
1725396902152 14.075772614885492 277
1725396902180 14.088514221443875 278
1725396902211 14.877517931118884 279
1725396902239 14.454202411794109 280
1725396902272 13.916457244490374 281
1725396902303 13.706487305270398 282
1725396902334 13.42971675640063 283
1725396902373 13.868057153481903 284
1725396902402 13.031762832064844 285
1725396902433 13.156704892793591 286
1725396902464 13.389691823937781 287
1725396902492 13.754755728332592 288
1725396902523 12.640984783847236 289
1725396902557 13.287767395985306 290
1725396902588 13.453338510996696 291
1725396902618 12.643780738079013 292
1725396902650 12.606203829103634 293
1725396902681 12.879501625648631 294
1725396902712 12.40434681497853 295
1725396902743 12.058938744808243 296
1725396902774 12.052700214806343 297
1725396902804 12.093214565780452 298
1725396902835 11.88199769604552 299
1725396902866 12.400078989612716 300
1725396902902 12.070970420078185 301
1725396902934 11.409928841460252 302
1725396902968 11.974860026143606 303
1725396902999 11.061888431918696 304
1725396903031 11.013968909385635 305
1725396903062 10.609515087388921 306
1725396903092 11.458849005218195 307
1725396903122 11.691027348303189 308
1725396903149 10.96292522065074 309
1725396903179 10.93908870680648 310
1725396903208 10.757577924405608 311
1725396903235 10.468111616534562 312
1725396903261 10.858146536718298 313
1725396903293 10.44657089603647 314
1725396903322 10.22830285576196 315
1725396903345 10.529782565302238 316
1725396903375 10.404877361090287 317
1725396903407 10.342151351492827 318
1725396903438 10.719965256023716 319
1725396903468 9.682550659840402 320
1725396903500 9.343684812186476 321
1725396903530 9.903874547875162 322
1725396903560 9.903596596165006 323
1725396903592 9.931198042268893 324
1725396903622 9.298701911520473 325
1725396903654 9.914392409767197 326
1725396903686 9.944387691819392 327
1725396903719 9.47490571960883 328
1725396903749 9.75138805752696 329
1725396903775 9.187572773713251 330
1725396903803 8.346740059835627 331
1725396903833 8.554547631989237 332
1725396903868 9.606464309770379 333
1725396903896 8.754790901372777 334
1725396903929 9.083505910638689 335
1725396903959 8.898443414343955 336
1725396903990 8.316122709848715 337
1725396904019 9.01578986020042 338
1725396904048 8.157724099018717 339
1725396904077 8.916643500882124 340
1725396904108 8.935544648103273 341
1725396904136 8.481440706567213 342
1725396904161 8.694832487019992 343
1725396904187 8.874996233387598 344
1725396904217 8.366004355359767 345
1725396904250 8.503682314471915 346
1725396904279 7.4138915501110745 347
1725396904309 7.724359191813832 348
1725396904345 8.142637336663357 349
1725396904371 7.723791357573877 350
1725396904405 7.510343048943693 351
1725396904435 6.940049938042821 352
1725396904465 7.9700920494270795 353
1725396904495 7.436907270015965 354
1725396904528 7.4709285359370305 355
1725396904561 7.2165083265592465 356
1725396904591 7.427352706343548 357
1725396904622 7.435224527361889 358
1725396904653 7.159328105156167 359
1725396904685 6.752355703773178 360
1725396904715 6.895913327614084 361
1725396904751 6.803926992941407 362
1725396904778 6.421536958955052 363
1725396904808 7.14267943259424 364
1725396904837 6.740651061831195 365
1725396904866 6.374133821242197 366
1725396904896 6.929003654507781 367
1725396904931 7.327536502517863 368
1725396904961 6.717564947580057 369
1725396904989 6.211162298767348 370
1725396905021 6.539253122713578 371
1725396905051 6.272107868760079 372
1725396905081 6.0068080527198475 373
1725396905112 6.058682650143082 374
1725396905145 6.517890439784877 375
1725396905176 6.115936172786544 376
1725396905207 5.92382334079755 377
1725396905239 5.881264175340501 378
1725396905267 5.834287673887026 379
1725396905297 5.893959980775405 380
1725396905326 6.146098865258052 381
1725396905356 6.099474399554705 382
1725396905385 6.616566977610421 383
1725396905418 6.072506583087491 384
1725396905447 5.646785762679395 385
1725396905480 6.02593801273137 386
1725396905509 5.018041640614753 387
1725396905541 5.539164431394803 388
1725396905568 5.433414675706109 389
1725396905592 4.993623338418113 390
1725396905623 5.28187376304562 391
1725396905654 5.374176425498996 392
1725396905686 5.3413802961725905 393
1725396905715 6.044224504011658 394
1725396905747 5.301512474822904 395
1725396905774 5.4393497951566845 396
1725396905805 5.4237411622050296 397
1725396905836 5.771808888457441 398
1725396905866 5.357675302814052 399
1725396905897 5.111795152117819 400
1725396905937 5.081962828080137 401
1725396905965 4.464774181867834 402
1725396905995 5.70281335035721 403
1725396906030 4.697134399908411 404
1725396906065 4.433623215366747 405
1725396906091 5.155634442046916 406
1725396906122 4.461469072883684 407
1725396906146 4.516628220659679 408
1725396906173 4.482893429323174 409
1725396906200 4.042662431300028 410
1725396906232 4.590592061291336 411
1725396906263 4.928570567874001 412
1725396906293 4.462283376410941 413
1725396906323 4.264509290248868 414
1725396906354 4.41554792916492 415
1725396906382 4.878608115988005 416
1725396906413 4.294094764581347 417
1725396906444 4.264180366954147 418
1725396906473 3.895764025286303 419
1725396906504 4.15871696525682 420
1725396906534 4.269979071071483 421
1725396906566 4.28453783757585 422
1725396906597 4.618558637395502 423
1725396906629 4.425176515402554 424
1725396906661 4.234898221884144 425
1725396906693 3.861270604134303 426
1725396906723 4.028601598085784 427
1725396906753 4.049530208920013 428
1725396906783 3.823404219097688 429
1725396906811 4.1876903228951425 430
1725396906843 3.8488964721667798 431
1725396906876 3.6370076138525973 432
1725396906907 4.083933463695871 433
1725396906941 3.682775960575933 434
1725396906973 4.164441062604855 435
1725396907003 3.896489633434998 436
1725396907035 3.499703565802444 437
1725396907065 3.5899133916047834 438
1725396907097 3.365325220341985 439
1725396907127 3.7070973439613164 440
1725396907163 3.596164087391139 441
1725396907194 3.493627840957447 442
1725396907226 3.502234231539656 443
1725396907256 3.2801728289128977 444
1725396907286 3.362053337671271 445
1725396907316 3.270077319896244 446
1725396907346 3.3571572567681485 447
1725396907376 3.179858047554192 448
1725396907408 3.218887015176984 449
1725396907439 3.657197409374965 450
1725396907470 3.3398312678579076 451
1725396907502 3.141179454039053 452
1725396907533 3.386818521540895 453
1725396907566 3.0457424747915924 454
1725396907596 3.345782150617309 455
1725396907628 3.2388007610538376 456
1725396907659 3.4090976895090517 457
1725396907693 3.006991921065383 458
1725396907723 2.906818279382407 459
1725396907754 3.198905101685417 460
1725396907786 3.082900091402369 461
1725396907817 3.1239616595108033 462
1725396907849 3.2253895097417398 463
1725396907874 3.216120772359589 464
1725396907905 2.9004607366367665 465
1725396907936 2.5826032276654214 466
1725396907971 2.918173202416416 467
1725396908000 3.0259897497501815 468
1725396908031 2.8330892458278965 469
1725396908063 2.9362756229928197 470
1725396908097 2.873981716261738 471
1725396908127 2.78037246616542 472
1725396908159 2.680774931577215 473
1725396908189 2.930044411687531 474
1725396908217 2.6122264275053566 475
1725396908241 2.7484007497449916 476
1725396908271 2.61243766343867 477
1725396908303 2.980531524613591 478
1725396908335 2.471374530500212 479
1725396908365 2.243874098113027 480
1725396908393 2.5834915872763173 481
1725396908420 2.65074663200737 482
1725396908444 2.6850164332027657 483
1725396908472 2.524500295727165 484
1725396908502 2.5928861991833787 485
1725396908532 2.4555292429830633 486
1725396908563 2.6032064681814666 487
1725396908593 2.5538808830359394 488
1725396908624 2.4529552789460567 489
1725396908655 2.354432592700685 490
1725396908688 2.264736735983043 491
1725396908718 2.3623206606645724 492
1725396908748 1.9344489255511437 493
1725396908770 2.310559530418045 494
1725396908783 2.2203918461248673 495
1725396908799 2.4166262724739487 496
1725396908817 2.3167500125744076 497
1725396908834 1.9226118710651885 498
1725396908850 2.1890146197234173 499
