1725340734328 nan 0
1725340734354 nan 1
1725340734403 nan 2
1725340734423 nan 3
1725340734442 nan 4
1725340734457 nan 5
1725340734474 nan 6
1725340734492 nan 7
1725340734509 nan 8
1725340734526 nan 9
1725340734544 nan 10
1725340734564 nan 11
1725340734583 nan 12
1725340734602 nan 13
1725340734619 nan 14
1725340734638 nan 15
1725340734662 nan 16
1725340734681 nan 17
1725340734699 nan 18
1725340734718 nan 19
1725340734737 nan 20
1725340734756 nan 21
1725340734775 nan 22
1725340734795 nan 23
1725340734819 nan 24
1725340734839 nan 25
1725340734861 nan 26
1725340734881 nan 27
1725340734899 nan 28
1725340734917 nan 29
1725340734940 nan 30
1725340734962 nan 31
1725340734999 nan 32
1725340735026 nan 33
1725340735049 nan 34
1725340735078 nan 35
1725340735095 nan 36
1725340735114 nan 37
1725340735133 nan 38
1725340735151 nan 39
1725340735169 nan 40
1725340735186 nan 41
1725340735201 nan 42
1725340735217 nan 43
1725340735233 nan 44
1725340735247 nan 45
1725340735262 nan 46
1725340735278 nan 47
1725340735293 nan 48
1725340735310 nan 49
1725340735327 nan 50
1725340735345 nan 51
1725340735361 nan 52
1725340735398 nan 53
1725340735424 nan 54
1725340735446 nan 55
1725340735481 nan 56
1725340735516 nan 57
1725340735546 nan 58
1725340735578 nan 59
1725340735604 nan 60
1725340735629 nan 61
1725340735650 nan 62
1725340735669 nan 63
1725340735688 nan 64
1725340735705 nan 65
1725340735723 nan 66
1725340735740 nan 67
1725340735759 nan 68
1725340735776 nan 69
1725340735792 nan 70
1725340735810 nan 71
1725340735827 nan 72
1725340735845 nan 73
1725340735862 nan 74
1725340735885 nan 75
1725340735903 nan 76
1725340735920 nan 77
1725340735941 nan 78
1725340735959 nan 79
1725340735976 nan 80
1725340736017 nan 81
1725340736035 nan 82
1725340736053 nan 83
1725340736069 nan 84
1725340736083 nan 85
1725340736099 nan 86
1725340736114 nan 87
1725340736129 nan 88
1725340736144 nan 89
1725340736159 nan 90
1725340736176 nan 91
1725340736238 nan 92
1725340736256 nan 93
1725340736270 nan 94
1725340736283 nan 95
1725340736289 nan 96
1725340736297 nan 97
1725340736303 nan 98
1725340736320 nan 99
1725340736337 nan 100
1725340736353 nan 101
1725340736370 nan 102
1725340736387 nan 103
1725340736405 nan 104
1725340736421 nan 105
1725340736438 nan 106
1725340736455 nan 107
1725340736470 nan 108
1725340736488 nan 109
1725340736505 nan 110
1725340736523 nan 111
1725340736537 nan 112
1725340736553 nan 113
1725340736569 nan 114
1725340736586 nan 115
1725340736604 nan 116
1725340736620 nan 117
1725340736637 nan 118
1725340736656 nan 119
1725340736676 nan 120
1725340736692 nan 121
1725340736710 nan 122
1725340736727 nan 123
1725340736744 nan 124
1725340736760 nan 125
1725340736777 nan 126
1725340736794 nan 127
1725340736811 nan 128
1725340736827 nan 129
1725340736842 nan 130
1725340736857 nan 131
1725340736872 nan 132
1725340736888 nan 133
1725340736903 nan 134
1725340736918 nan 135
1725340736933 nan 136
1725340736952 nan 137
1725340736971 nan 138
1725340736987 nan 139
1725340737019 nan 140
1725340737044 nan 141
1725340737066 nan 142
1725340737091 nan 143
1725340737117 nan 144
1725340737142 nan 145
1725340737164 nan 146
1725340737186 nan 147
1725340737208 nan 148
1725340737228 nan 149
1725340737248 nan 150
1725340737268 nan 151
1725340737288 nan 152
1725340737307 nan 153
1725340737323 nan 154
1725340737340 nan 155
1725340737357 nan 156
1725340737372 nan 157
1725340737388 nan 158
1725340737405 nan 159
1725340737421 nan 160
1725340737440 nan 161
1725340737461 nan 162
1725340737484 nan 163
1725340737505 nan 164
1725340737525 nan 165
1725340737549 nan 166
1725340737568 nan 167
1725340737586 nan 168
1725340737605 nan 169
1725340737624 nan 170
1725340737641 nan 171
1725340737658 nan 172
1725340737676 nan 173
1725340737694 nan 174
1725340737715 nan 175
1725340737734 nan 176
1725340737758 nan 177
1725340737774 nan 178
1725340737790 nan 179
1725340737810 nan 180
1725340737828 nan 181
1725340737845 nan 182
1725340737862 nan 183
1725340737879 nan 184
1725340737899 nan 185
1725340737916 nan 186
1725340737934 nan 187
1725340737952 nan 188
1725340737969 nan 189
1725340737986 nan 190
1725340738003 nan 191
1725340738041 nan 192
1725340738064 nan 193
1725340738080 nan 194
1725340738098 nan 195
1725340738115 nan 196
1725340738131 nan 197
1725340738146 nan 198
1725340738161 nan 199
1725340738177 nan 200
1725340738192 nan 201
1725340738210 nan 202
1725340738227 nan 203
1725340738244 nan 204
1725340738261 nan 205
1725340738282 nan 206
1725340738302 nan 207
1725340738317 nan 208
1725340738334 nan 209
1725340738352 nan 210
1725340738369 nan 211
1725340738384 nan 212
1725340738399 nan 213
1725340738416 nan 214
1725340738434 nan 215
1725340738449 nan 216
1725340738465 nan 217
1725340738480 nan 218
1725340738495 nan 219
1725340738510 nan 220
1725340738527 nan 221
1725340738543 nan 222
1725340738558 nan 223
1725340738573 nan 224
1725340738589 nan 225
1725340738604 nan 226
1725340738620 nan 227
1725340738635 nan 228
1725340738649 nan 229
1725340738664 nan 230
1725340738684 nan 231
1725340738700 nan 232
1725340738723 nan 233
1725340738738 nan 234
1725340738754 nan 235
1725340738771 nan 236
1725340738789 nan 237
1725340738804 nan 238
1725340738820 nan 239
1725340738835 nan 240
1725340738851 nan 241
1725340738866 nan 242
1725340738881 nan 243
1725340738896 nan 244
1725340738912 nan 245
1725340738927 nan 246
1725340738943 nan 247
1725340738959 nan 248
1725340738975 nan 249
1725340738991 nan 250
1725340739010 nan 251
1725340739026 nan 252
1725340739044 nan 253
1725340739077 nan 254
1725340739093 nan 255
1725340739109 nan 256
1725340739125 nan 257
1725340739142 nan 258
1725340739160 nan 259
1725340739177 nan 260
1725340739196 nan 261
1725340739214 nan 262
1725340739231 nan 263
1725340739248 nan 264
1725340739266 nan 265
1725340739282 nan 266
1725340739300 nan 267
1725340739316 nan 268
1725340739333 nan 269
1725340739350 nan 270
1725340739368 nan 271
1725340739387 nan 272
1725340739404 nan 273
1725340739422 nan 274
1725340739438 nan 275
1725340739453 nan 276
1725340739468 nan 277
1725340739483 nan 278
1725340739498 nan 279
1725340739513 nan 280
1725340739528 nan 281
1725340739544 nan 282
1725340739559 nan 283
1725340739576 nan 284
1725340739596 nan 285
1725340739611 nan 286
1725340739628 nan 287
1725340739648 nan 288
1725340739666 nan 289
1725340739684 nan 290
1725340739707 nan 291
1725340739729 nan 292
1725340739750 nan 293
1725340739773 nan 294
1725340739790 nan 295
1725340739813 nan 296
1725340739855 nan 297
1725340739886 nan 298
1725340739915 nan 299
1725340739941 nan 300
1725340739962 nan 301
1725340739987 nan 302
1725340740019 nan 303
1725340740048 nan 304
1725340740087 nan 305
1725340740106 nan 306
1725340740124 nan 307
1725340740141 nan 308
1725340740159 nan 309
1725340740175 nan 310
1725340740196 nan 311
1725340740218 nan 312
1725340740244 nan 313
1725340740262 nan 314
1725340740279 nan 315
1725340740302 nan 316
1725340740326 nan 317
1725340740350 nan 318
1725340740369 nan 319
1725340740391 nan 320
1725340740412 nan 321
1725340740434 nan 322
1725340740454 nan 323
1725340740476 nan 324
1725340740498 nan 325
1725340740519 nan 326
1725340740537 nan 327
1725340740558 nan 328
1725340740578 nan 329
1725340740617 nan 330
1725340740638 nan 331
1725340740664 nan 332
1725340740691 nan 333
1725340740717 nan 334
1725340740742 nan 335
1725340740763 nan 336
1725340740783 nan 337
1725340740803 nan 338
1725340740822 nan 339
1725340740841 nan 340
1725340740862 nan 341
1725340740883 nan 342
1725340740904 nan 343
1725340740927 nan 344
1725340740954 nan 345
1725340740978 nan 346
1725340741004 nan 347
1725340741035 nan 348
1725340741059 nan 349
1725340741077 nan 350
1725340741113 nan 351
1725340741131 nan 352
1725340741147 nan 353
1725340741165 nan 354
1725340741181 nan 355
1725340741198 nan 356
1725340741216 nan 357
1725340741233 nan 358
1725340741252 nan 359
1725340741268 nan 360
1725340741285 nan 361
1725340741304 nan 362
1725340741323 nan 363
1725340741341 nan 364
1725340741359 nan 365
1725340741376 nan 366
1725340741392 nan 367
1725340741411 nan 368
1725340741427 nan 369
1725340741443 nan 370
1725340741461 nan 371
1725340741478 nan 372
1725340741497 nan 373
1725340741515 nan 374
1725340741534 nan 375
1725340741551 nan 376
1725340741566 nan 377
1725340741585 nan 378
1725340741604 nan 379
1725340741623 nan 380
1725340741644 nan 381
1725340741664 nan 382
1725340741683 nan 383
1725340741704 nan 384
1725340741722 nan 385
1725340741741 nan 386
1725340741758 nan 387
1725340741777 nan 388
1725340741795 nan 389
1725340741815 nan 390
1725340741832 nan 391
1725340741851 nan 392
1725340741871 nan 393
1725340741893 nan 394
1725340741912 nan 395
1725340741936 nan 396
1725340741967 nan 397
1725340741992 nan 398
1725340742016 nan 399
1725340742041 nan 400
1725340742069 nan 401
1725340742086 nan 402
1725340742103 nan 403
1725340742139 nan 404
1725340742157 nan 405
1725340742174 nan 406
1725340742190 nan 407
1725340742211 nan 408
1725340742232 nan 409
1725340742258 nan 410
1725340742278 nan 411
1725340742301 nan 412
1725340742318 nan 413
1725340742334 nan 414
1725340742350 nan 415
1725340742368 nan 416
1725340742383 nan 417
1725340742400 nan 418
1725340742419 nan 419
1725340742438 nan 420
1725340742458 nan 421
1725340742479 nan 422
1725340742504 nan 423
1725340742521 nan 424
1725340742543 nan 425
1725340742572 nan 426
1725340742588 nan 427
1725340742603 nan 428
1725340742619 nan 429
1725340742635 nan 430
1725340742649 nan 431
1725340742665 nan 432
1725340742681 nan 433
1725340742697 nan 434
1725340742722 nan 435
1725340742738 nan 436
1725340742754 nan 437
1725340742771 nan 438
1725340742788 nan 439
1725340742804 nan 440
1725340742820 nan 441
1725340742845 nan 442
1725340742863 nan 443
1725340742881 nan 444
1725340742898 nan 445
1725340742914 nan 446
1725340742931 nan 447
1725340742947 nan 448
1725340742968 nan 449
1725340742984 nan 450
1725340742999 nan 451
1725340743015 nan 452
1725340743031 nan 453
1725340743046 nan 454
1725340743062 nan 455
1725340743077 nan 456
1725340743098 nan 457
1725340743113 nan 458
1725340743154 nan 459
1725340743172 nan 460
1725340743189 nan 461
1725340743207 nan 462
1725340743222 nan 463
1725340743238 nan 464
1725340743252 nan 465
1725340743267 nan 466
1725340743283 nan 467
1725340743298 nan 468
1725340743314 nan 469
1725340743330 nan 470
1725340743347 nan 471
1725340743364 nan 472
1725340743380 nan 473
1725340743397 nan 474
1725340743415 nan 475
1725340743433 nan 476
1725340743450 nan 477
1725340743465 nan 478
1725340743480 nan 479
1725340743496 nan 480
1725340743511 nan 481
1725340743526 nan 482
1725340743542 nan 483
1725340743558 nan 484
1725340743573 nan 485
1725340743590 nan 486
1725340743606 nan 487
1725340743622 nan 488
1725340743639 nan 489
1725340743655 nan 490
1725340743671 nan 491
1725340743687 nan 492
1725340743704 nan 493
1725340743721 nan 494
1725340743739 nan 495
1725340743755 nan 496
1725340743774 nan 497
1725340743790 nan 498
1725340743808 nan 499
