1725360793239 71.18455944323254 0
1725360793315 22.65866386594889 1
1725360793382 11.162465627875932 2
1725360793494 6.300948898740224 3
1725360793574 2.2751145337920065 4
1725360793644 0.9593448433435836 5
1725360793723 0.43360857201386716 6
1725360793787 0.5281993245041392 7
1725360793870 0.000265586798182072 8
1725360793933 0.008124500931716275 9
1725360794007 0.024632484207243923 10
1725360794074 0.3561956580508218 11
1725360794151 0.0021156459616128312 12
1725360794214 0.41393711708160963 13
1725360794275 0.03539067445395256 14
1725360794334 0.0457939709053365 15
1725360794451 0.021967136694583857 16
1725360794514 0.03109308962837123 17
1725360794572 0.0334433675542969 18
1725360794630 0.200081595029271 19
1725360794687 0.01700291386222215 20
1725360794756 0.06828604001354316 21
1725360794828 0.03699896591719286 22
1725360794892 0.2793839914996013 23
1725360794964 0.07330936598543762 24
1725360795033 0.017829765745261995 25
1725360795096 0.08781904350716047 26
1725360795158 0.02925619656542185 27
1725360795231 0.00933211087331101 28
1725360795303 0.1011782315056161 29
1725360795370 0.20925436432863 30
1725360795441 0.04235786060651201 31
1725360795507 0.09322911456361452 32
1725360795580 0.037613467062426145 33
1725360795658 0.2062456080249933 34
1725360795734 0.0005862733081710543 35
1725360795809 0.10888389409573208 36
1725360795879 0.11296930104640068 37
1725360795958 0.08032322420335775 38
1725360796019 0.3284978093226851 39
1725360796083 0.013831496540180647 40
1725360796153 0.1669910651729696 41
1725360796219 0.10977035834181212 42
1725360796280 0.06930235621180252 43
1725360796363 0.15982988433880096 44
1725360796431 0.2557491132607235 45
1725360796509 0.3393061834851485 46
1725360796572 0.029783431367687685 47
1725360796632 0.16037275474982518 48
1725360796694 0.05833833682202607 49
1725360796753 0.18072240452641405 50
1725360796819 0.16253444987350738 51
1725360796876 0.08456223890297272 52
1725360796946 0.012164952451332629 53
1725360797013 0.21837873180962666 54
1725360797089 0.011076766613945823 55
1725360797161 0.04823396590002814 56
1725360797228 0.00014513627536910052 57
1725360797293 0.18370599854623273 58
1725360797367 0.1520226275703306 59
1725360797435 0.013990437554865025 60
1725360797516 0.036977066734661654 61
1725360797593 0.003012477270063338 62
1725360797669 0.29978585561485177 63
1725360797738 0.05319901214493349 64
1725360797801 0.0002204283309672278 65
1725360797864 0.23542820167050887 66
1725360797936 0.3029607118877756 67
1725360797999 0.006836076860517648 68
1725360798076 0.07442927507547385 69
1725360798145 0.05592869394358167 70
1725360798211 0.2999602797862985 71
1725360798288 0.18394687463166123 72
1725360798357 0.027172251278564617 73
1725360798434 0.0036517648734506153 74
1725360798498 0.06735252821193068 75
1725360798552 0.3719488000636502 76
1725360798611 0.03961322056726954 77
1725360798676 0.39504327482570994 78
1725360798736 0.12839691736654946 79
1725360798813 0.049160700345329794 80
1725360798876 0.31449032850698133 81
1725360798933 0.18042161256066266 82
1725360799007 0.005077792313084046 83
1725360799082 0.02707089848171525 84
1725360799147 0.021847458015389964 85
1725360799220 0.013723552094030669 86
1725360799288 0.0291207524192136 87
1725360799345 0.39118847024359255 88
1725360799408 0.03217619619717481 89
1725360799471 0.08488500714709961 90
1725360799545 0.02189866331402557 91
1725360799614 0.17493834536955538 92
1725360799696 0.11738105064821665 93
1725360799772 0.01641014384286599 94
1725360799837 0.11175565352831462 95
1725360799909 0.004468669761550685 96
1725360799967 0.38972497623970886 97
1725360800043 0.0028154151873021793 98
1725360800110 0.31557345388712743 99
1725360800176 0.018317753609400102 100
1725360800246 3.048658278042421e-05 101
1725360800317 0.10418134288912509 102
1725360800381 0.05772162065648026 103
1725360800439 0.0669091752669052 104
1725360800512 0.22728845176795864 105
1725360800571 0.02828031719381984 106
1725360800622 1.1932282452549534 107
1725360800679 0.14374132777282098 108
1725360800754 0.1727971616266442 109
1725360800821 0.031259951532158436 110
1725360800884 0.02974847330581552 111
1725360800940 4.224492647073791e-05 112
1725360801038 0.02821824235124279 113
1725360801122 0.141273957978053 114
1725360801188 0.01759406462991671 115
1725360801256 0.03049348459528488 116
1725360801335 0.848205083190327 117
1725360801405 0.007356599209344978 118
1725360801473 0.0031842240622774877 119
1725360801547 0.5553189529828872 120
1725360801613 0.79783055333197 121
1725360801671 0.012138193397139141 122
1725360801738 0.11733731348015791 123
1725360801807 0.02982022395231586 124
1725360801870 0.004229159661839167 125
1725360801936 0.004195806204890654 126
1725360802009 0.03570777515447736 127
1725360802080 0.10107199618958848 128
1725360802143 0.03751800738147135 129
1725360802200 0.12882130752784643 130
1725360802265 0.1930083870757874 131
1725360802344 0.5683932719059009 132
1725360802401 0.03215086060005219 133
1725360802466 1.01716140736846 134
1725360802531 0.2764681106232947 135
1725360802600 0.0005691077623202644 136
1725360802666 0.1660709202300262 137
1725360802723 0.07820593800450165 138
1725360802810 0.03714561843845909 139
1725360802880 0.4707449287666081 140
1725360802953 0.00014165233693609342 141
1725360803028 0.23578372351069343 142
1725360803095 0.04404625780424577 143
1725360803183 0.12162287099980944 144
1725360803280 0.014367796817430535 145
1725360803344 0.08400833158232716 146
1725360803412 0.15707892139950022 147
1725360803476 0.05360717971539087 148
1725360803547 0.031474404513950505 149
1725360803617 0.0004954725396388114 150
1725360803677 0.027184768486309206 151
1725360803734 1.2197469713697968 152
1725360803803 0.028410248657060915 153
1725360803867 0.20600189994574453 154
1725360803939 0.01798205094302198 155
1725360804024 0.06228816391360229 156
1725360804094 0.018316932932313863 157
1725360804154 0.10357237897074567 158
1725360804214 0.056943863748632126 159
1725360804282 0.037307598591022596 160
1725360804361 0.0005864447406065983 161
1725360804439 0.2219954100153358 162
1725360804503 3.529115511174975e-05 163
1725360804563 0.1055715488362935 164
1725360804625 0.1324153645784214 165
1725360804690 0.00770886451350228 166
1725360804759 0.0627644446975791 167
1725360804837 0.001569053717748188 168
1725360804901 1.9997779921567526e-05 169
1725360804982 0.0009369545137616338 170
1725360805043 0.002774956308847132 171
1725360805102 0.08806099198040122 172
1725360805168 0.05812227175904008 173
1725360805250 0.10684091133755011 174
1725360805316 0.004159999710549305 175
1725360805380 0.03770495502885537 176
1725360805456 0.014457827243596169 177
1725360805525 0.27535198081582557 178
1725360805594 0.07712787299623969 179
1725360805661 0.20625954448202286 180
1725360805720 0.20036803380883603 181
1725360805787 0.07289364145085668 182
1725360805851 0.12784969422505035 183
1725360805914 0.03711140040597043 184
1725360805971 0.01275055366972628 185
1725360806034 0.010000171514703539 186
1725360806092 0.02224222340524277 187
1725360806158 0.09484114636119176 188
1725360806240 0.02237738623622017 189
1725360806315 0.016386940676098444 190
1725360806378 0.000173776970698012 191
1725360806463 0.00901453337118783 192
1725360806540 0.1746633679605157 193
1725360806616 0.3695577632935908 194
1725360806694 0.021641287911268677 195
1725360806761 0.0914964285596847 196
1725360806828 0.20355152429905574 197
1725360806890 0.07243815151643788 198
1725360806965 0.3091202266798281 199
1725360807034 0.017398335191757895 200
1725360807089 0.11516913652844879 201
1725360807146 0.09671041535232046 202
1725360807202 0.006812240029077366 203
1725360807269 0.29384655874285953 204
1725360807340 0.022064648450403717 205
1725360807412 0.0021624559882400148 206
1725360807470 0.10855652213143566 207
1725360807532 0.020457620176028465 208
1725360807592 0.03625556009533455 209
1725360807658 0.020260224443159915 210
1725360807719 0.0747878992504164 211
1725360807783 0.005707794701825599 212
1725360807840 0.013958006347396832 213
1725360807919 0.15945558295296944 214
1725360807985 0.16025378202006782 215
1725360808060 0.0376616333706561 216
1725360808120 0.13668695446844545 217
1725360808182 0.021675061101860335 218
1725360808242 0.9185593139696244 219
1725360808316 0.04377442575617221 220
1725360808396 0.01941906064407221 221
1725360808461 0.004624102211032473 222
1725360808522 0.03648528293946628 223
1725360808590 0.0003201611153267772 224
1725360808662 0.08845355810644931 225
1725360808729 0.33597494758136826 226
1725360808794 0.2742813809170367 227
1725360808851 0.013022683199309349 228
1725360808909 0.5454836721986719 229
1725360808972 0.10655089585830521 230
1725360809041 0.062290887419839056 231
1725360809112 0.022653808711049776 232
1725360809186 0.03717008504594068 233
1725360809264 0.052823114197770034 234
1725360809342 0.16186424154762816 235
1725360809410 0.39732330454783993 236
1725360809484 0.0034316603226838545 237
1725360809549 0.264028097714678 238
1725360809616 0.37554268709182065 239
1725360809690 0.020580710270181192 240
1725360809768 0.03408940656388889 241
1725360809839 0.016354133029058502 242
1725360809922 0.07347551541549636 243
1725360809996 0.019256796657539262 244
1725360810067 0.19475235208734334 245
1725360810148 0.00041174251796695057 246
1725360810220 0.8579975951798493 247
1725360810286 0.003463787040839887 248
1725360810348 0.006994274410912694 249
1725360810424 0.34435710381364176 250
1725360810488 0.011191707477584339 251
1725360810555 0.12700090710837164 252
1725360810618 0.30450669033769145 253
1725360810694 0.3822016616719516 254
1725360810751 0.04754499201709433 255
1725360810819 0.04716365397829522 256
1725360810887 0.07657779030450142 257
1725360810952 0.06919699663423229 258
1725360811018 0.09364749344156131 259
1725360811077 0.0006547183515692581 260
1725360811147 0.00018653000478549344 261
1725360811217 0.38712939624179304 262
1725360811287 0.00030339183676808735 263
1725360811354 0.20109656215195576 264
1725360811415 0.0926258914430222 265
1725360811473 0.3284017404564111 266
1725360811537 0.15879487772921946 267
1725360811608 0.013684846396273587 268
1725360811671 0.2607158954442593 269
1725360811729 0.022898636980707376 270
1725360811797 0.2143750816466312 271
1725360811874 0.05047175076263357 272
1725360811934 0.03266867822337615 273
1725360811995 0.06934243162345524 274
1725360812054 0.04840046050953964 275
1725360812113 8.952025857266733e-05 276
1725360812182 0.15746474687181553 277
1725360812257 0.018459181315209468 278
1725360812319 0.12267051859068512 279
1725360812389 0.008598323178670415 280
1725360812452 0.0013457691217630312 281
1725360812516 0.004793527500482964 282
1725360812588 0.010527607533095664 283
1725360812657 0.27205180013813934 284
1725360812726 0.009760905861454248 285
1725360812789 0.011607886931797783 286
1725360812854 0.029723750648202665 287
1725360812925 0.19972288555784443 288
1725360812993 0.7091748229416419 289
1725360813054 0.0020229973519284646 290
1725360813125 0.00788650600908934 291
1725360813192 0.009048771793426566 292
1725360813258 0.30929654774595633 293
1725360813326 0.01769465972785182 294
1725360813394 0.09616738427583756 295
1725360813465 0.010956513402629278 296
1725360813539 0.36923479448025615 297
1725360813615 0.02149597609529894 298
1725360813678 0.016024854426091542 299
1725360813741 0.00374787398396715 300
1725360813807 0.27264205144405923 301
1725360813881 0.0062028228312386875 302
1725360813959 0.056415746107220305 303
1725360814036 0.11688194470101079 304
1725360814091 0.14715117810241363 305
1725360814166 0.0005665337718068526 306
1725360814236 0.13363672792968 307
1725360814302 0.013737160381907502 308
1725360814349 0.07992368457228287 309
1725360814411 0.033111433882584945 310
1725360814491 0.008922476615367771 311
1725360814567 0.04960529291633454 312
1725360814632 0.12126753825700372 313
1725360814702 0.02797739177690496 314
1725360814766 0.7299586813549812 315
1725360814831 0.3845916065231939 316
1725360814902 0.1673724542436714 317
1725360814967 0.05406261343821117 318
1725360815034 0.01198270990159662 319
1725360815087 0.0024160524042624687 320
1725360815143 0.055844198771189964 321
1725360815201 0.01876857145243276 322
1725360815270 0.00011806477755218395 323
1725360815328 0.08741016656062574 324
1725360815390 0.06380646162489706 325
1725360815437 0.029780405474103572 326
1725360815491 0.1617241652818315 327
1725360815547 0.00012139040632142357 328
1725360815625 0.09630293148619833 329
1725360815698 0.04411721180676634 330
1725360815770 0.20324697386506724 331
1725360815850 0.16697299977989064 332
1725360815925 0.08051845896574264 333
1725360815984 0.0012252581061896722 334
1725360816059 0.1319211107687818 335
1725360816133 0.017438206861407582 336
1725360816214 0.00756124283448272 337
1725360816286 0.005356197140863914 338
1725360816360 0.28966293640988994 339
1725360816438 0.23413593919103143 340
1725360816514 0.009695658811519748 341
1725360816576 0.1375701297290929 342
1725360816644 0.11037115779576316 343
1725360816710 0.01834786332707579 344
1725360816766 0.2864722785495228 345
1725360816844 0.16698257031613165 346
1725360816915 0.027989466747910845 347
1725360816994 0.20019614585944445 348
1725360817062 0.025814748688228268 349
1725360817119 0.41067926953287753 350
1725360817183 0.018286490824473835 351
1725360817235 0.0005685694768979396 352
1725360817285 0.2286940363918602 353
1725360817345 0.035965434102035 354
1725360817402 0.16045746020477153 355
1725360817451 0.022032823970502644 356
1725360817519 0.01189090914774965 357
1725360817595 0.21545943773189452 358
1725360817670 0.20184595558652588 359
1725360817748 0.05713924517220327 360
1725360817817 0.00921238871105118 361
1725360817888 0.39628283648863943 362
1725360817956 0.16758682323060253 363
1725360818039 0.0011263834493642514 364
1725360818111 0.00034870700575241137 365
1725360818184 0.006347444820858531 366
1725360818260 0.49512261129672863 367
1725360818325 0.0608581103727388 368
1725360818386 4.6356342870658096e-05 369
1725360818455 0.17406708680801333 370
1725360818518 0.198498947013167 371
1725360818585 0.04945201657481118 372
1725360818667 0.0708706772210059 373
1725360818738 0.08678258342530673 374
1725360818805 0.08196454144099599 375
1725360818873 0.07311419105338605 376
1725360818958 0.06835813529098332 377
1725360819039 0.06849464959800633 378
1725360819103 0.20156296820353364 379
1725360819167 0.004357041469183878 380
1725360819230 0.1251379930589403 381
1725360819300 0.015800285654277286 382
1725360819363 0.19419609318520933 383
1725360819447 0.8399950018525097 384
1725360819517 0.14555320425280724 385
1725360819602 0.28293072228795973 386
1725360819682 0.3697254057845952 387
1725360819752 0.014331573042990556 388
1725360819830 0.04417136510538732 389
1725360819898 0.215524272977308 390
1725360819976 0.013053673816019644 391
1725360820041 0.11537332721302886 392
1725360820107 0.0030659861466776437 393
1725360820175 0.318102824422111 394
1725360820251 0.009207752553728358 395
1725360820314 0.06688826638271424 396
1725360820395 0.17557030590897507 397
1725360820460 0.10049954616587052 398
1725360820532 7.404266749461974e-05 399
1725360820610 1.1490040859259236 400
1725360820678 0.04313997350971949 401
1725360820743 0.03888101914606526 402
1725360820820 0.10978883542044772 403
1725360820881 0.005438700425946312 404
1725360820958 0.005139634535804823 405
1725360821015 0.0005413520818352377 406
1725360821092 0.031184030653605227 407
1725360821155 0.06497332987047871 408
1725360821222 0.13821614981569189 409
1725360821294 9.927806639130335e-06 410
1725360821372 0.00553633719704513 411
1725360821440 0.18165623932129563 412
1725360821499 0.1436630507785238 413
1725360821561 0.008139104729952589 414
1725360821633 0.01940470019583594 415
1725360821699 0.03645094201209091 416
1725360821764 0.014024635222646737 417
1725360821834 0.25082936868471023 418
1725360821903 0.6459929163676383 419
1725360821976 0.036457237718411334 420
1725360822047 0.39484008251265795 421
1725360822117 0.5279140022046092 422
1725360822176 0.0010913542985262388 423
1725360822238 0.14377133460433175 424
1725360822300 0.007096368213501235 425
1725360822376 0.029068828839043902 426
1725360822451 0.049660500089094346 427
1725360822523 0.0006461735512807226 428
1725360822601 0.01081252379297248 429
1725360822663 0.10026317073427532 430
1725360822729 0.0267460538900875 431
1725360822802 0.03460264590315865 432
1725360822867 0.08785373076095783 433
1725360822943 0.033306517788169884 434
1725360823012 1.4568230323121687 435
1725360823086 0.08051710013753072 436
1725360823155 0.6026544444577385 437
1725360823220 0.016305729263833123 438
1725360823279 0.11304333945102456 439
1725360823349 1.1073507520979549 440
1725360823412 0.013304618296861638 441
1725360823472 0.015354233150335694 442
1725360823539 0.5496247316474657 443
1725360823609 0.11104420854692194 444
1725360823681 0.06516771577023397 445
1725360823756 0.17477169372151716 446
1725360823826 0.014498369735337637 447
1725360823892 0.26750375079128136 448
1725360823952 0.14366202540028064 449
1725360824004 0.021699979028746534 450
1725360824069 0.04862350323228997 451
1725360824138 0.2105027166159408 452
1725360824214 0.2520963334891767 453
1725360824279 0.04701843135002351 454
1725360824348 0.0015119944766561887 455
1725360824421 0.01136509204100171 456
1725360824491 0.07438439391965856 457
1725360824571 0.0004280979502702674 458
1725360824637 0.10006775694193433 459
1725360824703 0.07979296229954129 460
1725360824766 0.2007725787435265 461
1725360824840 0.19021334799026737 462
1725360824928 0.0003899837140872594 463
1725360825006 0.40482141617606965 464
1725360825097 0.009678004453345669 465
1725360825170 0.12172219508043364 466
1725360825241 0.009125840741084714 467
1725360825312 0.0007877344235046972 468
1725360825377 0.006736470620189086 469
1725360825443 0.1331084892521125 470
1725360825505 0.43766150210461713 471
1725360825583 0.004021271024680925 472
1725360825655 0.01570075291088234 473
1725360825721 0.03050887724793587 474
1725360825787 0.027805756844177198 475
1725360825839 0.16755631594030568 476
1725360825894 9.690984383246278e-05 477
1725360825963 0.36442143904521046 478
1725360826034 0.0118431236130581 479
1725360826116 0.016599459870259157 480
1725360826203 0.08513267973720544 481
1725360826279 0.0006052717193578615 482
1725360826363 0.12830727615076237 483
1725360826428 0.07402944667592429 484
1725360826505 0.08164561097649091 485
1725360826587 0.002527014444551193 486
1725360826668 0.0006070817934287308 487
1725360826737 0.017520941681909326 488
1725360826811 0.6414330249620587 489
1725360826877 0.04349007049447907 490
1725360826954 0.1454057878885591 491
1725360827032 0.02312742325877324 492
1725360827102 0.9132540555930367 493
1725360827164 0.13834294882438225 494
1725360827230 0.13196827021250027 495
1725360827303 0.002638896377096414 496
1725360827373 0.10605064443936252 497
1725360827453 7.802248012365276e-05 498
1725360827530 0.0015142802015510597 499
