1725396927089 69.67306869382908 0
1725396927120 30.21653500913993 1
1725396927157 12.1295633846182 2
1725396927184 5.041275387870595 3
1725396927214 2.4541707269686333 4
1725396927249 1.2010405168002027 5
1725396927278 0.44478975783888947 6
1725396927301 0.35034542668135177 7
1725396927333 0.2581146161576243 8
1725396927359 0.22263413510854177 9
1725396927384 0.10878879093372869 10
1725396927417 0.18864098856864506 11
1725396927448 0.15456447506675872 12
1725396927463 0.1565523070727572 13
1725396927476 0.0956769864031042 14
1725396927489 0.07992976018902463 15
1725396927502 0.14515547784018107 16
1725396927515 0.1254886328861766 17
1725396927528 0.13573181507037874 18
1725396927541 0.1663517849855066 19
1725396927556 0.12190255058732659 20
1725396927569 0.11778503005427023 21
1725396927587 0.12532886377379965 22
1725396927606 0.1572821657142473 23
1725396927624 0.13538144854261275 24
1725396927642 0.19367224789482232 25
1725396927662 0.1147947096861719 26
1725396927680 0.16687940898502732 27
1725396927698 0.15372555861429799 28
1725396927725 0.16165463458169999 29
1725396927746 0.1936843637462848 30
1725396927772 0.12321616335698575 31
1725396927799 0.15393670720792454 32
1725396927817 0.11347748697008679 33
1725396927848 0.1445306314054441 34
1725396927872 0.24452134510299162 35
1725396927902 0.13565572662772457 36
1725396927929 0.17901495988314894 37
1725396927956 0.12493467495339644 38
1725396927975 0.16929048716317685 39
1725396927994 0.12801609513865475 40
1725396928013 0.10953484349335695 41
1725396928031 0.1022772110219477 42
1725396928050 0.12623677159895966 43
1725396928069 0.1477516231800363 44
1725396928086 0.11985536094809764 45
1725396928108 0.17745643235649122 46
1725396928127 0.12318603978525929 47
1725396928145 0.09382965079723629 48
1725396928178 0.13364971285745234 49
1725396928207 0.12282113741140925 50
1725396928231 0.17311411077730066 51
1725396928259 0.15511562361809736 52
1725396928289 0.149536323155826 53
1725396928318 0.11574906491293423 54
1725396928341 0.06739339236304281 55
1725396928366 0.10718483945507783 56
1725396928390 0.13252830959826659 57
1725396928422 0.08569713890818108 58
1725396928445 0.12739723259721736 59
1725396928464 0.09876692449955936 60
1725396928483 0.11901371551302811 61
1725396928501 0.10347995236112406 62
1725396928518 0.10100909411508747 63
1725396928537 0.1610020985768438 64
1725396928555 0.2186388450087014 65
1725396928574 0.15969381656267131 66
1725396928591 0.1637942763192713 67
1725396928609 0.22292911624388242 68
1725396928628 0.09623086564090995 69
1725396928645 0.13405618491379637 70
1725396928663 0.19343829690312064 71
1725396928681 0.16984006808964225 72
1725396928700 0.14879183716442163 73
1725396928717 0.11723530713192624 74
1725396928734 0.1480741350971963 75
1725396928757 0.13003075080494855 76
1725396928776 0.12231632949892585 77
1725396928794 0.15221443395849257 78
1725396928810 0.09441495654478554 79
1725396928823 0.11013722722630596 80
1725396928840 0.1548884608036122 81
1725396928859 0.1162766855526164 82
1725396928877 0.17973254647224524 83
1725396928897 0.1208540877907509 84
1725396928915 0.10774232522325193 85
1725396928934 0.12979039739753684 86
1725396928953 0.16486021630963976 87
1725396928976 0.0894920375245407 88
1725396929002 0.14894286441374613 89
1725396929022 0.12339413199873889 90
1725396929068 0.12483395755050128 91
1725396929137 0.1362785221534706 92
1725396929189 0.18409262728660722 93
1725396929211 0.17898548270733947 94
1725396929230 0.11689000021374998 95
1725396929252 0.10375500989674408 96
1725396929276 0.14721311814931062 97
1725396929296 0.07080827553988121 98
1725396929322 0.11609828024865884 99
1725396929349 0.1605862801460659 100
1725396929368 0.1784249340898027 101
1725396929391 0.14049403140719305 102
1725396929411 0.12128824212162398 103
1725396929437 0.10261464788572747 104
1725396929457 0.13480128212747633 105
1725396929475 0.12118686583496693 106
1725396929494 0.11993607145991803 107
1725396929513 0.16065182037441705 108
1725396929531 0.11665375557833943 109
1725396929550 0.11655213397511173 110
1725396929569 0.14072356119662913 111
1725396929585 0.11955306842252933 112
1725396929603 0.08520060050808753 113
1725396929617 0.0981920103075581 114
1725396929631 0.17978428812499767 115
1725396929643 0.12444589923584105 116
1725396929656 0.1238932297354735 117
1725396929669 0.145338721501053 118
1725396929682 0.14681996794727634 119
1725396929695 0.09967547972758352 120
1725396929721 0.14571940797040764 121
1725396929752 0.11569546488919359 122
1725396929765 0.12400096257768385 123
1725396929779 0.14099302739883854 124
1725396929792 0.09355054225738707 125
1725396929805 0.142090231985834 126
1725396929818 0.16820079108235236 127
1725396929839 0.11857140198132844 128
1725396929865 0.19905199582551883 129
1725396929889 0.21742726146787983 130
1725396929910 0.12555325987133578 131
1725396929935 0.14221555435940353 132
1725396929964 0.1395638035542856 133
1725396929986 0.18987525670972347 134
1725396930009 0.10370365164599928 135
1725396930031 0.13248770624041079 136
1725396930054 0.15660211290740025 137
1725396930080 0.17068788375935834 138
1725396930104 0.21368669257246367 139
1725396930126 0.15038082594474259 140
1725396930157 0.13844754760920064 141
1725396930193 0.15328254045189535 142
1725396930213 0.11609387210186374 143
1725396930226 0.19527856750643405 144
1725396930239 0.09224606814993522 145
1725396930252 0.1497259269214473 146
1725396930266 0.1169693551842382 147
1725396930299 0.20020165791290304 148
1725396930313 0.13839096719918095 149
1725396930328 0.2028287348470836 150
1725396930352 0.14408040437681277 151
1725396930381 0.10500019706333215 152
1725396930409 0.09631131323184014 153
1725396930436 0.13566788637717056 154
1725396930462 0.14701704449843442 155
1725396930480 0.17921874191620474 156
1725396930499 0.16177430470465468 157
1725396930517 0.13372241496870252 158
1725396930535 0.22572030576311752 159
1725396930554 0.1347054254108001 160
1725396930572 0.10474462606485717 161
1725396930600 0.14034965240718578 162
1725396930618 0.1541337828767447 163
1725396930639 0.16018774928388238 164
1725396930659 0.18072150741084733 165
1725396930677 0.13329526735729352 166
1725396930696 0.12080273646677284 167
1725396930719 0.11400044189123398 168
1725396930741 0.10584812128390866 169
1725396930770 0.11143599367418087 170
1725396930796 0.11502201176518215 171
1725396930820 0.1565735026770872 172
1725396930838 0.1016989275420251 173
1725396930852 0.13870803735914503 174
1725396930868 0.09594268398262629 175
1725396930886 0.16550017536606387 176
1725396930904 0.08279194690048497 177
1725396930923 0.10384055750056294 178
1725396930941 0.1779849540590412 179
1725396930960 0.15249696151044037 180
1725396930978 0.09690063593959258 181
1725396930996 0.14215146395229403 182
1725396931011 0.0852296659907198 183
1725396931024 0.12398229335000595 184
1725396931037 0.10004789628570622 185
1725396931049 0.1261427769692433 186
1725396931062 0.0990875962377003 187
1725396931078 0.13268115451452003 188
1725396931102 0.16885397829419382 189
1725396931120 0.11787027545316055 190
1725396931146 0.1450031359515195 191
1725396931174 0.11670871197002916 192
1725396931206 0.15504818715273525 193
1725396931228 0.1081555848999887 194
1725396931257 0.12628820497034685 195
1725396931282 0.08121812793524211 196
1725396931308 0.14507221179127888 197
1725396931332 0.13269183342846644 198
1725396931351 0.14066113168777877 199
1725396931368 0.1119126712468675 200
1725396931385 0.15887835079979937 201
1725396931399 0.15870051742735683 202
1725396931412 0.18703324272411762 203
1725396931425 0.21859796182703028 204
1725396931438 0.12152751099486683 205
1725396931451 0.09243581093899012 206
1725396931476 0.1533435742329595 207
1725396931507 0.13805053730627564 208
1725396931536 0.14453572240040377 209
1725396931563 0.17346388382795308 210
1725396931591 0.13212034034034217 211
1725396931625 0.13986442052070533 212
1725396931656 0.15238688590911822 213
1725396931688 0.126563663958547 214
1725396931718 0.14827816678878708 215
1725396931749 0.13936901351924658 216
1725396931782 0.13697206086610542 217
1725396931811 0.12260820598956652 218
1725396931839 0.1226034952013475 219
1725396931869 0.09486119495446642 220
1725396931900 0.20700536147274265 221
1725396931931 0.12801220802133642 222
1725396931965 0.16075111858272667 223
1725396931993 0.12973461909650374 224
1725396932022 0.12586402157828808 225
1725396932054 0.14026165047895234 226
1725396932085 0.13946905488036995 227
1725396932116 0.12489845499921379 228
