1725407743388 168.996543037322 0
1725407743419 168.6576918681052 1
1725407743452 168.3212633781047 2
1725407743483 167.98550175355092 3
1725407743513 167.65045465383025 4
1725407743551 167.31608913066478 5
1725407743584 166.98239629005067 6
1725407743615 166.64940651689432 7
1725407743645 166.31709805119306 8
1725407743675 165.9854696693734 9
1725407743706 165.65452231913878 10
1725407743743 165.3242571037867 11
1725407743785 164.9946714639768 12
1725407743818 164.66575487680092 13
1725407743849 164.33751663995955 14
1725407743881 164.00994851792512 15
1725407743913 163.6830609112312 16
1725407743945 163.35684658939834 17
1725407743975 163.03130041135714 18
1725407744010 162.7064229666669 19
1725407744043 162.38221258840832 20
1725407744072 162.05866536496958 21
1725407744107 161.73579419223404 22
1725407744138 161.4135662491648 23
1725407744168 161.09201194590077 24
1725407744200 160.77112032748067 25
1725407744232 160.45088026905148 26
1725407744261 160.1313051782763 27
1725407744289 159.812383268577 28
1725407744320 159.49411297059694 29
1725407744343 159.1764971655787 30
1725407744372 158.85953566272573 31
1725407744404 158.5432217076748 32
1725407744433 158.2275631200796 33
1725407744463 157.9125492316243 34
1725407744493 157.59818352219196 35
1725407744527 157.2844474226479 36
1725407744557 156.97136705297996 37
1725407744590 156.65893577549951 38
1725407744619 156.3471433448587 39
1725407744649 156.03598477674043 40
1725407744680 155.72547524550185 41
1725407744709 155.41558965990635 42
1725407744740 155.10634913097473 43
1725407744774 154.79774369672384 44
1725407744805 154.4897648561067 45
1725407744834 154.18242779709422 46
1725407744864 153.87571819235208 47
1725407744893 153.56962494701776 48
1725407744920 153.26417593057548 49
1725407744944 152.95934600820488 50
1725407744969 152.65514728922 51
1725407745000 152.3515707307102 52
1725407745033 152.048604456532 53
1725407745063 151.7462765552613 54
1725407745100 151.44455078704996 55
1725407745126 151.1434561489948 56
1725407745152 150.84298489757703 57
1725407745182 150.54310994163257 58
1725407745212 150.24387305632132 59
1725407745241 149.94524115038558 60
1725407745270 149.64721532528512 61
1725407745299 149.34981280612772 62
1725407745342 149.05301156009241 63
1725407745449 148.75681552669633 64
1725407745480 148.46123709393984 65
1725407745506 148.16626066639316 66
1725407745538 147.87188784774986 67
1725407745572 147.5781182384449 68
1725407745623 147.2849564961165 69
1725407745653 146.99238488211637 70
1725407745684 146.70042592610858 71
1725407745714 146.40905185714723 72
1725407745743 146.11828039838196 73
1725407745773 145.82810140212436 74
1725407745806 145.53852740572228 75
1725407745836 145.2495476711627 76
1725407745866 144.96114222151655 77
1725407745895 144.673347061856 78
1725407745927 144.38614467460852 79
1725407745959 144.09951014525566 80
1725407745989 143.81347562826562 81
1725407746019 143.52802576792115 82
1725407746051 143.24315953273887 83
1725407746082 142.9588851278842 84
1725407746117 142.6751813305876 85
1725407746146 142.39206268927464 86
1725407746178 142.10951946530713 87
1725407746208 141.8275652222827 88
1725407746237 141.5461844669573 89
1725407746267 141.26537410125775 90
1725407746298 140.98515185761676 91
1725407746329 140.70549522571017 92
1725407746359 140.42641374867102 93
1725407746390 140.14790351319078 94
1725407746421 139.86996134778585 95
1725407746452 139.59259788802387 96
1725407746482 139.31579145931272 97
1725407746513 139.03955108320275 98
1725407746544 138.76388629617975 99
1725407746572 138.4887865304135 100
1725407746601 138.21423018836802 101
1725407746633 137.94025210810068 102
1725407746664 137.66683485128047 103
1725407746695 137.39397726628215 104
1725407746726 137.12167598106774 105
1725407746758 136.84993318388763 106
1725407746788 136.57874990653403 107
1725407746819 136.30811550762772 108
1725407746852 136.03803814518116 109
1725407746882 135.76851965909853 110
1725407746912 135.49954671168845 111
1725407746941 135.23112198209054 112
1725407746972 134.96325962163849 113
1725407746996 134.69592231651984 114
1725407747028 134.42914685297555 115
1725407747057 134.16291777500243 116
1725407747090 133.8972299518545 117
1725407747124 133.63208861891846 118
1725407747155 133.3674895738235 119
1725407747183 133.10343263378024 120
1725407747213 132.83991344939196 121
1725407747242 132.57693793119347 122
1725407747270 132.31449707677183 123
1725407747301 132.05259831094702 124
1725407747330 131.79123336090697 125
1725407747361 131.5303878526078 126
1725407747391 131.27009341093128 127
1725407747422 131.01032233169397 128
1725407747451 130.7510876392271 129
1725407747481 130.49238820615713 130
1725407747510 130.23421415660545 131
1725407747544 129.97655975512342 132
1725407747570 129.7194476699041 133
1725407747600 129.46285464894623 134
1725407747630 129.20677647217946 135
1725407747662 128.95123776995803 136
1725407747691 128.6962162900332 137
1725407747725 128.44170825425388 138
1725407747755 128.18772034278933 139
1725407747798 127.93426441648559 140
1725407747826 127.68132443136311 141
1725407747859 127.42889210066942 142
1725407747890 127.17698718940157 143
1725407747922 126.92559564976007 144
1725407747955 126.6747085858602 145
1725407747985 126.42434562881753 146
1725407748015 126.17448858145865 147
1725407748047 125.92514146047273 148
1725407748077 125.6763125828807 149
1725407748112 125.42796981425876 150
1725407748143 125.18015380100522 151
1725407748174 124.93284620290362 152
1725407748205 124.68603747689822 153
1725407748233 124.43973181817198 154
1725407748265 124.19393683235377 155
1725407748295 123.94864058562155 156
1725407748325 123.7038466716801 157
1725407748356 123.45954818664809 158
1725407748385 123.21575389977347 159
1725407748416 122.9724592561643 160
1725407748444 122.72964295080733 161
1725407748473 122.48733837968823 162
1725407748496 122.24553308246948 163
1725407748529 122.004219896638 164
1725407748559 121.76339280883408 165
1725407748591 121.52306502453622 166
1725407748624 121.28322933365851 167
1725407748654 121.04387612162367 168
1725407748695 120.80501448180827 169
1725407748733 120.56664831894341 170
1725407748767 120.32875085434353 171
1725407748797 120.09135200860001 172
1725407748828 119.85443985590199 173
1725407748860 119.61800395155954 174
1725407748890 119.38205939387495 175
1725407748922 119.14659089420265 176
1725407748951 118.91160553444615 177
1725407748981 118.67710198317974 178
1725407749011 118.44307939811287 179
1725407749041 118.20952162965136 180
1725407749069 117.97644552728627 181
1725407749098 117.74385282373413 182
1725407749132 117.51172775364525 183
1725407749163 117.2800797912773 184
1725407749193 117.04890395375762 185
1725407749223 116.81820267117286 186
1725407749253 116.5879761488209 187
1725407749283 116.35820975075221 188
1725407749315 116.12891832496646 189
1725407749344 115.90009879861833 190
1725407749375 115.67173079306592 191
1725407749408 115.44383445849596 192
1725407749439 115.21641436580748 193
1725407749469 114.98944562290795 194
1725407749500 114.76295319144847 195
1725407749525 114.53691764148036 196
1725407749552 114.3113333623945 197
1725407749582 114.08622684471145 198
1725407749616 113.86157076912765 199
1725407749645 113.6373580042016 200
1725407749677 113.41362258822596 201
1725407749707 113.19034078505001 202
1725407749739 112.96751235035038 203
1725407749772 112.74513624517147 204
1725407749803 112.52321738046314 205
1725407749832 112.30175138195557 206
1725407749864 112.08073788906786 207
1725407749897 111.86016688158301 208
1725407749928 111.64005509632375 209
1725407749959 111.42038337623472 210
1725407749989 111.20116676831377 211
1725407750020 110.98238992586481 212
1725407750052 110.76406985846054 213
1725407750082 110.54619308019062 214
1725407750112 110.32875554737308 215
1725407750145 110.11176467891084 216
1725407750176 109.89520854378287 217
1725407750210 109.67910528644715 218
1725407750241 109.46343888826458 219
1725407750271 109.24819807987582 220
1725407750303 109.03341532791256 221
1725407750330 108.81906487424838 222
1725407750359 108.60515097696415 223
1725407750393 108.39167238649948 224
1725407750423 108.17862926907611 225
1725407750453 107.966020643196 226
1725407750485 107.75384338778932 227
1725407750514 107.542093479065 228
1725407750542 107.33078235755579 229
1725407750570 107.11990814604738 230
1725407750600 106.90945611639009 231
1725407750629 106.69943050554198 232
1725407750658 106.48984046999139 233
1725407750686 106.28067076284012 234
1725407750717 106.07193333776894 235
1725407750747 105.86361079191434 236
1725407750778 105.6557174627789 237
1725407750809 105.44825203546388 238
1725407750840 105.24120907082273 239
1725407750870 105.03458375650439 240
1725407750900 104.82837990067698 241
1725407750932 104.62260083301243 242
1725407750962 104.41723555624134 243
1725407750992 104.21228950335184 244
1725407751023 104.00775887545437 245
1725407751053 103.80364477282104 246
1725407751094 103.59995717707352 247
1725407751134 103.39667646324409 248
1725407751163 103.19380509620073 249
1725407751186 102.9913554970616 250
1725407751216 102.78931572794106 251
1725407751247 102.58768769046412 252
1725407751284 102.38646067228241 253
1725407751316 102.18564825958565 254
1725407751339 101.98525198676906 255
1725407751369 101.78525946974 256
1725407751405 101.58567302373373 257
1725407751431 101.38649494950643 258
1725407751461 101.18772127154998 259
1725407751491 100.98935339620829 260
1725407751522 100.79138369128246 261
1725407751551 100.59381794905183 262
1725407751582 100.39665731903624 263
1725407751614 100.19990081515998 264
1725407751644 100.00354708462426 265
1725407751675 99.8075831196947 266
1725407751705 99.61202468134809 267
1725407751737 99.4168680118119 268
1725407751767 99.22208912299135 269
1725407751796 99.02772886158084 270
1725407751824 98.83375206526082 271
1725407751855 98.64017059953805 272
1725407751886 98.44699126580836 273
1725407751921 98.25420091436943 274
1725407751950 98.06179654899464 275
1725407751983 97.86978231426792 276
1725407752007 97.6781656390407 277
1725407752042 97.48694123245845 278
1725407752073 97.29610563778125 279
1725407752104 97.10564672022537 280
1725407752133 96.9155882431633 281
1725407752165 96.7259142129616 282
1725407752192 96.53662170226401 283
1725407752222 96.34770847404306 284
1725407752254 96.1591858839793 285
1725407752287 95.97104714494508 286
1725407752326 95.78329732553243 287
1725407752356 95.59592126594805 288
1725407752387 95.40892544657167 289
1725407752418 95.22231465186417 290
1725407752450 95.0360735603399 291
1725407752478 94.85022016271176 292
1725407752511 94.66473968392174 293
1725407752543 94.47964134035554 294
1725407752573 94.29492013549326 295
1725407752602 94.11057218389767 296
1725407752632 93.92660009242259 297
1725407752664 93.74299714035823 298
1725407752695 93.55976457803489 299
1725407752727 93.3769135064767 300
1725407752757 93.1944317877628 301
1725407752787 93.01231232505441 302
1725407752819 92.83057843116242 303
1725407752850 92.64920491498965 304
1725407752881 92.46820099444493 305
1725407752911 92.28755864186037 306
1725407752942 92.10728018285961 307
1725407752973 91.92737803974937 308
1725407753003 91.74784088302214 309
1725407753026 91.56867414084226 310
1725407753060 91.38986614681743 311
1725407753090 91.2114131855285 312
1725407753120 91.03332677834415 313
1725407753151 90.85560573481767 314
1725407753182 90.67823963632694 315
1725407753212 90.50123580433316 316
1725407753243 90.3245966227637 317
1725407753274 90.1483180955842 318
1725407753306 89.97239421138671 319
1725407753338 89.7968224444295 320
1725407753369 89.62161132687314 321
1725407753399 89.44674390370993 322
1725407753429 89.27225251059703 323
1725407753459 89.09811003557799 324
1725407753489 88.92431492666648 325
1725407753522 88.75087815359835 326
1725407753556 88.57778125917994 327
1725407753586 88.4050481969904 328
1725407753616 88.23266113169915 329
1725407753645 88.06062398674905 330
1725407753677 87.88893619911858 331
1725407753708 87.7176029129115 332
1725407753737 87.54661334368679 333
1725407753771 87.37596553582951 334
1725407753800 87.20566637128543 335
1725407753830 87.03571058208718 336
1725407753860 86.86610571462313 337
1725407753892 86.69684282530503 338
1725407753924 86.52793051665759 339
1725407753955 86.35935250803153 340
1725407753985 86.19111033627425 341
1725407754016 86.02321270820721 342
1725407754042 85.85566776323043 343
1725407754071 85.68845423995191 344
1725407754100 85.52157745255487 345
1725407754131 85.3550467876259 346
1725407754166 85.18885152578645 347
1725407754191 85.0229826591071 348
1725407754221 84.85745893383621 349
1725407754250 84.69226998698308 350
1725407754280 84.52742031780278 351
1725407754310 84.36290327653826 352
1725407754344 84.19872397088047 353
1725407754375 84.03486496196591 354
1725407754405 83.87133793931737 355
1725407754439 83.70815537522573 356
1725407754470 83.54529405413062 357
1725407754500 83.38277563687457 358
1725407754540 83.22057668505731 359
1725407754572 83.05870472280601 360
1725407754602 82.89715995706491 361
1725407754633 82.73594473001026 362
1725407754663 82.57506192209384 363
1725407754696 82.41450514580575 364
1725407754727 82.2542680179777 365
1725407754762 82.09435114256814 366
1725407754792 81.93476006288888 367
1725407754825 81.77550211262093 368
1725407754856 81.61656474164857 369
1725407754880 81.45794471774224 370
1725407754913 81.29965123328633 371
1725407754944 81.14167345961489 372
1725407754974 80.98401957658203 373
1725407755002 80.82667972321745 374
1725407755029 80.6696488269532 375
1725407755060 80.51295158183933 376
1725407755091 80.35657000109407 377
1725407755121 80.20050748576637 378
1725407755151 80.0447577008396 379
1725407755183 79.88932241841482 380
1725407755213 79.73420302778531 381
1725407755245 79.57939807009454 382
1725407755275 79.42490312251776 383
1725407755302 79.27072133842071 384
1725407755327 79.11686060448551 385
1725407755359 78.96329462004073 386
1725407755389 78.81005500275343 387
1725407755417 78.65711955284195 388
1725407755448 78.50449684050761 389
1725407755478 78.35218955559141 390
1725407755506 78.2001786467071 391
1725407755537 78.04847674721115 392
1725407755570 77.8970762001634 393
1725407755601 77.74599230469651 394
1725407755635 77.5952056658305 395
1725407755665 77.44473169215576 396
1725407755695 77.29456602165148 397
1725407755726 77.14469581510355 398
1725407755756 76.99513260190892 399
1725407755788 76.84587721302938 400
1725407755826 76.69691520937886 401
1725407755858 76.5482542624879 402
1725407755888 76.39989773100675 403
1725407755919 76.25184399346915 404
1725407755949 76.1040858771342 405
1725407755982 75.95663573818695 406
1725407756012 75.80947217085087 407
1725407756041 75.66261150247146 408
1725407756071 75.51604509488233 409
1725407756103 75.36977978897076 410
1725407756132 75.22380535594179 411
1725407756160 75.07812615940979 412
1725407756195 74.9327360387572 413
1725407756223 74.78765004870688 414
1725407756254 74.6428628926935 415
1725407756284 74.49836774071817 416
1725407756318 74.35414489054031 417
1725407756347 74.2102223069557 418
1725407756378 74.06659609119002 419
1725407756409 73.9232638584086 420
1725407756440 73.78022845972177 421
1725407756472 73.63746510793591 422
1725407756504 73.4949884707726 423
1725407756535 73.35281413177844 424
1725407756565 73.21091755117799 425
1725407756595 73.0693138172806 426
1725407756632 72.9279933621558 427
1725407756667 72.78695779447125 428
1725407756697 72.64620516092526 429
1725407756727 72.50573862117955 430
1725407756758 72.36556015865573 431
1725407756790 72.22565420321276 432
1725407756821 72.08604505707922 433
1725407756851 71.94670765532496 434
1725407756882 71.80765409567822 435
1725407756913 71.66888551925608 436
1725407756952 71.53039999752343 437
1725407756981 71.39219256497947 438
1725407757014 71.25425971645709 439
1725407757044 71.11659004043668 440
1725407757075 70.97922317048341 441
1725407757098 70.84213283063954 442
1725407757126 70.70531395431786 443
1725407757154 70.56877579544096 444
1725407757183 70.43250795393739 445
1725407757212 70.29649758367827 446
1725407757244 70.16077857331047 447
1725407757274 70.02533905849305 448
1725407757304 69.89016434657938 449
1725407757337 69.75527702255721 450
1725407757367 69.62064779939237 451
1725407757402 69.48629115379835 452
1725407757431 69.35220855174565 453
1725407757460 69.21839822332367 454
1725407757492 69.08486166387453 455
1725407757526 68.95159435013932 456
1725407757557 68.81858331404258 457
1725407757586 68.68585081619223 458
1725407757621 68.55338928706679 459
1725407757651 68.42118953692605 460
1725407757679 68.28926107079965 461
1725407757710 68.15758311275785 462
1725407757740 68.02617936663192 463
1725407757772 67.89504747936007 464
1725407757813 67.76418665394365 465
1725407757843 67.63357053956014 466
1725407757874 67.50323425530848 467
1725407757905 67.3731544255817 468
1725407757935 67.24333353913886 469
1725407757966 67.1137805996099 470
1725407757995 66.98449095306367 471
1725407758025 66.85546411048549 472
1725407758055 66.72667968040845 473
1725407758084 66.59817177069188 474
1725407758115 66.46991619493312 475
1725407758147 66.34192213828521 476
1725407758178 66.21418471881216 477
1725407758211 66.08670572412206 478
1725407758233 65.95947481118498 479
1725407758264 65.83251596809544 480
1725407758295 65.70580194315325 481
1725407758326 65.57935030641507 482
1725407758357 65.45315549704004 483
1725407758384 65.32720604392664 484
1725407758415 65.20151677249596 485
1725407758445 65.07608267438802 486
1725407758476 64.95089164940407 487
1725407758507 64.82596522624841 488
1725407758542 64.70128824391864 489
1725407758572 64.57685474526475 490
1725407758603 64.4526765312731 491
1725407758636 64.32874817525166 492
1725407758667 64.20505779568275 493
1725407758698 64.08163565990216 494
1725407758729 63.95846127735608 495
1725407758759 63.835525768844 496
1725407758788 63.7128398195143 497
1725407758818 63.590407143764956 498
1725407758846 63.46821416599849 499
