1725393737216 151.85131968822344 0
1725393737250 141.99462082990573 1
1725393737282 128.66601475259486 2
1725393737310 120.86550772504613 3
1725393737340 107.2827423096322 4
1725393737375 102.23441822905554 5
1725393737402 89.37354157423461 6
1725393737424 84.18889456955958 7
1725393737458 77.58535033860346 8
1725393737498 71.73375455977599 9
1725393737531 67.49049381127779 10
1725393737562 62.409407749498776 11
1725393737591 55.568886966486644 12
1725393737621 52.08525240030635 13
1725393737652 48.70762821802994 14
1725393737685 45.79902915187479 15
1725393737719 42.22763267559046 16
1725393737775 40.32521453935185 17
1725393737808 37.08199243165967 18
1725393737836 34.68742077172084 19
1725393737867 33.21586470631274 20
1725393737898 29.748920830386446 21
1725393737932 28.98887784855599 22
1725393737962 26.670942187474417 23
1725393737994 24.43104108852457 24
1725393738025 22.87526966249186 25
1725393738053 22.321539496790113 26
1725393738082 21.037707118294612 27
1725393738113 19.01670859045259 28
1725393738145 19.283766501962617 29
1725393738177 17.714873910749187 30
1725393738206 17.196612583105615 31
1725393738237 15.601875357643493 32
1725393738267 15.64481490425832 33
1725393738296 13.822265813203654 34
1725393738329 13.217628781044835 35
1725393738360 13.268488379579228 36
1725393738386 12.411145222997295 37
1725393738417 12.397652395677335 38
1725393738449 11.948068417073348 39
1725393738478 11.087171185766318 40
1725393738509 11.017119910132813 41
1725393738539 10.56576880203785 42
1725393738570 9.758781849550227 43
1725393738600 9.96325655283922 44
1725393738631 9.646040246612909 45
1725393738678 8.877091181847703 46
1725393738705 8.16799205789031 47
1725393738735 8.679686196838581 48
1725393738766 9.125380555554937 49
1725393738798 8.657543245800836 50
1725393738829 8.018852495165095 51
1725393738909 8.162493436619044 52
1725393738935 7.862457482250456 53
1725393738965 7.456480147761824 54
1725393738997 7.316588889646004 55
1725393739026 6.930998982332463 56
1725393739057 7.2081178635966925 57
1725393739091 7.0332939416878 58
1725393739122 6.908466112082269 59
1725393739151 6.945992999893269 60
1725393739180 5.909313292246862 61
1725393739209 6.698133256143319 62
1725393739238 6.013348094107831 63
1725393739266 6.6327524902527 64
1725393739297 6.318614285410393 65
1725393739329 6.29305834678184 66
1725393739358 6.524041632745286 67
1725393739390 6.211644874790377 68
1725393739415 6.107230730714564 69
1725393739441 5.802841152823426 70
1725393739465 5.994792275412913 71
1725393739492 5.809007538062737 72
1725393739516 5.7894620228615 73
1725393739545 5.63341256783064 74
1725393739577 5.416068502949949 75
1725393739608 5.496254777000958 76
1725393739639 5.705554757839199 77
1725393739670 5.607876000420036 78
1725393739703 5.1389974068815025 79
1725393739727 5.272399501115139 80
1725393739758 5.016251578232766 81
1725393739790 5.121929644054066 82
1725393739820 5.012833397232788 83
1725393739850 5.366865689887773 84
1725393739881 5.080071841041248 85
1725393739907 5.506028984547726 86
1725393739937 5.152265623628164 87
1725393739966 5.306208149364556 88
1725393739996 5.450952321902396 89
1725393740032 5.324465243333452 90
1725393740062 4.964721074286311 91
1725393740093 5.177389370086434 92
1725393740126 5.18689215753956 93
1725393740156 4.924470896403196 94
1725393740184 4.9919766145477436 95
1725393740213 5.0211788162254605 96
1725393740241 5.116805012751999 97
1725393740270 5.097995860212037 98
1725393740299 4.643896780723801 99
1725393740329 5.026578433425683 100
1725393740361 5.1119345558411675 101
1725393740391 5.341366024863116 102
1725393740420 4.984230584785358 103
1725393740456 5.1976850672090595 104
1725393740485 4.890109482590784 105
1725393740515 4.7474437075141775 106
1725393740548 4.8484266370431595 107
1725393740579 4.81980073466528 108
1725393740604 4.767423024178474 109
1725393740634 4.869322738698793 110
1725393740665 4.783834784495881 111
1725393740697 5.106323212419928 112
1725393740732 4.770890940574944 113
1725393740769 4.911579171929402 114
1725393740801 5.0265196512040315 115
1725393740833 4.6424757621392185 116
1725393740865 4.742122247875095 117
1725393740893 4.672180659471939 118
1725393740924 4.806276040441511 119
1725393740952 4.793956606190398 120
1725393740975 4.796595267236229 121
1725393741001 4.53970776263453 122
1725393741035 4.729987366982342 123
1725393741065 5.0986472287719895 124
1725393741098 4.847833968906204 125
1725393741123 5.180521470777706 126
1725393741154 4.984580751546903 127
1725393741183 4.862536271406159 128
1725393741229 4.7326559182887005 129
1725393741256 4.908133882662916 130
1725393741283 4.825912953300604 131
1725393741311 4.660182238998783 132
1725393741340 4.889588921851626 133
1725393741369 4.7949443717147435 134
1725393741398 5.054088366042474 135
1725393741425 5.063101383438451 136
1725393741451 4.853211839003334 137
1725393741484 4.807205273962646 138
1725393741515 4.670818758469858 139
1725393741544 5.420527049922778 140
1725393741574 4.847570533488322 141
1725393741607 4.340350009728729 142
1725393741638 4.983472342443951 143
1725393741666 4.827532927001744 144
1725393741702 5.014188374467367 145
1725393741731 4.808492557555142 146
1725393741760 4.437966032075738 147
1725393741785 4.894452011380514 148
1725393741806 4.861845475902918 149
1725393741829 4.691653575339332 150
1725393741860 4.6998171824010555 151
1725393741893 4.8773591864832975 152
1725393741924 4.820484764641672 153
1725393741954 4.559521320541225 154
1725393741986 5.067191122665915 155
1725393742015 5.405625157358098 156
1725393742044 4.852346435958138 157
1725393742073 4.902488196162577 158
1725393742102 4.550067593462792 159
1725393742131 4.7279381815182635 160
1725393742161 5.130601146872325 161
1725393742190 4.686458207566408 162
1725393742223 4.717449799082954 163
1725393742252 4.57471495512682 164
1725393742283 4.675912535404343 165
1725393742311 5.093954284372512 166
1725393742340 4.780323066120187 167
1725393742367 4.911018130192153 168
1725393742395 4.704982790786968 169
1725393742422 4.742441643880218 170
1725393742451 4.9570214605326655 171
1725393742476 4.387805329305935 172
1725393742501 4.583964715655003 173
1725393742526 4.810990409516434 174
1725393742550 4.6518394016064795 175
1725393742577 4.882657958978688 176
1725393742608 4.954094698144234 177
1725393742641 4.602549873607072 178
