1725395251496 61.39123183965257 0
1725395251605 33.047557979345775 1
1725395251693 11.080520748464885 2
1725395251773 6.487976649641476 3
1725395251845 1.8808879515482189 4
1725395251919 0.7204900251350835 5
1725395251994 1.4973744744434407 6
1725395252055 0.14474739368043163 7
1725395252134 0.007985120733542194 8
1725395252215 0.002932884076629177 9
1725395252278 0.15591216263764363 10
1725395252340 0.3736173685279789 11
1725395252414 0.048557004799401275 12
1725395252488 0.02859429792541304 13
1725395252549 0.004283104547855049 14
1725395252613 0.34940607667556406 15
1725395252686 0.0152102811634982 16
1725395252751 0.00940466599463706 17
1725395252809 0.006688329166152793 18
1725395252953 0.01835803528501934 19
1725395253017 0.07945527927956555 20
1725395253102 0.01918865451096037 21
1725395253165 0.004642131944039166 22
1725395253224 0.062336772049714495 23
1725395253292 0.0035517144528980373 24
1725395253383 0.11624232230651083 25
1725395253480 0.018122942139933863 26
1725395253543 0.9383843871471071 27
1725395253603 0.009571373487404987 28
1725395253659 0.5403642091527759 29
1725395253716 0.16279564982759176 30
1725395253788 0.04584526771088416 31
1725395253872 0.021144334833448176 32
1725395253965 0.01590757828636013 33
1725395254053 0.06580464011075604 34
1725395254132 0.008525534824693162 35
1725395254213 0.17014001969480191 36
1725395254283 0.10227267914144544 37
1725395254367 0.0809002449710356 38
1725395254457 0.24138938384564101 39
1725395254526 0.07421343159907506 40
1725395254590 0.0001265192924763148 41
1725395254648 0.21829075337099196 42
1725395254701 0.0017734370525846787 43
1725395254766 0.013466097032104522 44
1725395254847 0.11506785839394389 45
1725395254910 0.1596712186076744 46
1725395254965 0.055949863275464716 47
1725395255023 0.009554600749934855 48
1725395255116 0.022325130538736852 49
1725395255200 0.09490773759993396 50
1725395255281 0.19861670637937465 51
1725395255352 0.12801302888266758 52
1725395255439 0.060884291137407016 53
1725395255528 0.14415581611255876 54
1725395255612 0.14440979442126162 55
1725395255685 6.462624232881382e-07 56
1725395255749 0.015714437473537412 57
1725395255801 0.207705875823083 58
1725395255865 0.20765555296751326 59
1725395255937 0.09708053871875164 60
1725395255987 0.002065695942153197 61
1725395256065 0.20144296971768005 62
1725395256155 0.07383844334961051 63
1725395256239 0.04495007109431416 64
1725395256309 0.012163398402998007 65
1725395256365 0.0065331250180252105 66
1725395256435 0.038463647175135895 67
1725395256515 0.008366661691985817 68
1725395256600 0.009866218812710863 69
1725395256677 0.3312919267893423 70
1725395256740 0.057927353021428846 71
1725395256799 0.12527339891655848 72
1725395256853 0.010396629231088568 73
1725395256917 0.4617001965535549 74
1725395256971 0.002639830647326736 75
1725395257026 0.09089163201595143 76
1725395257097 0.02980209829645783 77
1725395257170 0.0024863119397460537 78
1725395257241 0.019527416742815953 79
1725395257326 0.008475506457205862 80
1725395257422 0.028977555778405332 81
1725395257470 0.01436244371720422 82
1725395257522 0.007323994076568346 83
1725395257584 0.7919321732233 84
1725395257651 0.26309048577083305 85
1725395257724 0.03035426433079298 86
1725395257805 0.0007250809211337055 87
1725395257874 0.0807086552251759 88
1725395257960 0.15276083983218205 89
1725395258052 0.02475194897887397 90
1725395258134 0.021779240243232533 91
1725395258236 0.07387950328672006 92
1725395258325 0.0007504942003252332 93
1725395258396 0.034434224553029476 94
1725395258482 0.003680473082026645 95
1725395258566 0.5076997284314437 96
1725395258638 0.23792026865024013 97
1725395258705 0.008445963032939006 98
1725395258772 0.02030717499573674 99
1725395258853 0.024158352519346584 100
