1725390709955 29.475882653908673 0
1725390709968 6.331065393837327 1
1725390709984 2.2940250104767084 2
1725390710003 1.1080568341080048 3
1725390710017 0.6252199081251504 4
1725390710032 0.6112363817046945 5
1725390710044 0.6857750312434585 6
1725390710056 0.5509465549951132 7
1725390710068 0.496165775733613 8
1725390710080 0.4619205075882887 9
1725390710094 0.5754834729828608 10
1725390710108 0.4660832036398912 11
1725390710128 0.5718608096066164 12
1725390710159 0.5656247467048439 13
1725390710176 0.5522943573254782 14
1725390710194 0.6705198740300596 15
1725390710211 0.5667541508148761 16
1725390710228 0.6499619027182411 17
1725390710249 0.44229806730724014 18
1725390710275 0.6288845537914024 19
1725390710301 0.46455869848853637 20
1725390710322 0.4934355790905254 21
1725390710341 0.5582192174985491 22
1725390710363 0.45460663817170954 23
1725390710382 0.6329662589321722 24
1725390710405 0.500280132073191 25
1725390710429 0.5502458141768215 26
1725390710453 0.5338165135462197 27
1725390710477 0.6394672462385771 28
1725390710498 0.45775910996746 29
1725390710523 0.5496991087449195 30
1725390710552 0.5092995065329133 31
1725390710578 0.4545520114954962 32
1725390710603 0.538484304748307 33
1725390710627 0.679123419231389 34
1725390710653 0.44749860805567815 35
1725390710672 0.6189259871919475 36
1725390710693 0.5036399561531083 37
1725390710719 0.5135446971907174 38
1725390710736 0.4603574281691216 39
1725390710748 0.4644035165888076 40
1725390710760 0.5977673241565912 41
1725390710772 0.5538679040969496 42
1725390710784 0.6813617604976732 43
1725390710796 0.5392946928404321 44
1725390710807 0.648327956345345 45
1725390710820 0.5313906655879745 46
1725390710832 0.6813210000574995 47
1725390710844 0.6440017612611171 48
1725390710858 0.6021980944255775 49
1725390710875 0.6389116779329818 50
1725390710893 0.5482964159876903 51
1725390710910 0.5186896910902998 52
1725390710928 0.6184906697243113 53
1725390710946 0.5131195135396153 54
1725390710963 0.45965378593413697 55
1725390710981 0.6465577040399844 56
1725390711002 0.5141915731257336 57
1725390711021 0.5555820109242964 58
1725390711047 0.6352447816216372 59
1725390711065 0.5580355038323196 60
1725390711089 0.5511747743906957 61
1725390711114 0.5355091577777533 62
1725390711127 0.5375396952522615 63
1725390711139 0.5663980347786841 64
1725390711151 0.5306923818871683 65
1725390711175 0.7256082564502939 66
1725390711187 0.6178369649425746 67
1725390711199 0.5272519965331809 68
1725390711211 0.6429928648924995 69
1725390711223 0.5895374465098886 70
1725390711238 0.5062856021548572 71
1725390711255 0.4499666345887368 72
1725390711271 0.6307799196467311 73
1725390711288 0.5793107432730071 74
1725390711305 0.5627482082585351 75
1725390711321 0.5526694676074905 76
1725390711338 0.6225461977380489 77
1725390711355 0.7233227693016597 78
1725390711377 0.5070652085440339 79
1725390711401 0.5494109245154623 80
1725390711427 0.5535876026160856 81
1725390711454 0.4995931184099866 82
1725390711480 0.6097446136991055 83
1725390711497 0.5100608710617166 84
1725390711514 0.5369174552429128 85
1725390711534 0.6852049142243495 86
1725390711549 0.4599601935691934 87
1725390711566 0.49812736427895743 88
1725390711580 0.5121506144484527 89
1725390711597 0.48679131024232164 90
1725390711615 0.5491562730526365 91
1725390711632 0.6247464030823823 92
1725390711648 0.4318067562783904 93
1725390711663 0.5009103844084725 94
1725390711680 0.508783417127705 95
1725390711696 0.5179847361770958 96
1725390711713 0.4891553423535418 97
1725390711730 0.48393649614565903 98
1725390711754 0.5189433875667967 99
1725390711774 0.5187359559208224 100
1725390711802 0.6189154348811169 101
1725390711829 0.684828002408648 102
1725390711855 0.6821784437012093 103
1725390711951 0.5571831021801238 104
1725390712007 0.5637352718531363 105
1725390712029 0.4906560809172302 106
1725390712047 0.5389772476538207 107
1725390712059 0.5122678274277332 108
1725390712071 0.5215402809583822 109
1725390712083 0.5230699875578028 110
1725390712095 0.6128995593835137 111
1725390712107 0.4904886299829766 112
1725390712136 0.5034405167152751 113
1725390712162 0.5124152896809838 114
1725390712192 0.5918519929669855 115
1725390712214 0.5873471046714509 116
1725390712237 0.5328476351018989 117
1725390712257 0.3953420311843456 118
1725390712275 0.5462992398214638 119
1725390712293 0.5341501833388753 120
1725390712311 0.5947249380131504 121
1725390712328 0.4914001845880017 122
1725390712345 0.5439122727737786 123
1725390712363 0.518358990712631 124
1725390712381 0.5618107000868893 125
1725390712399 0.5345914479288528 126
1725390712415 0.5617006135835242 127
1725390712430 0.561951721509647 128
1725390712447 0.5240174703941182 129
1725390712464 0.4808872892408775 130
1725390712481 0.5288930205397424 131
1725390712497 0.5635071409062974 132
1725390712513 0.626832661588628 133
1725390712526 0.4969354115575098 134
1725390712538 0.6253160916401296 135
1725390712550 0.5427913921990052 136
1725390712562 0.4492322877287966 137
1725390712574 0.6410016155483983 138
1725390712586 0.5524114906825124 139
1725390712598 0.4494845222089054 140
1725390712612 0.5128839785094386 141
1725390712643 0.4809327519958439 142
1725390712672 0.7082014434572383 143
1725390712695 0.51240561519267 144
1725390712724 0.5364757366923081 145
1725390712745 0.5007803644504576 146
1725390712767 0.4647751983408022 147
1725390712790 0.5058753875856103 148
1725390712813 0.5121596356862623 149
1725390712840 0.5724812369405444 150
1725390712865 0.5921513150867724 151
1725390712890 0.5140831448287122 152
1725390712919 0.5639817351197097 153
1725390712946 0.5439506672576152 154
1725390712974 0.5169670759777126 155
1725390713009 0.5386044692147607 156
1725390713037 0.5684514434851586 157
1725390713066 0.5727033174923885 158
1725390713096 0.5485242629904306 159
1725390713124 0.5452766655999225 160
1725390713151 0.4484764271002067 161
1725390713178 0.5411187745352376 162
1725390713212 0.536329571162359 163
1725390713239 0.5407851985411078 164
1725390713271 0.46953980908705667 165
1725390713299 0.6535545134531815 166
1725390713331 0.7007329955479703 167
1725390713363 0.5812972263520546 168
1725390713390 0.5302842128422949 169
1725390713417 0.4903735741765271 170
1725390713445 0.5980218026383505 171
1725390713472 0.485110002786429 172
1725390713500 0.638430814452567 173
1725390713527 0.478469711373557 174
1725390713557 0.6287363491290657 175
1725390713581 0.6000619706268633 176
1725390713610 0.5888383210227586 177
1725390713638 0.4471594585283759 178
1725390713665 0.5398873212718188 179
1725390713693 0.6766995434254808 180
1725390713721 0.6492395945281797 181
1725390713750 0.5334284790351965 182
1725390713781 0.41029362508963574 183
1725390713811 0.5752356849034335 184
1725390713842 0.5491862349191884 185
1725390713867 0.6223035980135684 186
1725390713890 0.5999520268950618 187
1725390713915 0.5517228756191981 188
1725390713948 0.5770955752729232 189
1725390713976 0.6392311447482654 190
1725390714003 0.5231882677092862 191
1725390714030 0.5899285596093548 192
1725390714058 0.5942627429985055 193
1725390714085 0.5750038794666256 194
1725390714112 0.5296653195146364 195
1725390714143 0.4499194514475081 196
1725390714174 0.5104750064202211 197
1725390714211 0.6470432944650355 198
1725390714239 0.6505424866498662 199
1725390714266 0.5364331710827889 200
1725390714293 0.49957083971378957 201
1725390714320 0.4561005916757479 202
1725390714347 0.5373194907969098 203
1725390714375 0.536349841007745 204
1725390714407 0.5504347714396779 205
1725390714438 0.6458885760091551 206
1725390714468 0.6481753951040108 207
1725390714501 0.42150881144129115 208
1725390714530 0.5893681365150686 209
1725390714557 0.5400587686964197 210
1725390714587 0.46689578771052487 211
1725390714613 0.5345912338270985 212
1725390714640 0.5662040554275561 213
1725390714668 0.5397671764012807 214
1725390714700 0.46055766859153113 215
1725390714728 0.620058025331452 216
1725390714753 0.5731508749251796 217
1725390714784 0.5200862378793499 218
1725390714809 0.6307383745021554 219
1725390714834 0.64879288801008 220
1725390714864 0.5263422965281459 221
1725390714890 0.6306067992509157 222
1725390714920 0.6048005466634409 223
1725390714946 0.5610885765293985 224
1725390714973 0.5894837934461841 225
1725390715002 0.5952978680193218 226
1725390715027 0.5481106456660124 227
1725390715053 0.5674687480176678 228
1725390715081 0.4407828689158411 229
1725390715114 0.6474880589797526 230
1725390715140 0.5366277271070807 231
1725390715168 0.47983598370161085 232
1725390715198 0.40922618452666815 233
1725390715230 0.530182506543603 234
1725390715262 0.4748433934145623 235
1725390715292 0.5943340475364453 236
1725390715321 0.5596661400546602 237
1725390715352 0.560614483362245 238
1725390715382 0.4614029437684167 239
1725390715414 0.5206198979632712 240
1725390715442 0.49062048494461835 241
1725390715471 0.5345787826797195 242
1725390715499 0.5390341998233672 243
1725390715527 0.44959521990378937 244
1725390715554 0.7039060608103291 245
1725390715582 0.5761840979191895 246
1725390715614 0.43585893475734583 247
1725390715644 0.49239944815818704 248
1725390715672 0.48964524181012686 249
1725390715703 0.4739950114902506 250
1725390715733 0.6315887078876335 251
1725390715760 0.41929241350746593 252
1725390715787 0.5852731697318145 253
1725390715814 0.5369860839733409 254
1725390715841 0.5385305389178029 255
1725390715868 0.44196950487095593 256
1725390715896 0.6031812571305541 257
1725390715920 0.4667772900257739 258
1725390715950 0.5763609386544014 259
1725390715979 0.5510355574277056 260
1725390716011 0.634102522273998 261
1725390716043 0.6058824275356729 262
1725390716074 0.3962546929717667 263
1725390716105 0.545608234312489 264
1725390716136 0.47281208777438094 265
1725390716165 0.43188928747473315 266
1725390716193 0.6284849691900458 267
1725390716219 0.6757074415306614 268
1725390716241 0.48537185720161063 269
1725390716269 0.45752542334752805 270
1725390716296 0.5850307926709306 271
1725390716325 0.6250614231757798 272
1725390716353 0.4801714192761081 273
1725390716384 0.5586982421228477 274
1725390716410 0.5288512133489061 275
1725390716442 0.5178837510023132 276
1725390716471 0.5072805352733886 277
1725390716497 0.5588434895062163 278
1725390716523 0.5488241884268653 279
1725390716549 0.4975358246339833 280
1725390716574 0.5289906290193485 281
1725390716601 0.62961951301416 282
1725390716630 0.4455418117289057 283
1725390716660 0.6062431539345875 284
1725390716687 0.5590778925476017 285
1725390716713 0.46837581460645605 286
1725390716739 0.6074770092844387 287
1725390716773 0.4945206685317899 288
1725390716801 0.502831947917896 289
1725390716829 0.5457416867934946 290
1725390716859 0.5282026923863637 291
1725390716883 0.43732355962196023 292
1725390716909 0.4587554372406689 293
1725390716935 0.539968895852187 294
1725390716969 0.4660189420758833 295
1725390717000 0.49311674996222915 296
1725390717029 0.6408408838151982 297
1725390717061 0.49005294298832225 298
1725390717092 0.4068011384404029 299
1725390717115 0.5326306335302545 300
1725390717142 0.5284752294303405 301
1725390717174 0.6239491929286886 302
1725390717203 0.6173924997210318 303
1725390717234 0.47472646339746977 304
1725390717258 0.6328389099653865 305
1725390717286 0.5904900907560815 306
1725390717313 0.4409252567203163 307
1725390717341 0.6524394742225574 308
1725390717370 0.4869664124944824 309
1725390717397 0.5837665535068659 310
1725390717425 0.6001356786313835 311
1725390717453 0.4995531716713816 312
1725390717480 0.7328928213236172 313
1725390717506 0.6525659897279136 314
1725390717527 0.43975061863014514 315
1725390717556 0.5747209286989623 316
1725390717585 0.5280450230363091 317
1725390717608 0.5674313362839277 318
1725390717631 0.5181345855465926 319
1725390717657 0.4824032085668423 320
1725390717683 0.5486713352773575 321
1725390717711 0.6554908766633586 322
1725390717742 0.5503835740766494 323
1725390717770 0.45011097851143445 324
1725390717795 0.5344836748635763 325
1725390717822 0.4723837934266501 326
1725390717849 0.4930108948810031 327
1725390717876 0.42750390184004644 328
1725390717908 0.5234959114853052 329
1725390717939 0.6130790118728302 330
1725390717971 0.48576388112223357 331
1725390718000 0.5114072527989667 332
1725390718026 0.5268134188517526 333
1725390718057 0.4459341252354185 334
1725390718084 0.5676539599303309 335
1725390718112 0.5045975174446689 336
1725390718142 0.533614810338814 337
1725390718168 0.49935774856184784 338
1725390718193 0.5029089260391486 339
1725390718218 0.5040416977387546 340
1725390718249 0.5923035986290995 341
1725390718278 0.46713302878577256 342
1725390718311 0.5384860965928054 343
1725390718341 0.5440278568289065 344
1725390718371 0.47339564446324156 345
1725390718401 0.44552684843561585 346
1725390718433 0.5310894429877804 347
1725390718455 0.5373061283352386 348
1725390718490 0.5202462493154774 349
1725390718530 0.5360909148479625 350
1725390718558 0.5608492057480173 351
1725390718589 0.48520500247688386 352
1725390718616 0.49950172536653337 353
1725390718648 0.6087097738466326 354
1725390718679 0.44719163616305935 355
1725390718706 0.49740933084580213 356
1725390718736 0.5442403997175423 357
1725390718764 0.6554498495750147 358
1725390718793 0.5237967851550176 359
1725390718822 0.5496559627571244 360
1725390718851 0.6746354330836501 361
1725390718880 0.5421982682554009 362
1725390718907 0.4942369506743504 363
1725390718935 0.4176910093786612 364
1725390718961 0.4365511031056108 365
1725390718994 0.44781489812713154 366
1725390719019 0.48926108949253766 367
1725390719046 0.5621576450690159 368
1725390719078 0.5013663747628356 369
1725390719105 0.531964549719784 370
1725390719131 0.466136464919716 371
1725390719156 0.5573004194525569 372
1725390719181 0.4772170662932021 373
1725390719210 0.5197099966715895 374
1725390719243 0.5134454431295856 375
1725390719271 0.5282007214544958 376
1725390719297 0.5762491597999361 377
1725390719326 0.6094708093914628 378
1725390719353 0.5549596258788567 379
1725390719381 0.5040286319429407 380
1725390719413 0.6234558542081199 381
1725390719440 0.4989666697094478 382
1725390719467 0.661472521225289 383
1725390719494 0.5156042912010348 384
1725390719523 0.5173677982516541 385
1725390719552 0.4759683664961395 386
1725390719582 0.5522289113033402 387
1725390719613 0.46842457235048923 388
1725390719643 0.5393728953174377 389
1725390719671 0.5246330255513463 390
1725390719699 0.5743093847416959 391
1725390719726 0.6149085589670581 392
1725390719753 0.5094972063759049 393
1725390719780 0.5161672085654864 394
1725390719808 0.6151364764580075 395
1725390719837 0.6498659771350233 396
1725390719864 0.5282206460015499 397
1725390719893 0.48440345704696086 398
1725390719920 0.4804126542880123 399
1725390719946 0.51491223438338 400
1725390719974 0.4753217257094765 401
1725390720010 0.5375103687271833 402
1725390720041 0.5469045657702916 403
1725390720067 0.5219353200062793 404
1725390720096 0.5780690720308811 405
1725390720122 0.5565664008642143 406
1725390720151 0.4840863611852648 407
1725390720179 0.4483158180289699 408
1725390720210 0.5077517347818746 409
1725390720236 0.5786373638996267 410
1725390720268 0.4129086763887463 411
1725390720296 0.6376327815406522 412
1725390720323 0.6257395893228686 413
1725390720351 0.5904028330656002 414
1725390720378 0.4666776096169789 415
1725390720407 0.5648718226960399 416
1725390720437 0.606907623120755 417
1725390720467 0.5771518748769437 418
1725390720492 0.5164550625492583 419
1725390720519 0.5753703929677036 420
1725390720547 0.5680434198968981 421
1725390720575 0.49575450829998 422
1725390720605 0.5349864825329541 423
1725390720635 0.49527222436765816 424
1725390720662 0.593213504494883 425
1725390720690 0.5752805551079361 426
1725390720717 0.5229133086460547 427
1725390720744 0.46128733794069654 428
1725390720771 0.5337748555306554 429
1725390720798 0.5803854763144508 430
1725390720826 0.6002210685035944 431
1725390720853 0.5501770480713807 432
1725390720880 0.46260123448782076 433
1725390720906 0.5228875263650455 434
1725390720932 0.5626039841543421 435
1725390720959 0.581496627826979 436
1725390720992 0.5375974286747968 437
1725390721023 0.5738867728127653 438
1725390721055 0.5639596525529756 439
1725390721082 0.5991656375878098 440
1725390721106 0.6082420418120791 441
1725390721137 0.7225329038734025 442
1725390721159 0.6203377090998322 443
1725390721176 0.5203093664394977 444
1725390721193 0.5792075401605398 445
1725390721211 0.5156712938184264 446
1725390721231 0.4769527458511403 447
1725390721247 0.5171873849877263 448
1725390721275 0.6107652231930192 449
1725390721294 0.5140945546611169 450
1725390721316 0.5987640773744805 451
1725390721336 0.5200032020151857 452
1725390721355 0.44643636562267763 453
1725390721373 0.5933361913589159 454
1725390721395 0.5204899660417831 455
1725390721413 0.5727335041328838 456
1725390721434 0.6166527516072597 457
1725390721454 0.46731461058457147 458
1725390721475 0.6500497873951122 459
1725390721499 0.48709858887964946 460
1725390721518 0.40909709616061496 461
1725390721535 0.5918808694643386 462
1725390721552 0.5854516934288585 463
1725390721569 0.5731631496915369 464
1725390721586 0.592402625008467 465
1725390721602 0.4729407107072103 466
1725390721618 0.5063844180894223 467
1725390721636 0.7383434477845096 468
1725390721657 0.5895017722048123 469
1725390721675 0.6261474233113417 470
1725390721692 0.6127150702054895 471
1725390721709 0.4105802379690966 472
1725390721730 0.5864436021080378 473
1725390721748 0.5058682443255081 474
1725390721764 0.4461028424339846 475
1725390721785 0.49729449805974374 476
1725390721804 0.4783638777660287 477
1725390721821 0.6373095776351678 478
1725390721839 0.6196014750133639 479
1725390721859 0.495816188090763 480
1725390721887 0.511339731650867 481
1725390721905 0.4904594184738872 482
1725390721922 0.5708400777078214 483
1725390721940 0.6243262474383751 484
1725390721957 0.551581435668571 485
1725390721975 0.5004504880943069 486
1725390721993 0.49330852230292077 487
1725390722011 0.5200986012272312 488
1725390722029 0.5263436954166407 489
1725390722048 0.6250230729650167 490
1725390722064 0.5324620785319863 491
1725390722082 0.4204256351781133 492
1725390722098 0.5317301987741936 493
1725390722115 0.5765397219220945 494
1725390722130 0.5369911095913124 495
1725390722155 0.6345509200798916 496
1725390722190 0.46594075018077236 497
1725390722223 0.47227389020148897 498
1725390722250 0.5419200206590851 499
