1725392255757 169.25480595599964 0
1725392255808 165.8668141287966 1
1725392255837 162.55375690902707 2
1725392255860 159.31389525290345 3
1725392255872 156.14553194407998 4
1725392255884 153.047010552074 5
1725392255896 150.01671441780076 6
1725392255908 147.05306566546966 7
1725392255920 144.15452424011337 8
1725392255932 141.31958697004177 9
1725392255950 138.5467866535355 10
1725392255967 135.8346911691135 11
1725392255985 133.18190260872876 12
1725392256009 130.58705643326613 13
1725392256032 128.0488206497345 14
1725392256054 125.56589500956301 15
1725392256080 123.13701022742971 16
1725392256109 120.76092722006575 17
1725392256138 118.43643636449687 18
1725392256164 116.16235677519796 19
1725392256186 113.93753559965197 20
1725392256212 111.76084733182027 21
1725392256225 109.631193143044 22
1725392256237 107.54750022991183 23
1725392256249 105.50872117864087 24
1725392256261 103.51383334553215 25
1725392256273 101.56183825307365 26
1725392256285 99.65176100127644 27
1725392256297 97.78264969384058 28
1725392256310 95.95357487876011 29
1725392256322 94.16362900298617 30
1725392256334 92.411925880779 31
1725392256354 90.69760017538921 32
1725392256374 89.01980689371918 33
1725392256399 87.37772089362558 34
1725392256419 85.77053640353208 35
1725392256443 84.1974665540323 36
1725392256468 82.6577429211709 37
1725392256485 81.1506150810987 38
1725392256501 79.67535017580806 39
1725392256519 78.23123248966101 40
1725392256536 76.81756303643083 41
1725392256552 75.43365915658678 42
1725392256569 74.07885412455708 43
1725392256587 72.75249676571372 44
1725392256608 71.45395108282983 45
1725392256628 70.1825958917658 46
1725392256652 68.93782446614814 47
1725392256678 67.71904419081164 48
1725392256696 66.52567622377964 49
1725392256718 65.35715516656603 50
1725392256735 64.21292874258619 51
1725392256751 63.092457483470845 52
1725392256768 61.99521442308167 53
1725392256784 60.92068479903427 54
1725392256800 59.868365761536865 55
1725392256817 58.837766089360706 56
1725392256833 57.828405912761376 57
1725392256853 56.83981644317546 58
1725392256882 55.871539709522224 59
1725392256905 54.923128300943105 60
1725392256932 53.99414511581804 61
1725392256959 53.08416311689991 62
1725392256977 52.192765092414405 63
1725392256994 51.31954342297499 64
1725392257011 50.464099854167756 65
1725392257028 49.62604527466431 66
1725392257043 48.80499949972413 67
1725392257061 48.000591059952164 68
1725392257073 47.21245699518067 69
1725392257086 46.440242653347156 70
1725392257102 45.68360149424436 71
1725392257119 44.94219489802116 72
1725392257134 44.215691978316165 73
1725392257150 43.503769399908975 74
1725392257167 42.80611120077728 75
1725392257183 42.12240861845039 76
1725392257199 41.45235992055288 77
1725392257216 40.795670239434855 78
1725392257241 40.1520514107876 79
1725392257269 39.52122181614641 80
1725392257290 38.90290622918451 81
1725392257314 38.29683566570468 82
1725392257335 37.70274723723763 83
1725392257355 37.12038400815795 84
1725392257376 36.549494856231746 85
1725392257399 35.98983433651095 86
1725392257425 35.44116254849261 87
1725392257448 34.903245006462825 88
1725392257470 34.3758525129472 89
1725392257485 33.85876103519198 90
1725392257502 33.351751584601196 91
1725392257517 32.85461009905795 92
1725392257531 32.36712732805901 93
1725392257543 31.889098720594166 94
1725392257554 31.42032431570319 95
1725392257566 30.9606086356451 96
1725392257580 30.5097605816161 97
1725392257602 30.06759333195396 98
1725392257622 29.633924242768444 99
1725392257641 29.208574750938485 100
1725392257665 28.791370279418828 101
1725392257691 28.382140144799855 102
1725392257712 27.98071746706584 103
1725392257728 27.58693908149814 104
1725392257744 27.20064545267172 105
1725392257760 26.821680590493653 106
1725392257776 26.44989196823459 107
1725392257792 26.085130442504596 108
1725392257808 25.7272501751264 109
1725392257824 25.376108556860377 110
1725392257856 25.03156613293593 111
1725392257904 24.693486530346178 112
1725392257938 24.361736386863132 113
1725392257955 24.03618528173151 114
1725392257972 23.716705668001453 115
1725392257989 23.40317280645968 116
1725392258006 23.095464701121283 117
1725392258024 22.793462036244225 118
1725392258041 22.49704811482993 119
1725392258057 22.20610879857406 120
1725392258068 21.92053244923302 121
1725392258080 21.640209871371493 122
1725392258099 21.365034256458568 123
1725392258122 21.094901128279208 124
1725392258141 20.829708289630425 125
1725392258167 20.569355770270434 126
1725392258191 20.313745776091306 127
1725392258220 20.062782639485594 128
1725392258243 19.81637277087845 129
1725392258260 19.574424611396914 130
1725392258279 19.33684858664952 131
1725392258297 19.1035570615898 132
1725392258316 18.874464296437203 133
1725392258344 18.64948640363041 134
1725392258364 18.428541305788762 135
1725392258387 18.211548694656965 136
1725392258410 17.99842999101008 137
1725392258436 17.789108305495976 138
1725392258458 17.583508400392322 139
1725392258487 17.381556652257075 140
1725392258512 17.183181015450188 141
1725392258538 16.988310986506985 142
1725392258562 16.79687756934164 143
1725392258584 16.608813241262148 144
1725392258599 16.42405191977648 145
1725392258615 16.242528930171872 146
1725392258631 16.06418097384848 147
1725392258646 15.888946097389393 148
1725392258662 15.716763662349887 149
1725392258678 15.547574315748525 150
1725392258695 15.381319961243145 151
1725392258712 15.217943730976607 152
1725392258735 15.05738995807502 153
1725392258756 14.899604149783807 154
1725392258776 14.744532961226389 155
1725392258798 14.592124169770608 156
1725392258823 14.442326649988393 157
1725392258846 14.295090349194906 158
1725392258869 14.15036626355337 159
1725392258891 14.008106414731849 160
1725392258918 13.86826382709963 161
1725392258939 13.730792505449669 162
1725392258959 13.595647413235199 163
1725392258975 13.46278445130829 164
1725392258991 13.332160437148286 165
1725392259008 13.20373308456873 166
1725392259025 13.07746098389151 167
1725392259041 12.953303582576991 168
1725392259058 12.831221166299914 169
1725392259075 12.71117484045968 170
1725392259092 12.593126512115735 171
1725392259107 12.47703887233749 172
1725392259123 12.362875378958977 173
1725392259139 12.250600239729165 174
1725392259156 12.140178395848274 175
1725392259172 12.031575505880815 176
1725392259188 11.924757930037302 177
1725392259203 11.81969271481518 178
1725392259220 11.716347577990666 179
1725392259244 11.614690893953824 180
1725392259268 11.514691679378137 181
1725392259289 11.416319579217141 182
1725392259306 11.319544853020275 183
1725392259323 11.224338361560642 184
1725392259342 11.130671553767154 185
1725392259357 11.03851645395417 186
1725392259372 10.947845649341414 187
1725392259388 10.858632277857646 188
1725392259405 10.77085001622134 189
1725392259421 10.684473068291727 190
1725392259438 10.59947615368426 191
1725392259453 10.515834496643908 192
1725392259477 10.433523815170702 193
1725392259501 10.35252031039123 194
1725392259522 10.272800656170514 195
1725392259539 10.19434198895897 196
1725392259555 10.117121897868403 197
1725392259571 10.041118414972047 198
1725392259590 9.966310005823502 199
1725392259614 9.892675560189279 200
1725392259642 9.82019438299011 201
1725392259664 9.74884618544607 202
1725392259689 9.678611076420808 203
1725392259713 9.60946955396052 204
1725392259741 9.5414024970225 205
1725392259764 9.474391157389729 206
1725392259789 9.408417151766486 207
1725392259816 9.343462454051119 208
1725392259836 9.279509387781657 209
1725392259859 9.21654061875079 210
1725392259883 9.154539147785403 211
1725392259909 9.093488303687792 212
1725392259932 9.033371736334143 213
1725392259959 8.974173409926955 214
1725392259986 8.915877596397925 215
1725392260007 8.858468868957408 216
1725392260029 8.80193209578773 217
1725392260052 8.74625243387627 218
1725392260076 8.691415322985796 219
1725392260095 8.637406479758242 220
1725392260110 8.584211891949627 221
1725392260125 8.53181781279222 222
1725392260142 8.480210755481714 223
1725392260158 8.429377487786262 224
1725392260175 8.379305026774437 225
1725392260191 8.329980633659828 226
1725392260208 8.281391808758983 227
1725392260224 8.233526286560704 228
1725392260250 8.186372030903657 229
1725392260271 8.139917230260197 230
1725392260296 8.094150293123642 231
1725392260317 8.04905984349695 232
1725392260337 8.004634716480174 233
1725392260359 7.960863953954633 234
1725392260375 7.917736800361622 235
1725392260399 7.875242698573268 236
1725392260426 7.83337128585365 237
1725392260450 7.792112389908065 238
1725392260469 7.7514560250184745 239
1725392260485 7.7113923882630155 240
1725392260501 7.671911855817664 241
1725392260517 7.633004979338578 242
1725392260533 7.594662482422785 243
1725392260550 7.556875257145621 244
1725392260565 7.519634360673193 245
1725392260581 7.482931011948312 246
1725392260601 7.446756588447899 247
1725392260623 7.411102623010544 248
1725392260644 7.375960800732399 249
1725392260669 7.341322955930109 250
1725392260696 7.30718106916904 251
1725392260717 7.273527264355328 252
1725392260743 7.2403538058906465 253
1725392260767 7.207653095887758 254
1725392260787 7.175417671445843 255
1725392260809 7.143640201984255 256
1725392260847 7.112313486633154 257
1725392260867 7.081430451679892 258
1725392260884 7.050984148069951 259
1725392260902 7.02096774896114 260
1725392260919 6.991374547329678 261
1725392260935 6.962197953627394 262
1725392260951 6.933431493488571 263
1725392260970 6.905068805485436 264
1725392260994 6.877103638931083 265
1725392261018 6.849529851729125 266
1725392261045 6.822341408268603 267
1725392261072 6.795532377363313 268
1725392261098 6.7690969302346655 269
1725392261126 6.743029338536949 270
1725392261157 6.717323972424158 271
1725392261187 6.691975298657369 272
1725392261213 6.66697787875176 273
1725392261238 6.64232636716263 274
1725392261264 6.618015509509114 275
1725392261294 6.5940401408352125 276
1725392261323 6.570395183906988 277
1725392261349 6.547075647545229 278
1725392261379 6.524076624992892 279
1725392261412 6.501393292316424 280
1725392261441 6.479020906840132 281
1725392261469 6.456954805613308 282
1725392261495 6.435190403908731 283
1725392261522 6.413723193752372 284
1725392261549 6.392548742483477 285
1725392261578 6.371662691344203 286
1725392261604 6.351060754098384 287
1725392261631 6.330738715678575 288
1725392261657 6.310692430860964 289
1725392261683 6.290917822967386 290
1725392261710 6.2714108825938775 291
1725392261740 6.252167666365237 292
1725392261764 6.233184295714985 293
1725392261791 6.214456955690169 294
1725392261817 6.195981893780506 295
1725392261840 6.1777554187712695 296
1725392261867 6.159773899619498 297
1725392261894 6.142033764352808 298
1725392261917 6.124531498990779 299
1725392261941 6.107263646487693 300
1725392261969 6.090226805696973 301
1725392261999 6.0734176303562455 302
1725392262024 6.056832828092818 303
1725392262051 6.040469159449218 304
1725392262076 6.024323436928094 305
1725392262101 6.008392524056354 306
1725392262133 5.992673334467935 307
1725392262162 5.97716283100484 308
1725392262192 5.9618580248360695 309
1725392262223 5.946755974594196 310
1725392262256 5.931853785528758 311
1725392262284 5.9171486086767775 312
1725392262314 5.902637640049507 313
1725392262344 5.888318119835165 314
1725392262371 5.874187331617507 315
1725392262399 5.8602426016097455 316
1725392262427 5.846481297903505 317
1725392262453 5.832900829732425 318
1725392262479 5.819498646750432 319
1725392262506 5.806272238323723 320
1725392262532 5.793219132836989 321
1725392262563 5.780336897012752 322
1725392262593 5.767623135244322 323
1725392262624 5.755075488941339 324
1725392262652 5.742691635888255 325
1725392262683 5.730469289615144 326
1725392262711 5.718406198780597 327
1725392262737 5.706500146566607 328
1725392262762 5.6947489500850255 329
1725392262793 5.6831504597954785 330
1725392262825 5.671702558934357 331
1725392262856 5.660403162954847 332
1725392262886 5.649250218977595 333
1725392262918 5.638241705251779 334
1725392262949 5.627375630626573 335
1725392262978 5.616650034032619 336
1725392263003 5.606062983973183 337
1725392263030 5.595612578025178 338
1725392263057 5.585296942349462 339
1725392263085 5.575114231210358 340
1725392263109 5.565062626504399 341
1725392263139 5.555140337297587 342
1725392263168 5.545345599371767 343
1725392263201 5.5356766747790935 344
1725392263227 5.52613185140509 345
1725392263258 5.516709442539722 346
1725392263288 5.507407786456497 347
1725392263321 5.498225245999391 348
1725392263384 5.489160208177387 349
1725392263414 5.4802110837665845 350
1725392263441 5.471376306919639 351
1725392263469 5.462654334782295 352
1725392263499 5.454043647117217 353
1725392263531 5.445542745934419 354
1725392263562 5.437150155128734 355
1725392263598 5.428864420123826 356
1725392263632 5.420684107522583 357
1725392263662 5.412607804764047 358
1725392263692 5.404634119786512 359
1725392263715 5.39676168069676 360
1725392263740 5.388989135445244 361
1725392263766 5.3813151515071125 362
1725392263795 5.373738415569194 363
1725392263821 5.366257633222387 364
1725392263844 5.3588715286595745 365
1725392263875 5.351578844379236 366
1725392263908 5.344378340894017 367
1725392263939 5.33726879644472 368
1725392263968 5.330249006719355 369
1725392263993 5.323317784577106 370
1725392264020 5.316473959777331 371
1725392264050 5.309716378713258 372
1725392264083 5.3030439041504405 373
1725392264110 5.296455414969784 374
1725392264137 5.289949805915176 375
1725392264162 5.2835259873455325 376
1725392264191 5.277182884991057 377
1725392264221 5.2709194397139925 378
1725392264250 5.2647346072734065 379
1725392264272 5.258627358094073 380
1725392264296 5.252596677039451 381
1725392264323 5.246641563188627 382
1725392264346 5.240761029616899 383
1725392264376 5.234954103180485 384
1725392264406 5.229219824304732 385
1725392264430 5.223557246775956 386
1725392264459 5.217965437537031 387
1725392264489 5.2124434764863405 388
1725392264521 5.206990456280177 389
1725392264547 5.201605482138594 390
1725392264574 5.196287671654521 391
1725392264602 5.191036154606087 392
1725392264624 5.185850072772298 393
1725392264654 5.180728579751509 394
1725392264684 5.175670840783386 395
1725392264716 5.170676032573518 396
1725392264746 5.165743343121141 397
1725392264776 5.160871971549811 398
1725392264804 5.156061127940762 399
1725392264831 5.1513100331691355 400
1725392264859 5.146617918743052 401
1725392264889 5.1419840266450985 402
1725392264915 5.137407609176738 403
1725392264944 5.1328879288051334 404
1725392264974 5.128424258012512 405
1725392265004 5.124015879148153 406
1725392265031 5.119662084282578 407
1725392265058 5.115362175064481 408
1725392265085 5.11111546257964 409
1725392265113 5.10692126721243 410
1725392265138 5.102778918509428 411
1725392265159 5.098687755045344 412
1725392265186 5.0946471242911135 413
1725392265211 5.090656382484048 414
1725392265242 5.08671489450032 415
1725392265272 5.082822033729133 416
1725392265299 5.078977181949439 417
1725392265325 5.075179729208116 418
1725392265350 5.0714290737004895 419
1725392265378 5.0677246216526015 420
1725392265408 5.06406578720543 421
1725392265439 5.060451992300876 422
1725392265463 5.05688266656969 423
1725392265487 5.053357247221128 424
1725392265514 5.049875178934301 425
1725392265541 5.046435913751421 426
1725392265566 5.0430389109724985 427
1725392265593 5.039683637051943 428
1725392265620 5.036369565496653 429
1725392265644 5.033096176765727 430
1725392265672 5.029862958171844 431
1725392265702 5.026669403783985 432
1725392265731 5.023515014331987 433
1725392265757 5.020399297112313 434
1725392265781 5.017321765895343 435
1725392265803 5.014281940834336 436
1725392265831 5.011279348375456 437
1725392265860 5.008313521169455 438
1725392265881 5.005383997984668 439
1725392265910 5.002490323621224 440
1725392265937 4.999632048826786 441
1725392265961 4.996808730213393 442
1725392265989 4.994019930175739 443
1725392266012 4.991265216810565 444
1725392266041 4.988544163837417 445
1725392266070 4.985856350520557 446
1725392266103 4.98320136159198 447
1725392266133 4.9805787871757765 448
1725392266164 4.977988222713465 449
1725392266197 4.975429268890625 450
1725392266227 4.97290153156453 451
1725392266261 4.97040462169285 452
1725392266292 4.967938155263553 453
1725392266319 4.965501753225782 454
1725392266346 4.963095041421713 455
1725392266371 4.960717650519591 456
1725392266392 4.958369215947602 457
1725392266418 4.9560493778289105 458
1725392266443 4.953757780917411 459
1725392266468 4.951494074534796 460
1725392266499 4.9492579125081555 461
1725392266530 4.947048953108852 462
1725392266559 4.944866858992026 463
1725392266587 4.9427112971372695 464
1725392266615 4.94058193878991 465
1725392266639 4.938478459403323 466
1725392266667 4.9364005385820375 467
1725392266690 4.934347860025702 468
1725392266718 4.9323201114738335 469
1725392266745 4.930316984651495 470
1725392266769 4.92833817521548 471
1725392266798 4.926383382701698 472
1725392266823 4.9244523104729 473
1725392266850 4.922544665667562 474
1725392266876 4.920660159149112 475
1725392266900 4.918798505456277 476
1725392266924 4.916959422753899 477
1725392266952 4.91514263278446 478
1725392266978 4.913347860820498 479
1725392267010 4.911574835617496 480
1725392267041 4.909823289367593 481
1725392267077 4.908092957653898 482
1725392267105 4.906383579405361 483
1725392267134 4.90469489685265 484
1725392267161 4.903026655484135 485
1725392267188 4.901378604002837 486
1725392267215 4.899750494284084 487
1725392267241 4.898142081333374 488
1725392267267 4.896553123245224 489
1725392267293 4.894983381162421 490
1725392267319 4.893432619235802 491
1725392267349 4.891900604584761 492
1725392267376 4.890387107258207 493
1725392267405 4.888891900196059 494
1725392267431 4.8874147591913815 495
1725392267454 4.885955462852918 496
1725392267480 4.8845137925682645 497
1725392267500 4.883089532467521 498
1725392267528 4.881682469387396 499
