1725398784123 174.3606422476387 0
1725398784153 170.87935290828358 1
1725398784183 167.46785363344253 2
1725398784218 164.12473817840237 3
1725398784249 160.84862885904727 4
1725398784282 157.6381759641928 5
1725398784317 154.49205718028074 6
1725398784346 151.40897702816437 7
1725398784375 148.38766631172118 8
1725398784403 145.42688157803565 9
1725398784433 142.52540458890016 10
1725398784458 139.68204180338904 11
1725398784490 136.89562387126483 12
1725398784524 134.16500513698324 13
1725398784555 131.4890631540667 14
1725398784582 128.86669820962337 15
1725398784612 126.2968328587918 16
1725398784642 123.7784114688984 17
1725398784669 121.31039977311784 18
1725398784696 118.89178443343262 19
1725398784722 116.52157261269194 20
1725398784750 114.19879155557436 21
1725398784777 111.92248817826443 22
1725398784808 109.69172866665556 23
1725398784837 107.50559808289769 24
1725398784867 105.36319998011142 25
1725398784896 103.26365602509384 26
1725398784927 101.20610562884653 27
1725398784955 99.18970558475846 28
1725398784986 97.21362971428118 29
1725398785017 95.27706851993747 30
1725398785051 93.379228845507 31
1725398785080 91.51933354323731 32
1725398785111 89.6966211479313 33
1725398785146 87.91034555776503 34
1725398785176 86.1597757216941 35
1725398785206 84.4441953333091 36
1725398785237 82.76290253100368 37
1725398785266 81.11520960432264 38
1725398785294 79.50044270635922 39
1725398785327 77.91794157207438 40
1725398785356 76.36705924241345 41
1725398785387 74.8471617940983 42
1725398785419 73.35762807497537 43
1725398785448 71.89784944480346 44
1725398785476 70.46722952136687 45
1725398785507 69.06518393180211 46
1725398785541 67.69114006902902 47
1725398785572 66.3445368531798 48
1725398785603 65.02482449792087 49
1725398785633 63.731464281565614 50
1725398785663 62.46392832287775 51
1725398785694 61.22169936146731 52
1725398785724 60.00427054268409 53
1725398785754 58.811145206913714 54
1725398785786 57.641836683185275 55
1725398785817 56.495868087001064 56
1725398785848 55.37277212229949 57
1725398785884 54.27209088746642 58
1725398785913 53.193375685309846 59
1725398785939 52.136186836916266 60
1725398785968 51.10009349930761 61
1725398785997 50.084673486820364 62
1725398786029 49.0895130961294 63
1725398786059 48.11420693484112 64
1725398786089 47.158357753581846 65
1725398786121 46.2215762815093 66
1725398786153 45.30348106517628 67
1725398786184 44.40369831067715 68
1725398786217 43.521861729009224 69
1725398786247 42.65761238458299 70
1725398786305 41.8105985468157 71
1725398786370 40.98047554474512 72
1725398786411 40.16690562460068 73
1725398786435 39.36955781027174 74
1725398786462 38.58810776661223 75
1725398786489 37.82223766552461 76
1725398786518 37.07163605476454 77
1725398786547 36.33599772941134 78
1725398786578 35.61502360594876 79
1725398786608 34.90842059890274 80
1725398786640 34.21590149998345 81
1725398786672 33.537184859680195 82
1725398786702 32.87199487125894 83
1725398786732 32.220061257112825 84
1725398786765 31.581119157417778 85
1725398786797 30.954909021045804 86
1725398786824 30.34117649868935 87
1725398786852 29.739672338152175 88
1725398786880 29.15015228176149 89
1725398786909 28.57237696585846 90
1725398786937 28.006111822324538 91
1725398786966 27.451126982101613 92
1725398786991 26.90719718066554 93
1725398787018 26.37410166541293 94
1725398787046 25.851624104922145 95
1725398787075 25.33955250005015 96
1725398787106 24.83767909682778 97
1725398787140 24.345800301116917 98
1725398787172 23.86371659499279 99
1725398787202 23.391232454817327 100
1725398787231 22.92815627096843 101
1725398787258 22.4743002691912 102
1725398787287 22.02948043353846 103
1725398787318 21.593516430868256 104
1725398787347 21.166231536866103 105
1725398787381 20.747452563561314 106
1725398787407 20.337009788307086 107
1725398787440 19.934736884193967 108
1725398787478 19.540470851868193 109
1725398787508 19.15405195272597 110
1725398787536 18.7753236434558 111
1725398787567 18.404132511901153 112
1725398787596 18.0403282142174 113
1725398787627 17.683763413295615 114
1725398787661 17.334293718428555 115
1725398787689 16.99177762619284 116
1725398787722 16.65607646252293 117
1725398787752 16.32705432595292 118
1725398787783 16.0045780320017 119
1725398787805 15.688517058679444 120
1725398787836 15.378743493091394 121
1725398787863 15.075131979117614 122
1725398787890 14.777559666146548 123
1725398787918 14.485906158840884 124
1725398787947 14.200053467915218 125
1725398787976 13.919885961904379 126
1725398788006 13.645290319903113 127
1725398788032 13.376155485256676 128
1725398788058 13.1123726201837 129
1725398788089 12.853835061311997 130
1725398788118 12.600438276109175 131
1725398788154 12.352079820189683 132
1725398788185 12.108659295480654 133
1725398788214 11.870078309229317 134
1725398788248 11.636240433834542 135
1725398788279 11.40705116748631 136
1725398788308 11.182417895596553 137
1725398788339 10.962249853005353 138
1725398788369 10.746458086946713 139
1725398788397 10.534955420758994 140
1725398788423 10.327656418324295 141
1725398788450 10.124477349222781 142
1725398788484 9.925336154586862 143
1725398788515 9.730152413641516 144
1725398788539 9.538847310916719 145
1725398788565 9.351343604118433 146
1725398788596 9.16756559264505 147
1725398788631 8.987439086735671 148
1725398788661 8.810891377238447 149
1725398788691 8.63785120598541 150
1725398788720 8.468248736762392 151
1725398788752 8.30201552686148 152
1725398788782 8.139084499204642 153
1725398788813 7.97938991502664 154
1725398788845 7.82286734710648 155
1725398788870 7.669453653535488 156
1725398788900 7.519086952012278 157
1725398788930 7.371706594652987 158
1725398788959 7.2272531433071725 159
1725398788988 7.085668345368552 160
1725398789019 6.946895110071164 161
1725398789050 6.810877485260721 162
1725398789083 6.677560634631943 163
1725398789113 6.5468908154222465 164
1725398789142 6.4188153565525905 165
1725398789174 6.293282637206817 166
1725398789202 6.170242065840134 167
1725398789231 6.0496440596085685 168
1725398789260 5.931440024210608 169
1725398789285 5.815582334132963 170
1725398789317 5.702024313292151 171
1725398789347 5.5907202160638985 172
1725398789373 5.481625208692924 173
1725398789404 5.374695351074906 174
1725398789435 5.269887578903615 175
1725398789464 5.167159686175561 176
1725398789495 5.066470308045247 177
1725398789524 4.967778904023644 178
1725398789549 4.871045741513268 179
1725398789577 4.7762318796730225 180
1725398789607 4.683299153606089 181
1725398789658 4.592210158864363 182
1725398789687 4.5029282362634 183
1725398789716 4.415417457001011 184
1725398789747 4.3296426080741455 185
1725398789780 4.245569177987423 186
1725398789809 4.163163342747895 187
1725398789840 4.0823919521400045 188
1725398789872 4.003222516275358 189
1725398789900 3.9256231924115923 190
1725398789929 3.8495627720350236 191
1725398789956 3.77501066820179 192
1725398789984 3.7019369031322573 193
1725398790011 3.6303120960536646 194
1725398790039 3.560107451285917 195
1725398790067 3.4912947465658557 196
1725398790096 3.4238463216048896 197
1725398790125 3.3577350668756663 198
1725398790153 3.2929344126229667 199
1725398790181 3.229418318094345 200
1725398790208 3.1671612609861564 201
1725398790232 3.106138227100697 202
1725398790258 3.046324700210058 203
1725398790286 2.987696652122711 204
1725398790315 2.9302305329487233 205
1725398790350 2.8739032615595392 206
1725398790377 2.8186922162384893 207
1725398790409 2.7645752255182816 208
1725398790440 2.7115305592015115 209
1725398790474 2.659536919560719 210
1725398790498 2.6085734327144063 211
1725398790526 2.558619640175247 212
1725398790551 2.509655490567332 213
1725398790581 2.461661331508893 214
1725398790604 2.414617901657211 215
1725398790634 2.368506322912481 216
1725398790666 2.323308092777496 217
1725398790693 2.2790050768698764 218
1725398790721 2.2355795015840143 219
1725398790756 2.1930139468994785 220
1725398790788 2.151291339333247 221
1725398790820 2.1103949450324944 222
1725398790850 2.0703083630055676 223
1725398790878 2.031015518487993 224
1725398790907 1.9925006564410572 225
1725398790936 1.9547483351802268 226
1725398790965 1.9177434201307464 227
1725398790991 1.8814710777080346 228
1725398791018 1.845916769320158 229
1725398791040 1.8110662454901092 230
1725398791066 1.7769055400954645 231
1725398791097 1.7434209647230083 232
1725398791122 1.7105991031360783 233
1725398791145 1.6784268058523382 234
1725398791184 1.6468911848298062 235
1725398791214 1.6159796082589593 236
1725398791245 1.5856796954587573 237
1725398791278 1.5559793118745835 238
1725398791308 1.5268665641759578 239
1725398791340 1.4983297954521946 240
1725398791369 1.4703575805037514 241
1725398791398 1.4429387212277236 242
1725398791428 1.4160622420953197 243
1725398791457 1.3897173857196174 244
1725398791486 1.3638936085117446 245
1725398791516 1.3385805764236816 246
1725398791546 1.3137681607760616 247
1725398791575 1.289446434169193 248
1725398791607 1.2656056664756268 249
1725398791635 1.2422363209126688 250
1725398791663 1.2193290501932499 251
1725398791693 1.1968746927535925 252
1725398791721 1.174864269056046 253
1725398791749 1.1532889779657198 254
1725398791778 1.1321401931993902 255
1725398791810 1.1114094598451751 256
1725398791845 1.091088490951642 257
1725398791876 1.071169164184952 258
1725398791906 1.0516435185525883 259
1725398791934 1.0325037511925328 260
1725398791960 1.0137422142263388 261
1725398791989 0.9953514116750009 262
1725398792020 0.9773239964363613 263
1725398792052 0.9596527673226615 264
1725398792076 0.9423306661572586 265
1725398792100 0.9253507749291604 266
1725398792125 0.9087063130042728 267
1725398792154 0.8923906343922902 268
1725398792188 0.8763972250680094 269
1725398792218 0.860719700346036 270
1725398792250 0.8453518023078621 271
1725398792280 0.8302873972801602 272
1725398792311 0.8155204733633843 273
1725398792341 0.8010451380095605 274
1725398792373 0.7868556156484047 275
1725398792403 0.7729462453607175 276
1725398792433 0.7593114785981392 277
1725398792464 0.7459458769483271 278
1725398792496 0.7328441099446923 279
1725398792525 0.7200009529197302 280
1725398792558 0.7074112849011465 281
1725398792587 0.695070086549903 282
1725398792609 0.6829724381393041 283
1725398792638 0.6711135175743741 284
1725398792668 0.6594885984506819 285
1725398792697 0.6480930481517921 286
1725398792728 0.6369223259846865 287
1725398792759 0.6259719813522631 288
1725398792788 0.6152376519622148 289
1725398792817 0.6047150620716638 290
1725398792846 0.5944000207666748 291
1725398792874 0.5842884202760518 292
1725398792908 0.5743762343187263 293
1725398792939 0.5646595164840743 294
1725398792970 0.555134398644389 295
1725398793000 0.5457970893991001 296
1725398793028 0.5366438725498464 297
1725398793057 0.5276711056059905 298
1725398793083 0.5188752183198468 299
1725398793111 0.5102527112510777 300
1725398793142 0.5018001543596705 301
1725398793168 0.4935141856269479 302
1725398793199 0.4853915097039669 303
1725398793228 0.47742889658689047 304
1725398793258 0.46962318031869144 305
1725398793289 0.4619712577166832 306
1725398793319 0.4544700871254145 307
1725398793351 0.44711668719434994 308
1725398793381 0.43990813567989034 309
1725398793410 0.432841568271243 310
1725398793444 0.4259141774396522 311
1725398793473 0.4191232113105014 312
1725398793503 0.4124659725579181 313
1725398793532 0.4059398173213001 314
1725398793560 0.39954215414346755 315
1725398793589 0.3932704429298993 316
1725398793619 0.3871221939287059 317
1725398793651 0.3810949667308517 318
1725398793680 0.3751863692903164 319
1725398793713 0.36939405696373256 320
1725398793741 0.36371573156910736 321
1725398793767 0.35814914046329205 322
1725398793793 0.35269207563778704 323
1725398793819 0.3473423728325602 324
1725398793851 0.3420979106674338 325
1725398793885 0.3369566097908333 326
1725398793916 0.331916432045371 327
1725398793947 0.32697537965010387 328
1725398793977 0.32213149439899824 329
1725398794007 0.31738285687538303 330
1725398794039 0.3127275856819696 331
1725398794063 0.3081638366862376 332
1725398794092 0.30368980228078485 333
1725398794120 0.2993037106584107 334
1725398794152 0.2950038251015991 335
1725398794180 0.29078844328612224 336
1725398794212 0.28665589659850804 337
1725398794237 0.2826045494670736 338
1725398794265 0.27863279870624474 339
1725398794295 0.274739072873922 340
1725398794327 0.2709218316416084 341
1725398794356 0.2671795651770951 342
1725398794389 0.26351079353935297 343
1725398794417 0.25991406608550605 344
1725398794447 0.25638796088959165 345
1725398794477 0.25293108417283555 346
1725398794508 0.24954206974526683 347
1725398794536 0.24621957845845796 348
1725398794567 0.2429622976691029 349
1725398794595 0.23976894071326693 350
1725398794623 0.2366382463910917 351
1725398794652 0.23356897846174843 352
1725398794680 0.2305599251483917 353
1725398794709 0.227609898652976 354
1725398794737 0.22471773468073553 355
1725398794766 0.22188229197404682 356
1725398794794 0.21910245185561858 357
1725398794823 0.21637711778071628 358
1725398794850 0.21370521489829888 359
1725398794881 0.21108568962087462 360
1725398794913 0.20851750920289377 361
1725398794943 0.20599966132750888 362
1725398794972 0.20353115370159142 363
1725398795001 0.20111101365871 364
1725398795032 0.19873828777007355 365
1725398795059 0.19641204146315988 366
1725398795086 0.19413135864792486 367
1725398795115 0.19189534135044065 368
1725398795134 0.18970310935380694 369
1725398795163 0.18755379984619783 370
1725398795195 0.18544656707588827 371
1725398795221 0.1833805820131436 372
1725398795248 0.18135503201880512 373
1725398795266 0.17936912051947668 374
1725398795289 0.17742206668915278 375
1725398795316 0.17551310513715424 376
1725398795342 0.17364148560228737 377
1725398795364 0.17180647265304277 378
1725398795391 0.17000734539378456 379
1725398795419 0.1682433971767214 380
1725398795444 0.16651393531965197 381
1725398795472 0.16481828082927233 382
1725398795497 0.1631557681299906 383
1725398795526 0.16152574479812343 384
1725398795555 0.15992757130137503 385
1725398795582 0.15836062074346408 386
1725398795609 0.15682427861385348 387
1725398795637 0.15531794254241757 388
1725398795660 0.15384102205898964 389
1725398795679 0.1523929383576894 390
1725398795707 0.15097312406590663 391
1725398795736 0.14958102301789125 392
1725398795767 0.1482160900328188 393
1725398795801 0.1468777906972761 394
1725398795836 0.14556560115204675 395
1725398795871 0.14427900788313072 396
1725398795902 0.1430175075169233 397
1725398795938 0.14178060661943792 398
1725398795975 0.1405678214995312 399
1725398796009 0.13937867801601617 400
1725398796045 0.13821271138860258 401
1725398796084 0.13706946601260922 402
1725398796118 0.13594849527732353 403
1725398796147 0.1348493613879784 404
1725398796176 0.13377163519125324 405
1725398796206 0.13271489600425362 406
1725398796239 0.13167873144685655 407
1725398796291 0.1306627372773948 408
1725398796325 0.12966651723161332 409
1725398796355 0.12868968286478374 410
1725398796382 0.12773185339699145 411
1725398796413 0.1267926555614522 412
1725398796449 0.1258717234558647 413
1725398796478 0.12496869839670349 414
1725398796511 0.12408322877638873 415
1725398796548 0.12321496992329949 416
1725398796582 0.12236358396456362 417
1725398796612 0.1215287396915637 418
1725398796643 0.1207101124281024 419
1725398796668 0.11990738390119454 420
1725398796700 0.11912024211441868 421
1725398796723 0.11834838122376287 422
1725398796753 0.11759150141595147 423
1725398796784 0.11684930878918036 424
1725398796806 0.11612151523619922 425
1725398796834 0.11540783832973191 426
1725398796861 0.11470800121015512 427
1725398796893 0.11402173247541171 428
1725398796923 0.11334876607309112 429
1725398796955 0.11268884119466761 430
1725398796985 0.11204170217182229 431
1725398797013 0.11140709837481856 432
1725398797045 0.11078478411289451 433
1725398797076 0.11017451853663796 434
1725398797108 0.10957606554227411 435
1725398797132 0.1089891936778692 436
1725398797162 0.10841367605138613 437
1725398797192 0.10784929024055669 438
1725398797229 0.10729581820454441 439
1725398797259 0.10675304619735905 440
1725398797283 0.1062207646829798 441
1725398797316 0.10569876825216418 442
1725398797345 0.1051868555409057 443
1725398797375 0.10468482915050022 444
1725398797406 0.10419249556920598 445
1725398797435 0.10370966509544174 446
1725398797466 0.10323615176251712 447
1725398797495 0.10277177326485283 448
1725398797525 0.1023163508856505 449
1725398797554 0.10186970942600818 450
1725398797584 0.10143167713543196 451
1725398797613 0.10100208564372681 452
1725398797639 0.10058076989423738 453
1725398797667 0.10016756807839902 454
1725398797698 0.09976232157160284 455
1725398797725 0.09936487487031426 456
1725398797753 0.09897507553044711 457
1725398797781 0.0985927741069515 458
1725398797810 0.0982178240946005 459
1725398797833 0.09785008186994758 460
1725398797858 0.09748940663443258 461
1725398797888 0.09713566035861457 462
1725398797917 0.09678870772750958 463
1725398797946 0.09644841608700716 464
1725398797973 0.09611465539134928 465
1725398798003 0.09578729815164945 466
1725398798031 0.09546621938542785 467
1725398798058 0.09515129656714841 468
1725398798091 0.0948424095797287 469
1725398798122 0.09453944066701815 470
1725398798149 0.09424227438720895 471
1725398798179 0.09395079756717127 472
1725398798207 0.09366489925769271 473
1725398798239 0.09338447068960154 474
1725398798267 0.09310940523075988 475
1725398798302 0.09283959834390673 476
1725398798338 0.09257494754533273 477
1725398798372 0.09231535236437326 478
1725398798452 0.09206071430371093 479
1725398798517 0.09181093680044548 480
1725398798551 0.09156592518795138 481
1725398798580 0.09132558665848065 482
1725398798608 0.09108983022650374 483
1725398798642 0.09085856669278364 484
1725398798672 0.09063170860915182 485
1725398798699 0.09040917024398491 486
1725398798726 0.09019086754836173 487
1725398798753 0.08997671812289332 488
1725398798781 0.08976664118520546 489
1725398798811 0.08956055753806216 490
1725398798839 0.08935838953812475 491
1725398798868 0.08916006106532606 492
1725398798898 0.08896549749284548 493
1725398798928 0.08877462565768714 494
1725398798957 0.08858737383182859 495
1725398798985 0.08840367169394847 496
1725398799013 0.0882234503017113 497
1725398799044 0.08804664206459059 498
1725398799073 0.08787318071724669 499
