1725341797276 nan 0
1725341797296 nan 1
1725341797311 nan 2
1725341797327 nan 3
1725341797344 nan 4
1725341797357 nan 5
1725341797372 nan 6
1725341797388 nan 7
1725341797414 nan 8
1725341797437 nan 9
1725341797457 nan 10
1725341797500 nan 11
1725341797521 nan 12
1725341797538 nan 13
1725341797556 nan 14
1725341797573 nan 15
1725341797589 nan 16
1725341797605 nan 17
1725341797622 nan 18
1725341797639 nan 19
1725341797656 nan 20
1725341797673 nan 21
1725341797693 nan 22
1725341797713 nan 23
1725341797734 nan 24
1725341797756 nan 25
1725341797774 nan 26
1725341797794 nan 27
1725341797818 nan 28
1725341797839 nan 29
1725341797862 nan 30
1725341797882 nan 31
1725341797903 nan 32
1725341797922 nan 33
1725341797938 nan 34
1725341797954 nan 35
1725341797971 nan 36
1725341797987 nan 37
1725341798003 nan 38
1725341798020 nan 39
1725341798040 nan 40
1725341798057 nan 41
1725341798080 nan 42
1725341798100 nan 43
1725341798124 nan 44
1725341798143 nan 45
1725341798162 nan 46
1725341798181 nan 47
1725341798200 nan 48
1725341798218 nan 49
1725341798237 nan 50
1725341798257 nan 51
1725341798277 nan 52
1725341798293 nan 53
1725341798310 nan 54
1725341798327 nan 55
1725341798345 nan 56
1725341798360 nan 57
1725341798378 nan 58
1725341798426 nan 59
1725341798444 nan 60
1725341798460 nan 61
1725341798477 nan 62
1725341798494 nan 63
1725341798511 nan 64
1725341798528 nan 65
1725341798553 nan 66
1725341798569 nan 67
1725341798586 nan 68
1725341798603 nan 69
1725341798627 nan 70
1725341798646 nan 71
1725341798667 nan 72
1725341798688 nan 73
1725341798712 nan 74
1725341798737 nan 75
1725341798758 nan 76
1725341798779 nan 77
1725341798798 nan 78
1725341798820 nan 79
1725341798839 nan 80
1725341798867 nan 81
1725341798887 nan 82
1725341798910 nan 83
1725341798930 nan 84
1725341798950 nan 85
1725341798968 nan 86
1725341798985 nan 87
1725341799001 nan 88
1725341799018 nan 89
1725341799035 nan 90
1725341799051 nan 91
1725341799069 nan 92
1725341799086 nan 93
1725341799105 nan 94
1725341799122 nan 95
1725341799139 nan 96
1725341799160 nan 97
1725341799177 nan 98
1725341799192 nan 99
1725341799207 nan 100
1725341799222 nan 101
1725341799240 nan 102
1725341799301 nan 103
1725341799314 nan 104
1725341799328 nan 105
1725341799343 nan 106
1725341799359 nan 107
1725341799374 nan 108
1725341799389 nan 109
1725341799404 nan 110
1725341799422 nan 111
1725341799440 nan 112
1725341799456 nan 113
1725341799473 nan 114
1725341799491 nan 115
1725341799509 nan 116
1725341799527 nan 117
1725341799543 nan 118
1725341799559 nan 119
1725341799574 nan 120
1725341799589 nan 121
1725341799605 nan 122
1725341799620 nan 123
1725341799635 nan 124
1725341799652 nan 125
1725341799668 nan 126
1725341799688 nan 127
1725341799710 nan 128
1725341799732 nan 129
1725341799762 nan 130
1725341799784 nan 131
1725341799804 nan 132
1725341799820 nan 133
1725341799838 nan 134
1725341799857 nan 135
1725341799875 nan 136
1725341799894 nan 137
1725341799914 nan 138
1725341799931 nan 139
1725341799948 nan 140
1725341799966 nan 141
1725341799984 nan 142
1725341800007 nan 143
1725341800032 nan 144
1725341800057 nan 145
1725341800079 nan 146
1725341800100 nan 147
1725341800122 nan 148
1725341800141 nan 149
1725341800160 nan 150
1725341800181 nan 151
1725341800201 nan 152
1725341800220 nan 153
1725341800241 nan 154
1725341800259 nan 155
1725341800279 nan 156
1725341800301 nan 157
1725341800320 nan 158
1725341800340 nan 159
1725341800358 nan 160
1725341800378 nan 161
1725341800400 nan 162
1725341800419 nan 163
1725341800454 nan 164
1725341800480 nan 165
1725341800504 nan 166
1725341800528 nan 167
1725341800552 nan 168
1725341800577 nan 169
1725341800594 nan 170
1725341800610 nan 171
1725341800626 nan 172
1725341800641 nan 173
1725341800657 nan 174
1725341800672 nan 175
1725341800689 nan 176
1725341800704 nan 177
1725341800723 nan 178
1725341800743 nan 179
1725341800761 nan 180
1725341800778 nan 181
1725341800798 nan 182
1725341800817 nan 183
1725341800833 nan 184
1725341800864 nan 185
1725341800886 nan 186
1725341800904 nan 187
1725341800923 nan 188
1725341800944 nan 189
1725341800960 nan 190
1725341800977 nan 191
1725341800997 nan 192
1725341801015 nan 193
1725341801031 nan 194
1725341801048 nan 195
1725341801064 nan 196
1725341801081 nan 197
1725341801098 nan 198
1725341801116 nan 199
1725341801134 nan 200
1725341801150 nan 201
1725341801168 nan 202
1725341801184 nan 203
1725341801201 nan 204
1725341801219 nan 205
1725341801238 nan 206
1725341801258 nan 207
1725341801290 nan 208
1725341801308 nan 209
1725341801325 nan 210
1725341801341 nan 211
1725341801355 nan 212
1725341801374 nan 213
1725341801392 nan 214
1725341801409 nan 215
1725341801424 nan 216
1725341801456 nan 217
1725341801472 nan 218
1725341801489 nan 219
1725341801506 nan 220
1725341801524 nan 221
1725341801541 nan 222
1725341801560 nan 223
1725341801581 nan 224
1725341801605 nan 225
1725341801627 nan 226
1725341801652 nan 227
1725341801677 nan 228
1725341801698 nan 229
1725341801718 nan 230
1725341801737 nan 231
1725341801750 nan 232
1725341801767 nan 233
1725341801788 nan 234
1725341801808 nan 235
1725341801827 nan 236
1725341801845 nan 237
1725341801866 nan 238
1725341801888 nan 239
1725341801910 nan 240
1725341801933 nan 241
1725341801951 nan 242
1725341801970 nan 243
1725341801988 nan 244
1725341802006 nan 245
1725341802024 nan 246
1725341802040 nan 247
1725341802057 nan 248
1725341802075 nan 249
1725341802089 nan 250
1725341802105 nan 251
1725341802121 nan 252
1725341802136 nan 253
1725341802151 nan 254
1725341802167 nan 255
1725341802181 nan 256
1725341802197 nan 257
1725341802213 nan 258
1725341802231 nan 259
1725341802256 nan 260
1725341802280 nan 261
1725341802298 nan 262
1725341802317 nan 263
1725341802336 nan 264
1725341802354 nan 265
1725341802371 nan 266
1725341802390 nan 267
1725341802410 nan 268
1725341802426 nan 269
1725341802444 nan 270
1725341802479 nan 271
1725341802498 nan 272
1725341802517 nan 273
1725341802535 nan 274
1725341802563 nan 275
1725341802583 nan 276
1725341802602 nan 277
1725341802621 nan 278
1725341802644 nan 279
1725341802662 nan 280
1725341802677 nan 281
1725341802693 nan 282
1725341802711 nan 283
1725341802732 nan 284
1725341802750 nan 285
1725341802768 nan 286
1725341802805 nan 287
1725341802822 nan 288
1725341802837 nan 289
1725341802853 nan 290
1725341802869 nan 291
1725341802884 nan 292
1725341802899 nan 293
1725341802914 nan 294
1725341802930 nan 295
1725341802946 nan 296
1725341802964 nan 297
1725341802980 nan 298
1725341802996 nan 299
1725341803013 nan 300
1725341803032 nan 301
1725341803052 nan 302
1725341803072 nan 303
1725341803094 nan 304
1725341803121 nan 305
1725341803148 nan 306
1725341803171 nan 307
1725341803196 nan 308
1725341803213 nan 309
1725341803229 nan 310
1725341803245 nan 311
1725341803261 nan 312
1725341803278 nan 313
1725341803295 nan 314
1725341803312 nan 315
1725341803327 nan 316
1725341803342 nan 317
1725341803357 nan 318
1725341803372 nan 319
1725341803387 nan 320
1725341803402 nan 321
1725341803417 nan 322
1725341803431 nan 323
1725341803450 nan 324
1725341803467 nan 325
1725341803500 nan 326
1725341803516 nan 327
1725341803534 nan 328
1725341803551 nan 329
1725341803569 nan 330
1725341803584 nan 331
1725341803601 nan 332
1725341803616 nan 333
1725341803645 nan 334
1725341803663 nan 335
1725341803679 nan 336
1725341803694 nan 337
1725341803709 nan 338
1725341803723 nan 339
1725341803738 nan 340
1725341803751 nan 341
1725341803765 nan 342
1725341803780 nan 343
1725341803795 nan 344
1725341803810 nan 345
1725341803826 nan 346
1725341803841 nan 347
1725341803856 nan 348
1725341803873 nan 349
1725341803889 nan 350
1725341803906 nan 351
1725341803931 nan 352
1725341803950 nan 353
1725341803974 nan 354
1725341803999 nan 355
1725341804019 nan 356
1725341804036 nan 357
1725341804059 nan 358
1725341804084 nan 359
1725341804101 nan 360
1725341804117 nan 361
1725341804135 nan 362
1725341804153 nan 363
1725341804170 nan 364
1725341804191 nan 365
1725341804206 nan 366
1725341804225 nan 367
1725341804241 nan 368
1725341804256 nan 369
1725341804271 nan 370
1725341804286 nan 371
1725341804302 nan 372
1725341804318 nan 373
1725341804338 nan 374
1725341804361 nan 375
1725341804379 nan 376
1725341804397 nan 377
1725341804413 nan 378
1725341804430 nan 379
1725341804446 nan 380
1725341804466 nan 381
1725341804489 nan 382
1725341804518 nan 383
1725341804535 nan 384
1725341804552 nan 385
1725341804568 nan 386
1725341804585 nan 387
1725341804602 nan 388
1725341804618 nan 389
1725341804636 nan 390
1725341804653 nan 391
1725341804671 nan 392
1725341804688 nan 393
1725341804709 nan 394
1725341804725 nan 395
1725341804741 nan 396
1725341804758 nan 397
1725341804774 nan 398
1725341804790 nan 399
1725341804808 nan 400
1725341804829 nan 401
1725341804850 nan 402
1725341804879 nan 403
1725341804902 nan 404
1725341804926 nan 405
1725341804953 nan 406
1725341804975 nan 407
1725341804995 nan 408
1725341805015 nan 409
1725341805035 nan 410
1725341805054 nan 411
1725341805074 nan 412
1725341805090 nan 413
1725341805105 nan 414
1725341805121 nan 415
1725341805138 nan 416
1725341805154 nan 417
1725341805171 nan 418
1725341805187 nan 419
1725341805204 nan 420
1725341805223 nan 421
1725341805238 nan 422
1725341805254 nan 423
1725341805270 nan 424
1725341805287 nan 425
1725341805307 nan 426
1725341805327 nan 427
1725341805348 nan 428
1725341805368 nan 429
1725341805387 nan 430
1725341805410 nan 431
1725341805428 nan 432
1725341805450 nan 433
1725341805468 nan 434
1725341805487 nan 435
1725341805525 nan 436
1725341805548 nan 437
1725341805568 nan 438
1725341805586 nan 439
1725341805602 nan 440
1725341805619 nan 441
1725341805635 nan 442
1725341805655 nan 443
1725341805673 nan 444
1725341805700 nan 445
1725341805721 nan 446
1725341805743 nan 447
1725341805761 nan 448
1725341805780 nan 449
1725341805797 nan 450
1725341805818 nan 451
1725341805838 nan 452
1725341805859 nan 453
1725341805882 nan 454
1725341805910 nan 455
1725341805932 nan 456
1725341805953 nan 457
1725341805970 nan 458
1725341805988 nan 459
1725341806005 nan 460
1725341806023 nan 461
1725341806040 nan 462
1725341806057 nan 463
1725341806072 nan 464
1725341806090 nan 465
1725341806108 nan 466
1725341806131 nan 467
1725341806150 nan 468
1725341806167 nan 469
1725341806193 nan 470
1725341806213 nan 471
1725341806233 nan 472
1725341806252 nan 473
1725341806278 nan 474
1725341806299 nan 475
1725341806322 nan 476
1725341806336 nan 477
1725341806365 nan 478
1725341806389 nan 479
1725341806410 nan 480
1725341806436 nan 481
1725341806454 nan 482
1725341806470 nan 483
1725341806486 nan 484
1725341806501 nan 485
1725341806516 nan 486
1725341806551 nan 487
1725341806567 nan 488
1725341806584 nan 489
1725341806604 nan 490
1725341806622 nan 491
1725341806639 nan 492
1725341806655 nan 493
1725341806676 nan 494
1725341806693 nan 495
1725341806713 nan 496
1725341806730 nan 497
1725341806766 nan 498
1725341806807 nan 499
