1725360290632 173.78683501145997 0
1725360290662 173.75143051447296 1
1725360290696 173.7160332829002 2
1725360290720 173.68064331522552 3
1725360290744 173.64526060993313 4
1725360290764 173.60988516550765 5
1725360290790 173.57451698043388 6
1725360290812 173.53915605319702 7
1725360290835 173.5038023822827 8
1725360290860 173.46845596617663 9
1725360290883 173.4331168033651 10
1725360290910 173.39778489233456 11
1725360290937 173.3624602315719 12
1725360290960 173.32714281956422 13
1725360290981 173.29183265479904 14
1725360291005 173.25652973576416 15
1725360291028 173.22123406094778 16
1725360291057 173.18594562883828 17
1725360291079 173.15066443792446 18
1725360291108 173.1153904866955 19
1725360291139 173.0801237736408 20
1725360291172 173.04486429725014 21
1725360291194 173.00961205601362 22
1725360291218 172.97436704842164 23
1725360291242 172.93912927296495 24
1725360291269 172.90389872813464 25
1725360291289 172.8686754124221 26
1725360291312 172.833459324319 27
1725360291336 172.7982504623175 28
1725360291356 172.76304882490987 29
1725360291380 172.72785441058886 30
1725360291402 172.69266721784746 31
1725360291425 172.65748724517906 32
1725360291448 172.62231449107733 33
1725360291471 172.5871489540362 34
1725360291495 172.55199063255003 35
1725360291517 172.5168395251135 36
1725360291541 172.48169563022157 37
1725360291564 172.4465589463695 38
1725360291584 172.41142947205293 39
1725360291607 172.37630720576783 40
1725360291628 172.34119214601037 41
1725360291650 172.30608429127727 42
1725360291672 172.2709836400654 43
1725360291696 172.235890190872 44
1725360291723 172.20080394219457 45
1725360291746 172.16572489253116 46
1725360291775 172.1306530403798 47
1725360291816 172.09558838423914 48
1725360291885 172.060530922608 49
1725360291908 172.02548065398554 50
1725360291933 171.9904375768713 51
1725360291956 171.95540168976518 52
1725360291982 171.9203729911672 53
1725360292006 171.88535147957793 54
1725360292031 171.85033715349812 55
1725360292059 171.81533001142893 56
1725360292087 171.7803300518718 57
1725360292111 171.74533727332846 58
1725360292134 171.71035167430105 59
1725360292158 171.67537325329195 60
1725360292179 171.64040200880396 61
1725360292203 171.60543793934008 62
1725360292224 171.5704810434037 63
1725360292246 171.53553131949855 64
1725360292264 171.50058876612866 65
1725360292286 171.46565338179838 66
1725360292310 171.43072516501235 67
1725360292330 171.39580411427556 68
1725360292357 171.3608902280934 69
1725360292381 171.32598350497148 70
1725360292412 171.2910839434157 71
1725360292440 171.25619154193245 72
1725360292474 171.22130629902824 73
1725360292510 171.18642821321004 74
1725360292596 171.15155728298515 75
1725360292618 171.11669350686103 76
1725360292652 171.08183688334566 77
1725360292680 171.04698741094725 78
1725360292714 171.0121450881743 79
1725360292739 170.97730991353563 80
1725360292762 170.94248188554053 81
1725360292789 170.9076610026984 82
1725360292811 170.87284726351913 83
1725360292831 170.83804066651282 84
1725360292861 170.80324121018995 85
1725360292889 170.7684488930613 86
1725360292910 170.73366371363798 87
1725360292936 170.69888567043142 88
1725360292960 170.66411476195336 89
1725360292982 170.62935098671585 90
1725360293005 170.5945943432313 91
1725360293026 170.55984483001242 92
1725360293049 170.52510244557226 93
1725360293098 170.49036718842405 94
1725360293113 170.45563905708164 95
1725360293137 170.4209180500589 96
1725360293160 170.38620416587017 97
1725360293182 170.3514974030301 98
1725360293203 170.31679776005356 99
1725360293224 170.28210523545596 100
1725360293245 170.24741982775274 101
1725360293265 170.2127415354599 102
1725360293287 170.17807035709367 103
1725360293308 170.14340629117058 104
1725360293329 170.10874933620747 105
1725360293350 170.07409949072155 106
1725360293371 170.03945675323035 107
1725360293393 170.00482112225166 108
1725360293414 169.97019259630366 109
1725360293435 169.9360901918871 110
1725360293457 169.90199473346564 111
1725360293480 169.86790621959503 112
1725360293525 169.83382464883124 113
1725360293560 169.79975001973062 114
1725360293597 169.76568233084978 115
1725360293633 169.73162158074578 116
1725360293666 169.6975677679758 117
1725360293694 169.6635208910975 118
1725360293731 169.6294809486687 119
1725360293756 169.5954479392476 120
1725360293777 169.56142186139274 121
1725360293802 169.52740271366295 122
1725360293827 169.49339049461736 123
1725360293847 169.45938520281535 124
1725360293869 169.42538683681678 125
1725360293892 169.39139539518163 126
1725360293913 169.3574108764703 127
1725360293934 169.3234332792435 128
1725360293955 169.28946260206214 129
1725360293977 169.25549884348766 130
1725360294000 169.2215420020815 131
1725360294021 169.1875920764057 132
1725360294041 169.1536490650225 133
1725360294062 169.11971296649438 134
1725360294079 169.08578377938423 135
1725360294100 169.05186150225518 136
1725360294123 169.0179461336707 137
1725360294142 168.9840376721946 138
1725360294167 168.95013611639095 139
1725360294188 168.91624146482417 140
1725360294209 168.88235371605893 141
1725360294239 168.84847286866028 142
1725360294263 168.81459892119346 143
1725360294291 168.78073187222424 144
1725360294315 168.7468717203185 145
1725360294343 168.71301846404242 146
1725360294363 168.67917210196265 147
1725360294388 168.64533263264602 148
1725360294409 168.61150005465976 149
1725360294431 168.57767436657124 150
1725360294453 168.5438555669484 151
1725360294481 168.5100436543592 152
1725360294502 168.4762386273721 153
1725360294524 168.4424404845559 154
1725360294545 168.40864922447955 155
1725360294568 168.37486484571235 156
1725360294590 168.341087346824 157
1725360294611 168.30731672638444 158
1725360294632 168.27355298296388 159
1725360294653 168.23979611513298 160
1725360294675 168.20604612146252 161
1725360294696 168.17230300052373 162
1725360294719 168.1385667508881 163
1725360294747 168.10483737112742 164
1725360294767 168.07111485981378 165
1725360294790 168.03739921551957 166
1725360294812 168.00369043681752 167
1725360294832 167.96998852228074 168
1725360294853 167.93629347048244 169
1725360294877 167.90260527999632 170
1725360294902 167.8689239493963 171
1725360294933 167.83524947725667 172
1725360294959 167.80158186215195 173
1725360294980 167.76792110265703 174
1725360295000 167.73426719734707 175
1725360295022 167.70062014479754 176
1725360295043 167.66697994358427 177
1725360295062 167.6333465922833 178
1725360295085 167.59972008947105 179
1725360295106 167.56610043372424 180
1725360295127 167.5324876236199 181
1725360295148 167.49888165773524 182
1725360295172 167.46528253464803 183
1725360295199 167.4316902529361 184
1725360295223 167.3981048111777 185
1725360295244 167.36452620795137 186
1725360295266 167.33095444183604 187
1725360295286 167.29738951141076 188
1725360295308 167.26383141525503 189
1725360295329 167.2302801519486 190
1725360295365 167.19673572007156 191
1725360295398 167.16319811820432 192
1725360295423 167.12966734492747 193
1725360295446 167.09614339882205 194
1725360295467 167.06262627846934 195
1725360295489 167.02911598245097 196
1725360295513 166.9956125093488 197
1725360295535 166.96211585774506 198
1725360295556 166.92862602622225 199
1725360295576 166.89514301336317 200
1725360295597 166.86166681775097 201
1725360295628 166.8281974379691 202
1725360295650 166.79473487260123 203
1725360295682 166.76127912023145 204
1725360295704 166.72783017944406 205
1725360295732 166.69438804882378 206
1725360295774 166.66095272695543 207
1725360295797 166.6275242124244 208
1725360295833 166.59410250381615 209
1725360295899 166.56068759971657 210
1725360295924 166.52727949871186 211
1725360295958 166.49387819938846 212
1725360295988 166.46048370033313 213
1725360296014 166.42709600013302 214
1725360296037 166.39371509737543 215
1725360296059 166.3603409906481 216
1725360296076 166.326973678539 217
1725360296097 166.29361315963638 218
1725360296117 166.2602594325289 219
1725360296138 166.22691249580546 220
1725360296163 166.19357234805526 221
1725360296184 166.16023898786776 222
1725360296205 166.1269124138328 223
1725360296226 166.09359262454052 224
1725360296250 166.06027961858135 225
1725360296271 166.026973394546 226
1725360296296 165.99367395102541 227
1725360296318 165.96038128661098 228
1725360296341 165.92709539989434 229
1725360296360 165.89381628946745 230
1725360296380 165.8605439539225 231
1725360296403 165.827278391852 232
1725360296428 165.79401960184885 233
1725360296450 165.7607675825062 234
1725360296481 165.72752233241744 235
1725360296503 165.69428385017633 236
1725360296523 165.66105213437697 237
1725360296547 165.62782718361365 238
1725360296575 165.5946089964811 239
1725360296600 165.5613975715742 240
1725360296630 165.52819290748826 241
1725360296667 165.4949950028188 242
1725360296698 165.46180385616177 243
1725360296728 165.42861946611325 244
1725360296749 165.39544183126972 245
1725360296788 165.36227095022792 246
1725360296822 165.32910682158504 247
1725360296849 165.29594944393833 248
1725360296883 165.26279881588553 249
1725360296913 165.2296549360246 250
1725360296937 165.1965178029538 251
1725360296959 165.16338741527167 252
1725360296980 165.1302637715772 253
1725360297002 165.09714687046952 254
1725360297022 165.06403671054804 255
1725360297042 165.03093329041266 256
1725360297063 164.9978366086634 257
1725360297085 164.96474666390063 258
1725360297107 164.93166345472508 259
1725360297129 164.8985869797377 260
1725360297150 164.86551723753976 261
1725360297171 164.83245422673295 262
1725360297192 164.79939794591903 263
1725360297214 164.76634839370027 264
1725360297235 164.73330556867916 265
1725360297256 164.70026946945842 266
1725360297276 164.6672400946412 267
1725360297297 164.63421744283087 268
1725360297317 164.60120151263115 269
1725360297339 164.568192302646 270
1725360297358 164.5351898114797 271
1725360297380 164.50219403773687 272
1725360297418 164.46920498002237 273
1725360297450 164.43622263694144 274
1725360297479 164.40324700709954 275
1725360297501 164.37027808910238 276
1725360297523 164.3373158815562 277
1725360297550 164.30436038306732 278
1725360297572 164.27141159224243 279
1725360297600 164.23846950768845 280
1725360297624 164.2055341280128 281
1725360297650 164.17260545182296 282
1725360297673 164.13968347772686 283
1725360297699 164.10676820433267 284
1725360297731 164.07385963024888 285
1725360297756 164.04095775408425 286
1725360297800 164.00806257444793 287
1725360297832 163.97517408994923 288
1725360297854 163.94229229919787 289
1725360297876 163.9094172008038 290
1725360297899 163.8765487933773 291
1725360297921 163.84368707552895 292
1725360297945 163.8108320458697 293
1725360297966 163.77798370301056 294
1725360297987 163.7451420455631 295
1725360298005 163.7123070721391 296
1725360298026 163.67947878135067 297
1725360298053 163.64665717181006 298
1725360298075 163.61384224212998 299
1725360298097 163.5810339909234 300
1725360298117 163.54823241680364 301
1725360298139 163.51543751838415 302
1725360298159 163.48264929427884 303
1725360298180 163.44986774310183 304
1725360298201 163.41709286346762 305
1725360298223 163.38432465399097 306
1725360298243 163.35156311328686 307
1725360298263 163.31880823997065 308
1725360298289 163.28606003265804 309
1725360298311 163.2533184899649 310
1725360298339 163.22058361050753 311
1725360298371 163.18785539290235 312
1725360298397 163.15513383576635 313
1725360298417 163.12241893771656 314
1725360298443 163.0897106973704 315
1725360298477 163.0570091133456 316
1725360298500 163.0243141842602 317
1725360298531 162.9916259087325 318
1725360298558 162.9589442853811 319
1725360298589 162.92626931282496 320
1725360298622 162.89360098968325 321
1725360298648 162.8609393145755 322
1725360298675 162.82828428612143 323
1725360298704 162.7956359029412 324
1725360298740 162.7629941636552 325
1725360298768 162.7303590668841 326
1725360298800 162.69773061124886 327
1725360298821 162.66510879537083 328
1725360298840 162.63249361787155 329
1725360298860 162.59988507737285 330
1725360298881 162.56728317249693 331
1725360298902 162.53468790186628 332
1725360298923 162.5020992641037 333
1725360298944 162.46951725783208 334
1725360298965 162.43694188167493 335
1725360298988 162.40437313425582 336
1725360299016 162.37181101419876 337
1725360299040 162.3392555201279 338
1725360299067 162.30670665066785 339
1725360299099 162.27416440444335 340
1725360299134 162.24162878007965 341
1725360299158 162.2090997762021 342
1725360299183 162.17657739143635 343
1725360299222 162.1440616244085 344
1725360299258 162.11155247374484 345
1725360299291 162.07904993807196 346
1725360299316 162.04655401601673 347
1725360299345 162.01406470620637 348
1725360299369 161.98158200726834 349
1725360299392 161.94910591783048 350
1725360299414 161.91663643652075 351
1725360299437 161.88417356196763 352
1725360299459 161.85171729279972 353
1725360299487 161.819267627646 354
1725360299518 161.7868245651357 355
1725360299554 161.75438810389838 356
1725360299583 161.72195824256386 357
1725360299611 161.68953497976233 358
1725360299646 161.6571183141242 359
1725360299673 161.62470824428013 360
1725360299699 161.5923047688612 361
1725360299722 161.55990788649868 362
1725360299749 161.52751759582415 363
1725360299773 161.49513389546962 364
1725360299808 161.46275678406718 365
1725360299881 161.43038626024932 366
1725360299915 161.39802232264884 367
1725360299947 161.36566496989886 368
1725360299982 161.33331420063263 369
1725360300018 161.30097001348395 370
1725360300047 161.26863240708667 371
1725360300068 161.23630138007502 372
1725360300092 161.20397693108362 373
1725360300116 161.17165905874725 374
1725360300141 161.13934776170103 375
1725360300166 161.1070430385804 376
1725360300191 161.0747448880211 377
1725360300223 161.04245330865905 378
1725360300250 161.01016829913058 379
1725360300285 160.9778898580723 380
1725360300307 160.9456179841211 381
1725360300342 160.9133526759141 382
1725360300373 160.88109393208885 383
1725360300396 160.848841751283 384
1725360300432 160.81659613213466 385
1725360300457 160.78435707328217 386
1725360300491 160.75212457336417 387
1725360300518 160.7198986310196 388
1725360300551 160.68767924488765 389
1725360300582 160.6554664136078 390
1725360300610 160.6232601358199 391
1725360300638 160.59106041016403 392
1725360300663 160.55886723528067 393
1725360300698 160.52668060981034 394
1725360300733 160.49450053239408 395
1725360300766 160.46232700167317 396
1725360300797 160.43016001628914 397
1725360300832 160.39799957488384 398
1725360300859 160.36584567609944 399
1725360300892 160.3336983185783 400
1725360300919 160.30155750096324 401
1725360300947 160.2694232218972 402
1725360300974 160.23729548002342 403
1725360301004 160.20517427398562 404
1725360301033 160.17305960242757 405
1725360301065 160.14095146399353 406
1725360301092 160.10884985732795 407
1725360301128 160.07675478107552 408
1725360301166 160.0446662338814 409
1725360301197 160.01258421439084 410
1725360301222 159.9805087212495 411
1725360301250 159.94843975310326 412
1725360301284 159.91637730859836 413
1725360301316 159.88432138638132 414
1725360301348 159.85227198509892 415
1725360301373 159.82022910339822 416
1725360301400 159.78819273992661 417
1725360301426 159.75616289333175 418
1725360301452 159.72413956226157 419
1725360301482 159.6921227453643 420
1725360301507 159.66011244128853 421
1725360301532 159.628108648683 422
1725360301565 159.5961113661969 423
1725360301598 159.5641205924796 424
1725360301625 159.5321363261808 425
1725360301657 159.50015856595044 426
1725360301682 159.4681873104388 427
1725360301713 159.4362225582965 428
1725360301751 159.4042643081743 429
1725360301776 159.37231255872342 430
1725360301809 159.34036730859523 431
1725360301846 159.30842855644144 432
1725360301869 159.2764963009141 433
1725360301889 159.24457054066548 434
1725360301915 159.21265127434816 435
1725360301949 159.18073850061504 436
1725360301984 159.14883221811922 437
1725360302015 159.1169324255142 438
1725360302042 159.08503912145375 439
1725360302072 159.0531523045918 440
1725360302100 159.02127197358274 441
1725360302127 158.98939812708116 442
1725360302155 158.957530763742 443
1725360302181 158.92566988222035 444
1725360302207 158.8938154811717 445
1725360302232 158.86196755925187 446
1725360302257 158.83012611511685 447
1725360302281 158.798291147423 448
1725360302315 158.76646265482694 449
1725360302352 158.73464063598556 450
1725360302397 158.70282508955611 451
1725360302421 158.67101601419603 452
1725360302448 158.6392134085631 453
1725360302473 158.6074172713154 454
1725360302506 158.57562760111128 455
1725360302543 158.54384439660933 456
1725360302585 158.51206765646856 457
1725360302613 158.48029737934814 458
1725360302636 158.44853356390755 459
1725360302667 158.41677620880662 460
1725360302692 158.3850253127054 461
1725360302719 158.35328087426427 462
1725360302751 158.32154289214384 463
1725360302787 158.2898113650051 464
1725360302822 158.25808629150927 465
1725360302854 158.22636767031779 466
1725360302899 158.19465550009255 467
1725360302925 158.16294977949556 468
1725360302956 158.13125050718926 469
1725360302982 158.09955768183622 470
1725360303016 158.0678713020995 471
1725360303050 158.03619136664224 472
1725360303081 158.004517874128 473
1725360303105 157.9728508232206 474
1725360303133 157.9411902125841 475
1725360303165 157.90953604088287 476
1725360303190 157.87788830678159 477
1725360303223 157.84624700894523 478
1725360303255 157.81461214603902 479
1725360303282 157.78298371672844 480
1725360303307 157.75136171967935 481
1725360303337 157.71974615355782 482
1725360303364 157.68813701703021 483
1725360303389 157.65653430876324 484
1725360303422 157.6249380274238 485
1725360303447 157.59334817167922 486
1725360303474 157.56176474019694 487
1725360303500 157.5301877316448 488
1725360303541 157.49861714469085 489
1725360303571 157.46705297800355 490
1725360303598 157.43549523025152 491
1725360303630 157.40394390010368 492
1725360303656 157.37239898622934 493
1725360303680 157.34086048729802 494
1725360303708 157.30932840197946 495
1725360303731 157.27780272894378 496
1725360303755 157.24628346686134 497
1725360303784 157.21477061440282 498
1725360303815 157.1832641702392 499
