1725392389413 169.15949537300654 0
1725392389429 169.12550998883992 1
1725392389443 169.0915321511732 2
1725392389455 169.0575618582495 3
1725392389469 169.02359910831214 4
1725392389483 168.9896438996052 5
1725392389494 168.95569623037284 6
1725392389506 168.9217560988599 7
1725392389517 168.88782350331147 8
1725392389529 168.8538984419732 9
1725392389543 168.819980913091 10
1725392389561 168.7860709149114 11
1725392389579 168.75216844568118 12
1725392389602 168.71827350364765 13
1725392389622 168.68438608705847 14
1725392389641 168.6505061941618 15
1725392389658 168.61663382320614 16
1725392389685 168.58276897244048 17
1725392389710 168.5489116401142 18
1725392389738 168.5150618244771 19
1725392389784 168.48121952377937 20
1725392389804 168.44738473627172 21
1725392389821 168.41355746020517 22
1725392389837 168.37973769383123 23
1725392389850 168.34592543540182 24
1725392389864 168.31212068316927 25
1725392389876 168.2783234353863 26
1725392389889 168.2445336903061 27
1725392389901 168.21075144618231 28
1725392389916 168.1769767012689 29
1725392389932 168.14320945382028 30
1725392389948 168.10944970209138 31
1725392389964 168.07569744433744 32
1725392389981 168.0419526788141 33
1725392389998 168.0082154037776 34
1725392390015 167.9744856174844 35
1725392390031 167.94076331819144 36
1725392390048 167.9070485041561 37
1725392390065 167.87334117363628 38
1725392390081 167.83964132489004 39
1725392390097 167.80594895617614 40
1725392390114 167.77226406575357 41
1725392390130 167.73858665188183 42
1725392390146 167.7049167128208 43
1725392390162 167.67125424683078 44
1725392390190 167.63759925217255 45
1725392390202 167.6039517271072 46
1725392390217 167.57031166989634 47
1725392390233 167.53667907880197 48
1725392390245 167.50305395208645 49
1725392390261 167.46943628801264 50
1725392390277 167.43582608484377 51
1725392390302 167.4022233408435 52
1725392390318 167.36862805427592 53
1725392390335 167.33504022340549 54
1725392390351 167.30145984649718 55
1725392390368 167.2678869218163 56
1725392390385 167.23432144762862 57
1725392390402 167.20076342220025 58
1725392390426 167.16721284379784 59
1725392390448 167.13366971068837 60
1725392390477 167.10013402113924 61
1725392390494 167.06660577341833 62
1725392390506 167.03308496579385 63
1725392390521 166.99957159653448 64
1725392390533 166.9660656639094 65
1725392390551 166.932567166188 66
1725392390578 166.89907610164022 67
1725392390600 166.86559246853645 68
1725392390622 166.83211626514736 69
1725392390643 166.79864748974427 70
1725392390673 166.76518614059864 71
1725392390706 166.73173221598253 72
1725392390732 166.69828571416832 73
1725392390753 166.66484663342888 74
1725392390777 166.63141497203748 75
1725392390805 166.59799072826775 76
1725392390831 166.56457390039375 77
1725392390923 166.53116448669005 78
1725392390938 166.49776248543148 79
1725392390951 166.46436789489346 80
1725392390963 166.4309807133517 81
1725392390975 166.39760093908234 82
1725392390987 166.36422857036197 83
1725392390999 166.33086360546758 84
1725392391011 166.29750604267664 85
1725392391023 166.2641558802668 86
1725392391036 166.2308131165165 87
1725392391052 166.1974777497042 88
1725392391069 166.1641497781091 89
1725392391085 166.13082920001065 90
1725392391101 166.0975160136887 91
1725392391117 166.06421021742358 92
1725392391134 166.03091180949602 93
1725392391151 165.99762078818716 94
1725392391169 165.9643371517785 95
1725392391189 165.93106089855203 96
1725392391213 165.8977920267902 97
1725392391232 165.86453053477564 98
1725392391256 165.83127642079168 99
1725392391290 165.7980296831219 100
1725392391321 165.7647903200503 101
1725392391343 165.73155832986137 102
1725392391368 165.69833371083996 103
1725392391390 165.66511646127128 104
1725392391410 165.63190657944105 105
1725392391431 165.59870406363538 106
1725392391453 165.56550891214076 107
1725392391478 165.5323211232441 108
1725392391505 165.4991406952327 109
1725392391531 165.4659676263944 110
1725392391552 165.43280191501722 111
1725392391568 165.3996435593898 112
1725392391584 165.36649255780114 113
1725392391600 165.33334890854061 114
1725392391617 165.30021260989807 115
1725392391633 165.2670836601636 116
1725392391650 165.2339620576279 117
1725392391668 165.200847800582 118
1725392391691 165.1677408873174 119
1725392391709 165.1346413161259 120
1725392391726 165.10154908529978 121
1725392391749 165.0684641931317 122
1725392391768 165.0353866379148 123
1725392391788 165.00231641794255 124
1725392391806 164.96925353150888 125
1725392391827 164.93619797690812 126
1725392391861 164.90314975243498 127
1725392391878 164.87010885638463 128
1725392391908 164.8370752870526 129
1725392391938 164.80404904273487 130
1725392391963 164.77103012172785 131
1725392391982 164.73801852232828 132
1725392392007 164.70501424283339 133
1725392392028 164.67201728154072 134
1725392392049 164.63902763674835 135
1725392392067 164.6060453067547 136
1725392392082 164.57307028985858 137
1725392392097 164.54010258435923 138
1725392392114 164.50714218855634 139
1725392392129 164.47418910074995 140
1725392392141 164.44124331924056 141
1725392392153 164.408304842329 142
1725392392167 164.3753736683166 143
1725392392192 164.34244979550505 144
1725392392221 164.3095332221964 145
1725392392241 164.27662394669323 146
1725392392264 164.24372196729848 147
1725392392281 164.21082728231542 148
1725392392306 164.17793989004784 149
1725392392342 164.14505978879987 150
1725392392365 164.1121869768761 151
1725392392385 164.0793214525814 152
1725392392411 164.04646321422123 153
1725392392433 164.01361226010135 154
1725392392456 163.98076858852795 155
1725392392480 163.94793219780763 156
1725392392520 163.9151030862474 157
1725392392543 163.8822812521546 158
1725392392560 163.84946669383717 159
1725392392576 163.81665940960318 160
1725392392593 163.78385939776143 161
1725392392611 163.75106665662085 162
1725392392627 163.7182811844909 163
1725392392643 163.68550297968144 164
1725392392659 163.65273204050274 165
1725392392677 163.61996836526552 166
1725392392693 163.58721195228077 167
1725392392709 163.55446279985998 168
1725392392725 163.52172090631504 169
1725392392743 163.48898626995827 170
1725392392760 163.45625888910232 171
1725392392776 163.42353876206036 172
1725392392796 163.39082588714584 173
1725392392815 163.3581202626727 174
1725392392841 163.32542188695524 175
1725392392868 163.2927307583082 176
1725392392890 163.26004687504675 177
1725392392913 163.22737023548638 178
1725392392934 163.194700837943 179
1725392392954 163.16203868073305 180
1725392392977 163.12938376217318 181
1725392393003 163.09673608058063 182
1725392393025 163.06409563427295 183
1725392393053 163.03146242156805 184
1725392393072 162.99883644078434 185
1725392393102 162.96621769024063 186
1725392393126 162.933606168256 187
1725392393144 162.90100187315016 188
1725392393164 162.86840480324304 189
1725392393181 162.835814956855 190
1725392393197 162.80323233230686 191
1725392393214 162.77065692791984 192
1725392393230 162.73808874201555 193
1725392393247 162.70552777291596 194
1725392393263 162.67297401894353 195
1725392393279 162.640427478421 196
1725392393299 162.60788814967168 197
1725392393317 162.5753560310192 198
1725392393353 162.54283112078747 199
1725392393376 162.510313417301 200
1725392393395 162.47780291888463 201
1725392393417 162.44529962386358 202
1725392393429 162.41280353056342 203
1725392393441 162.3803146373103 204
1725392393453 162.3478329424306 205
1725392393464 162.31535844425122 206
1725392393476 162.28289114109933 207
1725392393488 162.25043103130264 208
1725392393500 162.2179781131892 209
1725392393511 162.18553238508738 210
1725392393523 162.15309384532614 211
1725392393536 162.12066249223471 212
1725392393554 162.08823832414274 213
1725392393576 162.05582133938032 214
1725392393603 162.02341153627785 215
1725392393625 161.99100891316627 216
1725392393650 161.95861346837683 217
1725392393676 161.92622520024113 218
1725392393694 161.89384410709135 219
1725392393706 161.86147018725984 220
1725392393718 161.82910343907955 221
1725392393730 161.79674386088374 222
1725392393743 161.76439145100608 223
1725392393755 161.73204620778066 224
1725392393768 161.69970812954193 225
1725392393780 161.66737721462476 226
1725392393795 161.63505346136446 227
1725392393820 161.60273686809666 228
1725392393844 161.5704274331575 229
1725392393865 161.53812515488337 230
1725392393886 161.50583003161125 231
1725392393903 161.47354206167833 232
1725392393921 161.44126124342233 233
1725392393937 161.4089875751813 234
1725392393953 161.37672105529376 235
1725392393969 161.34446168209857 236
1725392393986 161.31220945393494 237
1725392394003 161.27996436914262 238
1725392394020 161.2477264260617 239
1725392394036 161.21549562303255 240
1725392394058 161.18327195839612 241
1725392394083 161.1510554304937 242
1725392394103 161.11884603766686 243
1725392394128 161.08664377825778 244
1725392394146 161.05444865060886 245
1725392394164 161.02226065306297 246
1725392394179 160.99007978396344 247
1725392394195 160.95790604165384 248
1725392394211 160.9257394244783 249
1725392394227 160.89357993078121 250
1725392394243 160.8614275589075 251
1725392394259 160.8292823072024 252
1725392394272 160.79714417401152 253
1725392394284 160.76501315768095 254
1725392394300 160.73288925655714 255
1725392394318 160.70077246898694 256
1725392394349 160.6686627933176 257
1725392394373 160.6365602278967 258
1725392394392 160.60446477107232 259
1725392394415 160.5723764211929 260
1725392394432 160.5402951766073 261
1725392394448 160.50822103566466 262
1725392394465 160.4761539967147 263
1725392394482 160.4440940581074 264
1725392394497 160.4120412181932 265
1725392394513 160.37999547532286 266
1725392394529 160.34795682784767 267
1725392394546 160.31592527411917 268
1725392394564 160.28390081248938 269
1725392394587 160.25188344131075 270
1725392394609 160.21987315893605 271
1725392394637 160.18786996371844 272
1725392394657 160.1558738540116 273
1725392394677 160.12388482816937 274
1725392394693 160.09190288454624 275
1725392394709 160.05992802149694 276
1725392394725 160.02796023737673 277
1725392394742 159.99599953054104 278
1725392394758 159.96404589934593 279
1725392394776 159.93209934214772 280
1725392394792 159.90015985730318 281
1725392394813 159.86822744316945 282
1725392394833 159.83630209810403 283
1725392394859 159.80438382046498 284
1725392394882 159.77247260861049 285
1725392394904 159.74056846089937 286
1725392394926 159.7086713756907 287
1725392394943 159.67678135134403 288
1725392394960 159.64489838621927 289
1725392394976 159.6130224786767 290
1725392394993 159.58115362707701 291
1725392395008 159.54929182978134 292
1725392395024 159.51743708515113 293
1725392395042 159.4855893915483 294
1725392395065 159.4537487473351 295
1725392395085 159.42191515087418 296
1725392395103 159.39008860052863 297
1725392395124 159.35826909466192 298
1725392395149 159.32645663163785 299
1725392395174 159.2946512098207 300
1725392395200 159.26285282757507 301
1725392395221 159.23106148326605 302
1725392395244 159.199277175259 303
1725392395263 159.16749990191974 304
1725392395285 159.1357296616145 305
1725392395302 159.10396645270987 306
1725392395318 159.07221027357284 307
1725392395334 159.04046112257083 308
1725392395358 159.00871899807152 309
1725392395374 158.97698389844317 310
1725392395391 158.9452558220543 311
1725392395405 158.91353476727386 312
1725392395418 158.8818207324712 313
1725392395435 158.85011371601607 314
1725392395451 158.8184137162786 315
1725392395467 158.78672073162932 316
1725392395484 158.75503476043912 317
1725392395500 158.7233558010793 318
1725392395517 158.69168385192157 319
1725392395532 158.66001891133797 320
1725392395554 158.62836097770105 321
1725392395572 158.59671004938363 322
1725392395591 158.56506612475897 323
1725392395615 158.53342920220075 324
1725392395640 158.50179928008302 325
1725392395661 158.47017635678017 326
1725392395684 158.438560430667 327
1725392395711 158.40695150011882 328
1725392395731 158.37534956351115 329
1725392395751 158.34375461922002 330
1725392395775 158.31216666562176 331
1725392395796 158.2805857010932 332
1725392395812 158.24901172401155 333
1725392395828 158.21744473275425 334
1725392395844 158.1858847256993 335
1725392395861 158.15433170122503 336
1725392395878 158.12278565771018 337
1725392395893 158.0912465935339 338
1725392395910 158.05971450707557 339
1725392395929 158.02818939671516 340
1725392395949 157.99667126083295 341
1725392395979 157.96516009780964 342
1725392396000 157.9336559060262 343
1725392396024 157.90215868386417 344
1725392396045 157.87066842970532 345
1725392396065 157.83918514193192 346
1725392396092 157.80770881892659 347
1725392396117 157.7762394590723 348
1725392396144 157.74477706075245 349
1725392396174 157.7133216223508 350
1725392396200 157.6818731422516 351
1725392396223 157.6504316188393 352
1725392396251 157.61899705049893 353
1725392396278 157.58756943561576 354
1725392396303 157.55614877257557 355
1725392396332 157.52473505976442 356
1725392396370 157.4933282955688 357
1725392396403 157.46192847837568 358
1725392396433 157.4305356065722 359
1725392396465 157.39914967854614 360
1725392396494 157.36777069268547 361
1725392396529 157.33639864737864 362
1725392396560 157.3050335410145 363
1725392396586 157.27367537198222 364
1725392396613 157.24232413867142 365
1725392396640 157.2109798394721 366
1725392396665 157.17964247277456 367
1725392396693 157.1483120369696 368
1725392396719 157.11698853044837 369
1725392396745 157.0856719516024 370
1725392396772 157.05436229882358 371
1725392396798 157.02305957050422 372
1725392396826 156.991763765037 373
1725392396853 156.960474880815 374
1725392396879 156.92919291623167 375
1725392396907 156.8979178696809 376
1725392396935 156.86664973955686 377
1725392396960 156.8353885242542 378
1725392396989 156.8041342221679 379
1725392397015 156.7728868316934 380
1725392397041 156.74164635122636 381
1725392397068 156.7104127791631 382
1725392397094 156.67918611390007 383
1725392397120 156.64796635383414 384
1725392397147 156.61675349736274 385
1725392397174 156.58554754288355 386
1725392397201 156.55434848879455 387
1725392397228 156.5231563334943 388
1725392397255 156.49197107538168 389
1725392397281 156.46079271285586 390
1725392397306 156.42962124431648 391
1725392397333 156.39845666816356 392
1725392397358 156.36729898279748 393
1725392397390 156.33614818661897 394
1725392397417 156.3050042780293 395
1725392397439 156.27386725542993 396
1725392397464 156.2427371172228 397
1725392397495 156.21161386181024 398
1725392397522 156.1804974875949 399
1725392397550 156.1493879929799 400
1725392397578 156.11828537636868 401
1725392397605 156.08718963616514 402
1725392397632 156.05610077077344 403
1725392397658 156.02501877859822 404
1725392397683 155.9939436580445 405
1725392397707 155.96287540751757 406
1725392397733 155.9318140254233 407
1725392397762 155.90075951016775 408
1725392397789 155.86971186015754 409
1725392397818 155.83867107379945 410
1725392397846 155.8076371495009 411
1725392397873 155.77661008566943 412
1725392397897 155.74558988071323 413
1725392397928 155.71457653304068 414
1725392397958 155.68357004106056 415
1725392397985 155.65257040318215 416
1725392398015 155.62157761781503 417
1725392398035 155.5905916833691 418
1725392398062 155.55961259825474 419
1725392398089 155.5286403608827 420
1725392398118 155.4976749696641 421
1725392398145 155.46671642301038 422
1725392398172 155.43576471933346 423
1725392398195 155.40481985704562 424
1725392398225 155.3738818345594 425
1725392398252 155.34295065028792 426
1725392398280 155.31202630264457 427
1725392398306 155.28110879004302 428
1725392398334 155.2501981108976 429
1725392398366 155.21929426362274 430
1725392398401 155.18839724663337 431
1725392398428 155.15750705834486 432
1725392398454 155.12662369717282 433
1725392398486 155.09574716153335 434
1725392398512 155.0648774498429 435
1725392398542 155.03401456051827 436
1725392398571 155.0031584919767 437
1725392398602 154.97230924263573 438
1725392398635 154.94146681091337 439
1725392398659 154.91063119522792 440
1725392398687 154.87980239399818 441
1725392398717 154.84898040564318 442
1725392398740 154.81816522858242 443
1725392398764 154.7873568612358 444
1725392398783 154.75655530202351 445
1725392398806 154.72576054936624 446
1725392398828 154.69497260168492 447
1725392398853 154.664191457401 448
1725392398871 154.63341711493615 449
1725392398896 154.60264957271258 450
1725392398923 154.5718888291528 451
1725392398949 154.54113488267967 452
1725392398979 154.5103877317165 453
1725392399003 154.47964737468698 454
1725392399023 154.44891381001503 455
1725392399052 154.41818703612518 456
1725392399081 154.3874670514421 457
1725392399111 154.35675385439103 458
1725392399144 154.32604744339753 459
1725392399173 154.2953478168875 460
1725392399200 154.26465497328724 461
1725392399224 154.23396891102337 462
1725392399250 154.203289628523 463
1725392399277 154.17261712421364 464
1725392399304 154.14195139652296 465
1725392399329 154.11129244387925 466
1725392399357 154.08064026471098 467
1725392399385 154.0499948574472 468
1725392399418 154.01935622051715 469
1725392399445 153.98872435235057 470
1725392399472 153.9580992513775 471
1725392399498 153.92748091602843 472
1725392399524 153.8968693447341 473
1725392399551 153.86626453592586 474
1725392399576 153.8356664880352 475
1725392399601 153.80507519949407 476
1725392399629 153.77449066873484 477
1725392399662 153.74391289419017 478
1725392399693 153.7133418742932 479
1725392399723 153.68277760747736 480
1725392399752 153.6522200921765 481
1725392399777 153.62166932682482 482
1725392399805 153.59112530985695 483
1725392399835 153.56058803970774 484
1725392399868 153.53005751481268 485
1725392399895 153.49953373360745 486
1725392399925 153.46901669452808 487
1725392399954 153.43850639601104 488
1725392399981 153.40800283649327 489
1725392400006 153.37750601441186 490
1725392400034 153.34701592820448 491
1725392400062 153.31653257630916 492
1725392400086 153.28605595716405 493
1725392400113 153.25558606920805 494
1725392400140 153.22512291088012 495
1725392400166 153.19466648061984 496
1725392400193 153.16421677686702 497
1725392400220 153.13377379806184 498
1725392400247 153.10333754264485 499
