1725404849460 169.15949537300654 0
1725404849496 168.95158505087974 1
1725404849518 168.78200810292736 2
1725404849533 168.6125828591833 3
1725404849547 168.44332866370985 4
1725404849561 168.27424533215515 5
1725404849581 168.1053326904811 6
1725404849607 167.9365905648245 7
1725404849622 167.7680187815021 8
1725404849642 167.59961716701054 9
1725404849663 167.43138554802619 10
1725404849695 167.2633237514048 11
1725404849720 167.09543160418158 12
1725404849741 166.92770893357073 13
1725404849766 166.76015556696532 14
1725404849783 166.59277133193729 15
1725404849799 166.4255560562369 16
1725404849820 166.25850956779294 17
1725404849834 166.09163169471225 18
1725404849848 165.92492226527963 19
1725404849872 165.75838110795772 20
1725404849897 165.5920080513866 21
1725404849923 165.4258029243839 22
1725404849952 165.2597655559443 23
1725404849983 165.09389577523962 24
1725404850009 164.92819341161842 25
1725404850028 164.76265829460584 26
1725404850044 164.59729025390362 27
1725404850062 164.43208911938964 28
1725404850078 164.26705472111786 29
1725404850096 164.10218688931815 30
1725404850110 163.937485454396 31
1725404850124 163.7729502469325 32
1725404850140 163.60858109768407 33
1725404850155 163.44437783758204 34
1725404850169 163.28034029773306 35
1725404850183 163.11646830941814 36
1725404850196 162.9527617040931 37
1725404850210 162.7892203133881 38
1725404850223 162.62584396910745 39
1725404850237 162.46263250322957 40
1725404850251 162.29958574790655 41
1725404850274 162.13670353546425 42
1725404850296 161.97398569840198 43
1725404850321 161.81143206939225 44
1725404850345 161.64904248128067 45
1725404850362 161.48681676708577 46
1725404850390 161.32475475999885 47
1725404850414 161.16285629338364 48
1725404850432 161.0011212007763 49
1725404850450 160.83954931588514 50
1725404850468 160.67814047259043 51
1725404850486 160.5168945049442 52
1725404850505 160.3558112471702 53
1725404850530 160.19489053366357 54
1725404850552 160.03413219899062 55
1725404850572 159.87353607788882 56
1725404850612 159.7131020052665 57
1725404850732 159.55282981620272 58
1725404850768 159.392719345947 59
1725404850788 159.23277042991924 60
1725404850809 159.0729829037095 61
1725404850823 158.91335660307777 62
1725404850836 158.75389136395395 63
1725404850850 158.5945870224374 64
1725404850863 158.43544341479702 65
1725404850890 158.276460377471 66
1725404850917 158.11763774706642 67
1725404850950 157.95897536035955 68
1725404850980 157.80047305429503 69
1725404851004 157.6421306659863 70
1725404851028 157.48394803271503 71
1725404851056 157.32592499193112 72
1725404851083 157.16806138125244 73
1725404851113 157.01035703846463 74
1725404851143 156.8528118015211 75
1725404851169 156.69542550854263 76
1725404851198 156.53819799781726 77
1725404851236 156.3811291078002 78
1725404851265 156.22421867711356 79
1725404851288 156.06746654454614 80
1725404851314 155.91087254905344 81
1725404851334 155.7544365297573 82
1725404851361 155.5981583259457 83
1725404851382 155.44203777707278 84
1725404851396 155.28607472275846 85
1725404851409 155.1302690027884 86
1725404851423 154.97462045711376 87
1725404851437 154.81912892585095 88
1725404851450 154.66379424928172 89
1725404851465 154.50861626785263 90
1725404851479 154.35359482217518 91
1725404851493 154.1987297530254 92
1725404851514 154.04402090134383 93
1725404851533 153.88946810823532 94
1725404851551 153.7350712149688 95
1725404851570 153.5808300629771 96
1725404851588 153.42674449385683 97
1725404851607 153.27281434936825 98
1725404851625 153.11903947143495 99
1725404851658 152.96541970214383 100
1725404851685 152.81195488374482 101
1725404851714 152.65864485865066 102
1725404851738 152.50548946943695 103
1725404851761 152.35248855884183 104
1725404851778 152.1996419697657 105
1725404851796 152.04694954527125 106
1725404851813 151.89441112858313 107
1725404851830 151.74202656308796 108
1725404851849 151.58979569233387 109
1725404851867 151.43771836003071 110
1725404851884 151.28579441004953 111
1725404851908 151.13402368642264 112
1725404851923 150.9824060333432 113
1725404851936 150.83094129516536 114
1725404851949 150.67962931640392 115
1725404851963 150.52846994173396 116
1725404851976 150.3774630159912 117
1725404851990 150.22660838417124 118
1725404852004 150.0759058914298 119
1725404852028 149.92535538308232 120
1725404852053 149.77495670460394 121
1725404852076 149.62470970162926 122
1725404852105 149.4746142199521 123
1725404852130 149.32467010552554 124
1725404852149 149.17487720446152 125
1725404852167 149.02523536303084 126
1725404852188 148.87574442766282 127
1725404852218 148.7264042449454 128
1725404852248 148.5772146616246 129
1725404852271 148.42817552460474 130
1725404852299 148.27928668094808 131
1725404852331 148.13054797787444 132
1725404852354 147.98195926276156 133
1725404852384 147.83352038314445 134
1725404852410 147.6852311867154 135
1725404852438 147.53709152132387 136
1725404852466 147.38910123497635 137
1725404852496 147.2412601758359 138
1725404852521 147.09356819222234 139
1725404852551 146.946025132612 140
1725404852588 146.79863084563726 141
1725404852619 146.6513851800869 142
1725404852648 146.50428798490543 143
1725404852679 146.3573391091933 144
1725404852706 146.21053840220654 145
1725404852737 146.0638857133565 146
1725404852767 145.91738089221005 147
1725404852797 145.77102378848903 148
1725404852829 145.62481425207028 149
1725404852857 145.47875213298553 150
1725404852880 145.33283728142095 151
1725404852914 145.18706954771739 152
1725404852940 145.04144878236983 153
1725404852964 144.89597483602762 154
1725404852995 144.75064755949384 155
1725404853022 144.6054668037255 156
1725404853047 144.46043241983335 157
1725404853073 144.3155442590814 158
1725404853105 144.1708021728873 159
1725404853139 144.02620601282158 160
1725404853165 143.881755630608 161
1725404853197 143.73745087812296 162
1725404853217 143.59329160739577 163
1725404853249 143.44927767060798 164
1725404853278 143.30540892009378 165
1725404853310 143.16168520833938 166
1725404853340 143.01810638798304 167
1725404853366 142.87467231181495 168
1725404853398 142.73138283277703 169
1725404853428 142.58823780396267 170
1725404853457 142.44523707861677 171
1725404853489 142.3023805101353 172
1725404853513 142.1596679520654 173
1725404853537 142.0170992581052 174
1725404853565 141.8746742821034 175
1725404853599 141.73239287805941 176
1725404853630 141.59025490012314 177
1725404853656 141.44826020259464 178
1725404853687 141.30640863992406 179
1725404853719 141.16470006671167 180
1725404853748 141.02313433770738 181
1725404853773 140.88171130781083 182
1725404853805 140.74043083207116 183
1725404853832 140.59929276568667 184
1725404853857 140.458296964005 185
1725404853888 140.31744328252276 186
1725404853921 140.1767315768854 187
1725404853947 140.03616170288706 188
1725404853978 139.8957335164703 189
1725404854007 139.75544687372624 190
1725404854040 139.6153016308942 191
1725404854071 139.47529764436143 192
1725404854096 139.3354347706632 193
1725404854124 139.19571286648252 194
1725404854148 139.05613178864996 195
1725404854172 138.91669139414356 196
1725404854197 138.77739154008862 197
1725404854229 138.63823208375757 198
1725404854257 138.49921288256982 199
1725404854295 138.36033379409162 200
1725404854323 138.22159467603586 201
1725404854346 138.08299538626193 202
1725404854374 137.94453578277557 203
1725404854404 137.80621572372874 204
1725404854433 137.66803506741945 205
1725404854459 137.52999367229154 206
1725404854491 137.39209139693466 207
1725404854521 137.254328100084 208
1725404854551 137.11670364062013 209
1725404854584 136.97921787756903 210
1725404854615 136.84187067010163 211
1725404854641 136.70466187753394 212
1725404854672 136.56759135932677 213
1725404854696 136.4306589750856 214
1725404854720 136.2938645845604 215
1725404854756 136.15720804764538 216
1725404854788 136.02068922437917 217
1725404854816 135.88430797494428 218
1725404854847 135.7480641596672 219
1725404854871 135.61195763901816 220
1725404854900 135.47598827361094 221
1725404854934 135.34015592420283 222
1725404854963 135.20446045169436 223
1725404854990 135.0689017171292 224
1725404855016 134.93347958169397 225
1725404855046 134.79819390671832 226
1725404855074 134.66304455367435 227
1725404855106 134.5280313841768 228
1725404855131 134.39315425998282 229
1725404855158 134.25841304299175 230
1725404855182 134.12380759524504 231
1725404855211 133.98933777892609 232
1725404855242 133.85500345636004 233
1725404855274 133.72080449001373 234
1725404855305 133.58674074249538 235
1725404855336 133.4528120765547 236
1725404855372 133.31901835508245 237
1725404855402 133.1853594411105 238
1725404855429 133.05183519781164 239
1725404855464 132.91844548849934 240
1725404855488 132.78519017662765 241
1725404855514 132.65206912579114 242
1725404855541 132.51908219972458 243
1725404855572 132.38622926230312 244
1725404855601 132.25351017754156 245
1725404855631 132.12092480959478 246
1725404855659 131.98847302275738 247
1725404855690 131.8561546814634 248
1725404855722 131.7239696502864 249
1725404855755 131.59191779393913 250
1725404855788 131.45999897727356 251
1725404855815 131.32821306528044 252
1725404855844 131.19655992308958 253
1725404855874 131.06503941596924 254
1725404855898 130.93365140932647 255
1725404855922 130.8023957687065 256
1725404855957 130.67127235979282 257
1725404855991 130.54028104840714 258
1725404856024 130.409421700509 259
1725404856059 130.27869418219578 260
1725404856108 130.1480983597026 261
1725404856143 130.01763409940196 262
1725404856175 129.8873012678038 263
1725404856206 129.75709973155526 264
1725404856237 129.62702935744068 265
1725404856265 129.49709001238108 266
1725404856288 129.36728156343452 267
1725404856317 129.23760387779558 268
1725404856346 129.1080568227954 269
1725404856371 128.97864026590148 270
1725404856400 128.8493540747174 271
1725404856435 128.72019811698306 272
1725404856465 128.59117226057404 273
1725404856491 128.4622763735019 274
1725404856526 128.33351032391374 275
1725404856554 128.20487398009217 276
1725404856579 128.07636721045517 277
1725404856604 127.94798988355598 278
1725404856634 127.81974186808284 279
1725404856665 127.69162303285898 280
1725404856699 127.56363324684231 281
1725404856730 127.43577237912558 282
1725404856760 127.30804029893585 283
1725404856793 127.18043687563463 284
1725404856823 127.05296197871769 285
1725404856863 126.9256154778148 286
1725404856886 126.79839724268976 287
1725404856916 126.67130714324003 288
1725404856949 126.54434504949693 289
1725404856979 126.41751083162508 290
1725404857008 126.29080435992265 291
1725404857038 126.16422550482095 292
1725404857070 126.03777413688441 293
1725404857100 125.91145012681041 294
1725404857131 125.78525334542917 295
1725404857161 125.65918366370362 296
1725404857188 125.5332409527291 297
1725404857221 125.40742508373347 298
1725404857253 125.28173592807681 299
1725404857283 125.1561733572513 300
1725404857313 125.03073724288114 301
1725404857340 124.90542745672234 302
1725404857371 124.78024387066263 303
1725404857398 124.65518635672126 304
1725404857424 124.53025478704897 305
1725404857458 124.4054490339278 306
1725404857497 124.28076896977086 307
1725404857531 124.15621446712228 308
1725404857561 124.03178539865715 309
1725404857595 123.90748163718125 310
1725404857624 123.78330305563097 311
1725404857657 123.65924952707307 312
1725404857686 123.5353209247048 313
1725404857718 123.41151712185344 314
1725404857749 123.28783799197646 315
1725404857786 123.1642834086611 316
1725404857816 123.04085324562452 317
1725404857847 122.91754737671343 318
1725404857880 122.7943656759041 319
1725404857916 122.67130801730211 320
1725404857959 122.54837427514231 321
1725404857994 122.42556432378862 322
1725404858026 122.30287803773405 323
1725404858056 122.1803152916002 324
1725404858088 122.05787596013755 325
1725404858121 121.93555991822511 326
1725404858147 121.81336704087025 327
1725404858174 121.69129720320863 328
1725404858211 121.56935028050411 329
1725404858241 121.44752614814858 330
1725404858275 121.3258246816617 331
1725404858300 121.2042457566911 332
1725404858314 121.08278924901173 333
1725404858327 120.96145503452624 334
1725404858340 120.8402429892645 335
1725404858353 120.71915298938374 336
1725404858367 120.59818491116809 337
1725404858380 120.47733863102877 338
1725404858392 120.35661402550372 339
1725404858425 120.23601097125763 340
1725404858451 120.11552934508167 341
1725404858479 119.99516902389347 342
1725404858512 119.8749298847369 343
1725404858537 119.75481180478208 344
1725404858555 119.63481466132495 345
1725404858572 119.51493833178755 346
1725404858589 119.3951826937175 347
1725404858606 119.27554762478819 348
1725404858622 119.15603300279832 349
1725404858639 119.03663870567213 350
1725404858658 118.91736461145895 351
1725404858676 118.79821059833327 352
1725404858693 118.67917654459454 353
1725404858709 118.560262328667 354
1725404858727 118.44146782909961 355
1725404858745 118.32279292456596 356
1725404858760 118.20423749386394 357
1725404858777 118.08580141591588 358
1725404858804 117.9674845697682 359
1725404858824 117.84928683459145 360
1725404858842 117.73120808968004 361
1725404858871 117.61324821445211 362
1725404858893 117.49540708844961 363
1725404858921 117.37768459133791 364
1725404858942 117.26008060290576 365
1725404858979 117.14259500306522 366
1725404859005 117.02522767185155 367
1725404859029 116.90797848942292 368
1725404859053 116.79084733606042 369
1725404859071 116.67383409216788 370
1725404859089 116.55693863827176 371
1725404859105 116.44016085502105 372
1725404859122 116.32350062318706 373
1725404859141 116.20695782366332 374
1725404859158 116.09053233746558 375
1725404859177 115.97422404573142 376
1725404859196 115.85803282972041 377
1725404859216 115.74195857081374 378
1725404859233 115.62600115051431 379
1725404859251 115.51016045044636 380
1725404859270 115.39443635235561 381
1725404859296 115.27882873810888 382
1725404859323 115.16333748969416 383
1725404859353 115.0479624892204 384
1725404859380 114.93270361891732 385
1725404859407 114.8175607611354 386
1725404859426 114.70253379834574 387
1725404859447 114.58762261313979 388
1725404859466 114.47282708822941 389
1725404859482 114.3581471064467 390
1725404859496 114.24358255074374 391
1725404859510 114.12913330419262 392
1725404859525 114.01479924998526 393
1725404859543 113.90058027143331 394
1725404859562 113.7864762519679 395
1725404859580 113.6724870751397 396
1725404859598 113.55861262461869 397
1725404859621 113.44485278419404 398
1725404859638 113.331207437774 399
1725404859657 113.21767646938576 400
1725404859675 113.10425976317532 401
1725404859693 112.99095720340746 402
1725404859712 112.87776867446551 403
1725404859730 112.76469406085117 404
1725404859746 112.6517332471846 405
1725404859764 112.53888611820403 406
1725404859788 112.42615255876593 407
1725404859813 112.3135324538446 408
1725404859840 112.20102568853227 409
1725404859860 112.0886321480388 410
1725404859879 111.97635171769166 411
1725404859897 111.86418428293582 412
1725404859925 111.75212972933362 413
1725404859946 111.64018794256454 414
1725404859963 111.52835880842521 415
1725404859984 111.4166422128292 416
1725404859999 111.30503804180698 417
1725404860013 111.19354618150572 418
1725404860031 111.08216651818923 419
1725404860048 110.97089893823778 420
1725404860067 110.85974332814797 421
1725404860086 110.74869957453275 422
1725404860103 110.63776756412105 423
1725404860122 110.52694718375793 424
1725404860140 110.41623832040428 425
1725404860162 110.30564086113671 426
1725404860181 110.19515469314754 427
1725404860199 110.08477970374454 428
1725404860217 109.97451578035093 429
1725404860236 109.86436281050513 430
1725404860254 109.75432068186079 431
1725404860271 109.6443892821866 432
1725404860296 109.53456849936607 433
1725404860322 109.42485822139757 434
1725404860339 109.31525833639417 435
1725404860357 109.20576873258344 436
1725404860376 109.09638929830737 437
1725404860393 108.98711992202236 438
1725404860413 108.87796049229894 439
1725404860432 108.76891089782166 440
1725404860450 108.6599710273891 441
1725404860469 108.55114076991366 442
1725404860488 108.44242001442149 443
1725404860506 108.33380865005228 444
1725404860530 108.22530656605922 445
1725404860555 108.11691365180886 446
1725404860585 108.00862979678102 447
1725404860605 107.90045489056865 448
1725404860626 107.79238882287763 449
1725404860656 107.68443148352681 450
1725404860682 107.57658276244777 451
1725404860708 107.46884254968478 452
1725404860738 107.3612107353946 453
1725404860765 107.25368720984643 454
1725404860783 107.14627186342177 455
1725404860797 107.0389645866143 456
1725404860810 106.93176527002977 457
1725404860823 106.82467380438587 458
1725404860838 106.71769008051216 459
1725404860853 106.61081398934982 460
1725404860867 106.50404542195177 461
1725404860881 106.39738426948225 462
1725404860895 106.29083042321699 463
1725404860917 106.18438377454294 464
1725404860948 106.07804421495817 465
1725404860981 105.9718116360717 466
1725404861008 105.86568592960361 467
1725404861029 105.75966698738462 468
1725404861046 105.65375470135622 469
1725404861063 105.54794896357035 470
1725404861077 105.44224966618945 471
1725404861090 105.33665670148635 472
1725404861105 105.2311699618439 473
1725404861118 105.12578933975523 474
1725404861132 105.02051472782341 475
1725404861146 104.91534601876128 476
1725404861173 104.8102831053915 477
1725404861190 104.70532588064637 478
1725404861208 104.60047423756771 479
1725404861226 104.49572806930671 480
1725404861244 104.39108726912386 481
1725404861262 104.28655173038885 482
1725404861278 104.1821213465804 483
1725404861296 104.07779601128628 484
1725404861316 103.97357561820291 485
1725404861334 103.86946006113564 486
1725404861353 103.76544923399824 487
1725404861371 103.66154303081309 488
1725404861394 103.557741345711 489
1725404861414 103.45404407293088 490
1725404861433 103.35045110681988 491
1725404861451 103.24696234183331 492
1725404861470 103.14357767253422 493
1725404861488 103.04029699359361 494
1725404861506 102.93712019979013 495
1725404861526 102.83404718601001 496
1725404861555 102.73107784724702 497
1725404861579 102.62821207860226 498
1725404861609 102.52544977528409 499
