1725349856208 223.99050985721306 0
1725349856240 58335.682133121845 1
1725349856269 243706007.7408693 2
1725349856301 1147406718312.0889 3
1725349856327 5511045142500275.0 4
1725349856359 2.6578908291054498e+19 5
1725349856406 1.2830518008633443e+23 6
1725349856441 6.195072993359328e+26 7
1725349856472 2.99137952615207e+30 8
1725349856515 1.4444487484402704e+34 9
1725349856547 6.974837604886423e+37 10
1725349856579 3.3679558568732845e+41 11
1725349856606 1.6262928793815493e+45 12
1725349856632 7.852919574636348e+48 13
1725349856660 3.791958219665869e+52 14
1725349856688 1.8310320182280101e+56 15
1725349856717 8.841548507967259e+59 16
1725349856758 4.2693398724209706e+63 17
1725349856783 2.061546450886446e+67 18
1725349856814 9.954639115653379e+70 19
1725349856843 4.806820621505365e+74 20
1725349856873 2.3210810777669566e+78 21
1725349856903 1.1207860233988436e+82 22
1725349856933 5.411966528350373e+85 23
1725349856971 2.6132893427028665e+89 24
1725349857004 1.2618853337154911e+93 25
1725349857030 6.093296174388974e+96 26
1725349857059 2.942284633699781e+100 27
1725349857094 1.4207480841146088e+104 28
1725349857130 6.86040057238487e+107 29
1725349857170 3.312698186245188e+111 30
1725349857197 1.5996105704564544e+115 31
1725349857229 7.724078178145867e+118 32
1725349857261 3.729744276763827e+122 33
1725349857296 1.8009906229861546e+126 34
1725349857329 8.696486899360097e+129 35
1725349857360 4.1992936234918345e+133 36
1725349857389 2.0277230495910567e+137 37
1725349857454 9.791315241309545e+140 38
1725349857491 4.7279560280203254e+144 39
1725349857522 2.2829995411223204e+148 40
1725349857550 1.102397499865721e+152 41
1725349857582 5.323173420844319e+155 42
1725349857606 2.5704136005238628e+159 43
1725349857633 1.2411818205821561e+163 44
1725349857659 5.99332462071344e+166 45
1725349857686 2.894011128232765e+170 46
1725349857716 1.3974381399915097e+174 47
1725349857748 6.747843282466687e+177 48
1725349857780 3.2583473759351132e+181 49
1725349857812 1.5733660634724126e+185 50
1725349857845 7.597350693697132e+188 51
1725349857870 3.668551070412223e+192 52
1725349857896 1.7714421117071771e+196 53
1725349857923 8.553805289609791e+199 54
1725349857949 4.130396610140574e+203 55
1725349857977 1.9944545824282014e+207 56
1725349858008 9.630670990778027e+210 57
1725349858037 4.650385350951056e+214 58
1725349858065 2.245542801020652e+218 59
1725349858094 1.0843106733476363e+222 60
1725349858127 5.23583712499813e+225 61
1725349858158 2.528241312507951e+229 62
1725349858188 1.2208179860587636e+233 63
1725349858223 5.89499328134195e+236 64
1725349858253 2.84652963700639e+240 65
1725349858288 1.3745106376968163e+244 66
1725349858315 6.637132698637958e+247 67
1725349858352 3.2048882890526617e+251 68
1725349858386 1.5475521451326192e+255 69
1725349858420 7.472702403029735e+258 70
1725349858447 3.608361849381249e+262 71
1725349858473 1.7423783972437097e+266 72
1725349858503 8.413464629945899e+269 73
1725349858538 4.062629977008934e+273 74
1725349858565 1.961731944690862e+277 75
1725349858599 9.472662399970704e+280 76
1725349858626 4.574087361255594e+284 77
1725349858653 2.2087006065436068e+288 78
1725349858677 1.0665205939588888e+292 79
1725349858705 5.149933739179035e+295 80
1725349858738 2.4867609372160635e+299 81
1725349858763 1.2007882571027885e+303 82
1725349858794 inf 83
1725349858826 inf 84
1725349858852 inf 85
