1725361921048 101.15692459532514 0
1725361921112 48.019935066633586 1
1725361921190 44.03451949240972 2
1725361921251 39.62233019594458 3
1725361921312 15.193648671449175 4
1725361921373 17.917107899901005 5
1725361921445 10.008638124527618 6
1725361921518 4.53165130711455 7
1725361921582 5.051439560604286 8
1725361921645 1.4121547718418381 9
1725361921700 1.0527595701526051 10
1725361921756 2.9812848316055494 11
1725361921822 0.42475943370981284 12
1725361921879 0.7702803607297113 13
1725361921941 0.032447873724762676 14
1725361922009 0.3768417257646158 15
1725361922072 0.5064382463906715 16
1725361922123 0.08579302726084317 17
1725361922189 0.6146828110345258 18
1725361922256 0.009915482762347704 19
1725361922320 0.15633779828937036 20
1725361922384 0.2530821894641753 21
1725361922439 0.4090985954762174 22
1725361922502 0.02729205285445983 23
1725361922569 0.022552600464545804 24
1725361922632 0.1663772097963804 25
1725361922688 0.267533375553682 26
1725361922752 0.011408968461817048 27
1725361922811 0.27547551069317594 28
1725361922879 0.00024053019591023132 29
1725361922935 0.23682225577064664 30
1725361923032 0.023789449376876777 31
1725361923088 0.09124892657942238 32
1725361923151 0.013574888711736484 33
1725361923220 0.31522728241009645 34
1725361923276 0.0680971646269487 35
1725361923331 0.006600869090323747 36
1725361923399 0.14817228276254257 37
1725361923471 0.008005612467924068 38
1725361923524 0.01822647017129877 39
1725361923594 4.895036906996753e-05 40
1725361923660 0.0656838169872972 41
1725361923729 0.07090582372055292 42
1725361923791 0.03792049587182668 43
1725361923862 0.07766753935274429 44
1725361923923 0.1786903871333635 45
1725361923986 0.021441701061075395 46
1725361924057 0.006795133528915175 47
1725361924124 0.6061591260031812 48
1725361924190 0.011716639554269458 49
1725361924247 0.012520394768315065 50
1725361924316 0.06359548656501837 51
1725361924373 0.0026656238537492716 52
1725361924436 0.0011632272765367128 53
1725361924500 0.30203002663585715 54
1725361924563 0.01995065148056614 55
1725361924630 0.004970503535540119 56
1725361924693 0.016931774445671156 57
1725361924755 0.0734964675083632 58
1725361924818 0.05549998781882477 59
1725361924879 0.1845843759099199 60
1725361924934 0.051299527368073534 61
1725361924988 0.002600592737216581 62
1725361925043 0.21954623384557745 63
1725361925104 0.00974735638667819 64
1725361925166 0.13523290001737936 65
1725361925236 0.19760190682241238 66
1725361925293 4.1477920586913106e-05 67
1725361925348 0.05161698690342451 68
1725361925403 0.06719575816911409 69
1725361925463 0.1494301179908825 70
1725361925521 0.10663310811333418 71
1725361925585 0.02210148996357903 72
1725361925648 0.12990512200941043 73
1725361925710 0.6758270257257428 74
1725361925779 0.8500373595240239 75
1725361925844 0.006840571379081939 76
1725361925912 0.008715752802316132 77
1725361925976 0.058688640951450814 78
1725361926037 0.06420951498195303 79
1725361926092 0.00037323666106245623 80
1725361926155 0.05219028960385231 81
1725361926219 0.04084903871152173 82
1725361926283 0.0013370406683752322 83
1725361926347 0.26714926271811007 84
1725361926413 0.7536925016301044 85
1725361926477 0.13811618900672168 86
1725361926545 0.10758667429489395 87
1725361926608 0.07076334022683803 88
1725361926679 0.12680284652532806 89
1725361926744 0.5313999935990239 90
1725361926800 0.008215376830598847 91
1725361926861 0.132559164886787 92
1725361926933 0.16538584212449553 93
1725361927004 0.02031178472973461 94
1725361927067 0.006843277709935559 95
1725361927118 0.0056035428235329116 96
1725361927173 0.035224324585294134 97
1725361927236 0.011415152882542547 98
1725361927308 0.11375295781640674 99
1725361927376 0.06668328716383533 100
1725361927439 0.1079232327053702 101
1725361927502 0.032561539700010106 102
1725361927556 0.007098949183753867 103
1725361927612 0.16675939901609171 104
1725361927678 0.5600309246359009 105
1725361927748 0.26953610394110855 106
1725361927809 0.051691583994141414 107
1725361927882 0.03499951281608337 108
1725361927947 0.005487022373202425 109
1725361928003 0.33602546157599117 110
1725361928083 0.052133686665230584 111
1725361928141 0.04028401048799869 112
1725361928202 0.0775054030386199 113
1725361928274 0.16550513419879007 114
1725361928337 0.057843051684450385 115
1725361928397 0.03709427727133081 116
1725361928455 0.0034952176004234012 117
1725361928518 0.061320201803219045 118
1725361928573 0.06050101614271537 119
1725361928629 0.037422236908359184 120
1725361928696 0.10921125220189498 121
1725361928759 0.00594944777091255 122
1725361928818 0.08820303481031341 123
1725361928884 0.3872578602718927 124
1725361928949 0.4618956805564874 125
1725361928998 0.010798139049419349 126
1725361929053 0.01656074165915622 127
1725361929114 0.028979656310938403 128
1725361929180 0.008255097913362422 129
1725361929245 0.0015087941973752992 130
1725361929300 0.05181498107600924 131
1725361929355 0.05502779528417 132
1725361929411 0.1770022892668442 133
1725361929479 0.12571928298477558 134
1725361929541 0.012704619532327432 135
1725361929603 0.638398855352716 136
1725361929672 0.0001157721010733531 137
1725361929727 0.12304902426354575 138
1725361929783 0.05229080175092084 139
1725361929844 0.007284939492011965 140
1725361929912 0.10060962701993383 141
1725361929970 0.004780938245814625 142
1725361930025 0.2761517702543383 143
1725361930080 0.013933933225085609 144
1725361930147 0.802751072692761 145
1725361930206 0.11274309602357759 146
1725361930266 0.4218995588356579 147
1725361930323 0.1475606478849042 148
1725361930384 0.011034370525574096 149
1725361930447 0.15911035564197412 150
1725361930516 0.00015854234119614075 151
1725361930582 0.03929713665743356 152
1725361930652 0.13274675618068468 153
1725361930706 0.022911134003865786 154
1725361930776 0.28575316558418873 155
1725361930837 0.5145400873595751 156
1725361930905 0.008233206909413237 157
1725361930970 0.1365540533646193 158
1725361931034 0.009724351634240546 159
1725361931089 0.1755226858212397 160
1725361931150 0.2798100073676522 161
1725361931215 0.41215977387188457 162
1725361931294 0.22331079139605084 163
1725361931367 0.07789810277856754 164
1725361931438 0.019253686066296034 165
1725361931503 0.2231381674274703 166
1725361931568 0.014595258657769422 167
1725361931636 0.03771102452350255 168
1725361931706 0.0027924059328589272 169
1725361931767 0.32367143066804743 170
1725361931830 0.08846634410338693 171
1725361931893 0.009221839183956351 172
1725361931962 0.14834341829229414 173
1725361932016 0.012824552158582204 174
1725361932080 0.00036432734659714 175
1725361932139 0.21059179285302737 176
1725361932200 0.014510046555858573 177
1725361932271 0.13549977359539672 178
1725361932328 0.1417107662642443 179
1725361932389 0.051263300456555576 180
1725361932452 0.02783207343654327 181
1725361932521 0.006179997043929936 182
1725361932576 0.005700029650265566 183
1725361932631 0.09794884481660804 184
1725361932697 0.003951888186960037 185
1725361932762 0.03854135693019119 186
1725361932814 0.45248820887277114 187
1725361932878 0.02174964884081382 188
1725361932942 0.18089065842614402 189
1725361933007 0.0038507290162810813 190
1725361933081 0.543589594224427 191
1725361933140 0.018124895106000086 192
1725361933246 0.08405638658231256 193
1725361933311 0.02716047896734551 194
1725361933373 0.025167499008686388 195
1725361933438 0.07817460010837347 196
1725361933521 0.002145961733509942 197
1725361933597 0.942025412510118 198
1725361933672 0.06201914881065387 199
1725361933740 0.21699470891037062 200
1725361933806 0.06559223112483288 201
1725361933863 0.016658331562170194 202
1725361933921 0.12155138952686266 203
1725361933983 0.0011171628733792217 204
1725361934050 0.18289562158734288 205
1725361934111 0.07667384204693053 206
1725361934167 0.04543213889561993 207
1725361934222 0.0003705097666682412 208
1725361934284 0.3572287158652271 209
1725361934348 0.013003134237822801 210
1725361934406 0.17472404573071496 211
1725361934467 0.00011070220067751163 212
1725361934527 0.25534516885696434 213
1725361934594 0.35213573784919583 214
1725361934663 0.14699697122194322 215
1725361934712 0.030908355034297837 216
1725361934788 0.022818425340873364 217
1725361934851 0.0665061929290051 218
1725361934919 0.11460555251198845 219
1725361934981 0.002417998080917784 220
1725361935062 0.3153100951647191 221
1725361935118 0.022929055150193688 222
1725361935179 0.11954938680021976 223
1725361935244 0.005614063757915457 224
1725361935302 0.3934001910833794 225
1725361935357 0.21949800339506254 226
1725361935423 0.010857533119287784 227
1725361935477 0.1753743716247526 228
1725361935537 0.02000603182506663 229
1725361935610 0.038053028463000016 230
1725361935669 0.010501197531215287 231
1725361935729 0.7052088429146286 232
1725361935785 0.0016226575531358579 233
1725361935848 0.004056070347626374 234
1725361935910 0.0897916657306097 235
1725361935984 0.013522656214486369 236
1725361936052 0.20516183800924054 237
1725361936117 3.327643551621279e-05 238
1725361936180 0.6299058220177505 239
1725361936257 0.25482244605157445 240
