1725362732564 173.44193970522943 0
1725362732592 169.95272230305895 1
1725362732615 166.54119693000027 2
1725362732639 163.20553866013515 3
1725362732662 159.94396746337733 4
1725362732686 156.75474704080602 5
1725362732708 153.6361836924598 6
1725362732731 150.58662521659534 7
1725362732752 147.60445983944982 8
1725362732779 144.6881151745792 9
1725362732802 141.8360572108753 10
1725362732824 139.04678932839514 11
1725362732849 136.3188513411656 12
1725362732876 133.65081856615447 13
1725362732904 131.04130091762508 14
1725362732926 128.4889420261193 15
1725362732954 125.9924183813373 16
1725362732985 123.5504384982078 17
1725362733014 121.16174210546488 18
1725362733036 118.82509935607018 19
1725362733059 116.53931005884121 20
1725362733087 114.30320293066676 21
1725362733106 112.11563486871069 22
1725362733131 109.97549024202479 23
1725362733155 107.88168020200985 24
1725362733176 105.83314201118196 25
1725362733197 103.82883838971874 26
1725362733223 101.86775687927667 27
1725362733250 99.94890922358634 28
1725362733283 98.07133076534897 29
1725362733307 96.23407985897185 30
1725362733336 94.43623729869438 31
1725362733364 92.67690576167182 32
1725362733388 90.95520926559563 33
1725362733407 89.27029264044349 34
1725362733431 87.62132101396415 35
1725362733455 86.00747931051416 36
1725362733480 84.42797176287597 37
1725362733504 82.88202143669746 38
1725362733528 81.36886976720416 39
1725362733553 79.88777610784614 40
1725362733577 78.43801729055143 41
1725362733603 77.01888719726806 42
1725362733627 75.62969634248579 43
1725362733648 74.26977146643834 44
1725362733671 72.9384551386959 45
1725362733695 71.63510537186518 46
1725362733717 70.35909524512454 47
1725362733749 69.10981253732766 48
1725362733843 67.88665936941898 49
1725362733883 66.68905185590971 50
1725362733918 65.51641976517246 51
1725362733935 64.36820618831791 52
1725362733952 63.2438672164249 53
1725362733970 62.1428716259014 54
1725362733987 61.064700571760405 55
1725362734002 60.00884728860074 56
1725362734021 58.974816799089076 57
1725362734037 57.962125629745564 58
1725362734056 56.97030153383958 59
1725362734072 55.998883221209816 60
1725362734089 55.04742009482653 61
1725362734104 54.1154719939192 62
1725362734119 53.20260894349854 63
1725362734141 52.308410910105536 64
1725362734160 51.4324675636257 65
1725362734178 50.57437804501103 66
1725362734195 49.73375073975583 67
1725362734215 48.91020305697819 68
1725362734230 48.10336121396168 69
1725362734244 47.31286002601658 70
1725362734258 46.53834270152354 71
1725362734274 45.77946064202654 72
1725362734289 45.03587324724521 73
1725362734305 44.307247724880874 74
1725362734321 43.5932589050933 75
1725362734348 42.893589059528814 76
1725362734372 42.20792772478382 77
1725362734394 41.53597153019088 78
1725362734420 40.87742402981697 79
1725362734437 40.231995538567354 80
1725362734456 39.59940297229073 81
1725362734480 38.979369691784555 82
1725362734502 38.37162535060143 83
1725362734521 37.77590574656134 84
1725362734542 37.191952676875445 85
1725362734564 36.619513796791196 86
1725362734587 36.05834248166952 87
1725362734598 35.50819769240855 88
1725362734608 34.96884384412936 89
1725362734618 34.44005067804236 90
1725362734630 33.92159313641454 91
1725362734641 33.41325124056016 92
1725362734651 32.91480997177922 93
1725362734661 32.42605915517064 94
1725362734672 31.94679334624786 95
1725362734683 31.476811720287838 96
1725362734693 31.015917964345 97
1725362734703 30.563920171864282 98
1725362734717 30.120630739828584 99
1725362734738 29.685866268378117 100
1725362734762 29.259447462840168 101
1725362734799 28.84119903810992 102
1725362734824 28.430949625324207 103
1725362734847 28.028531680771476 104
1725362734871 27.633781396983146 105
1725362734886 27.2465386159523 106
1725362734908 26.866646744427577 107
1725362734931 26.493952671231355 108
1725362734953 26.128306686552154 109
1725362734967 25.76956240316313 110
1725362734978 25.417576679519453 111
1725362734988 25.07220954468831 112
1725362734998 24.733324125066837 113
1725362735010 24.40078657284448 114
1725362735020 24.07446599616655 115
1725362735030 23.754234390958057 116
1725362735043 23.439966574367396 117
1725362735053 23.13154011978947 118
1725362735064 22.828835293431055 119
1725362735075 22.531734992379803 120
1725362735087 22.240124684141172 121
1725362735102 21.95389234760688 122
1725362735117 21.672928415420763 123
1725362735134 21.397125717707613 124
1725362735149 21.12637942713225 125
1725362735164 20.860587005256768 126
1725362735179 20.599648150163798 127
1725362735189 20.343464745316265 128
1725362735199 20.091940809622514 129
1725362735211 19.8449824486789 130
1725362735232 19.602497807160265 131
1725362735259 19.364397022331687 132
1725362735285 19.13059217865346 133
1725362735307 18.900997263453778 134
1725362735328 18.675528123642874 135
1725362735356 18.454102423443985 136
1725362735378 18.23663960311594 137
1725362735395 18.02306083864478 138
1725362735417 17.813289002379722 139
1725362735437 17.607248624591847 140
1725362735461 17.40486585593291 141
1725362735477 17.206068430772646 142
1725362735494 17.010785631393876 143
1725362735507 16.818948253024303 144
1725362735518 16.630488569685795 145
1725362735528 16.445340300840407 146
1725362735540 16.26343857881546 147
1725362735551 16.08471991698795 148
1725362735564 15.90912217871075 149
1725362735575 15.736584546962703 150
1725362735587 15.567047494705266 151
1725362735603 15.400452755929047 152
1725362735619 15.236743297373742 153
1725362735635 15.075863290905207 154
1725362735651 14.917758086534286 155
1725362735666 14.762374186062042 156
1725362735681 14.609659217336464 157
1725362735696 14.459561909106078 158
1725362735711 14.312032066456426 159
1725362735729 14.167020546815301 160
1725362735745 14.024479236513663 161
1725362735765 13.884361027888453 162
1725362735786 13.746619796915242 163
1725362735809 13.61121038135724 164
1725362735833 13.47808855941923 165
1725362735847 13.347211028894034 166
1725362735858 13.218535386789958 167
1725362735868 13.092020109427933 168
1725362735878 12.967624532997027 169
1725362735888 12.845308834557649 170
1725362735897 12.72503401348208 171
1725362735908 12.60676187332133 172
1725362735917 12.490455004089197 173
1725362735928 12.376076764952911 174
1725362735938 12.26359126732098 175
1725362735948 12.152963358319228 176
1725362735958 12.044158604645457 177
1725362735974 11.937143276793991 178
1725362735990 11.831884333641353 179
1725362736005 11.728349407384723 180
1725362736021 11.626506788824607 181
1725362736037 11.526325412983947 182
1725362736053 11.42777484505545 183
1725362736069 11.33082526666986 184
1725362736083 11.235447462476985 185
1725362736098 11.141612807032999 186
1725362736114 11.049293251985944 187
1725362736130 10.95846131355313 188
1725362736146 10.869090060283321 189
1725362736160 10.781153101096983 190
1725362736174 10.694624573598183 191
1725362736187 10.609479132651868 192
1725362736198 10.525691939220058 193
1725362736209 10.443238649451166 194
1725362736232 10.3620954040165 195
1725362736252 10.282238817687976 196
1725362736271 10.203645969151516 197
1725362736293 10.12629439105099 198
1725362736316 10.050162060256488 199
1725362736339 9.975227388352751 200
1725362736354 9.901469212341677 201
1725362736378 9.828866785554583 202
1725362736389 9.757399768769035 203
1725362736399 9.68704822152545 204
1725362736409 9.617792593639088 205
1725362736418 9.549613716902762 206
1725362736429 9.48249279697551 207
1725362736439 9.416411405453648 208
1725362736452 9.351351472119084 209
1725362736465 9.287295277361807 210
1725362736481 9.224225444771267 211
1725362736498 9.162124933894077 212
1725362736512 9.100977033153061 213
1725362736526 9.040765352924549 214
1725362736541 8.981473818770207 215
1725362736555 8.923086664819476 216
1725362736571 8.865588427299546 217
1725362736587 8.808963938209326 218
1725362736611 8.753198319133894 219
1725362736635 8.698276975196476 220
1725362736665 8.644185589144582 221
1725362736683 8.590910115567384 222
1725362736705 8.538436775241083 223
1725362736720 8.48675204959958 224
1725362736736 8.435842675327283 225
1725362736751 8.385695639071544 226
1725362736765 8.33629817227177 227
1725362736781 8.287637746102622 228
1725362736797 8.239702066528467 229
1725362736812 8.192479069467112 230
1725362736822 8.14595691605947 231
1725362736832 8.100123988043476 232
1725362736847 8.054968883229495 233
1725362736865 8.010480411074873 234
1725362736881 7.966647588355682 235
1725362736896 7.923459634932972 236
1725362736911 7.880905969611766 237
1725362736926 7.8389762060905825 238
1725362736942 7.797660148999221 239
1725362736957 7.756947790023031 240
1725362736972 7.716829304111626 241
1725362736992 7.677295045770026 242
1725362737011 7.638335545430671 243
1725362737037 7.599941505903792 244
1725362737058 7.562103798905237 245
1725362737083 7.524813461659328 246
1725362737105 7.488061693575236 247
1725362737127 7.451839852995369 248
1725362737150 7.4161394540139565 249
1725362737169 7.380952163364178 250
1725362737188 7.3462697973726145 251
1725362737210 7.312084318979117 252
1725362737222 7.278387834820831 253
1725362737239 7.245172592378895 254
1725362737253 7.212430977186357 255
1725362737264 7.18015551009592 256
1725362737275 7.148338844606256 257
1725362737285 7.116973764245528 258
1725362737295 7.086053180010635 259
1725362737305 7.055570127861437 260
1725362737315 7.0255177662680035 261
1725362737325 6.995889373810378 262
1725362737335 6.966678346829294 263
1725362737353 6.937878197126682 264
1725362737378 6.909482549715151 265
1725362737403 6.881485140615021 266
1725362737424 6.85387981469795 267
1725362737446 6.826660523576364 268
1725362737467 6.799821323537032 269
1725362737487 6.773356373518757 270
1725362737507 6.747259933132111 271
1725362737524 6.72152636072117 272
1725362737543 6.696150111465859 273
1725362737565 6.6711257355240585 274
1725362737584 6.646447876212696 275
1725362737597 6.622111268226901 276
1725362737612 6.598110735896258 277
1725362737629 6.574441191477675 278
1725362737646 6.551097633483556 279
1725362737657 6.528075145044955 280
1725362737668 6.5053688923087245 281
1725362737680 6.482974122867959 282
1725362737691 6.460886164224703 283
1725362737702 6.439100422284987 284
1725362737719 6.417612379884472 285
1725362737735 6.396417595344886 286
1725362737751 6.375511701059935 287
1725362737767 6.354890402110586 288
1725362737780 6.334549474908657 289
1725362737790 6.314484765868226 290
1725362737800 6.294692190104388 291
1725362737810 6.275167730158514 292
1725362737820 6.2559074347497345 293
1725362737830 6.2369074175517305 294
1725362737846 6.2181638559944705 295
1725362737863 6.199672990090481 296
1725362737889 6.181431121284776 297
1725362737909 6.1634346113282605 298
1725362737932 6.145679881173756 299
1725362737954 6.128163409894725 300
1725362737969 6.110881733625382 301
1725362737985 6.0938314445224675 302
1725362738000 6.077009189747823 303
1725362738016 6.060411670471458 304
1725362738031 6.044035640894638 305
1725362738047 6.027877907292423 306
1725362738062 6.01193532707547 307
1725362738078 5.996204807870625 308
1725362738099 5.980683306619743 309
1725362738123 5.965367828696412 310
1725362738144 5.950255427040425 311
1725362738166 5.935343201309247 312
1725362738181 5.920628297046378 313
1725362738204 5.9061079048661185 314
1725362738225 5.89177925965452 315
1725362738244 5.877639639786016 316
1725362738270 5.863686366355397 317
1725362738295 5.849916802425174 318
1725362738324 5.836328352287209 319
1725362738347 5.822918460739431 320
1725362738370 5.809684612376057 321
1725362738396 5.7966243308921515 322
1725362738418 5.783735178401494 323
1725362738442 5.771014754767717 324
1725362738469 5.758460696948602 325
1725362738490 5.746070678352865 326
1725362738512 5.733842408209456 327
1725362738538 5.72177363094923 328
1725362738561 5.709862125598243 329
1725362738585 5.698105705182804 330
1725362738607 5.68650221614625 331
1725362738632 5.675049537776426 332
1725362738655 5.663745581644492 333
1725362738680 5.6525882910543395 334
1725362738705 5.641575640502366 335
1725362738732 5.630705635147889 336
1725362738755 5.619976310293182 337
1725362738780 5.6093857308737025 338
1725362738804 5.598931990957922 339
1725362738829 5.588613213256419 340
1725362738849 5.578427548640434 341
1725362738872 5.568373175669474 342
1725362738897 5.558448300127641 343
1725362738922 5.548651154568818 344
1725362738948 5.538979997870313 345
1725362738970 5.529433114794875 346
1725362738993 5.520008815560733 347
1725362739018 5.510705435419922 348
1725362739041 5.501521334244173 349
1725362739065 5.492454896118603 350
1725362739088 5.483504528942949 351
1725362739113 5.474668664040148 352
1725362739138 5.465945755772033 353
1725362739164 5.457334281162305 354
1725362739189 5.448832739526259 355
1725362739210 5.440439652107341 356
1725362739236 5.432153561720438 357
1725362739264 5.4239730324015625 358
1725362739288 5.415896649063974 359
1725362739314 5.407923017160583 360
1725362739337 5.40005076235248 361
1725362739359 5.392278530183397 362
1725362739394 5.384604985760098 363
1725362739418 5.377028813438634 364
1725362739441 5.36954871651613 365
1725362739464 5.362163416928069 366
1725362739491 5.354871654951204 367
1725362739517 5.347672188911533 368
1725362739540 5.340563794897775 369
1725362739560 5.333545266479722 370
1725362739588 5.326615414431708 371
1725362739612 5.319773066460932 372
1725362739641 5.313017066940729 373
1725362739664 5.306346276648392 374
1725362739688 5.299759572507722 375
1725362739706 5.2932558473360585 376
1725362739730 5.286834009595868 377
1725362739752 5.280492983150536 378
1725362739776 5.27423170702452 379
1725362739800 5.268049135167714 380
1725362739822 5.2619442362239 381
1725362739845 5.255915993303199 382
1725362739873 5.249963403758449 383
1725362739906 5.244085478965676 384
1725362739932 5.238281244107998 385
1725362739955 5.232549737963578 386
1725362739981 5.22689001269705 387
1725362740004 5.221301133654665 388
1725362740030 5.215782179162803 389
1725362740049 5.21033224033001 390
1725362740077 5.204950420852495 391
1725362740103 5.199635836822775 392
1725362740123 5.194387616541694 393
1725362740150 5.189204900333669 394
1725362740174 5.184086840364897 395
1725362740195 5.179032600464831 396
1725362740221 5.174041355950542 397
1725362740247 5.169112293454084 398
1725362740270 5.1642446107527915 399
1725362740290 5.159437516602344 400
1725362740316 5.15469023057266 401
1725362740339 5.150001982886627 402
1725362740362 5.145372014261348 403
1725362740381 5.140799575752132 404
1725362740411 5.136283928599135 405
1725362740439 5.131824344076344 406
1725362740462 5.127420103343286 407
1725362740487 5.123070497299016 408
1725362740511 5.118774826438586 409
1725362740539 5.114532400711934 410
1725362740566 5.110342539384897 411
1725362740588 5.106204570902696 412
1725362740609 5.102117832755503 413
1725362740631 5.098081671346344 414
1725362740657 5.094095441861041 415
1725362740681 5.09015850814025 416
1725362740705 5.086270242553705 417
1725362740730 5.082430025876366 418
1725362740755 5.078637247166602 419
1725362740777 5.0748913036463925 420
1725362740799 5.071191600583323 421
1725362740821 5.0675375511746825 422
1725362740846 5.0639285764331206 423
1725362740870 5.060364105074488 424
1725362740895 5.0568435734071455 425
1725362740919 5.0533664252232375 426
1725362740943 5.049932111691604 427
1725362740965 5.046540091252373 428
1725362740988 5.04318982951334 429
1725362741011 5.039880799147788 430
1725362741035 5.0366124797941785 431
1725362741058 5.03338435795713 432
1725362741082 5.030195926910172 433
1725362741104 5.027046686599865 434
1725362741132 5.023936143551658 435
1725362741162 5.020863810776852 436
1725362741184 5.0178292076813715 437
1725362741206 5.014831859975691 438
1725362741231 5.011871299586345 439
1725362741254 5.008947064568711 440
1725362741281 5.006058699021082 441
1725362741303 5.003205753000243 442
1725362741327 5.000387782438178 443
1725362741349 4.997604349060171 444
1725362741377 4.994855020304097 445
1725362741415 4.9921393692409 446
1725362741438 4.989456974496477 447
1725362741463 4.986807420174568 448
1725362741488 4.984190295780839 449
1725362741514 4.981605196148216 450
1725362741536 4.979051721363305 451
1725362741557 4.976529476693851 452
1725362741582 4.974038072517469 453
1725362741605 4.971577124251217 454
1725362741629 4.969146252282421 455
1725362741654 4.9667450819005285 456
1725362741678 4.964373243229767 457
1725362741702 4.962030371163115 458
1725362741726 4.959716105297068 459
1725362741752 4.957430089867394 460
1725362741781 4.955171973685927 461
1725362741805 4.952941410078296 462
1725362741834 4.9507380568223605 463
1725362741857 4.9485615760879 464
1725362741885 4.946411634376993 465
1725362741907 4.944287902465259 466
1725362741931 4.94219005534402 467
1725362741957 4.94011777216338 468
1725362741977 4.938070736176022 469
1725362741999 4.936048634681864 470
1725362742023 4.9340511589735625 471
1725362742047 4.932078004282798 472
1725362742072 4.930128869727336 473
1725362742097 4.9282034582588174 474
1725362742120 4.926301476611397 475
1725362742143 4.924422635251084 476
1725362742166 4.922566648325727 477
1725362742189 4.920733233615965 478
1725362742211 4.918922112486581 479
1725362742231 4.917133009838759 480
1725362742254 4.915365654063024 481
1725362742279 4.9136197769927445 482
1725362742297 4.91189511385838 483
1725362742316 4.910191403242425 484
1725362742343 4.908508387034868 485
1725362742366 4.906845810389455 486
1725362742393 4.905203421680361 487
1725362742427 4.90358097245976 488
1725362742450 4.9019782174156905 489
1725362742472 4.900394914330783 490
1725362742495 4.898830824041405 491
1725362742520 4.89728571039745 492
1725362742545 4.895759340222709 493
1725362742572 4.894251483275722 494
1725362742596 4.892761912211288 495
1725362742618 4.891290402542456 496
1725362742640 4.889836732603019 497
1725362742666 4.888400683510634 498
1725362742690 4.886982039130357 499
