1725361385413 176.37855732222127 0
1725361385436 172.93749482321596 1
1725361385459 171.19445201315625 2
1725361385485 169.46070247428423 3
1725361385511 167.7961763661557 4
1725361385565 166.12249329493298 5
1725361385596 164.4658784782757 6
1725361385620 162.82602493217752 7
1725361385642 161.20276047046102 8
1725361385665 159.59591407903537 9
1725361385686 158.0053165658128 10
1725361385710 156.4308005369561 11
1725361385732 154.8722003767654 12
1725361385755 153.32935222779193 13
1725361385777 151.80209397119296 14
1725361385803 150.29026520732486 15
1725361385833 148.79370723657075 16
1725361385912 147.31226304039905 17
1725361385953 145.84577726265152 18
1725361385999 144.39409619105558 19
1725361386042 142.95706773895932 20
1725361386074 141.53454142728594 21
1725361386095 140.12636836670413 22
1725361386121 138.7324012400124 23
1725361386145 137.35249428473355 24
1725361386174 135.98650327591747 25
1725361386211 134.63428550914864 26
1725361386237 133.29569978375596 27
1725361386260 131.97060638622273 28
1725361386287 130.6588670737929 29
1725361386313 129.3603450582725 30
1725361386337 128.07490499002233 31
1725361386360 126.80241294214075 32
1725361386383 125.5427363948323 33
1725361386404 124.29574421996175 34
1725361386425 123.06130666578962 35
1725361386447 121.83929534188742 36
1725361386469 120.6295832042303 37
1725361386490 119.43204454046466 38
1725361386510 118.2465549553484 39
1725361386537 117.0729913563616 40
1725361386559 115.91123193948586 41
1725361386579 114.7611561751493 42
1725361386601 113.62517792949113 43
1725361386622 112.49929199896265 44
1725361386645 111.38471168751023 45
1725361386667 110.28130960240638 46
1725361386692 109.18897235472303 47
1725361386721 108.11009926734157 48
1725361386750 107.04074685603152 49
1725361386773 105.98210816281969 50
1725361386793 104.93406528571325 51
1725361386817 103.89651101974312 52
1725361386843 102.86933919125613 53
1725361386865 101.85244472084386 54
1725361386900 100.84572361114289 55
1725361386942 99.84907293536675 56
1725361387013 98.86239082596079 57
1725361387035 97.88557646338317 58
1725361387057 96.91853006501105 59
1725361387079 95.96115287416954 60
1725361387102 95.01334714928304 61
1725361387126 94.07501615314648 62
1725361387150 93.14606414231575 63
1725361387177 92.2263963566155 64
1725361387197 91.315919008763 65
1725361387226 90.41453927410686 66
1725361387249 89.52216528047887 67
1725361387280 88.63870609815797 68
1725361387308 87.76407172994489 69
1725361387324 86.89817310134596 70
1725361387346 86.04092205086526 71
1725361387424 85.19223132040331 72
1725361387451 84.35201454576122 73
1725361387475 83.52018624724931 74
1725361387505 82.69666182039872 75
1725361387529 81.88135752677469 76
1725361387557 81.07419048489054 77
1725361387579 80.27507866122109 78
1725361387607 79.48394086131465 79
1725361387628 78.7006967210014 80
1725361387653 77.92526669769859 81
1725361387675 77.15757206181001 82
1725361387699 76.3975348882196 83
1725361387721 75.64507804787736 84
1725361387746 74.90012519947732 85
1725361387769 74.16260078122546 86
1725361387797 73.43243000269767 87
1725361387819 72.70953883678573 88
1725361387841 71.99385401173095 89
1725361387865 71.28530300324392 90
1725361387892 70.58381402671007 91
1725361387978 69.88931602947923 92
1725361388007 69.20173868323899 93
1725361388035 68.52101237647024 94
1725361388060 67.84706820698439 95
1725361388091 67.17983797454112 96
1725361388117 66.51925417354605 97
1725361388139 65.86524998582654 98
1725361388163 65.21775927348622 99
1725361388186 64.57671657183565 100
1725361388211 63.942057082399586 101
1725361388235 63.31371666599927 102
1725361388270 62.69264686368846 103
1725361388343 62.07621546260471 104
1725361388388 61.46744614307946 105
1725361388427 60.86420519486705 106
1725361388521 60.26696510584881 107
1725361388551 59.67565967399927 108
1725361388576 59.09022954443174 109
1725361388599 58.51088447550575 110
1725361388618 57.93688533456041 111
1725361388640 57.36899361639886 112
1725361388667 56.80683558618536 113
1725361388699 56.249638607934926 114
1725361388726 55.698725012569426 115
1725361388752 55.15279256090205 116
1725361388774 54.612625177524734 117
1725361388798 54.07769929910342 118
1725361388821 53.54808181648319 119
1725361388847 53.02345589727927 120
1725361388871 52.50420561731779 121
1725361388891 51.990309136677205 122
1725361388920 51.481395711819424 123
1725361388944 50.97753089434086 124
1725361388967 50.47818286819635 125
1725361388988 49.98451074000587 126
1725361389013 49.49579471594714 127
1725361389035 49.01145796559504 128
1725361389057 48.53238617454623 129
1725361389078 48.05738421539588 130
1725361389109 47.587615062403316 131
1725361389131 47.12262245534462 132
1725361389153 46.66210661313072 133
1725361389175 46.20594120624224 134
1725361389197 45.754615187232865 135
1725361389220 45.307649882089976 136
1725361389242 44.86455912072865 137
1725361389265 44.42648142237525 138
1725361389290 43.99277364580581 139
1725361389310 43.56365487080263 140
1725361389338 43.138180403683585 141
1725361389360 42.71705899476736 142
1725361389384 42.300792002345624 143
1725361389414 41.88810580381605 144
1725361389441 41.47951126993049 145
1725361389464 41.07510052939108 146
1725361389489 40.67462987409485 147
1725361389511 40.27788257290151 148
1725361389533 39.88562353887489 149
1725361389561 39.49722543897828 150
1725361389587 39.11214754773807 151
1725361389621 38.731018266971084 152
1725361389647 38.35370118339666 153
1725361389672 37.98056023852283 154
1725361389695 37.61067494286262 155
1725361389726 37.24455747269662 156
1725361389760 36.88223361217127 157
1725361389815 36.52319115116654 158
1725361389878 36.16670096989466 159
1725361389990 35.815585828520796 160
1725361390010 35.46727207568906 161
1725361390032 35.12220526976706 162
1725361390056 34.78047347613112 163
1725361390082 34.44232342076329 164
1725361390107 34.10769851318479 165
1725361390131 33.77558590873727 166
1725361390151 33.44757629025336 167
1725361390179 33.12273155994829 168
1725361390203 32.80100546457629 169
1725361390229 32.48165049994911 170
1725361390253 32.16665976388342 171
1725361390279 31.85443032128362 172
1725361390306 31.54471564290965 173
1725361390337 31.238137509151258 174
1725361390370 30.93508326093765 175
1725361390393 30.63512291964744 176
1725361390420 30.337542455135722 177
1725361390452 30.043348676221946 178
1725361390478 29.751781060581248 179
1725361390510 29.463250008628073 180
1725361390544 29.17717641512261 181
1725361390573 28.89468772112532 182
1725361390599 28.614626165281035 183
1725361390623 28.33724501190789 184
1725361390650 28.06227311316615 185
1725361390670 27.79027374807146 186
1725361390692 27.52133627722929 187
1725361390743 27.254454806326407 188
1725361390781 26.99060008491188 189
1725361390812 26.729513937908326 190
1725361390836 26.47021981616105 191
1725361390848 26.213825670955526 192
1725361390868 25.96046972725637 193
1725361390892 25.70878439092584 194
1725361390917 25.460460848055316 195
1725361390950 25.213690364805444 196
1725361390972 24.970082684320285 197
1725361390998 24.728383297919763 198
1725361391016 24.48926172549783 199
1725361391039 24.2526882398142 200
1725361391062 24.018035730425503 201
1725361391089 23.786274493022884 202
1725361391111 23.556118553693025 203
1725361391140 23.328479270905515 204
1725361391162 23.10349035692399 205
1725361391182 22.880023343832566 206
1725361391207 22.659242093953104 207
1725361391231 22.440571581185306 208
1725361391257 22.224053013326813 209
1725361391281 22.00883131169069 210
1725361391305 21.796945093100252 211
1725361391327 21.586667356876646 212
1725361391356 21.378186986804028 213
1725361391381 21.17193099365818 214
1725361391402 20.968275425033212 215
1725361391426 20.765549805654892 216
1725361391448 20.565614950997723 217
1725361391470 20.36773829068255 218
1725361391489 20.17165845023413 219
1725361391514 19.977283003242427 220
1725361391538 19.78488928647133 221
1725361391560 19.59450849947684 222
1725361391583 19.405790657344017 223
1725361391605 19.21906415971742 224
1725361391631 19.034395312882747 225
1725361391656 18.851239755767654 226
1725361391729 18.669826845781145 227
1725361391792 18.490464487468945 228
1725361391816 18.31298272240807 229
1725361391841 18.13684868168497 230
1725361391867 17.962841865383613 231
1725361391891 17.790085796822815 232
1725361391931 17.619046001591414 233
1725361391967 17.450205770869477 234
1725361392010 17.28275434713021 235
1725361392037 17.11639837853784 236
1725361392058 16.952565422800244 237
1725361392082 16.789528033415753 238
1725361392105 16.628665377678534 239
1725361392131 16.469644855877643 240
1725361392157 16.311469739101813 241
1725361392183 16.155068294017152 242
1725361392214 16.000307090121368 243
1725361392237 15.847176037103397 244
1725361392272 15.695376937371257 245
1725361392300 15.545181135442563 246
1725361392324 15.39628184082 247
1725361392350 15.248341337764204 248
1725361392373 15.102744758286873 249
1725361392397 14.958595325123099 250
1725361392426 14.815494670351994 251
1725361392518 14.67357786257037 252
1725361392553 14.532901601549884 253
1725361392577 14.394374907058879 254
1725361392602 14.256602387543415 255
1725361392648 14.120709823524624 256
1725361392683 13.98581345974822 257
1725361392715 13.85133005995929 258
1725361392743 13.719796361090385 259
1725361392770 13.58879148602696 260
1725361392798 13.459020811259752 261
1725361392826 13.330547820672226 262
1725361392848 13.203595578348587 263
1725361392871 13.077406910067886 264
1725361392894 12.953222847498418 265
1725361392917 12.829902604868618 266
1725361392942 12.70656525664837 267
1725361392974 12.586121818658379 268
1725361392998 12.466222977931956 269
1725361393021 12.347574901106151 270
1725361393046 12.230237131474205 271
1725361393072 12.11334794589802 272
1725361393090 11.998462951672673 273
1725361393115 11.884525327370149 274
1725361393137 11.771267182620884 275
1725361393161 11.659657906012098 276
1725361393183 11.548482008993261 277
1725361393205 11.438727309435752 278
1725361393236 11.330051111597193 279
1725361393311 11.22275251213825 280
1725361393332 11.115876449112962 281
1725361393355 11.010618260274072 282
1725361393381 10.905975643630192 283
1725361393401 10.802484551158287 284
1725361393422 10.700167677547872 285
1725361393444 10.598377708559473 286
1725361393472 10.497819647795241 287
1725361393491 10.39829536132647 288
1725361393512 10.300077398967897 289
1725361393535 10.202541871563236 290
1725361393561 10.105519067991382 291
1725361393604 10.010071032563559 292
1725361393626 9.915679215525678 293
1725361393645 9.821656241136992 294
1725361393667 9.728475946816497 295
1725361393687 9.63634272662354 296
1725361393709 9.54541471833884 297
1725361393737 9.45533560541856 298
1725361393776 9.365939406726133 299
1725361393803 9.27697139735315 300
1725361393829 9.189841070460805 301
1725361393852 9.103407974918971 302
1725361393882 9.017129524052542 303
1725361393908 8.931458944141982 304
1725361393938 8.847716496347651 305
1725361393971 8.764312063269468 306
1725361393999 8.681883392090405 307
1725361394027 8.599808418382462 308
1725361394049 8.518932139654803 309
1725361394081 8.43867219976549 310
1725361394109 8.359112879627617 311
1725361394139 8.280314420813509 312
1725361394162 8.202253453224884 313
1725361394188 8.124951478084606 314
1725361394209 8.049044805235646 315
1725361394234 7.973520124560795 316
1725361394258 7.8981230507236555 317
1725361394282 7.824326465443024 318
1725361394306 7.750818064471842 319
1725361394329 7.678022554664744 320
1725361394352 7.605739701746666 321
1725361394376 7.534344058707984 322
1725361394408 7.464167061696914 323
1725361394433 7.393889373568741 324
1725361394458 7.324543947629085 325
1725361394489 7.256630033668136 326
1725361394520 7.188111887625681 327
1725361394545 7.120757089680426 328
1725361394574 7.054155562019908 329
1725361394605 6.988259824404775 330
1725361394635 6.922907036031473 331
1725361394671 6.858531443926768 332
1725361394699 6.794042891285883 333
1725361394731 6.7307252637255175 334
1725361394759 6.668177496180088 335
1725361394788 6.605408211200663 336
1725361394818 6.543887266115113 337
1725361394847 6.482828054870672 338
1725361394872 6.422524984910192 339
1725361394899 6.362393728780655 340
1725361394929 6.303613835605566 341
1725361394952 6.2448799549282015 342
1725361394984 6.186611683654324 343
1725361395010 6.128822234232509 344
1725361395033 6.072054288548457 345
1725361395056 6.0155495691454375 346
1725361395079 5.959663547033227 347
1725361395102 5.904772963718052 348
1725361395126 5.8495742914247 349
1725361395158 5.795003015506104 350
1725361395183 5.74167229782853 351
1725361395208 5.688290753629709 352
1725361395237 5.635557660458503 353
1725361395260 5.583454036931432 354
1725361395282 5.5316556629655596 355
1725361395326 5.480778158414617 356
1725361395351 5.429736147938504 357
1725361395380 5.379286000027614 358
1725361395408 5.329795235420899 359
1725361395431 5.280564321143164 360
1725361395458 5.23170613422435 361
1725361395483 5.18332567435828 362
1725361395507 5.135604655286006 363
1725361395531 5.088467227444124 364
1725361395554 5.041591489844598 365
1725361395597 4.994750880167517 366
1725361395630 4.9489344357494875 367
1725361395657 4.903740740051584 368
1725361395680 4.858397715640735 369
1725361395703 4.813634347394854 370
1725361395730 4.769361434942462 371
1725361395756 4.725766252455355 372
1725361395778 4.682807989783833 373
1725361395800 4.63863157141848 374
1725361395824 4.596949216687911 375
1725361395848 4.555129414820887 376
1725361395899 4.512767678407969 377
1725361395926 4.471774643616467 378
1725361395949 4.430659943363716 379
1725361395973 4.389506877069535 380
1725361396006 4.350066592763161 381
1725361396034 4.310067061725278 382
1725361396057 4.270889388937274 383
1725361396085 4.232099668893492 384
1725361396112 4.193314314527127 385
1725361396147 4.154906167640623 386
1725361396198 4.1169146696769 387
1725361396220 4.079812322485082 388
1725361396241 4.04263815042025 389
1725361396265 4.005807423719925 390
1725361396293 3.969562389091275 391
1725361396341 3.9336953969500494 392
1725361396368 3.897267298933143 393
1725361396391 3.8623486284176987 394
1725361396415 3.8270839627468725 395
1725361396450 3.7927785391297304 396
1725361396494 3.758456957371761 397
1725361396527 3.7241702977645255 398
1725361396564 3.69052197008261 399
1725361396588 3.656405690464267 400
1725361396610 3.6237921754669156 401
1725361396634 3.591573730823516 402
1725361396677 3.55866175307368 403
1725361396716 3.526549737053876 404
1725361396767 3.4950788872670113 405
1725361396818 3.4634345882946707 406
1725361396857 3.4318142196360735 407
1725361396889 3.4010788279071007 408
1725361396916 3.3708270164185627 409
1725361396939 3.3406679408325655 410
1725361396963 3.3099407478684975 411
1725361396984 3.2802718883347306 412
1725361397017 3.251235771251606 413
1725361397056 3.221781332545945 414
1725361397119 3.1929324069615457 415
1725361397148 3.164489035018921 416
1725361397185 3.1362396321020025 417
1725361397218 3.108084756630662 418
1725361397253 3.0798368480521807 419
1725361397288 3.05300365375847 420
1725361397319 3.025431172934067 421
1725361397343 2.998505755435816 422
1725361397368 2.9714580342765786 423
1725361397395 2.9450864935968872 424
1725361397419 2.918993822708205 425
1725361397451 2.8931383362731884 426
1725361397474 2.8673185307304965 427
1725361397500 2.8420307192137035 428
1725361397522 2.8169265803506303 429
1725361397547 2.791577435477702 430
1725361397573 2.766749018392676 431
1725361397600 2.742643728756805 432
1725361397634 2.7182875175179952 433
1725361397656 2.6937484838642765 434
1725361397681 2.6704387401765195 435
1725361397703 2.6467974269091155 436
1725361397726 2.6228089118497184 437
1725361397749 2.5998324242181257 438
1725361397772 2.576915643946566 439
1725361397816 2.5546291018536187 440
1725361397890 2.5317321358768035 441
1725361397915 2.509958490963779 442
1725361397939 2.487652247862771 443
1725361397962 2.46562593210833 444
1725361397988 2.444079765578086 445
1725361398026 2.4229458445164083 446
1725361398051 2.4011917399519684 447
1725361398074 2.380523874831934 448
1725361398097 2.3595086114041885 449
1725361398123 2.339173743310537 450
1725361398147 2.3185963937157843 451
1725361398209 2.298541376756228 452
1725361398232 2.278616257752762 453
1725361398256 2.2583604496055596 454
1725361398282 2.23863085243178 455
1725361398307 2.219012438240491 456
1725361398334 2.1999333904253313 457
1725361398360 2.1810577872832644 458
1725361398389 2.161953479300173 459
1725361398412 2.143505210054647 460
1725361398441 2.1246183353055152 461
1725361398469 2.106665342989786 462
1725361398492 2.088206658058413 463
1725361398521 2.0703690740686 464
1725361398543 2.052762225178451 465
1725361398566 2.03429940152237 466
1725361398594 2.0170032995702107 467
1725361398639 1.9998809386095562 468
1725361398671 1.982895135711901 469
1725361398704 1.9655989979407862 470
1725361398723 1.9485873739458486 471
1725361398748 1.9322834407397922 472
1725361398772 1.9154472477235673 473
1725361398795 1.8993462891073785 474
1725361398817 1.8830597070792225 475
1725361398838 1.8665943547253787 476
1725361398865 1.8509066321846372 477
1725361398888 1.835400650535444 478
1725361398915 1.8193041098940692 479
1725361398937 1.8042431130458174 480
1725361398965 1.788999255770005 481
1725361398997 1.7738482040489219 482
1725361399029 1.7591068610096037 483
1725361399063 1.7434837893665884 484
1725361399085 1.7291477550030008 485
1725361399114 1.7145882270494308 486
1725361399138 1.6994809949717837 487
1725361399159 1.6857675407430168 488
1725361399182 1.6713101931528858 489
1725361399205 1.6575222691645548 490
1725361399227 1.6432526691842644 491
1725361399249 1.6298655593823217 492
1725361399271 1.6165267789524558 493
1725361399319 1.6020017761385135 494
1725361399398 1.5894743410082968 495
1725361399465 1.5759723599919728 496
1725361399515 1.5628179807381808 497
1725361399552 1.549500811611092 498
1725361399576 1.5369606814765517 499
