1725406707154 121.52424808487078 0
1725406707223 70.75574055074217 1
1725406707297 48.7836247455149 2
1725406707365 31.10759335629482 3
1725406707434 17.22914104010998 4
1725406707508 9.11337608991762 5
1725406707574 6.97517910489014 6
1725406707645 3.700521863019962 7
1725406707713 2.333297895579233 8
1725406707786 1.7934712085531723 9
1725406707857 1.4119561805910492 10
1725406707931 0.5753277447312273 11
1725406707996 0.03827102490496075 12
1725406708056 0.04214987703997227 13
1725406708118 0.6478599444486554 14
1725406708186 0.05919132177769971 15
1725406708260 0.02315037029923132 16
1725406708343 0.01805400912603738 17
1725406708410 0.03799134550956054 18
1725406708471 0.21006043953313683 19
1725406708534 0.05414262637346343 20
1725406708594 0.022228354192594963 21
1725406708659 0.2254055137616312 22
1725406708837 0.22149864475718045 23
1725406708887 6.160659983028795e-07 24
1725406708957 0.05503071653693192 25
1725406709030 0.007810155528695047 26
1725406709096 0.1541261230704684 27
1725406709164 0.010377479153969443 28
1725406709234 0.011759307686308833 29
1725406709312 0.0008128114213253698 30
1725406709374 0.02759803247593008 31
1725406709441 0.062315466276835166 32
1725406709507 0.003041681407516126 33
1725406709569 0.16850333373110343 34
1725406709631 0.10589752381089836 35
1725406709700 0.007616004029333563 36
1725406709770 0.04833783313396053 37
1725406709841 0.0002745773104518409 38
1725406709915 0.01852313118193015 39
1725406709985 0.424319498848293 40
1725406710045 4.994556656835794e-06 41
1725406710107 0.0517869182907955 42
1725406710175 0.003724888272301337 43
1725406710247 0.17190518063677765 44
1725406710317 0.007966510907906189 45
1725406710379 0.00041724432797921734 46
1725406710451 0.0013544082880046922 47
1725406710522 0.024993672442712115 48
1725406710594 0.002160537053833933 49
1725406710662 0.19753243005880447 50
1725406710723 0.02688059798132081 51
