1725390673100 168.25427095048641 0
1725390673132 160.0192884206231 1
1725390673165 160.8604931663234 2
1725390673194 154.8677871774122 3
1725390673214 152.02542950002962 4
1725390673248 151.73871510098644 5
1725390673277 147.78801052361686 6
1725390673305 150.5054170080375 7
1725390673332 147.45940362577247 8
1725390673358 144.4726714122595 9
1725390673386 138.06523226480638 10
1725390673420 137.40777779011987 11
1725390673452 133.89924609165746 12
1725390673484 130.25176401264437 13
1725390673539 129.14515057232643 14
1725390673566 125.38278506085175 15
1725390673593 120.6819005017586 16
1725390673621 123.18517628025438 17
1725390673649 117.21926155885099 18
1725390673673 117.46290031244496 19
1725390673702 116.21096055431856 20
1725390673732 114.31869701048562 21
1725390673769 111.39788873260315 22
1725390673796 109.67816665119872 23
1725390673823 107.08953815658495 24
1725390673850 108.3802847505683 25
1725390673878 100.44921249037723 26
1725390673904 104.11042236198737 27
1725390673932 103.39393985717005 28
1725390673959 101.01542012433266 29
1725390673987 97.13964855983659 30
1725390674013 96.14072179827949 31
1725390674041 91.69407739545615 32
1725390674066 94.8317917058928 33
1725390674093 87.6339936913588 34
1725390674122 89.21120730031808 35
1725390674150 90.26264680871768 36
1725390674177 88.55124402202345 37
1725390674204 85.95882631939689 38
1725390674231 84.11358256881684 39
1725390674258 78.99318628542247 40
1725390674285 80.11313643747496 41
1725390674313 80.15643953709629 42
1725390674346 76.58060645257594 43
1725390674375 78.40332250650705 44
1725390674406 75.31863405940344 45
1725390674436 74.35377282388403 46
1725390674468 73.44380676269829 47
1725390674491 72.05428079945001 48
1725390674517 70.01468513716999 49
1725390674545 68.54497077098308 50
1725390674573 66.34529521528245 51
1725390674598 65.8419339620986 52
1725390674626 66.15717903292122 53
1725390674656 64.06060592752974 54
1725390674685 64.38066146698968 55
1725390674711 64.30955429717395 56
1725390674741 60.57470053810993 57
1725390674778 60.32032296051898 58
1725390674802 58.80533188411384 59
1725390674828 59.69628945244872 60
1725390674850 57.727686020124814 61
1725390674888 55.660907636198615 62
1725390674928 55.80157902265382 63
1725390674955 52.48463837942842 64
1725390674982 51.3356057074511 65
1725390675010 51.03494293223785 66
1725390675038 51.979887203056975 67
1725390675067 49.33161191879663 68
1725390675097 50.22543446619547 69
1725390675122 47.576588435878044 70
1725390675149 47.68518101110421 71
1725390675180 44.3234104840423 72
1725390675211 45.84977669939924 73
1725390675240 44.38225654298231 74
1725390675272 45.0903959626463 75
1725390675302 44.11049761036005 76
1725390675330 42.81210489612289 77
1725390675357 41.97821633007887 78
1725390675384 41.118368259203294 79
1725390675410 41.76802898398269 80
1725390675448 39.31913383933318 81
1725390675471 39.68248813664202 82
1725390675499 38.60094787755794 83
1725390675523 37.01586265653939 84
1725390675555 37.510962895633945 85
1725390675582 37.11506892697392 86
1725390675609 37.372258027984586 87
1725390675636 34.51746704858417 88
1725390675663 35.16289329823512 89
1725390675697 34.036814252370746 90
1725390675727 33.11303567789397 91
1725390675751 33.30508711505666 92
1725390675788 32.77892939375913 93
1725390675819 32.7071370252291 94
1725390675844 31.526299068390003 95
1725390675867 31.86492049344525 96
1725390675896 29.91046749050206 97
1725390675923 30.548089007807793 98
1725390675950 30.049663954370125 99
1725390675976 28.950436042932967 100
1725390676003 29.178065492334174 101
1725390676031 28.122841068482632 102
1725390676056 28.673140710915085 103
1725390676082 29.403333660242765 104
1725390676112 26.602061445834845 105
1725390676175 26.38274004881931 106
1725390676200 26.080797657377516 107
1725390676218 25.434480356524038 108
1725390676238 24.47672363682748 109
1725390676258 25.202442724036523 110
1725390676282 24.203458919773183 111
1725390676299 24.71167512477283 112
1725390676314 23.353293518732254 113
1725390676327 24.136521971520768 114
1725390676339 22.95585504284144 115
1725390676350 22.907233161865797 116
1725390676362 22.08705198053821 117
1725390676378 22.56556326071473 118
1725390676391 21.69549924809525 119
1725390676403 21.899877838770415 120
1725390676415 21.390484984241404 121
1725390676436 20.477086477735266 122
1725390676455 20.479143049212322 123
1725390676479 19.77527156335399 124
1725390676500 19.767535960710045 125
1725390676519 19.13650795496242 126
1725390676543 18.69192112488749 127
1725390676565 18.78021365136647 128
1725390676588 18.036795797400135 129
1725390676606 18.26329721972643 130
1725390676623 18.530644401380545 131
1725390676645 17.591995679193484 132
1725390676663 17.056863967997476 133
1725390676689 17.324250444307495 134
1725390676714 16.674736711443817 135
1725390676737 16.765317615348714 136
1725390676763 15.972254345802614 137
1725390676797 15.897766146088983 138
1725390676809 15.494696023087242 139
1725390676821 14.973572769663932 140
1725390676833 15.432269699827025 141
1725390676845 15.459978403374173 142
1725390676857 14.583273514290806 143
1725390676869 14.652174017278309 144
1725390676881 14.106414598928689 145
1725390676893 13.623425138915998 146
1725390676905 13.840999768658879 147
1725390676920 14.007909713935627 148
1725390676944 13.714504001530567 149
1725390676968 12.54244348806438 150
1725390676994 13.20383624032189 151
1725390677017 12.960357995922738 152
1725390677037 12.637618007788188 153
1725390677055 11.562891820908481 154
1725390677073 12.483355287622834 155
1725390677091 12.164880713784498 156
1725390677113 11.983212391538434 157
1725390677130 11.710979876173178 158
1725390677148 12.0495456684722 159
1725390677166 11.816479981863154 160
1725390677202 10.96997257949826 161
1725390677230 11.402519586016663 162
1725390677248 10.302084895326107 163
1725390677275 10.925047716416 164
1725390677296 10.376024704425774 165
1725390677311 10.477182720620572 166
1725390677328 10.26402280954364 167
1725390677346 10.305925367997732 168
1725390677363 10.374099183015977 169
1725390677380 9.524713690091023 170
1725390677396 9.903279529498786 171
1725390677412 9.51719537686468 172
1725390677429 9.694322887550616 173
1725390677447 8.670514081794982 174
1725390677462 9.069921207802771 175
1725390677479 8.881753199993968 176
1725390677496 8.702015085939022 177
1725390677513 8.384097774444655 178
1725390677531 9.084519599024565 179
1725390677548 8.74893940927535 180
1725390677566 8.059926670165067 181
1725390677583 8.796690960983636 182
1725390677598 8.577153712042975 183
1725390677616 8.361830598919092 184
1725390677634 7.909371228540608 185
1725390677651 8.008903073865218 186
1725390677672 7.47987139202091 187
1725390677693 7.4491611390275025 188
1725390677711 7.449517047037532 189
1725390677728 7.028930887410121 190
1725390677750 7.189856585857014 191
1725390677771 7.307779475925011 192
1725390677789 6.844963800397819 193
1725390677825 6.717756105783164 194
1725390677853 6.750176471748937 195
1725390677877 6.748731318442193 196
1725390677897 6.968091241352668 197
1725390677923 6.74532519648731 198
1725390677947 6.67197932478892 199
1725390677972 6.933945191574958 200
1725390677995 5.997048827479802 201
1725390678025 6.363294929004631 202
1725390678049 5.718420710406752 203
1725390678072 6.328112858205288 204
1725390678095 6.227738624594748 205
1725390678128 6.008554318074533 206
1725390678148 6.412554072808824 207
1725390678168 5.456592302782723 208
1725390678184 5.612935395545378 209
1725390678202 5.398467078635209 210
1725390678219 5.576488713879167 211
1725390678237 5.420783586674996 212
1725390678256 5.673462868650502 213
1725390678273 4.728425423973493 214
1725390678291 5.182393919031149 215
1725390678309 5.240330616870519 216
1725390678327 5.125455909727535 217
1725390678344 4.8181483372680125 218
1725390678361 5.192519063145341 219
1725390678379 4.590301016116187 220
1725390678396 4.801551669058478 221
1725390678414 5.189233821635862 222
1725390678431 4.864139441212177 223
1725390678456 5.000400365668702 224
1725390678486 5.190143404734301 225
1725390678504 4.493104950045808 226
1725390678521 4.288481858808604 227
1725390678538 4.58438397519766 228
1725390678565 4.109148984556079 229
1725390678583 4.220018463591134 230
1725390678605 4.360122815090446 231
1725390678630 4.206678792983652 232
1725390678655 3.8188423035375823 233
1725390678675 3.8741653896053707 234
1725390678697 4.2684780758237215 235
1725390678718 3.7441687223580913 236
1725390678739 3.8108862442147062 237
1725390678770 4.047045569175126 238
1725390678796 4.002739729730664 239
1725390678833 3.882300845488242 240
1725390678858 4.1702038309514675 241
1725390678881 3.5898719629253786 242
1725390678909 3.499634164073928 243
1725390678930 3.3020899650517923 244
1725390678951 3.4396239936436617 245
1725390678972 3.620187232966433 246
1725390678995 3.3625732064694076 247
1725390679016 3.6735656082368195 248
1725390679042 3.415861591616618 249
1725390679066 3.191638447111567 250
1725390679090 3.2580266879619098 251
1725390679114 3.3375504150810578 252
1725390679134 3.3603433117830646 253
1725390679163 3.227966063411218 254
1725390679194 3.1827549686237124 255
1725390679215 3.315280011356751 256
1725390679238 2.7474314813256093 257
1725390679261 2.693199976778694 258
1725390679284 2.983587175674489 259
1725390679305 3.2142860396394406 260
1725390679326 2.8655028508793094 261
1725390679350 3.0502414768228694 262
1725390679375 2.88915811474967 263
1725390679395 3.095089392916374 264
1725390679417 2.9268239536060894 265
1725390679435 3.043285006271984 266
1725390679453 2.7547158475057 267
1725390679471 3.16972133199356 268
1725390679488 3.1243248990147965 269
1725390679505 2.6456711898691343 270
1725390679523 2.611332109761363 271
1725390679540 2.6540841098654786 272
1725390679564 2.4956033648691633 273
1725390679589 2.6724037852579006 274
1725390679618 2.524157208282904 275
1725390679639 2.6506541278001743 276
1725390679662 2.329960450012369 277
1725390679679 2.687359290918558 278
1725390679694 2.6977856701189604 279
1725390679710 2.252051379382116 280
1725390679726 2.195304791359736 281
1725390679744 2.37395123748406 282
1725390679762 2.2824134782340195 283
1725390679780 2.3225365483448974 284
1725390679801 2.166111480871328 285
1725390679841 2.3462120015459234 286
1725390679861 2.482283113465098 287
1725390679887 2.334569920345189 288
1725390679910 2.3623620972878028 289
1725390679934 2.183981184650236 290
1725390679955 2.21066812660005 291
1725390679983 2.0759886970792265 292
1725390680011 2.1026138061255817 293
1725390680031 1.9687717799715505 294
1725390680051 2.2723446081168936 295
1725390680068 2.000651496919895 296
1725390680085 1.9020730947644828 297
1725390680102 1.9806214789586374 298
1725390680120 1.8797312611370538 299
1725390680137 2.0746240114268426 300
1725390680153 1.845383741759976 301
1725390680172 1.955164510582152 302
1725390680191 2.058260362135819 303
1725390680214 1.777827305879949 304
1725390680231 2.1382396530495975 305
1725390680254 1.654342318595924 306
1725390680277 1.9726737938225702 307
1725390680304 1.9909237939850828 308
1725390680331 1.7466371375887417 309
1725390680354 1.8501713758339597 310
1725390680376 1.8590384368576174 311
1725390680403 1.9148811021348178 312
1725390680430 1.7940541316485705 313
1725390680452 1.5812748557202518 314
1725390680477 1.6391569349837949 315
1725390680499 1.736222881896732 316
1725390680526 1.7763704509630147 317
1725390680548 1.8315494239253438 318
1725390680567 1.9285706227025066 319
1725390680584 1.692982235901025 320
1725390680600 1.576621590620792 321
1725390680618 1.6732121495790122 322
1725390680637 1.6396534816821937 323
1725390680650 1.4861408430945233 324
1725390680665 1.4435206198271022 325
1725390680683 1.6737897503687666 326
1725390680703 1.5436373630507543 327
1725390680721 1.703959849972422 328
1725390680740 1.5029822914934698 329
1725390680762 1.6940789830155596 330
1725390680783 1.5247360565396628 331
1725390680806 1.5648309435746797 332
1725390680824 1.53449030213735 333
1725390680841 1.7031265215428262 334
1725390680862 1.6017524611975278 335
1725390680874 1.578244487423147 336
1725390680886 1.4092984383415499 337
1725390680897 1.3454566930926308 338
1725390680909 1.4823993132514814 339
1725390680927 1.3457510486300452 340
1725390680944 1.4039843713060796 341
1725390680965 1.3849434227562758 342
1725390680991 1.5568558099991752 343
1725390681013 1.387844051874823 344
1725390681034 1.3770109991780988 345
1725390681060 1.4614634707267071 346
1725390681081 1.2603678450835656 347
1725390681101 1.3478964332795778 348
1725390681117 1.3653877983780953 349
1725390681135 1.540569792013285 350
1725390681152 1.553502993914849 351
1725390681170 1.3612034693761053 352
1725390681188 1.2530065109984556 353
1725390681204 1.3079211265732158 354
1725390681220 1.220551852470736 355
1725390681235 1.26207787735311 356
1725390681252 1.4337056879200927 357
1725390681269 1.2656566291311162 358
1725390681286 1.2566889557854555 359
1725390681313 1.2990683897167947 360
1725390681341 1.3003463757400306 361
1725390681369 1.1301927806252794 362
1725390681396 1.298241529577415 363
1725390681416 1.2936875369981988 364
1725390681436 1.1465509457022693 365
1725390681465 1.0457352248296317 366
1725390681496 1.3328715351113212 367
1725390681522 1.017268126967372 368
1725390681549 1.1379758039691321 369
1725390681567 1.2800953219970799 370
1725390681583 1.0578810728949635 371
1725390681601 1.115200220640798 372
1725390681619 1.08009723728552 373
1725390681636 1.1443651071930556 374
1725390681653 1.0641175131344356 375
1725390681670 1.138612989169042 376
1725390681699 1.1167642539625942 377
1725390681723 1.0149249311849318 378
1725390681750 1.2239541631558526 379
1725390681775 1.0298430565526049 380
1725390681799 1.1521025843088046 381
1725390681817 1.1495488427462004 382
1725390681834 1.1048886476820619 383
1725390681852 1.0128617342711586 384
1725390681873 0.9920832097235381 385
1725390681885 1.1682778125255506 386
1725390681897 1.1218565747342548 387
1725390681912 1.1114607354364112 388
1725390681932 1.0817697819537664 389
1725390681957 1.0498563880086538 390
1725390681980 1.0038367369063443 391
1725390682001 1.1304525952183189 392
1725390682028 0.9789190016309319 393
1725390682053 0.9667998195305461 394
1725390682071 0.9587172999321685 395
1725390682088 1.0500210900846698 396
1725390682106 1.05446680760945 397
1725390682124 1.1030466313788851 398
1725390682139 0.8949324226291174 399
1725390682156 1.0537822159032089 400
1725390682175 1.0156052852810058 401
1725390682193 0.8963072436640427 402
1725390682209 1.0329883920214054 403
1725390682226 1.012449230674193 404
1725390682243 1.1049371117551532 405
1725390682261 0.9899256325514948 406
1725390682279 1.0106958150847194 407
1725390682303 1.1966002490443544 408
1725390682322 0.7927124175625297 409
1725390682346 0.9779613256850876 410
1725390682368 0.9434953743374391 411
1725390682391 0.8328140311953411 412
1725390682424 0.9341447774556374 413
1725390682449 0.8931412404836402 414
1725390682474 0.923732248412896 415
1725390682501 0.8906952758281733 416
1725390682528 0.9492205790564832 417
1725390682557 0.9561020215112835 418
1725390682585 0.8603781976114067 419
1725390682615 0.9478501747487467 420
1725390682640 0.8094969328755385 421
1725390682670 0.9368481997759514 422
1725390682697 0.9401007695939733 423
1725390682724 0.9085226959344118 424
1725390682751 0.6983190172101912 425
1725390682778 0.8900469722727508 426
1725390682806 0.7661507896573887 427
1725390682833 0.8249094175065345 428
1725390682861 0.9814782025182973 429
1725390682893 0.937927018444394 430
1725390682920 0.957844912935971 431
1725390682948 0.7202330262102268 432
1725390682981 0.9325326743487462 433
1725390683008 0.9616832489860776 434
1725390683035 0.8184173805068657 435
1725390683063 0.7744041940477723 436
1725390683085 0.8596770851381804 437
1725390683114 0.9621957223695784 438
1725390683143 0.8616463372859932 439
1725390683173 0.7787551814308904 440
1725390683205 0.8156562781797179 441
1725390683233 0.9836704349132838 442
1725390683260 0.8355087459382239 443
1725390683287 0.8002211707837139 444
1725390683316 0.7552086479533232 445
1725390683346 0.7986225262038079 446
1725390683376 0.9234123239747065 447
1725390683410 0.6849130203428975 448
1725390683440 0.6777812557166175 449
1725390683467 0.771751455310245 450
1725390683493 0.9550721440915607 451
1725390683521 0.8787198264704661 452
1725390683545 0.8029090188266027 453
1725390683573 0.955760168640782 454
1725390683602 0.9090715012292199 455
1725390683631 0.906985032246644 456
1725390683662 0.7714973661107752 457
1725390683724 0.8891967822258714 458
1725390683751 0.8136441663477273 459
1725390683779 0.750056809767629 460
1725390683809 0.6782943712141007 461
1725390683842 0.7338124419375924 462
1725390683872 0.7644276827841974 463
1725390683906 0.8302839244190793 464
1725390683939 0.9864882241358481 465
1725390683974 0.8253375367442866 466
1725390684001 0.7188229314200775 467
1725390684031 0.8802452722558466 468
1725390684062 0.8412937468922778 469
1725390684094 0.7541302344380086 470
1725390684121 0.8253928080449119 471
1725390684150 0.7469343271795725 472
1725390684173 0.6063475472049522 473
1725390684198 0.7093698474816081 474
1725390684229 0.7582235210507906 475
1725390684248 0.8375018323653766 476
1725390684276 0.8820915250573438 477
1725390684308 0.8822611513009013 478
1725390684337 0.8171115109831859 479
1725390684361 0.9497263507715539 480
1725390684387 0.6692202997598562 481
1725390684418 0.6931259583053994 482
1725390684446 0.6592790769543578 483
1725390684474 0.7836135788005254 484
1725390684502 0.6887764757169637 485
1725390684530 0.7557833369533561 486
1725390684554 0.7675226782506164 487
1725390684582 0.750651432063207 488
1725390684610 0.6961986915181788 489
1725390684637 0.8051644210530265 490
1725390684665 0.6292532799676998 491
1725390684696 0.7303659048512826 492
1725390684722 0.7616992273945091 493
1725390684750 0.6346756676449821 494
1725390684775 0.6682766978514088 495
1725390684803 0.702019049109047 496
1725390684830 0.6117186853008338 497
1725390684857 0.6735569585225163 498
1725390684883 0.6111558686298227 499
