1725386652757 172.40981433469022 0
1725386652784 168.38380824691063 1
1725386652814 168.52456578267353 2
1725386652843 168.9088595578831 3
1725386652873 161.30912715333227 4
1725386652908 165.84646762633804 5
1725386652938 156.35527491896306 6
1725386652971 161.5806154272713 7
1725386652992 162.9266097965875 8
1725386653019 154.24528500700902 9
1725386653055 158.31303946043823 10
1725386653085 167.76894248872512 11
1725386653114 149.29740812082784 12
1725386653138 144.4832775819719 13
1725386653161 154.50919949991257 14
1725386653186 150.75275961573604 15
1725386653217 142.19440285727325 16
1725386653244 145.65707370175042 17
1725386653269 145.49911284476718 18
1725386653298 139.17322953330162 19
1725386653326 144.07561423985845 20
1725386653359 142.7778891871884 21
1725386653402 141.38385566487878 22
1725386653427 150.85959538299377 23
1725386653455 134.0782616006733 24
1725386653481 136.03192653460903 25
1725386653511 131.8306839332665 26
1725386653537 137.87777322948992 27
1725386653568 130.2852155337306 28
1725386653589 133.03696860494577 29
1725386653622 127.34690920276337 30
1725386653652 129.87014422968866 31
1725386653678 136.06658043873307 32
1725386653707 126.64731686362124 33
1725386653735 124.76748812753156 34
1725386653763 125.27296174016607 35
1725386653793 122.99535730802208 36
1725386653823 121.80634282007706 37
1725386653863 124.02374088023322 38
1725386653902 121.61716301175942 39
1725386653938 119.23014890096414 40
1725386653962 119.91762118739236 41
1725386653992 121.40300329351295 42
1725386654016 110.40390545763144 43
1725386654041 118.11231863503492 44
1725386654080 114.32359273369477 45
1725386654111 116.85383909016556 46
1725386654138 111.58173283082577 47
1725386654169 111.09324786887967 48
1725386654222 111.33474912405885 49
1725386654293 107.5470377752526 50
1725386654324 108.81093810377469 51
1725386654358 110.68433088320393 52
1725386654384 104.0882910682168 53
1725386654410 104.11549748266819 54
1725386654434 104.30007577587861 55
1725386654464 102.9229855045243 56
1725386654489 100.27948240538704 57
1725386654511 103.51814195671643 58
1725386654543 99.188384708333 59
1725386654582 100.74729154118178 60
1725386654607 99.0795145126074 61
1725386654629 95.34289586466812 62
1725386654659 98.99351470101101 63
1725386654691 97.8478679190973 64
1725386654719 97.23939638787228 65
1725386654747 95.66798482946089 66
1725386654772 94.19571533468547 67
1725386654799 91.91480768154398 68
1725386654827 93.38970031434836 69
1725386654853 91.12084586504912 70
1725386654879 95.17919633898764 71
1725386654903 89.73552060537739 72
1725386654934 87.82323081016541 73
1725386654961 90.1270454527637 74
1725386654986 89.03006935616817 75
1725386655012 90.87861409892281 76
1725386655039 88.23361477603663 77
1725386655066 90.08529163506459 78
1725386655097 87.16951158594873 79
1725386655129 82.3559223288893 80
1725386655160 83.68158761975 81
1725386655188 83.25457075483153 82
1725386655220 81.18724279439438 83
1725386655244 78.19309191930192 84
1725386655272 81.63263377261241 85
1725386655299 79.93851479432641 86
1725386655326 79.37654351329503 87
1725386655356 78.81639682220698 88
1725386655381 75.19244621570648 89
1725386655412 76.56409048083526 90
1725386655443 76.68981206546958 91
1725386655468 75.48570564224813 92
1725386655493 72.41847501708719 93
1725386655523 76.98368132378361 94
1725386655551 71.11053008933285 95
1725386655575 70.98265997339539 96
1725386655600 74.61285358382906 97
1725386655627 70.27010497153914 98
1725386655655 70.54718387813075 99
1725386655680 69.16908454539606 100
1725386655705 70.49062820098766 101
1725386655731 71.29810473310812 102
1725386655756 66.95384349509321 103
1725386655783 68.72848220352459 104
1725386655811 66.81966829438224 105
1725386655838 66.63800927389634 106
1725386655870 66.12271746456037 107
1725386655911 65.43944112526428 108
1725386655936 64.49835787283045 109
1725386655961 61.7823311910384 110
1725386655987 63.759554884880686 111
1725386656016 63.50755399454977 112
1725386656046 62.58145464022588 113
1725386656072 62.803671160800725 114
1725386656091 62.19311635281793 115
1725386656127 64.5918137257589 116
1725386656159 60.637744576099784 117
1725386656184 59.38195619464204 118
1725386656211 62.10659654163084 119
1725386656243 59.071871839706354 120
1725386656273 55.52136062418927 121
1725386656301 57.16403880642273 122
1725386656329 57.18203323539886 123
1725386656361 57.864861910826704 124
1725386656385 54.79652005212866 125
1725386656416 54.61462039864198 126
1725386656443 57.745390174725365 127
1725386656469 52.38373505604946 128
1725386656495 55.0736129237444 129
1725386656518 51.73230149844386 130
1725386656544 52.86280389210932 131
1725386656566 53.22946612674154 132
1725386656590 51.92486316378104 133
1725386656618 51.46439283958929 134
1725386656646 49.349727716150475 135
1725386656672 49.56798377399513 136
1725386656697 49.776870793659825 137
1725386656719 50.091411724020304 138
1725386656744 50.23681108075837 139
1725386656767 48.689778892637385 140
1725386656793 49.433553233577385 141
1725386656823 48.30775062961196 142
1725386656849 49.32587607741367 143
1725386656882 48.56073442290443 144
1725386656910 46.89834586827696 145
1725386656935 45.25194137334021 146
1725386656954 46.31072464827836 147
1725386656979 46.360381637023096 148
1725386657003 45.907279069676015 149
1725386657032 44.47479259641656 150
1725386657061 44.60197811878625 151
1725386657090 43.154897086705404 152
1725386657117 44.63540739282549 153
1725386657147 43.40024296279418 154
1725386657175 41.68903619422196 155
1725386657204 44.19435878064104 156
1725386657238 43.61842193618216 157
1725386657268 38.70809271677437 158
1725386657293 40.16512402710513 159
1725386657322 41.37170876743188 160
1725386657354 42.484519683830854 161
1725386657382 41.909046501913934 162
1725386657409 39.72415279724153 163
1725386657434 40.685847135128604 164
1725386657460 39.695827300262295 165
1725386657485 38.85564813919089 166
1725386657510 39.9004793991194 167
1725386657534 37.8689015590875 168
1725386657557 36.79389106231078 169
1725386657584 38.226195144332976 170
1725386657608 36.97654311676797 171
1725386657632 36.138259142788044 172
1725386657658 36.99514131286192 173
1725386657682 36.3677346983446 174
1725386657705 36.06044364428008 175
1725386657730 36.94424584499824 176
1725386657754 36.198653664018984 177
1725386657777 34.353633646383905 178
1725386657802 36.316832342396175 179
1725386657828 35.42280659507962 180
1725386657853 34.849664671137354 181
1725386657878 33.81495983753705 182
1725386657903 34.38088076066932 183
1725386657927 35.36293682469237 184
1725386657951 34.64674770578343 185
1725386657975 32.02697153258588 186
1725386658001 32.419892212626586 187
1725386658027 32.05628360963831 188
1725386658056 32.119240122326055 189
1725386658080 32.639631004184835 190
1725386658103 31.319066942138154 191
1725386658128 30.82959028084305 192
1725386658154 29.44240409314322 193
1725386658180 30.831598527989552 194
1725386658208 29.4845778130016 195
1725386658234 31.4019005509543 196
1725386658265 30.030163872159665 197
1725386658291 29.35688881413368 198
1725386658318 28.599085836530655 199
1725386658347 29.441714920704406 200
1725386658379 26.810247563504927 201
1725386658402 29.872050361236326 202
1725386658429 28.37484590929207 203
1725386658448 27.243877599610915 204
1725386658469 28.378215016584914 205
1725386658491 27.070631546670164 206
1725386658514 26.469743886850665 207
1725386658539 27.466139426629166 208
1725386658562 26.62647578024269 209
1725386658604 25.825418909974687 210
1725386658631 26.52654438874764 211
1725386658655 26.475843498200494 212
1725386658682 25.65753479160172 213
1725386658707 24.615279204433577 214
1725386658733 25.18944549936824 215
1725386658759 24.942956523636045 216
1725386658784 25.60319588796123 217
1725386658808 25.26438981098772 218
1725386658835 25.76573378656775 219
1725386658869 23.963330598474215 220
1725386658895 24.635600613312445 221
1725386658918 24.420689267333405 222
1725386658942 23.735053663064217 223
1725386658965 24.74587725431722 224
1725386658991 23.43645949887867 225
1725386659019 22.38425657919935 226
1725386659045 22.50981529115206 227
1725386659073 22.862438497986627 228
1725386659098 23.347055363776782 229
1725386659118 21.76547943948396 230
1725386659144 22.69492586066638 231
1725386659166 21.625611685072442 232
1725386659189 21.988125732868276 233
1725386659216 21.559297535399445 234
1725386659243 22.04206898877633 235
1725386659281 21.797431614286722 236
1725386659308 20.79638309364953 237
1725386659335 21.446753818998662 238
1725386659361 21.17892303556619 239
1725386659387 20.864160086243057 240
1725386659417 20.86048879676262 241
1725386659438 20.421983264788107 242
1725386659461 19.649859143008797 243
1725386659487 19.812052564970987 244
1725386659511 19.097791258527625 245
1725386659540 19.282561853020013 246
1725386659568 19.19968982646566 247
1725386659594 18.80725021496984 248
1725386659623 18.553374489004124 249
1725386659654 18.74321181662761 250
1725386659685 18.29013812799243 251
1725386659712 17.982863486405037 252
1725386659737 18.392315116402898 253
1725386659762 18.1261426194282 254
1725386659788 17.58678296412235 255
1725386659818 17.561039898447127 256
1725386659849 17.518524527100894 257
1725386659878 17.601359706444264 258
1725386659906 17.230996538404902 259
1725386659931 17.174078203247277 260
1725386659966 17.321123313441085 261
1725386660017 17.167593200733528 262
1725386660046 15.9929875192046 263
1725386660073 16.561275809058646 264
1725386660099 16.979912598082706 265
1725386660133 16.433060024332406 266
1725386660161 15.551553631616368 267
1725386660187 15.75457650123149 268
1725386660212 15.086527146313584 269
1725386660237 15.402022136208195 270
1725386660274 15.888082942296283 271
1725386660297 15.894895353162381 272
1725386660316 15.401963004642385 273
1725386660338 14.974456345796089 274
1725386660370 14.58206235647057 275
1725386660393 14.788013435188358 276
1725386660432 15.053804027558632 277
1725386660462 14.250976829357487 278
1725386660498 14.208449885727465 279
1725386660542 14.807556835151756 280
1725386660567 14.589162534552738 281
1725386660595 14.442172773971038 282
1725386660621 14.281884477464137 283
1725386660650 14.32100637554732 284
1725386660679 13.723868925705698 285
1725386660708 13.739567423216863 286
1725386660736 13.776347785338094 287
1725386660762 13.936040147002808 288
1725386660786 12.923859681970558 289
1725386660815 12.861740849900695 290
1725386660843 12.854276890701678 291
1725386660876 13.066798692961578 292
1725386660906 13.281553104756135 293
1725386660933 12.70645025667237 294
1725386660956 12.858774773965902 295
1725386660981 12.070476068617927 296
1725386661006 12.524437233654753 297
1725386661031 12.536715381930915 298
1725386661059 12.589246748169032 299
1725386661089 12.586653257222055 300
1725386661122 12.145373471161795 301
1725386661141 11.76553929383083 302
1725386661164 11.873367001666608 303
1725386661188 11.87026697736887 304
1725386661217 12.038466652337044 305
1725386661252 11.777373754583381 306
1725386661286 10.97183779418425 307
1725386661314 10.918310054724296 308
1725386661349 10.624584970176436 309
1725386661384 11.389974236545253 310
1725386661412 10.73780606472548 311
1725386661442 9.785534161815203 312
1725386661465 10.829652609270667 313
1725386661493 10.16404599611602 314
1725386661525 11.027969631566247 315
1725386661557 10.514254092663585 316
1725386661588 9.959356624838746 317
1725386661618 10.457118543276172 318
1725386661648 10.787462025239742 319
1725386661681 10.268908235596268 320
1725386661711 9.959999264064797 321
1725386661742 9.620742608748456 322
1725386661773 9.834528752655638 323
1725386661801 10.108709039149876 324
1725386661826 9.779142077339523 325
1725386661854 9.789320213215046 326
1725386661882 9.15365495799559 327
1725386661911 9.239159192039297 328
1725386661935 9.545737453189757 329
1725386661989 9.538398800425796 330
1725386662042 9.476816625814713 331
1725386662064 9.186061514085834 332
1725386662085 9.728647819910185 333
1725386662098 9.22405182508786 334
1725386662110 8.9775099062538 335
1725386662131 8.666998520680584 336
1725386662194 8.52530452522091 337
1725386662226 8.714876450937226 338
1725386662254 9.232157199988317 339
1725386662282 8.314116291936163 340
1725386662325 8.602877775430802 341
1725386662349 8.647789749696107 342
1725386662372 8.640804332736598 343
1725386662402 8.316100796429078 344
1725386662435 8.37669108749177 345
1725386662465 7.687002849209616 346
1725386662495 7.245420590540553 347
1725386662523 7.98339828330481 348
1725386662560 7.924531920676552 349
1725386662595 7.608892489261104 350
1725386662625 7.788206319109056 351
1725386662680 7.253779665254949 352
1725386662707 7.3877429302355315 353
1725386662734 7.216857459083461 354
1725386662765 7.558335006098843 355
1725386662798 7.63256456119905 356
1725386662828 7.694617267722688 357
1725386662857 7.449743213760305 358
1725386662887 7.870991537120929 359
1725386662946 7.189196964922203 360
1725386662974 7.701329335236061 361
1725386662999 7.206381266465663 362
1725386663021 7.641821241453124 363
1725386663042 7.014726513666176 364
1725386663054 6.690088057576549 365
1725386663068 6.689350382859841 366
1725386663083 7.024417870462206 367
1725386663097 6.822504231530199 368
1725386663114 7.001871570483041 369
1725386663131 6.650407427373738 370
1725386663146 6.38266430185764 371
1725386663161 6.890393644482166 372
1725386663178 7.278743415827059 373
1725386663198 6.013452298604046 374
1725386663213 5.822302921334406 375
1725386663234 6.678637621682732 376
1725386663257 6.317478923270312 377
1725386663273 6.218771173397765 378
1725386663289 6.490798288197243 379
1725386663313 6.028735883411346 380
1725386663330 6.471688320579678 381
1725386663347 6.204134257033457 382
1725386663364 6.557940041563193 383
1725386663381 6.03029933236933 384
1725386663398 6.4336659317903 385
1725386663412 5.133793778951483 386
1725386663427 5.697152853698669 387
1725386663438 5.660833491840563 388
1725386663450 5.576380480650244 389
1725386663473 5.774303221886603 390
1725386663496 5.450594134235501 391
1725386663508 5.840427079002564 392
1725386663520 5.613670095611854 393
1725386663533 5.815578595760215 394
1725386663563 5.6461564106484685 395
1725386663595 4.946910942274513 396
1725386663622 5.22603842447005 397
1725386663668 5.747972569403149 398
1725386663708 4.880424418681959 399
1725386663720 5.265895847031234 400
1725386663733 4.845943121862006 401
1725386663747 5.075432942207272 402
1725386663758 5.239135629182833 403
1725386663770 4.726827420434391 404
1725386663782 5.0869584203704985 405
1725386663799 5.181821973967294 406
1725386663825 4.735739262490845 407
1725386663849 4.895331684819012 408
1725386663873 5.01823102316496 409
1725386663892 4.779358574428358 410
1725386663914 4.857493867769481 411
1725386663932 4.371916159588604 412
1725386663949 4.8350228759957465 413
1725386663967 4.639046892808309 414
1725386663984 4.932982140482141 415
1725386664002 4.830829371075045 416
1725386664017 4.68800770683704 417
1725386664034 4.10649005080416 418
1725386664057 4.59050396777818 419
1725386664083 4.122724778202608 420
1725386664111 4.557358173294746 421
1725386664138 4.253717702582094 422
1725386664163 3.9755918747868306 423
1725386664225 4.106377471410212 424
1725386664270 4.292662182267452 425
1725386664294 4.246237240698333 426
1725386664307 4.3496982224857135 427
1725386664334 4.120113869250949 428
1725386664349 4.091973681472244 429
1725386664365 4.200425500485616 430
1725386664379 3.7746058593034806 431
1725386664391 3.4642339150530796 432
1725386664403 3.86290018865915 433
1725386664419 3.97470762790872 434
1725386664439 3.9611764491071093 435
1725386664457 4.056395878285364 436
1725386664475 3.888593369334845 437
1725386664487 4.2522285235646295 438
1725386664501 3.7478444322798805 439
1725386664512 3.7399791868677004 440
1725386664527 3.946541171131952 441
1725386664541 3.5695197744176146 442
1725386664563 3.919728659239285 443
1725386664578 3.5902220783268084 444
1725386664595 3.6509004015331397 445
1725386664621 3.4653636842360016 446
1725386664638 3.7938812654683267 447
1725386664656 3.4648944836791147 448
1725386664677 3.194555555032508 449
1725386664694 3.4662052658479525 450
1725386664707 3.3231097371594784 451
1725386664721 3.365264909728079 452
1725386664737 3.177339612865166 453
1725386664754 3.4139555064958413 454
1725386664767 3.6182883567943938 455
1725386664783 3.250710927548227 456
1725386664802 3.3431367098230105 457
1725386664820 3.181008577072689 458
1725386664837 3.220116603139487 459
1725386664855 2.886544018933702 460
1725386664874 3.12075729170252 461
1725386664892 2.805297000629172 462
1725386664907 3.4185855175991664 463
1725386664933 3.000691853455457 464
1725386664957 2.830385538661382 465
1725386664979 3.0653868147363186 466
1725386665005 2.9777724049609233 467
1725386665026 3.0307172233319912 468
1725386665046 3.278169682631349 469
1725386665063 2.5596751535310953 470
1725386665080 2.9507696154621796 471
1725386665096 3.0130293150286938 472
1725386665113 2.8841468115431823 473
1725386665127 2.841766429626223 474
1725386665138 2.9518465733654207 475
1725386665149 2.857980431217611 476
1725386665162 2.8488970231115704 477
1725386665182 2.7376528510807696 478
1725386665203 2.4489339102415637 479
1725386665227 2.459321234676416 480
1725386665253 2.534659353842826 481
1725386665276 2.564871559149455 482
1725386665299 2.6712305168629817 483
1725386665333 2.671028558718539 484
1725386665352 2.6026160571240493 485
1725386665375 2.6681918306765424 486
1725386665399 2.6987272050856013 487
1725386665422 2.4459029317025074 488
1725386665439 2.370823201515328 489
1725386665451 2.600773698895851 490
1725386665462 2.386323117557846 491
1725386665474 2.5589834674103065 492
1725386665485 2.5163641984993435 493
1725386665497 2.3343659549680167 494
1725386665509 2.2323871444277144 495
1725386665521 2.4847563903501553 496
1725386665532 2.674506204117962 497
1725386665548 2.4319024842417236 498
1725386665563 2.309457300215306 499
