1725421158254 9.366773316960531 0
1725421158383 4.0744094554408585 1
1725421158486 5.707450638428178 2
1725421158561 5.280480786612424 3
1725421158625 2.904646893833764 4
1725421158698 5.315283985247073 5
1725421158765 6.047353745863058 6
1725421158889 3.2640694050764303 7
1725421158991 4.8594822217007225 8
1725421159066 2.7512039912745285 9
1725421159134 6.024700211083133 10
1725421159220 5.398605450818861 11
1725421159309 3.2379563190024556 12
1725421159397 5.370291804426243 13
1725421159481 3.553135937016463 14
1725421159554 5.590709305673681 15
1725421159616 3.0027141711020477 16
1725421159705 3.445049969965203 17
1725421159776 4.309183685800805 18
1725421159859 3.0205704246384757 19
1725421159927 5.45104739781268 20
1725421160106 3.071412943536957 21
1725421160197 2.418809040645317 22
1725421160266 4.589623003188028 23
1725421160349 3.014591236784361 24
1725421160432 4.003143434342752 25
1725421160522 6.189121901134581 26
1725421160608 5.923605465561382 27
1725421160684 6.1297939459097295 28
1725421160758 3.638034868981564 29
1725421160840 8.932244663611783 30
1725421160923 6.084666165429619 31
1725421161000 0.648932633364617 32
1725421161067 2.2683373357298446 33
1725421161133 2.7567616136921202 34
1725421161214 6.487227785186166 35
1725421161298 25.197049201564447 36
1725421161387 6.693605737839954 37
1725421161479 8.326519769836013 38
1725421161551 0.6120816190385069 39
1725421161627 0.050689518756965084 40
1725421161696 25.029666538406694 41
1725421161793 14.081773991815531 42
1725421161876 5.10007265478599 43
1725421161956 19.106470054906932 44
1725421162029 0.09667306793897068 45
1725421162110 36.7179806206974 46
1725421162194 36.13137992154817 47
1725421162292 12.157905673296009 48
1725421162375 144.00594449957796 49
1725421162471 0.00019762250546030848 50
1725421162550 0.6816508043417261 51
1725421162621 66.05322229192241 52
1725421162710 271.7045791185496 53
1725421162788 966.7546204352343 54
1725421162863 6.9840692532039395 55
1725421162954 9.69827895360902 56
1725421163029 290.76985189875165 57
1725421163100 39.55548689148694 58
1725421163166 12.64361529774913 59
1725421163253 732.7057518452294 60
1725421163322 1.9720485086042756 61
1725421163389 751.650725193975 62
1725421163477 5629.691855330089 63
1725421163557 10890.24359420945 64
1725421163642 5023.732181322651 65
1725421163725 23903.18208245755 66
1725421163813 1847.3715217908007 67
1725421163884 70078.18138251352 68
1725421163975 151.1344569862276 69
1725421164056 20569.92354853272 70
1725421164129 212.32536261734512 71
1725421164213 8821.650152733035 72
1725421164305 1021052.6740936922 73
1725421164384 1233.6179151181389 74
1725421164466 808.5872949630811 75
1725421164546 14720.221975323591 76
1725421164613 294534.4681149539 77
1725421164689 108985.09417986774 78
1725421164763 76748.93506331799 79
1725421164859 587565.3786475321 80
1725421164932 34651.69914141219 81
1725421164999 295248.27982251614 82
1725421165069 99582.5197150135 83
1725421165143 278643.39783413196 84
1725421165228 1101352.9356354456 85
1725421165311 134270.02112973662 86
1725421165403 643548.8489878712 87
1725421165491 19197.04159737536 88
1725421165587 25918960.979976285 89
1725421165669 36459941.73924604 90
1725421165755 3.4415964729693616 91
1725421165833 378610379.6026988 92
1725421165905 45631752.393916614 93
1725421165971 20152950.68473816 94
1725421166074 2337236.837647982 95
1725421166166 6012975.485337113 96
1725421166229 36969735.347070485 97
1725421166297 26757102.97549748 98
1725421166383 150516309.55309004 99
1725421166473 819322.9533885615 100
1725421166547 767183.288603934 101
1725421166622 4554914261.09381 102
1725421166721 123918100.84766158 103
1725421166807 82004.59212183816 104
1725421166889 8643139872.741583 105
1725421166965 7993140039.06643 106
1725421167059 123644206.28101991 107
1725421167121 308944830.05705255 108
1725421167205 3756347.2547515593 109
1725421167289 1261216231.2041724 110
1725421167383 5034368701.494319 111
1725421167468 4381764219.663163 112
1725421167538 1061212416.4437426 113
1725421167604 1418178449.9615092 114
1725421167678 203911480.68725297 115
1725421167770 13948701760.329533 116
1725421167849 8018335924.443447 117
1725421167923 11528444141.23573 118
1725421168010 929245303.7822597 119
1725421168083 517006267.45051515 120
1725421168157 67973529757.32439 121
1725421168239 6207477143.135474 122
1725421168311 84118642341.08875 123
1725421168380 577615243.8451084 124
1725421168447 48987590402.22885 125
1725421168527 81856391568.70448 126
1725421168608 4693008213190.689 127
1725421168677 4625499718.535777 128
1725421168740 2208007396.1516256 129
1725421168803 6358740860904.315 130
1725421168876 381716819617.51227 131
1725421168936 132386655827.57896 132
1725421168997 2863710780022.0254 133
1725421169073 91415840.48996177 134
1725421169151 18387874763.829464 135
1725421169235 253158629983.86368 136
1725421169305 1633896710150.3936 137
1725421169375 393857336780.94556 138
1725421169448 27282695348522.93 139
1725421169524 2553452658901.763 140
1725421169599 735013390447.915 141
1725421169682 311019276151745.7 142
1725421169771 71924551168367.89 143
1725421169851 34472430622.46644 144
1725421169939 33084709096514.09 145
1725421170018 29929529125120.285 146
1725421170093 41644205363213.19 147
1725421170195 97097867394758.16 148
1725421170262 21135636709620.723 149
1725421170336 151742898103.94766 150
1725421170405 445368022610667.3 151
1725421170472 10360531782860.674 152
1725421170547 3447215195113.345 153
1725421170625 7022625296664.961 154
1725421170716 169524330033551.78 155
1725421170797 99267272003670.53 156
1725421170876 3188660381066997.0 157
1725421170957 61286296109856.86 158
1725421171041 1.8240341938037424e+16 159
1725421171104 314855891090691.25 160
1725421171198 1.984458589795159e+16 161
1725421171275 1.0985277211087528e+17 162
1725421171353 4555576106608797.0 163
1725421171425 3050357283515735.5 164
1725421171505 2499397451249233.0 165
1725421171567 813502809628203.0 166
1725421171633 949682177265327.6 167
1725421171710 2.5135292300463684e+16 168
1725421171813 2.327700911178002e+17 169
1725421171896 2.320409124721453e+17 170
1725421171973 4.411693464275721e+16 171
1725421172072 3.3082460163384936e+16 172
1725421172152 1.1529389919145952e+16 173
1725421172225 9.186346018234507e+16 174
1725421172315 5.335057647996979e+17 175
1725421172383 4.522052395829232e+17 176
1725421172462 4.04456932997212e+17 177
1725421172539 5.487725899276805e+18 178
1725421172623 1.0178270470097954e+17 179
1725421172712 1.4545755072198154e+18 180
1725421172783 10534397772320.227 181
1725421172873 5.810325952470023e+18 182
1725421172943 1.0337209812296403e+20 183
1725421173050 4.256097413039626e+19 184
1725421173144 1.1186679238800626e+19 185
1725421173211 1.3318037462222776e+19 186
1725421173277 1.7596656879011715e+17 187
1725421173369 2.9082357328438186e+19 188
1725421173442 6.823243870775111e+16 189
1725421173495 7.208742565887144e+17 190
1725421173576 2.93533641858036e+20 191
1725421173661 4.867144710185303e+18 192
1725421173729 3.4605267264302137e+19 193
1725421173803 1.0828814482427392e+19 194
1725421173881 3.109900535406406e+19 195
1725421173950 7.924878389991486e+20 196
1725421174037 9.84662444491519e+19 197
1725421174129 7.618577026028744e+19 198
1725421174212 9.451615575824651e+19 199
1725421174284 1.6456608674974096e+21 200
1725421174371 6.339167061396545e+20 201
1725421174450 4.5789291454097476e+21 202
1725421174515 5.681796935641569e+21 203
1725421174592 9.473566508984364e+19 204
1725421174678 3.44147930954745e+19 205
1725421174770 1.1350531290798435e+21 206
1725421174846 1.7572045149057016e+18 207
1725421174936 1.6246297169647825e+22 208
1725421175018 7.01179015200395e+21 209
1725421175102 1.9747268082710298e+21 210
1725421175183 5.6510749057519485e+20 211
1725421175268 3.3476141214878217e+21 212
1725421175329 1.792217470803146e+22 213
1725421175410 6.278484142508318e+20 214
1725421175489 2.789089718732548e+21 215
1725421175586 6.55790991074424e+22 216
1725421175666 9.891752721108412e+23 217
1725421175740 1.0581707386166671e+24 218
1725421175836 3.724873046032078e+22 219
1725421175930 2.7452720107325795e+23 220
1725421176014 1.2810968298004068e+23 221
1725421176106 1.5355957812279186e+24 222
1725421176208 2.0739773740595307e+22 223
1725421176285 4.835634232453453e+21 224
1725421176368 2.0593567166318428e+23 225
1725421176463 1.2049023612216955e+22 226
1725421176546 2.337246072064454e+23 227
1725421176632 1.1152505011254225e+23 228
1725421176694 2.0634543158409907e+23 229
1725421176782 8.773773380118116e+22 230
1725421176850 2.33017096099455e+25 231
1725421176939 2.8325604402161847e+21 232
1725421177008 2.557149647131187e+24 233
1725421177082 4.452370848432489e+26 234
1725421177169 1.775334464829174e+25 235
1725421177240 8.220407298402586e+24 236
1725421177314 3.435255666844712e+24 237
1725421177377 8.549098553897243e+23 238
1725421177473 1.1814936905071132e+23 239
1725421177546 3.824583951099446e+24 240
1725421177619 3.1821545714997586e+25 241
1725421177686 2.166834146427925e+26 242
1725421177769 9.463537108264867e+25 243
1725421177826 2.857707332876677e+25 244
1725421177898 1.1224396348665651e+27 245
1725421177979 4.5252234216342513e+24 246
1725421178053 4.8061146327471404e+27 247
1725421178122 5.851851844969286e+27 248
1725421178202 5.424703722573203e+26 249
1725421178268 1.2455262717754515e+28 250
1725421178343 1.2106486417633355e+27 251
1725421178414 2.5994477539396427e+27 252
1725421178498 2.2192152110600863e+28 253
1725421178568 1.485032053233336e+28 254
1725421178643 7.361703873029334e+25 255
1725421178729 8.188182421454679e+26 256
1725421178800 1.3425074103154754e+27 257
1725421178864 2.032400822415616e+26 258
1725421178950 2.7003700852889694e+27 259
1725421179038 4.972573814725553e+27 260
1725421179136 1.8984114945554645e+28 261
1725421179217 8.586930860476134e+25 262
1725421179306 1.2575217427929227e+29 263
1725421179372 4.344209284233835e+28 264
1725421179458 8.794173741043827e+27 265
1725421179549 1.028827097633639e+26 266
1725421179639 4.353291361340913e+28 267
1725421179732 2.986031579915201e+29 268
1725421179820 2.3822813829541466e+30 269
1725421179883 3.8836344826020268e+28 270
1725421179973 5.410397015205599e+28 271
1725421180051 7.710068728796684e+27 272
1725421180122 7.48450834687578e+27 273
1725421180206 4.686047961562939e+31 274
1725421180275 4.2130039808787566e+29 275
1725421180381 1.4479087873500249e+30 276
1725421180462 1.7030080675946992e+32 277
1725421180541 1.1594173179535265e+29 278
1725421180614 7.487883352785906e+29 279
1725421180701 6.57902139278315e+28 280
1725421180760 8.013052696055382e+30 281
1725421180828 2.435143722088685e+30 282
1725421180907 5.464970253608352e+31 283
1725421180992 2.432791625992143e+30 284
1725421181070 1.4945792735848086e+29 285
1725421181147 2.4167587517751946e+31 286
1725421181228 6.869937173778391e+30 287
1725421181317 9.684144100494136e+31 288
1725421181388 9.632260738627627e+30 289
1725421181461 1.7993490860070174e+33 290
1725421181555 1.6501402080346282e+30 291
1725421181647 1.7346393341776653e+32 292
1725421181733 2.338741007161136e+31 293
1725421181814 3.6613975355963843e+31 294
1725421181893 1.5836605726713903e+31 295
1725421181957 2.0215044958243103e+33 296
1725421182031 3.8378158660351145e+33 297
1725421182108 2.5141914287032805e+30 298
1725421182185 6.215804211886723e+33 299
1725421182239 7.603730507707547e+32 300
1725421182312 5.066425532432298e+31 301
1725421182389 4.687372537979055e+30 302
1725421182448 2.5422296821478827e+33 303
1725421182518 4.843425623275287e+33 304
1725421182581 1.1539163283229984e+34 305
1725421182635 1.0192580119652741e+34 306
1725421182700 2.618189864852736e+33 307
1725421182755 7.916806637829561e+33 308
1725421182831 3.6243669802488985e+33 309
1725421182896 2.289522602376561e+34 310
1725421182983 2.391102049424934e+35 311
1725421183054 1.478481326081216e+34 312
1725421183126 1.8689651445258915e+30 313
1725421183201 4.851691014507241e+33 314
1725421183279 3.805541086544412e+35 315
1725421183381 3.0419261195995163e+35 316
1725421183454 6.3387276224834005e+35 317
1725421183509 2.9708242895265258e+32 318
1725421183570 1.8171282321871535e+35 319
1725421183641 4.16808328865951e+35 320
1725421183735 6.176581930192886e+35 321
1725421183845 7.0239368042372115e+34 322
1725421183944 1.5577998236594898e+35 323
1725421184009 1.571030485229336e+35 324
1725421184071 3.638416338364225e+34 325
1725421184144 4.29154001348961e+37 326
1725421184205 6.549356225572693e+36 327
1725421184267 1.0386081798437331e+37 328
1725421184353 1.4261223352496814e+35 329
1725421184449 1.5741334153803286e+36 330
1725421184524 4.376443652223388e+36 331
1725421184605 1.8191050797935015e+37 332
1725421184683 3.3711704477672676e+37 333
1725421184758 1.3090130417315347e+38 334
1725421184839 1.9848652301603544e+37 335
1725421184924 1.6015708974614013e+37 336
1725421184993 1.5878094807074714e+39 337
1725421185066 6.279084934310701e+38 338
1725421185135 1.2545320601433857e+36 339
1725421185194 1.3370584106074948e+36 340
1725421185255 1.234358616848597e+39 341
1725421185321 2.8004340849419753e+38 342
1725421185400 7.484201968531041e+33 343
1725421185471 2.618438954526757e+39 344
1725421185543 7.089566594834384e+40 345
1725421185627 1.6194923992129235e+39 346
1725421185712 3.3126597738026405e+36 347
1725421185813 3.240213110770317e+38 348
1725421185914 1.0938808624985451e+40 349
1725421185985 1.9892315092718843e+37 350
1725421186054 2.2767415047777364e+40 351
1725421186117 6.168942339880669e+37 352
1725421186197 4.061363123852079e+39 353
1725421186264 3.213827410676273e+39 354
1725421186338 1.8883334074614836e+39 355
1725421186430 2.0009023388958827e+40 356
1725421186498 1.9279460278936575e+38 357
1725421186568 3.7340445024153824e+41 358
1725421186627 5.714380072631405e+39 359
1725421186684 2.2915645825156355e+39 360
1725421186755 1.2317757301897078e+38 361
1725421186829 2.860100337524533e+41 362
1725421186907 1.3870819815341451e+40 363
1725421186965 8.15860311965182e+38 364
1725421187020 2.206814275188354e+41 365
1725421187077 4.007759398658906e+38 366
1725421187136 1.5002010051510516e+41 367
1725421187205 6.201366262820316e+40 368
1725421187262 7.772504269496531e+41 369
1725421187334 1.6782459727996655e+42 370
1725421187414 5.86510641327394e+39 371
1725421187485 5.977704868876469e+48 372
1725421187560 4.1403079060407053e+40 373
1725421187634 1.2206857075681757e+42 374
1725421187722 3.010859613405237e+42 375
1725421187807 3.659346144317047e+41 376
1725421187882 1.1731160215258587e+42 377
1725421187965 1.1354793075939293e+43 378
1725421188033 1.5834720709150288e+44 379
1725421188124 5.952147419237132e+43 380
1725421188215 7.941104288644489e+43 381
1725421188287 2.4977154714436496e+43 382
1725421188377 6.630645700648125e+43 383
1725421188454 3.0073249937573343e+44 384
1725421188516 2.827306770116164e+43 385
1725421188578 1.5075539917846696e+44 386
1725421188646 3.199112923540477e+44 387
1725421188711 2.336298303616444e+43 388
1725421188776 3.8344557990235094e+44 389
1725421188853 2.414984278563056e+43 390
1725421188947 9.803270037092029e+44 391
1725421189011 1.6489002596028166e+45 392
1725421189093 2.994786304737552e+44 393
1725421189195 2.1959728208226713e+44 394
1725421189261 5.086206967092501e+42 395
1725421189332 3.716765161752517e+45 396
1725421189393 1.0397072036001495e+45 397
1725421189467 4.119341937183861e+45 398
1725421189563 1.8748861403315443e+45 399
1725421189632 6.89598830704848e+46 400
1725421189708 5.651884558645679e+44 401
1725421189766 9.91322241300796e+45 402
1725421189825 4.784128101034009e+45 403
1725421189896 4.79362797829848e+42 404
1725421189974 9.122520094807096e+47 405
1725421190072 5.496307228056098e+45 406
1725421190134 1.6230757630733096e+47 407
1725421190206 1.275740782437142e+46 408
1725421190274 3.8582465035764666e+46 409
1725421190360 9.639282747842525e+47 410
1725421190462 1.3167532807673302e+46 411
1725421190543 1.0401461076651849e+47 412
1725421190597 7.796323590091072e+47 413
1725421190653 5.122217349303413e+47 414
1725421190726 1.62204603552897e+48 415
1725421190781 1.0883530830846924e+46 416
1725421190850 5.547525245077539e+46 417
1725421190933 1.5453161989135224e+47 418
1725421190994 4.109834044866243e+48 419
1725421191060 6.376492326053771e+47 420
1725421191120 1.626116852682973e+48 421
1725421191183 5.2646419970402604e+48 422
1725421191262 7.029212691630536e+47 423
1725421191336 3.062389932059121e+49 424
1725421191400 1.4638476025609204e+49 425
1725421191488 5.013788016886417e+49 426
1725421191582 9.866914434075579e+48 427
1725421191649 1.8329829268715735e+50 428
1725421191712 2.3576677553234815e+49 429
1725421191771 2.0950268545455584e+49 430
1725421191856 1.526032778331344e+49 431
1725421191921 1.069094789681847e+51 432
1725421192021 7.881631024893353e+46 433
1725421192088 1.308872587111234e+48 434
1725421192163 3.090149862196358e+49 435
1725421192237 2.4860250460534776e+51 436
1725421192316 8.343635598558449e+47 437
1725421192391 5.158760739934552e+48 438
1725421192481 7.039784669122084e+49 439
1725421192591 2.564358355314245e+50 440
1725421192683 2.8853566170452265e+50 441
1725421192771 3.1231270699624e+50 442
1725421192846 2.3495275775092942e+50 443
1725421192916 6.02822289610321e+51 444
1725421193022 8.641003912611379e+50 445
1725421193098 4.3519924091857004e+51 446
1725421193165 1.1442531765817351e+52 447
1725421193261 3.883187650945973e+50 448
1725421193331 3.7767675202999035e+52 449
1725421193399 1.979323438628473e+50 450
1725421193485 6.263296214173866e+52 451
1725421193575 2.4684504634810243e+48 452
1725421193660 3.3210836096804675e+51 453
1725421193744 1.4725584028479475e+50 454
1725421193817 6.72053347378086e+51 455
1725421193899 3.2103427176427418e+53 456
1725421193975 7.560119897017773e+51 457
1725421194043 8.779418945039541e+52 458
1725421194118 2.1143127498464765e+53 459
1725421194195 1.6076760634991715e+53 460
1725421194262 2.8366087293316927e+53 461
1725421194363 5.789831955582867e+53 462
1725421194431 1.6206484020572318e+53 463
1725421194525 1.5403267204780791e+53 464
1725421194602 1.6834165739946066e+55 465
1725421194696 8.123135403870033e+52 466
1725421194779 5.460659026500133e+49 467
1725421194864 4.4205796972476607e+52 468
1725421194948 3.8701168867344044e+55 469
1725421195032 4.6519384921541936e+54 470
1725421195109 1.804472720615887e+53 471
1725421195196 2.1632376990602004e+54 472
1725421195283 1.994385387524242e+53 473
1725421195369 4.144050581229095e+53 474
1725421195438 1.5040866549766348e+55 475
1725421195512 2.2261183475589287e+52 476
1725421195600 1.1214142213989635e+56 477
1725421195675 1.2547236138304537e+56 478
1725421195756 8.625936270716097e+54 479
1725421195817 2.0097309561762873e+54 480
1725421195893 6.720373897030455e+54 481
1725421195979 1.901656340584085e+56 482
1725421196061 1.1139849396326317e+56 483
1725421196129 2.7854400249307365e+56 484
1725421196203 7.693893740005559e+54 485
1725421196286 5.180693691889955e+56 486
1725421196356 1.1255360283838286e+57 487
1725421196421 7.729625028055197e+55 488
1725421196510 8.462062980656279e+56 489
1725421196577 5.172667730410043e+56 490
1725421196648 2.7408482204576918e+56 491
1725421196729 5.311522967666134e+56 492
1725421196821 2.826371897431485e+57 493
1725421196896 2.7648499529909516e+56 494
1725421196974 8.64803559345074e+56 495
1725421197055 2.2474458885511874e+57 496
1725421197135 7.051084537063071e+57 497
1725421197198 1.8435391229709275e+58 498
1725421197254 1.735843898635537e+58 499
