1725394081887 3.080078840817349e+46 0
1725394081961 1.7887358336449705e+50 1
1725394082046 6.459209672530333e+50 2
1725394082122 1.4877198302284818e+49 3
1725394082185 9.232434687084649e+50 4
1725394082265 5.296931597154411e+49 5
1725394082345 2.6568522750034274e+50 6
1725394082409 6.745643777822614e+48 7
1725394082481 4.184051765836917e+50 8
1725394082547 1.4598881102120424e+50 9
1725394082613 1.95116407245369e+50 10
1725394082681 2.3003039867468301e+49 11
1725394082748 3.923566396415209e+49 12
1725394082809 7.61299534510061e+51 13
1725394082875 5.859114452810716e+52 14
1725394082934 7.373107660551173e+51 15
1725394082998 2.5885313416852838e+48 16
1725394083058 1.4011186694823154e+50 17
1725394083128 7.921039336681698e+50 18
1725394083190 2.4998334765458857e+53 19
1725394083250 4.8471347225853584e+51 20
1725394083310 3.766305731915122e+51 21
1725394083376 5.657708504481255e+52 22
1725394083441 1.760329814626416e+51 23
1725394083512 8.636618467292754e+53 24
1725394083577 5.562585520671239e+52 25
1725394083639 6.83030151826116e+54 26
1725394083699 2.572117838604599e+49 27
1725394083761 1.7565247101762651e+53 28
1725394083813 1.4276996599434743e+52 29
1725394083972 1.7197678217150718e+53 30
1725394084044 4.0996051812181766e+51 31
1725394084102 7.947159692487228e+52 32
1725394084162 3.893251711060457e+53 33
1725394084226 6.820377731668863e+53 34
1725394084296 5.7389340406712226e+50 35
1725394084364 1.9916628792562338e+53 36
1725394084441 4.8333487968284956e+54 37
1725394084506 2.427966774991797e+53 38
1725394084572 1.1318543863204607e+54 39
1725394084632 3.0768974870458236e+55 40
1725394084697 1.4970781337099382e+56 41
1725394084768 2.0827930487042648e+54 42
1725394084833 9.050818712508282e+56 43
1725394084903 2.917045127104267e+55 44
1725394084975 1.2453070535244752e+56 45
1725394085036 1.1249697115618543e+52 46
1725394085106 2.0445077325550697e+55 47
1725394085168 1.8436860389675642e+56 48
1725394085240 1.457336409254326e+55 49
1725394085309 3.867098839804123e+55 50
1725394085390 4.531136803512829e+56 51
1725394085457 5.36692110494271e+54 52
1725394085536 2.202834299999841e+57 53
1725394085616 4.457341120578525e+56 54
1725394085682 1.110597070415499e+55 55
1725394085753 8.221822760275138e+56 56
1725394085823 6.64840700047833e+57 57
1725394085890 9.45056677864431e+53 58
1725394085965 3.370265478544197e+58 59
1725394086052 4.376497221891781e+54 60
1725394086110 1.689866286834741e+58 61
1725394086179 3.8439046000219925e+56 62
1725394086244 5.728919358655959e+56 63
1725394086306 2.3363298634949285e+58 64
1725394086371 1.2295269862326764e+58 65
1725394086437 1.6306723768081557e+58 66
1725394086504 6.050161026976715e+56 67
1725394086576 4.202470998146204e+59 68
1725394086633 5.192047740601299e+58 69
1725394086705 4.7030720203259165e+57 70
1725394086774 3.1369658885969277e+59 71
1725394086835 5.272591820858102e+56 72
1725394086901 7.763604625372802e+58 73
1725394086967 2.620663679089181e+56 74
1725394087029 1.143412170484753e+60 75
1725394087087 2.0616805087962965e+58 76
1725394087179 5.088737252618837e+60 77
1725394087254 9.527937205026079e+58 78
1725394087324 4.641362680743118e+59 79
1725394087392 2.7906163165861535e+61 80
1725394087460 4.206394916703222e+60 81
1725394087534 2.816432794925141e+60 82
1725394087612 1.3542888949405871e+60 83
1725394087673 5.4157714433307114e+60 84
1725394087733 1.3351856099258952e+61 85
1725394087799 1.915763159355922e+60 86
1725394087862 8.883063678529417e+60 87
1725394087932 9.094558523408117e+59 88
1725394087998 8.38624252316324e+61 89
1725394088079 1.1720580040547711e+60 90
1725394088164 1.463210268334091e+61 91
1725394088231 7.224173553930861e+62 92
1725394088295 8.98465881001456e+59 93
1725394088352 3.084318990366598e+60 94
1725394088407 5.0587924478963975e+61 95
1725394088478 9.562422728577109e+60 96
1725394088551 4.594216106047801e+61 97
1725394088619 6.122498179905055e+61 98
1725394088690 5.855965676413806e+62 99
1725394088751 4.2085544055412114e+60 100
1725394088828 3.0967959734119167e+62 101
1725394088891 4.776540634272566e+61 102
1725394088950 2.6391713328850744e+62 103
1725394089016 9.893643882455362e+63 104
1725394089086 1.0931724688149311e+63 105
1725394089165 9.09471892459662e+58 106
1725394089226 1.3070365308710265e+58 107
1725394089293 2.1786738908492443e+63 108
1725394089349 2.4094641133469734e+61 109
1725394089404 1.1347311007082476e+65 110
1725394089475 8.523612143704102e+60 111
1725394089545 1.1265834684169037e+63 112
1725394089617 3.906659227816477e+62 113
1725394089686 1.0790108435365232e+63 114
1725394089750 3.102678703503982e+64 115
1725394089822 8.836210220671387e+63 116
1725394089893 7.674473586925761e+64 117
1725394089963 2.2368095965873223e+64 118
1725394090039 1.5678760766657174e+62 119
1725394090122 4.7466194785746385e+65 120
1725394090188 1.859734060463938e+65 121
1725394090247 4.160402125329389e+65 122
1725394090320 2.7144651505441764e+65 123
1725394090387 9.275739826745425e+65 124
1725394090451 2.2047279943122155e+64 125
1725394090523 6.855909641492857e+63 126
1725394090599 5.71884188489807e+65 127
1725394090680 2.3162859786142082e+64 128
1725394090738 2.3486837151129945e+65 129
1725394090805 5.105682264483728e+65 130
1725394090870 1.746476558179762e+66 131
1725394090939 8.475911451065688e+65 132
1725394091010 1.901981894844698e+65 133
1725394091084 1.3458071107047256e+66 134
1725394091157 3.4286963434850873e+64 135
1725394091218 4.321319218357425e+66 136
1725394091308 2.2985027068933053e+66 137
1725394091369 8.47095909387559e+68 138
1725394091431 2.0054178445492597e+66 139
1725394091499 2.004770430695113e+67 140
1725394091567 2.8492687652212694e+67 141
1725394091636 3.912201942682005e+68 142
1725394091710 8.50920786203582e+65 143
1725394091776 2.894743389397955e+67 144
1725394091840 5.195554171451036e+67 145
1725394091916 2.7268451427962034e+67 146
1725394091981 5.910969029580238e+69 147
1725394092080 5.3368192927797915e+67 148
1725394092149 1.7438977780406373e+69 149
1725394092216 5.549811774250722e+66 150
1725394092281 3.7340894358274846e+68 151
1725394092338 2.7873843464750947e+69 152
1725394092394 3.119033885027756e+68 153
1725394092458 1.0047523084788297e+70 154
1725394092532 7.509252166219512e+68 155
1725394092602 5.213454712844758e+67 156
1725394092668 4.0285514383749294e+66 157
1725394092735 4.453984083917871e+68 158
1725394092802 4.7256608975594076e+67 159
1725394092869 1.0452632881858488e+67 160
1725394092933 5.488699951181191e+65 161
1725394092992 8.18267160761855e+70 162
1725394093060 7.256434392104176e+69 163
1725394093129 1.9352016405318005e+69 164
1725394093202 2.4023095825633797e+70 165
1725394093274 9.754086286639988e+70 166
1725394093347 6.551582489799531e+65 167
1725394093422 2.849646900147989e+69 168
1725394093488 2.1803932491865854e+70 169
1725394093547 4.0417929978251507e+71 170
1725394093615 1.1735179461961546e+69 171
1725394093680 3.537021988997739e+69 172
1725394093747 7.641070755400808e+71 173
1725394093835 8.361998017048865e+70 174
1725394093903 4.808522892894011e+70 175
1725394093973 1.0231613802063252e+71 176
1725394094042 1.4160221190707914e+70 177
1725394094094 8.394883678763213e+71 178
1725394094159 2.2590958670555183e+72 179
1725394094229 5.648332760182393e+73 180
1725394094314 4.2418977165889093e+71 181
1725394094373 7.327705539155098e+73 182
1725394094444 8.071404764324354e+73 183
1725394094506 4.495462694300889e+72 184
1725394094564 4.073128420947229e+74 185
1725394094624 6.794208223240577e+72 186
1725394094682 1.1166206334433818e+72 187
1725394094743 3.0258919509616584e+73 188
1725394094806 8.444051598107362e+74 189
1725394094872 1.2991650153785498e+74 190
1725394094939 9.639042874037417e+73 191
1725394095004 5.920719436566852e+73 192
1725394095066 2.2898392697897868e+73 193
1725394095134 1.1382686712964576e+75 194
1725394095202 2.1057318921501602e+74 195
1725394095263 3.3533103213268735e+76 196
1725394095332 1.2028913892597643e+72 197
1725394095401 6.082793657016791e+72 198
1725394095472 1.1102858536786023e+75 199
1725394095540 9.129217896533148e+73 200
1725394095606 1.1163028376775466e+74 201
1725394095685 1.1559303954380217e+75 202
1725394095758 1.0035725959338828e+76 203
1725394095824 1.4231313210744215e+76 204
1725394095888 1.812902738297652e+74 205
1725394095950 8.548343909336656e+75 206
1725394096010 1.9935764549441658e+76 207
1725394096075 3.2467853405320884e+76 208
1725394096139 3.4110145343390185e+76 209
1725394096207 1.364665795565927e+76 210
1725394096272 2.1147610969885814e+74 211
1725394096342 7.514321994140294e+76 212
1725394096412 2.311965077172273e+75 213
1725394096480 3.978797952882103e+77 214
1725394096537 6.568400020278827e+75 215
1725394096596 2.1160299742937376e+77 216
1725394096663 9.526568952825657e+77 217
1725394096728 2.529313738905377e+77 218
1725394096808 7.404023260451189e+77 219
1725394096874 3.600409189959381e+76 220
1725394096942 6.604547520428935e+77 221
1725394097016 2.5640504611548665e+76 222
1725394097081 3.760279257765264e+76 223
1725394097138 1.1607204183919266e+78 224
1725394097199 1.874249182853139e+79 225
1725394097264 1.4069909552867236e+77 226
1725394097335 1.0810394240183485e+78 227
1725394097401 2.9044812652813513e+79 228
1725394097467 1.6661943087563779e+75 229
1725394097542 1.1898796237226533e+76 230
1725394097613 5.038913435451863e+78 231
1725394097682 1.0341143779822809e+79 232
1725394097760 2.6180042049711177e+77 233
1725394097836 2.0344272206236124e+79 234
1725394097909 1.2124413578726944e+79 235
1725394097968 2.4596248322950296e+77 236
1725394098036 5.981584785616524e+80 237
1725394098103 1.1621622561306578e+81 238
1725394098171 4.06446165329817e+78 239
1725394098246 2.0436418703426525e+80 240
1725394098314 2.0942648060667085e+79 241
1725394098383 2.1631415165727986e+78 242
1725394098456 2.0146969088059774e+79 243
1725394098522 2.8623581886459496e+80 244
1725394098591 4.403634220801523e+79 245
1725394098651 6.47212588204174e+78 246
1725394098713 4.916109364172158e+80 247
1725394098776 3.0393537489321204e+81 248
1725394098847 3.692870120178161e+80 249
1725394098914 2.1293875029812573e+81 250
1725394098985 4.852825933610429e+82 251
1725394099054 1.7999500414334562e+81 252
1725394099115 1.9009214928559207e+82 253
1725394099181 2.630280754137035e+78 254
1725394099239 4.964516970783446e+80 255
1725394099300 5.499691845313318e+81 256
1725394099361 5.750423640485402e+80 257
1725394099426 3.5610870621770653e+80 258
1725394099489 1.6873206714411103e+83 259
1725394099554 1.4810136169324874e+83 260
1725394099619 1.3831285153170697e+80 261
1725394099680 1.2658809541239596e+82 262
1725394099741 2.590325165663731e+80 263
1725394099810 2.692802788257956e+80 264
1725394099874 1.442209074373965e+83 265
1725394099940 2.0835936034416167e+82 266
1725394100012 2.150958216858384e+84 267
1725394100071 2.8485500961686254e+81 268
1725394100138 1.8033686294170848e+83 269
1725394100203 2.1197081591242146e+84 270
1725394100269 7.512859203655431e+84 271
1725394100334 1.8958276736409141e+84 272
1725394100399 4.740589107180017e+81 273
1725394100464 2.1165605248930486e+83 274
1725394100524 1.317229908990463e+83 275
1725394100593 1.1508055813752018e+86 276
1725394100660 2.38762128785248e+85 277
1725394100732 1.8877800692149392e+80 278
1725394100815 2.3163828138312611e+83 279
1725394100866 2.5264911765377923e+85 280
1725394100930 8.160808499034219e+85 281
1725394100999 2.1243409788201712e+85 282
1725394101051 4.417798757859589e+85 283
1725394101109 2.1881409156779045e+85 284
1725394101178 5.811233844180152e+85 285
1725394101263 9.600407172961696e+85 286
1725394101332 5.332511791975733e+85 287
1725394101398 4.218176163000382e+84 288
1725394101458 9.025499911308234e+86 289
1725394101522 2.2708274210897609e+83 290
1725394101589 7.84789606378812e+84 291
1725394101650 2.317974599055082e+86 292
1725394101729 8.006841786769824e+85 293
1725394101785 5.286181614017044e+86 294
1725394101853 6.639094127520509e+86 295
1725394101926 2.3039376263259733e+87 296
1725394101992 7.45211457147748e+88 297
1725394102059 4.211365198152485e+86 298
1725394102126 4.799305240898596e+88 299
1725394102192 6.204923278033412e+84 300
1725394102253 4.069222203401654e+86 301
1725394102319 4.321672915067167e+87 302
1725394102380 3.8108360761619895e+88 303
1725394102449 3.5955448994063434e+87 304
1725394102509 5.0753245990452654e+89 305
1725394102576 1.5859853086079296e+89 306
1725394102641 8.461167633584188e+88 307
1725394102702 3.8824730613194917e+90 308
1725394102762 2.5020577556774534e+89 309
1725394102830 5.681854592800711e+88 310
1725394102898 3.9449344898740894e+88 311
1725394102958 3.995409532316083e+89 312
1725394103018 5.141366234940388e+95 313
1725394103085 2.3564194391968645e+89 314
1725394103151 5.3916533576304346e+88 315
1725394103221 9.794372368540232e+90 316
1725394103289 2.468955426555782e+88 317
1725394103349 3.637358728728871e+88 318
1725394103411 9.657684995366061e+90 319
1725394103480 5.167533860190545e+90 320
1725394103551 2.049868471854935e+90 321
1725394103618 9.356749638677146e+89 322
1725394103683 2.0191093856513723e+91 323
1725394103746 2.320309112404345e+89 324
1725394103809 1.2589995757026374e+90 325
1725394103875 1.0158203213291382e+89 326
1725394103941 7.775268422856648e+91 327
1725394104014 2.06884256021349e+89 328
1725394104076 7.412109633276403e+91 329
1725394104142 8.808113856184382e+90 330
1725394104209 3.7832727809152874e+91 331
1725394104270 9.574527968098906e+91 332
1725394104336 7.361195849961136e+89 333
1725394104414 2.1468904341919422e+92 334
1725394104472 9.932383474549856e+90 335
1725394104542 6.511487609397327e+91 336
1725394104599 5.275544499333968e+90 337
1725394104667 2.8135762495611385e+93 338
1725394104732 6.205700080949976e+93 339
1725394104794 1.0157077088117846e+92 340
1725394104864 5.019061981781742e+90 341
1725394104925 7.9202124259835105e+93 342
1725394104997 2.234331693325872e+92 343
1725394105068 2.3212035853177874e+93 344
1725394105138 4.806420580863191e+94 345
1725394105215 6.439232836317198e+92 346
1725394105274 9.963951266714593e+92 347
1725394105346 4.567238400630727e+93 348
1725394105412 5.220469653073333e+94 349
1725394105479 3.76665197447695e+94 350
1725394105542 7.459128251132833e+92 351
1725394105605 1.6796450711250403e+92 352
1725394105660 7.057861926971553e+92 353
1725394105730 2.0198587598917093e+93 354
1725394105796 6.406709961877076e+94 355
1725394105853 9.71581754317329e+94 356
1725394105936 2.0228146422418292e+94 357
1725394106000 4.181846168508453e+93 358
1725394106075 8.028246861929615e+95 359
1725394106148 4.129566630785334e+94 360
1725394106209 1.9623810359396234e+94 361
1725394106270 5.199830245901385e+93 362
1725394106339 2.1211731057920452e+97 363
1725394106410 2.7905456120994757e+94 364
1725394106482 4.042655814500878e+95 365
1725394106550 1.1715637395469091e+95 366
1725394106608 4.2086641118746166e+95 367
1725394106668 6.89163260011522e+94 368
1725394106737 8.494008756489556e+95 369
1725394106802 4.816651598655369e+95 370
1725394106872 7.738875925656085e+93 371
1725394106945 2.3988764213599995e+96 372
1725394107014 5.249097393496975e+97 373
1725394107085 9.220602000431549e+94 374
1725394107156 1.4168825842959624e+95 375
1725394107220 5.94337001376928e+95 376
1725394107280 1.6852244661916632e+97 377
1725394107341 5.021687802053847e+96 378
1725394107405 5.08399427046722e+98 379
1725394107471 6.1320619688160315e+96 380
1725394107534 2.9704588301080493e+97 381
1725394107604 1.3488532544838177e+97 382
1725394107663 3.972686728765827e+97 383
1725394107734 3.962808352640856e+96 384
1725394107788 5.558869619545704e+98 385
1725394107853 4.385096904404377e+97 386
1725394107914 1.1686146961213821e+99 387
1725394107979 3.1559888856952645e+98 388
1725394108050 1.180698639421296e+98 389
1725394108110 1.8542138962107787e+100 390
1725394108170 1.0297238489370057e+98 391
1725394108244 4.783126111567385e+97 392
1725394108305 1.17096350631802e+100 393
1725394108372 2.6959166716243474e+99 394
1725394108442 8.626029029473506e+99 395
1725394108499 2.6196428875649814e+99 396
1725394108563 7.58986129507128e+98 397
1725394108624 5.180531612721e+98 398
1725394108690 2.251378490780595e+99 399
1725394108756 1.4651235108293317e+98 400
1725394108820 5.779670878971348e+97 401
1725394108885 7.281098126558498e+99 402
1725394108952 3.4141516389574953e+101 403
1725394109023 2.220645864354648e+99 404
1725394109097 6.938649007131119e+100 405
1725394109155 6.696767051029187e+101 406
1725394109222 5.3638349680533107e+98 407
1725394109282 5.236423139834062e+100 408
1725394109349 6.818926843694624e+98 409
1725394109410 1.20042322093781e+102 410
1725394109463 2.1854136165541208e+102 411
1725394109529 5.947132281314833e+101 412
1725394109610 4.1145636879142e+101 413
1725394109669 1.4910264502535335e+100 414
1725394109735 5.999810227317072e+102 415
1725394109807 2.7262513442592813e+102 416
1725394109867 2.1914137041828806e+103 417
1725394109926 4.713796521517888e+102 418
1725394109992 3.929280979947097e+101 419
1725394110058 7.879971766847902e+103 420
1725394110116 3.2642134919152816e+103 421
1725394110176 1.8561258271175596e+102 422
1725394110242 5.727573206265194e+102 423
1725394110302 3.217484511250935e+102 424
1725394110374 1.981017499404214e+104 425
1725394110431 2.807950668920581e+102 426
1725394110492 7.569855608902932e+104 427
1725394110553 9.779588106081266e+103 428
1725394110624 2.3771786392351606e+104 429
1725394110681 3.2364204031847196e+104 430
1725394110750 3.1470768555694655e+100 431
1725394110811 6.839809833576832e+103 432
1725394110871 4.6062437443995844e+104 433
1725394110931 1.819465433125106e+103 434
1725394111003 9.300120544122555e+102 435
1725394111067 4.755107951057925e+102 436
1725394111127 8.979203000881117e+103 437
1725394111194 2.441946109767619e+105 438
1725394111266 2.1229629731703937e+104 439
1725394111339 2.1340394659289348e+104 440
1725394111408 4.4496147622507034e+104 441
1725394111465 8.505803041792028e+105 442
1725394111531 3.6750429760708426e+105 443
1725394111595 1.5215772278313177e+106 444
1725394111655 1.2791677839296775e+106 445
1725394111719 2.1016587711237497e+103 446
1725394111784 1.019123216048496e+107 447
1725394111846 1.0427440199393592e+104 448
1725394111907 5.141075830771359e+106 449
1725394111976 5.6742211082515274e+104 450
1725394112037 4.548640472634468e+106 451
1725394112101 4.21817249218402e+106 452
1725394112161 3.0983472798857226e+107 453
1725394112227 3.8136838566649357e+105 454
1725394112291 3.901468508919043e+106 455
1725394112369 5.078496710545106e+105 456
1725394112444 5.0063950711987215e+107 457
1725394112502 1.2402255539895913e+107 458
1725394112568 6.3914415396435045e+106 459
1725394112635 1.8853434294339946e+109 460
1725394112705 7.936250551810694e+106 461
1725394112762 2.6210236058480554e+107 462
1725394112821 3.162598608756826e+109 463
1725394112901 5.62780684311725e+105 464
1725394112963 7.70340832664339e+109 465
1725394113029 1.7115250979375985e+109 466
1725394113102 2.062998348444843e+108 467
1725394113167 9.046780206223501e+107 468
1725394113233 6.567410714393396e+107 469
1725394113294 1.5328120327239984e+107 470
1725394113353 2.157359174623594e+109 471
1725394113420 4.5435089311482906e+108 472
1725394113493 5.242626719888494e+109 473
1725394113553 5.554172930389968e+107 474
1725394113619 3.498979098712324e+108 475
1725394113684 2.4945667920787904e+109 476
1725394113750 4.474703202521519e+107 477
1725394113809 1.0549107185131603e+111 478
1725394113866 9.553054227438816e+110 479
1725394113926 4.077364843685614e+110 480
1725394113998 2.740723027543751e+111 481
1725394114068 3.4587342442166165e+111 482
1725394114127 7.046196543329182e+109 483
1725394114188 2.8367550794469803e+112 484
1725394114254 7.98886154305495e+110 485
1725394114319 4.017501374000616e+109 486
1725394114379 1.23926103755992e+111 487
1725394114440 1.7533957741286693e+111 488
1725394114503 1.1794674486413205e+111 489
1725394114562 1.1984206590648394e+112 490
1725394114634 5.692644776529103e+111 491
1725394114707 6.279856289490503e+109 492
1725394114776 2.5238664602579418e+110 493
1725394114848 2.7958963150871423e+111 494
1725394114916 7.75225240600831e+112 495
1725394114981 5.37922530400212e+111 496
1725394115052 5.3360467641879495e+112 497
1725394115129 1.2257841863927616e+111 498
1725394115196 1.2313029796382603e+111 499
