1725362069668 141.28559691001604 0
1725362069733 63.35152006415748 1
1725362069812 61.47000222659047 2
1725362069883 32.396897643832006 3
1725362069959 17.693174794440047 4
1725362070024 10.047861524365507 5
1725362070095 5.315710807584664 6
1725362070158 6.486387882050999 7
1725362070220 2.753068480388639 8
1725362070276 2.5090193001907064 9
1725362070347 1.6434937484773884 10
1725362070424 2.0377237387707345 11
1725362070488 0.8589328054108596 12
1725362070558 0.829110750400981 13
1725362070625 0.0010054423475074493 14
1725362070692 0.2631539484965878 15
1725362070756 0.0008462330869685499 16
1725362070814 0.42525826211421813 17
1725362070880 0.19436889839658078 18
1725362070995 0.08306856893364375 19
1725362071055 0.002399352186005271 20
1725362071114 0.1136947177542228 21
1725362071184 0.4694053902685623 22
1725362071247 0.023963201199556618 23
1725362071315 0.027975024246143614 24
1725362071382 0.006571746615630322 25
1725362071448 0.07775323314863782 26
1725362071515 0.013479232638225988 27
1725362071589 0.049272851514799626 28
1725362071654 0.011841281066320198 29
1725362071724 0.037351340133035094 30
1725362071789 0.039348318293958 31
1725362071852 0.07337657558882613 32
1725362071908 0.00013120113008413138 33
1725362071969 0.03543356750057213 34
1725362072040 0.03352430427507108 35
