1725401031435 144.00115860934096 0
1725401031464 118.55271740529425 1
1725401031498 98.01248073437264 2
1725401031530 80.81942486250236 3
1725401031562 71.65985379068236 4
1725401031591 57.81492568595698 5
1725401031622 49.6321924630363 6
1725401031655 39.565195562779635 7
1725401031683 33.34095186575958 8
1725401031716 28.763717870195816 9
1725401031744 23.33366542208218 10
1725401031778 19.82898907994861 11
1725401031811 15.878395425014636 12
1725401031845 14.544411328854956 13
1725401031882 12.367231716072215 14
1725401031915 9.988791990997974 15
1725401031940 8.566392876619531 16
1725401031971 6.703040538437795 17
1725401032005 5.740945182521322 18
1725401032037 4.707495984688702 19
1725401032067 4.058858440722269 20
1725401032097 3.0962555413741173 21
1725401032124 2.8997379033644632 22
1725401032155 2.580739736439816 23
1725401032183 2.0845797341583006 24
1725401032213 1.8146319584079524 25
1725401032243 1.24326806822315 26
1725401032275 1.1639893501031189 27
1725401032309 0.9045408176061418 28
1725401032342 0.7830823151615617 29
1725401032371 0.722418211735879 30
1725401032399 0.5971320368700951 31
1725401032430 0.560204767016113 32
1725401032458 0.5022731609267337 33
1725401032485 0.4020067063562302 34
1725401032509 0.25137187070283407 35
1725401032542 0.25944922654295594 36
1725401032573 0.25264170899277094 37
1725401032603 0.2210571139312151 38
1725401032633 0.20724803433958838 39
1725401032661 0.14293966560392032 40
1725401032694 0.14893858723626366 41
1725401032720 0.127509637604831 42
1725401032746 0.11122446997360491 43
1725401032782 0.15109602554996895 44
1725401032814 0.13501869437310768 45
1725401032852 0.09521948004705975 46
1725401032884 0.06431798189457992 47
1725401032913 0.08412557189357889 48
1725401032945 0.09644233995764873 49
1725401032979 0.08765227931546542 50
1725401033011 0.12293313293333964 51
1725401033040 0.10014207708260056 52
1725401033070 0.1005185777607709 53
1725401033102 0.07536669252736736 54
1725401033134 0.10439690025156596 55
1725401033165 0.0831217842051693 56
1725401033196 0.09076463476938114 57
1725401033226 0.06770777457521421 58
1725401033256 0.056399721549269394 59
1725401033298 0.07505046962424528 60
1725401033390 0.08802905983705887 61
1725401033415 0.0746247137909731 62
1725401033438 0.08229389060511312 63
1725401033462 0.08340796062592266 64
1725401033476 0.06105863913401227 65
1725401033489 0.0788083045128373 66
1725401033509 0.06760334769674826 67
1725401033535 0.07655373907645598 68
1725401033565 0.03929502088720017 69
1725401033595 0.08446896670106466 70
1725401033625 0.07720676626959895 71
1725401033657 0.0652379326356613 72
1725401033687 0.05650313216869791 73
1725401033719 0.10257835487158518 74
1725401033749 0.09237776255190142 75
1725401033779 0.06454294696194356 76
1725401033810 0.07990515846794909 77
1725401033844 0.09978862997275253 78
1725401033877 0.10579007535227686 79
1725401033902 0.06516516651539711 80
1725401033931 0.0613248663691618 81
1725401033962 0.0646738898140303 82
1725401033994 0.05790613157801054 83
1725401034034 0.060736562114611925 84
1725401034065 0.10588962041977719 85
1725401034097 0.060393762558101145 86
1725401034128 0.09834523531789922 87
1725401034160 0.0531482599030043 88
1725401034194 0.0697223477950559 89
1725401034226 0.10363506696930479 90
1725401034261 0.07127214778804576 91
1725401034291 0.0767464561150677 92
1725401034325 0.08051691787467603 93
1725401034354 0.08588490399940069 94
1725401034381 0.083967370537369 95
1725401034410 0.056191547521796475 96
1725401034437 0.05812440352302186 97
1725401034470 0.055402615582129965 98
1725401034496 0.06330042805184685 99
1725401034524 0.06021736699576297 100
1725401034553 0.0770714620551622 101
1725401034587 0.061300426831465166 102
1725401034617 0.07454451106641513 103
1725401034649 0.07563592447810506 104
1725401034681 0.09111409102821572 105
1725401034711 0.07530821650727595 106
1725401034742 0.04918868055137204 107
1725401034773 0.06993574521977033 108
1725401034804 0.08316114136797584 109
1725401034835 0.09835869647587671 110
1725401034865 0.0972277898264055 111
