1725363579615 168.81788247382886 0
1725363579659 165.5357854257117 1
1725363579683 163.9043117608112 2
1725363579706 162.28097605957373 3
1725363579733 160.67546529225012 4
1725363579760 159.08751594832228 5
1725363579783 157.51692731135586 6
1725363579810 155.96350067001177 7
1725363579836 154.4270396611105 8
1725363579863 152.90735023888595 9
1725363579889 151.40424064692147 10
1725363579910 149.91752139042163 11
1725363579942 148.44700520883117 12
1725363579966 146.99250704879535 13
1725363579996 145.55384403745788 14
1725363580019 144.13083545609223 15
1725363580044 142.7233027140611 16
1725363580072 141.3310693231009 17
1725363580105 139.953960871926 18
1725363580128 138.59180500114914 19
1725363580155 137.24443137851398 20
1725363580182 135.91167167443507 21
1725363580206 134.59335953784228 22
1725363580229 133.2893305723247 23
1725363580253 131.99942231257089 24
1725363580277 130.7234742011012 25
1725363580303 129.4613275652886 26
1725363580327 128.2128255946643 27
1725363580355 126.97781331850435 28
1725363580386 125.75613758369366 29
1725363580409 124.54764703286395 30
1725363580438 123.35219208280185 31
1725363580458 122.16962490312424 32
1725363580480 120.99979939521648 33
1725363580511 119.84257117143119 34
1725363580538 118.69779753454333 35
1725363580560 117.56533745745882 36
1725363580587 116.44505156317368 37
1725363580606 115.33680210497944 38
1725363580631 114.24045294691295 39
1725363580653 113.1558695444466 40
1725363580675 112.08291892541621 41
1725363580698 111.02146967118345 42
1725363580721 109.97139189802999 43
1725363580747 108.93255723878009 44
1725363580775 107.90483882464915 45
1725363580856 106.88811126731478 46
1725363580887 105.88225064120837 47
1725363580913 104.8871344660233 48
1725363580936 103.9026416894381 49
1725363580961 102.92865267005114 50
1725363580984 101.9650491605244 51
1725363581008 101.01171429093364 52
1725363581031 100.06853255232248 53
1725363581055 99.13538978045733 54
1725363581080 98.21217313978165 55
1725363581111 97.29877110756567 56
1725363581136 96.39507345825031 57
1725363581160 95.50097124798195 58
1725363581187 94.61635679933644 59
1725363581210 93.74112368622912 60
1725363581236 92.87516671900927 61
1725363581258 92.01838192973624 62
1725363581287 91.17066655763502 63
1725363581312 90.33191903472908 64
1725363581336 89.50203897164825 65
1725363581358 88.68092714360937 66
1725363581380 87.86848547656767 67
1725363581403 87.06461703353652 68
1725363581425 86.26922600107368 69
1725363581453 85.48221767593188 70
1725363581477 84.70349845187141 71
1725363581497 83.93297580663344 72
1725363581519 83.17055828907085 73
1725363581546 82.41615550643598 74
1725363581577 81.66967811182228 75
1725363581603 80.9310377917583 76
1725363581627 80.20014725395248 77
1725363581650 79.47692021518615 78
1725363581676 78.76127138935338 79
1725363581703 78.0531164756459 80
1725363581724 77.35237214688092 81
1725363581753 76.65895603797033 82
1725363581779 75.97278673452946 83
1725363581807 75.29378376162374 84
1725363581836 74.62186757265137 85
1725363581860 73.95695953836055 86
1725363581882 73.29898193599921 87
1725363581906 72.64785793859616 88
1725363581927 72.00351160437155 89
1725363581947 71.36586786627521 90
1725363581966 70.73485252165136 91
1725363581992 70.11039222202804 92
1725363582018 69.49241446302958 93
1725363582043 68.88084757441095 94
1725363582068 68.27562071021218 95
1725363582095 67.67666383903143 96
1725363582120 67.0839077344153 97
1725363582145 66.49728396536482 98
1725363582174 65.916724886956 99
1725363582196 65.34216363107303 100
1725363582220 64.77353409725318 101
1725363582244 64.21077094364173 102
1725363582269 63.65380957805597 103
1725363582292 63.10258614915638 104
1725363582318 62.55703753772387 105
1725363582343 62.017101348042345 106
1725363582370 61.48271589938426 107
1725363582397 60.95382021759873 108
1725363582421 60.4303540268007 109
1725363582449 59.91225774115966 110
1725363582473 59.39947245678705 111
1725363582496 58.89193994372115 112
1725363582518 58.38960263800784 113
1725363582542 57.89240363387638 114
1725363582565 57.40028667600921 115
1725363582590 56.913196151904174 116
1725363582615 56.431077084328386 117
1725363582639 55.95387512386232 118
1725363582661 55.48153654153357 119
1725363582687 55.014008221538255 120
1725363582708 54.55123765405012 121
1725363582730 54.093172928115244 122
1725363582761 53.63976272463207 123
1725363582787 53.19095630941519 124
1725363582809 52.74670352634208 125
1725363582838 52.30695479058194 126
1725363582861 51.871661081905394 127
1725363582887 51.440773938073875 128
1725363582912 51.0142454483084 129
1725363582935 50.592028246836065 130
1725363582956 50.17407550651366 131
1725363582978 49.76034093252745 132
1725363583004 49.35077875616802 133
1725363583029 48.94534372867962 134
1725363583053 48.54399111518253 135
1725363583078 48.14667668866837 136
1725363583099 47.75335672406649 137
1725363583123 47.3639879923816 138
1725363583145 46.97852775490075 139
1725363583170 46.59693375746975 140
1725363583194 46.219164224837556 141
1725363583215 45.84517785506809 142
1725363583238 45.47493381401846 143
1725363583260 45.108391729883216 144
1725363583284 44.74551168780308 145
1725363583309 44.38625422453818 146
1725363583335 44.03058032320458 147
1725363583358 43.67845140807333 148
1725363583383 43.3298293394313 149
1725363583407 42.98467640850334 150
1725363583432 42.642955332434475 151
1725363583455 42.30462924933211 152
1725363583480 41.96966171336659 153
1725363583502 41.63801668993064 154
1725363583529 41.30965855085554 155
1725363583553 40.984552069684774 156
1725363583579 40.66266241700327 157
1725363583604 40.34395515582228 158
1725363583626 40.02839623701905 159
1725363583655 39.71595199483053 160
1725363583678 39.40658914240044 161
1725363583706 39.10027476737929 162
1725363583732 38.79697632757637 163
1725363583754 38.49666164666348 164
1725363583782 38.19929890992945 165
1725363583811 37.90485666008482 166
1725363583833 37.6133037931165 167
1725363583862 37.324609554191305 168
1725363583886 37.0387435336081 169
1725363583909 36.75567566279764 170
1725363583942 36.475376210370165 171
1725363583973 36.19781577820925 172
1725363583996 35.922965297612244 173
1725363584022 35.65079602547623 174
1725363584044 35.38127954052902 175
1725363584066 35.11438773960479 176
1725363584089 34.8500928339637 177
1725363584113 34.588367345654945 178
1725363584138 34.32918410392301 179
1725363584162 34.072516241655975 180
1725363584183 33.81833719187615 181
1725363584229 33.56662068427193 182
1725363584259 33.317340741770664 183
1725363584286 33.070471677151914 184
1725363584310 32.82598808970081 185
1725363584333 32.58386486190062 186
1725363584357 32.34407715616475 187
1725363584380 32.10660041160682 188
1725363584403 31.8714103408492 189
1725363584426 31.638482926868853 190
1725363584449 31.407794419880783 191
1725363584473 31.179321334257544 192
1725363584497 30.95304044548582 193
1725363584521 30.728928787158143 194
1725363584545 30.506963648000642 195
1725363584572 30.287122568935263 196
1725363584592 30.06938334017697 197
1725363584616 29.85372399836493 198
1725363584640 29.640122823727403 199
1725363584661 29.42855833728015 200
1725363584687 29.219009298057678 201
1725363584708 29.011454700377044 202
1725363584743 28.805873771133957 203
1725363584767 28.60224596713044 204
1725363584786 28.400550972434196 205
1725363584812 28.200768695768677 206
1725363584834 28.002879267934073 207
1725363584861 27.80686303925856 208
1725363584886 27.612700577079274 209
1725363584916 27.42037266325312 210
1725363584938 27.229860291696724 211
1725363584965 27.041144665955084 212
1725363584989 26.85420719679904 213
1725363585017 26.669029499850772 214
1725363585045 26.4855933932371 215
1725363585070 26.30388089527042 216
1725363585093 26.123874222156847 217
1725363585116 25.94555578573108 218
1725363585140 25.76890819121788 219
1725363585165 25.59391423501998 220
1725363585193 25.420556902531555 221
1725363585221 25.248819365977575 222
1725363585246 25.07868498227835 223
1725363585273 24.910137290939165 224
1725363585297 24.74316001196447 225
1725363585320 24.577737043796702 226
1725363585344 24.413852461278967 227
1725363585368 24.25149051364182 228
1725363585391 24.09063562251339 229
1725363585418 23.931272379952933 230
1725363585448 23.773385546507257 231
1725363585472 23.6169600492899 232
1725363585495 23.46198098008285 233
1725363585519 23.308433593460386 234
1725363585542 23.15630330493472 235
1725363585566 23.00557568912367 236
1725363585590 22.856236477939106 237
1725363585618 22.708271558797207 238
1725363585644 22.561666972849256 239
1725363585670 22.416408913233212 240
1725363585690 22.27248372334548 241
1725363585716 22.129877895133212 242
1725363585736 21.988578067406113 243
1725363585763 21.8485710241683 244
1725363585787 21.70984369296944 245
1725363585814 21.572383143275005 246
1725363585839 21.436176584855783 247
1725363585860 21.301211366195925 248
1725363585886 21.16747497291976 249
1725363585911 21.034955026236595 250
1725363585933 20.90363928140418 251
1725363585956 20.773515626209353 252
1725363585981 20.644572079467075 253
1725363586003 20.516796789536386 254
1725363586025 20.390178032853967 255
1725363586048 20.264704212484702 256
1725363586071 20.14036385668888 257
1725363586093 20.01714561750642 258
1725363586117 19.895038269357258 259
1725363586140 19.774030707658188 260
1725363586162 19.654111947455675 261
1725363586187 19.535271122074608 262
1725363586209 19.417497481782707 263
1725363586233 19.30078039247049 264
1725363586262 19.185109334346528 265
1725363586284 19.070473900648008 266
1725363586307 18.956863796365955 267
1725363586330 18.844268836985503 268
1725363586352 18.732678947240704 269
1725363586375 18.62208415988376 270
1725363586398 18.5124746144686 271
1725363586420 18.403840556148538 272
1725363586448 18.296172334487686 273
1725363586470 18.18946040228655 274
1725363586493 18.083695314420734 275
1725363586515 17.978867726693636 276
1725363586537 17.874968394701924 277
1725363586560 17.771988172714472 278
1725363586584 17.669918012564306 279
1725363586607 17.568748962553006 280
1725363586629 17.468472166368258 281
1725363586653 17.369078862013613 282
1725363586677 17.270560380750847 283
1725363586702 17.17290814605418 284
1725363586726 17.07611367257717 285
1725363586754 16.980168565130985 286
1725363586777 16.885064517674856 287
1725363586801 16.790793312317994 288
1725363586823 16.69734681833316 289
1725363586846 16.60471699118152 290
1725363586869 16.51289587154889 291
1725363586892 16.42187558439295 292
1725363586915 16.331648338001674 293
1725363586945 16.2422064230623 294
1725363586976 16.15354221174156 295
1725363587002 16.06564815677577 296
1725363587026 15.97851679057217 297
1725363587050 15.89214072432019 298
1725363587071 15.806512647113097 299
1725363587099 15.721625325079653 300
1725363587123 15.637471600525913 301
1725363587146 15.554044391086904 302
1725363587170 15.47133668888792 303
1725363587192 15.389341559715724 304
1725363587217 15.308052142198957 305
1725363587238 15.227461646998243 306
1725363587263 15.147563356005744 307
1725363587289 15.068350621553327 308
1725363587319 14.989816865630548 309
1725363587343 14.911955579111122 310
1725363587368 14.83476032098856 311
1725363587393 14.758224717620488 312
1725363587418 14.682342461981548 313
1725363587438 14.607107312925166 314
1725363587462 14.532513094453476 315
1725363587487 14.45855369499582 316
1725363587511 14.385223066695517 317
1725363587534 14.312515224704727 318
1725363587559 14.24042424648746 319
1725363587579 14.168944271130552 320
1725363587604 14.098069498662692 321
1725363587631 14.027794189381009 322
1725363587656 13.95811266318543 323
1725363587678 13.889019298920868 324
1725363587703 13.820508533726837 325
1725363587726 13.75257486239431 326
1725363587749 13.685212836730281 327
1725363587779 13.618417064929352 328
1725363587804 13.552182210952576 329
1725363587827 13.486502993913547 330
1725363587850 13.421374187471212 331
1725363587870 13.356790619229953 332
1725363587896 13.292747170146297 333
1725363587920 13.229238773942487 334
1725363587944 13.166260416526814 335
1725363587967 13.10380713542047 336
1725363587990 13.041874019190905 337
1725363588013 12.980456206891919 338
1725363588036 12.91954888750976 339
1725363588060 12.85914729941588 340
1725363588085 12.79924672982569 341
1725363588108 12.739842514263705 342
1725363588133 12.680930036034518 343
1725363588163 12.62250472570009 344
1725363588186 12.56456206056286 345
1725363588210 12.507097564154638 346
1725363588233 12.450106805731506 347
1725363588255 12.393585399774434 348
1725363588277 12.337529005495403 349
1725363588300 12.281933326349451 350
1725363588325 12.226794109551925 351
1725363588350 12.17210714560152 352
1725363588375 12.11786826780857 353
1725363588403 12.064073351828785 354
1725363588427 12.010718315202242 355
1725363588450 11.957799116897519 356
1725363588475 11.905311756861254 357
1725363588499 11.853252275572645 358
1725363588523 11.801616753602955 359
1725363588543 11.750401311180113 360
1725363588565 11.69960210775835 361
1725363588590 11.649215341592406 362
1725363588614 11.599237249316849 363
1725363588636 11.549664105530194 364
1725363588659 11.500492222383397 365
1725363588681 11.45171794917333 366
1725363588706 11.403337671940701 367
1725363588733 11.355347813072676 368
1725363588756 11.307744830909789 369
1725363588787 11.260525219357504 370
1725363588811 11.21368550750185 371
1725363588834 11.167222259229996 372
1725363588856 11.121132072854339 373
1725363588879 11.075411580741584 374
1725363588902 11.030057448945428 375
1725363588925 10.985066376843735 376
1725363588952 10.940435096779723 377
1725363588976 10.896160373707133 378
1725363588998 10.852239004839502 379
1725363589022 10.808667819303238 380
1725363589046 10.765443677794863 381
1725363589074 10.72256347224182 382
1725363589096 10.680024125467348 383
1725363589119 10.637822590858924 384
1725363589141 10.595955852040664 385
1725363589163 10.554420922549236 386
1725363589187 10.513214845513357 387
1725363589211 10.472334693337203 388
1725363589231 10.431777567387131 389
1725363589253 10.39154059768186 390
1725363589278 10.351620942586415 391
1725363589305 10.312015788509182 392
1725363589335 10.272722349602704 393
1725363589361 10.233737867467529 394
1725363589396 10.195059610859511 395
1725363589417 10.156684875400494 396
1725363589442 10.118610983292102 397
1725363589464 10.080835283032709 398
1725363589488 10.043355149137664 399
1725363589511 10.00616798186274 400
1725363589535 9.969271206930477 401
1725363589557 9.932662275259675 402
1725363589581 9.89633866269804 403
1725363589602 9.86029786975754 404
1725363589624 9.824537421352993 405
1725363589647 9.789054866543498 406
1725363589673 9.75384777827661 407
1725363589696 9.718913753135599 408
1725363589720 9.684250411089339 409
1725363589742 9.64985539524522 410
1725363589771 9.61572637160441 411
1725363589806 9.581861028820372 412
1725363589828 9.548257077959619 413
1725363589851 9.514912252265455 414
1725363589877 9.48182430692417 415
1725363589901 9.448991018833816 416
1725363589924 9.41641018637576 417
1725363589946 9.384079629188525 418
1725363589971 9.35199718794436 419
1725363589996 9.320160724128122 420
1725363590022 9.288568119818791 421
1725363590044 9.257217277473261 422
1725363590067 9.226106119712556 423
1725363590090 9.195232589110596 424
1725363590114 9.16459464798499 425
1725363590137 9.134190278190449 426
1725363590159 9.104017480914337 427
1725363590182 9.074074276474468 428
1725363590206 9.044358704119338 429
1725363590230 9.014868821830238 430
1725363590253 8.985602706125894 431
1725363590277 8.956558451869105 432
1725363590303 8.9277341720754 433
1725363590328 8.89912799772421 434
1725363590352 8.8707380775716 435
1725363590379 8.842562577965504 436
1725363590405 8.814599682662815 437
1725363590427 8.78684759264841 438
1725363590452 8.7593045259565 439
1725363590478 8.731968717493428 440
1725363590502 8.704838418863014 441
1725363590527 8.677911898193333 442
1725363590552 8.65118743996569 443
1725363590576 8.6246633448454 444
1725363590595 8.598337929514356 445
1725363590620 8.572209526505564 446
1725363590643 8.546276484039463 447
1725363590667 8.520537165861931 448
1725363590693 8.494989951084273 449
1725363590716 8.469633234024716 450
1725363590737 8.444465424051971 451
1725363590762 8.419484945430163 452
1725363590796 8.394690237165692 453
1725363590819 8.370079752855737 454
1725363590843 8.34565196053835 455
1725363590867 8.32140534254422 456
1725363590890 8.297338395350133 457
1725363590913 8.273449629433907 458
1725363590938 8.249737569131046 459
1725363590960 8.226200752492874 460
1725363590991 8.202837731146245 461
1725363591016 8.179647070154806 462
1725363591038 8.156627347881727 463
1725363591065 8.13377715585401 464
1725363591088 8.111095098628194 465
1725363591112 8.08857979365751 466
1725363591139 8.066229871160711 467
1725363591163 8.044043973991878 468
1725363591187 8.02202075751224 469
1725363591213 8.000158889462792 470
1725363591239 7.978457049838745 471
1725363591262 7.956913930765109 472
1725363591286 7.9355282363737665 473
1725363591311 7.914298682681665 474
1725363591333 7.893223997470629 475
1725363591358 7.872302920168265 476
1725363591382 7.851534201730216 477
1725363591405 7.830916604523665 478
1725363591429 7.810448902212224 479
1725363591451 7.790129879641868 480
1725363591474 7.769958332728325 481
1725363591495 7.749933068345491 482
1725363591520 7.73005290421516 483
1725363591544 7.710316668797961 484
1725363591567 7.690723201185375 485
1725363591590 7.671271350993013 486
1725363591616 7.651959978255038 487
1725363591643 7.632787953319658 488
1725363591666 7.613754156745814 489
1725363591689 7.594857479200911 490
1725363591712 7.576096821359779 491
1725363591735 7.557471093804595 492
1725363591759 7.538979216925933 493
1725363591781 7.52062012082485 494
1725363591816 7.502392745216089 495
1725363591847 7.484296039332274 496
1725363591870 7.466328961829099 497
1725363591896 7.44849048069166 498
1725363591933 7.430779573141638 499
