1725390168604 8.301075814762884e+298 0
1725390168665 3.086849444893755e+293 1
1725390168748 1.654048065273211e+297 2
1725390168812 1.0678889878719899e+297 3
1725390168879 2.6429397486318374e+296 4
1725390168946 7.739401301052835e+297 5
1725390169025 6.459867995015197e+297 6
1725390169094 3.453478125274957e+296 7
1725390169145 1.7334656642026806e+299 8
1725390169209 1.9086054353315518e+297 9
1725390169276 5.519900702929026e+300 10
1725390169350 9.568955142608044e+297 11
1725390169418 4.033193450469897e+300 12
1725390169472 5.140081578774954e+301 13
1725390169531 1.1907366534381581e+299 14
1725390169589 3.1765046836138083e+301 15
1725390169654 1.69899020633634e+302 16
1725390169716 2.0946002616245502e+302 17
1725390169801 4.4379686089323976e+302 18
1725390169907 8.045274388253341e+303 19
1725390169967 1.6306646141435243e+304 20
1725390170033 1.0743402048441705e+304 21
1725390170105 6.019162727715145e+304 22
