1725421644821 173.27995004995947 0
1725421644846 172.92927720871523 1
1725421644892 172.57931426584972 2
1725421644939 172.2300597788513 3
1725421644995 171.88151230816538 4
1725421645018 171.53367041718764 5
1725421645038 171.18653267225847 6
1725421645055 170.84009764265656 7
1725421645079 170.49436390059282 8
1725421645102 170.14933002120426 9
1725421645122 169.80499458254798 10
1725421645149 169.461356165595 11
1725421645171 169.1235877898216 12
1725421645192 168.78649810177376 13
1725421645215 168.45008572725683 14
1725421645234 168.1143492948887 15
1725421645254 167.77928743609382 16
1725421645272 167.44489878509762 17
1725421645291 167.11118197892063 18
1725421645314 166.77813565737236 19
1725421645335 166.44575846304582 20
1725421645353 166.11404904131172 21
1725421645379 165.78300604031242 22
1725421645405 165.4526281109564 23
1725421645425 165.12291390691252 24
1725421645448 164.793862084604 25
1725421645468 164.46547130320312 26
1725421645490 164.13774022462508 27
1725421645521 163.8106675135225 28
1725421645557 163.48425183727974 29
1725421645588 163.15849186600718 30
1725421645612 162.83338627253548 31
1725421645632 162.50893373241 32
1725421645653 162.18513292388522 33
1725421645678 161.86198252791897 34
1725421645701 161.53948122816678 35
1725421645725 161.2176277109765 36
1725421645757 160.89642066538244 37
1725421645788 160.5758587830999 38
1725421645819 160.25594075851976 39
1725421645851 159.93666528870244 40
1725421645890 159.61803107337295 41
1725421645938 159.30003681491488 42
1725421645972 158.9826812183652 43
1725421646000 158.6659629914084 44
1725421646017 158.3498808443714 45
1725421646033 158.03443349021765 46
1725421646051 157.71961964454204 47
1725421646069 157.40543802556502 48
1725421646086 157.0918873541275 49
1725421646109 156.77896635368523 50
1725421646145 156.46667375030344 51
1725421646180 156.1550082726513 52
1725421646211 155.84396865199656 53
1725421646238 155.53355362220037 54
1725421646258 155.22376191971154 55
1725421646276 154.9145922835613 56
1725421646294 154.60604345535808 57
1725421646321 154.29811417928198 58
1725421646343 153.99080320207952 59
1725421646386 153.68410927305825 60
1725421646421 153.37803114408146 61
1725421646454 153.07256756956292 62
1725421646490 152.76771730646146 63
1725421646516 152.4634791142758 64
1725421646539 152.1598517550393 65
1725421646558 151.85683399331455 66
1725421646581 151.5544245961883 67
1725421646600 151.2526223332661 68
1725421646625 150.95142597666697 69
1725421646646 150.6508343010185 70
1725421646668 150.35084608345142 71
1725421646690 150.05146010359434 72
1725421646711 149.75267514356875 73
1725421646727 149.45448998798378 74
1725421646756 149.156903423931 75
1725421646789 148.8599142409792 76
1725421646823 148.56352123116963 77
1725421646856 148.26772318901016 78
1725421646898 147.97251891147098 79
1725421646941 147.67790719797884 80
1725421647039 147.38388685041238 81
1725421647061 147.09045667309684 82
1725421647082 146.79761547279884 83
1725421647101 146.5053620587218 84
1725421647123 146.21369524250042 85
1725421647146 145.92261383819576 86
1725421647167 145.63211666229037 87
1725421647183 145.34220253368306 88
1725421647205 145.0528702736841 89
1725421647220 144.76411870600995 90
1725421647241 144.47594665677858 91
1725421647265 144.18835295450415 92
1725421647284 143.90133643009247 93
1725421647308 143.61489591683556 94
1725421647334 143.32903025040716 95
1725421647355 143.04373826885734 96
1725421647377 142.75901881260808 97
1725421647393 142.47487072444787 98
1725421647415 142.19129284952714 99
1725421647436 141.9082840353533 100
1725421647456 141.62584313178556 101
1725421647479 141.34396899103055 102
1725421647509 141.0626604676372 103
1725421647526 140.78191641849173 104
1725421647550 140.50173570281314 105
1725421647567 140.2221171821481 106
1725421647589 139.94305972036636 107
1725421647612 139.66456218365565 108
1725421647635 139.38662344051718 109
1725421647658 139.10924236176072 110
1725421647680 138.83241782049978 111
1725421647703 138.55614869214682 112
1725421647724 138.28043385440864 113
1725421647749 138.00527218728146 114
1725421647771 137.73066257304632 115
1725421647790 137.45660389626423 116
1725421647811 137.18309504377154 117
1725421647834 136.91013490467515 118
1725421647850 136.63772237034792 119
1725421647872 136.3658563344238 120
1725421647900 136.0945356927934 121
1725421647920 135.823759343599 122
1725421647939 135.55352618723032 123
1725421647968 135.28383512631945 124
1725421647989 135.0146850657363 125
1725421648011 134.74607491258425 126
1725421648034 134.47800357619516 127
1725421648051 134.2104699681251 128
1725421648071 133.94347300214937 129
1725421648091 133.67701159425823 130
1725421648117 133.4110846626522 131
1725421648152 133.14569112773745 132
1725421648188 132.8808299121213 133
1725421648221 132.6164999406076 134
1725421648250 132.35270014019227 135
1725421648270 132.08942944005867 136
1725421648290 131.82668677157318 137
1725421648317 131.56447106828065 138
1725421648337 131.30278126589982 139
1725421648358 131.04161630231894 140
1725421648390 130.78097511759117 141
1725421648422 130.52115380466756 142
1725421648453 130.26185283697959 143
1725421648482 130.00307116558017 144
1725421648504 129.744807743655 145
1725421648522 129.48706152651803 146
1725421648543 129.22983147160718 147
1725421648566 128.97311653847993 148
1725421648588 128.716915688809 149
1725421648612 128.46122788637783 150
1725421648670 128.20605209707645 151
1725421648712 127.95138728889705 152
1725421648739 127.69723243192958 153
1725421648756 127.44358649835756 154
1725421648782 127.19044846245367 155
1725421648801 126.93781730057547 156
1725421648821 126.68569199116118 157
1725421648845 126.43407151472529 158
1725421648869 126.18295485385426 159
1725421648912 125.93234099320247 160
1725421648945 125.6822289194877 161
1725421648994 125.43261762148705 162
1725421649033 125.18350609003264 163
1725421649069 124.93489331800738 164
1725421649104 124.68677830034079 165
1725421649125 124.43916003400474 166
1725421649150 124.1920375180092 167
1725421649173 123.94540975339815 168
1725421649193 123.69927574324544 169
1725421649215 123.45363449265037 170
1725421649235 123.20848500873379 171
1725421649251 122.96382630063377 172
1725421649271 122.71965737950153 173
1725421649287 122.47597725849722 174
1725421649321 122.23278495278595 175
1725421649344 121.99007947953346 176
1725421649365 121.74785985790211 177
1725421649392 121.50612510904679 178
1725421649413 121.26487425611073 179
1725421649432 121.02410632422162 180
1725421649448 120.78382034048721 181
1725421649466 120.54401533399155 182
1725421649488 120.30469033579064 183
1725421649512 120.0658443789086 184
1725421649534 119.82747649833352 185
1725421649553 119.58958573101351 186
1725421649571 119.3521711158525 187
1725421649589 119.1152316937064 188
1725421649612 118.87876650737888 189
1725421649635 118.64277460161769 190
1725421649656 118.40725502311024 191
1725421649679 118.17220682048001 192
1725421649699 117.93762904428229 193
1725421649717 117.70352074700041 194
1725421649748 117.46988098304155 195
1725421649790 117.23670880873304 196
1725421649838 117.00400328231821 197
1725421649866 116.77176346395258 198
1725421649887 116.53998841569982 199
1725421649914 116.30867720152794 200
1725421649935 116.07782888730532 201
1725421649959 115.8474425407968 202
1725421649983 115.61751723165976 203
1725421650001 115.38805203144032 204
1725421650018 115.15904601356937 205
1725421650034 114.93049825335869 206
1725421650051 114.70240782799725 207
1725421650069 114.47477381654707 208
1725421650085 114.24759529993968 209
1725421650105 114.02087136097198 210
1725421650121 113.79460108430268 211
1725421650143 113.56878355644828 212
1725421650159 113.34341786577937 213
1725421650178 113.11850310251673 214
1725421650200 112.89403835872763 215
1725421650219 112.67002272832195 216
1725421650238 112.44645530704847 217
1725421650267 112.22333519249094 218
1725421650286 112.00066148406462 219
1725421650310 111.77843328301216 220
1725421650341 111.55664969240006 221
1725421650364 111.3353098171149 222
1725421650409 111.11441276385956 223
1725421650445 110.89395764114954 224
1725421650486 110.67394355930918 225
1725421650513 110.45436963046794 226
1725421650537 110.2352349685568 227
1725421650559 110.01653868930445 228
1725421650582 109.79827991023367 229
1725421650604 109.5804577506576 230
1725421650644 109.36307133167608 231
1725421650676 109.14611977617199 232
1725421650720 108.92960220880758 233
1725421650744 108.7135177560208 234
1725421650772 108.49786554602181 235
1725421650790 108.28264470878904 236
1725421650815 108.0678543760658 237
1725421650833 107.85349368135665 238
1725421650849 107.63956175992365 239
1725421650880 107.4260577487829 240
1725421650916 107.2129807867008 241
1725421650955 107.00033001419055 242
1725421651000 106.78810457350863 243
1725421651037 106.57630360865105 244
1725421651079 106.36492626534988 245
1725421651115 106.15397169106974 246
1725421651136 105.94343903500418 247
1725421651154 105.73332744807207 248
1725421651176 105.5236360829142 249
1725421651192 105.31436409388965 250
1725421651211 105.10551063707233 251
1725421651234 104.89707487024737 252
1725421651267 104.68905595290776 253
1725421651336 104.48145304625068 254
1725421651371 104.27426531317406 255
1725421651400 104.06749191827325 256
1725421651422 103.86113202783729 257
1725421651455 103.65518480984555 258
1725421651484 103.44964943396432 259
1725421651517 103.2445250715433 260
1725421651542 103.03981089561208 261
1725421651558 102.83550608087683 262
1725421651576 102.63160980371673 263
1725421651595 102.42812124218071 264
1725421651614 102.2250395759838 265
1725421651634 102.02236398650392 266
1725421651650 101.82009365677838 267
1725421651667 101.61822777150043 268
1725421651687 101.416765517016 269
1725421651707 101.21570608132016 270
1725421651728 101.0150486540539 271
1725421651768 100.81479242650063 272
1725421651800 100.61493659158286 273
1725421651842 100.41548034385882 274
1725421651871 100.21642287951913 275
1725421651891 100.0177633963835 276
1725421651911 99.8195010938973 277
1725421651932 99.62163517312831 278
1725421651951 99.42416483676331 279
1725421651970 99.22708928910481 280
1725421652000 99.03040773606783 281
1725421652033 98.83411938517644 282
1725421652056 98.6382234455605 283
1725421652096 98.44271912795251 284
1725421652121 98.24760564468411 285
1725421652150 98.05288220968298 286
1725421652175 97.85854803846946 287
1725421652201 97.6646023481534 288
1725421652234 97.4710443574308 289
1725421652266 97.27787328658054 290
1725421652291 97.08508835746134 291
1725421652326 96.89268879350828 292
1725421652364 96.70067381972969 293
1725421652388 96.5090426627039 294
1725421652431 96.31779455057611 295
1725421652455 96.12692871305504 296
1725421652487 95.93644438140986 297
1725421652518 95.74634078846678 298
1725421652551 95.55661716860625 299
1725421652581 95.36727275775942 300
1725421652608 95.17830679340504 301
1725421652646 94.98971851456648 302
1725421652679 94.80150716180829 303
1725421652720 94.61367197723327 304
1725421652755 94.4262122044792 305
1725421652789 94.23912708871576 306
1725421652822 94.05241587664139 307
1725421652867 93.86607781648009 308
1725421652899 93.68011215797837 309
1725421652933 93.49451815240208 310
1725421652965 93.30929505253346 311
1725421652997 93.12444211266774 312
1725421653033 92.93995858861032 313
1725421653065 92.75584373767352 314
1725421653099 92.5720968186736 315
1725421653122 92.38871709192763 316
1725421653163 92.20570381925042 317
1725421653198 92.02305626395136 318
1725421653232 91.84077369083161 319
1725421653265 91.65885536618084 320
1725421653299 91.47730055777421 321
1725421653324 91.29610853486942 322
1725421653401 91.11527856820359 323
1725421653441 90.93480992999025 324
1725421653495 90.75470189391642 325
1725421653530 90.57495373513937 326
1725421653565 90.3955647302839 327
1725421653597 90.2165341574391 328
1725421653633 90.03786129615553 329
1725421653677 89.85954542744203 330
1725421653718 89.68158583376302 331
1725421653752 89.5039817990352 332
1725421653781 89.32673260862485 333
1725421653807 89.14983754934472 334
1725421653834 88.97329590945112 335
1725421653865 88.79726010979898 336
1725421653908 88.62157558535581 337
1725421653947 88.44624163167681 338
1725421653990 88.27125754573734 339
1725421654019 88.09662262592988 340
1725421654055 87.9223361720613 341
1725421654082 87.74839748534991 342
1725421654111 87.57480586842267 343
1725421654141 87.40156062531221 344
1725421654175 87.22866106145408 345
1725421654205 87.05610648368389 346
1725421654238 86.88389620023443 347
1725421654265 86.71202952073286 348
1725421654300 86.54050575619785 349
1725421654349 86.3693242190369 350
1725421654394 86.19848422304322 351
1725421654439 86.02798508339328 352
1725421654465 85.85782611664374 353
1725421654505 85.68800664072874 354
1725421654541 85.51852597495716 355
1725421654581 85.34938344000972 356
1725421654624 85.18057835793628 357
1725421654653 85.01211005215303 358
1725421654684 84.84397784743975 359
1725421654724 84.67618106993696 360
1725421654764 84.5087190471433 361
1725421654793 84.34159110791262 362
1725421654833 84.17479658245135 363
1725421654864 84.00833480231569 364
1725421654906 83.8422051004089 365
1725421654941 83.67640681097859 366
1725421654973 83.51093926961394 367
1725421655008 83.345801813243 368
1725421655037 83.18099378012998 369
1725421655064 83.01651450987255 370
1725421655098 82.85236334339915 371
1725421655133 82.6885396229662 372
1725421655172 82.52504269215555 373
1725421655203 82.3618718958717 374
1725421655238 82.19902658033904 375
1725421655274 82.03650609309942 376
1725421655307 81.87430978300921 377
1725421655346 81.7124370002368 378
1725421655383 81.5508870962599 379
1725421655415 81.38965942386284 380
1725421655447 81.22875333713395 381
1725421655484 81.06816819146297 382
1725421655530 80.90790334353838 383
1725421655565 80.74795815134466 384
1725421655604 80.58833197415979 385
1725421655634 80.42902417255263 386
1725421655664 80.27003410838027 387
1725421655696 80.1113611447853 388
1725421655731 79.95300464619348 389
1725421655765 79.79496397831085 390
1725421655805 79.63723850812127 391
1725421655840 79.4798276038839 392
1725421655866 79.32273063513041 393
1725421655910 79.16594697266264 394
1725421655972 79.00947598854987 395
1725421655996 78.85331705612629 396
1725421656019 78.69751979675479 397
1725421656042 78.54203308099372 398
1725421656065 78.38685628702311 399
1725421656080 78.23198879427385 400
1725421656099 78.07742998342499 401
1725421656118 77.92317923640121 402
1725421656144 77.76923593637025 403
1725421656168 77.61559946774065 404
1725421656187 77.46226921615887 405
1725421656208 77.30924456850708 406
1725421656231 77.15652491290058 407
1725421656252 77.00410963868526 408
1725421656277 76.85199813643514 409
1725421656297 76.70018979794986 410
1725421656314 76.54868401625228 411
1725421656332 76.39748018558593 412
1725421656348 76.24657770141266 413
1725421656376 76.09597596040986 414
1725421656416 75.94567436046849 415
1725421656448 75.79567230069021 416
1725421656484 75.64596918138514 417
1725421656522 75.49656440406935 418
1725421656557 75.34745737146251 419
1725421656586 75.19864748748526 420
1725421656631 75.05013415725699 421
1725421656656 74.90191678709336 422
1725421656689 74.75399478450376 423
1725421656722 74.60636755818909 424
1725421656750 74.45903451803926 425
1725421656768 74.31199507513065 426
1725421656785 74.16524864172403 427
1725421656806 74.01879463126184 428
1725421656823 73.87263245836604 429
1725421656840 73.72676153883555 430
1725421656856 73.581181289644 431
1725421656885 73.43589112893736 432
1725421656914 73.2908904760313 433
1725421656950 73.14617875140934 434
1725421656996 73.00175537671996 435
1725421657038 72.85761977477465 436
1725421657072 72.71377136954524 437
1725421657106 72.5702095861618 438
1725421657151 72.4269338509102 439
1725421657186 72.28394359122977 440
1725421657239 72.14123823571087 441
1725421657261 71.99881721409284 442
1725421657280 71.8566799572614 443
1725421657298 71.71482589724651 444
1725421657314 71.57325446721991 445
1725421657333 71.431965101493 446
1725421657351 71.29095723551436 447
1725421657380 71.1502303058675 448
1725421657422 71.00978375026867 449
1725421657476 70.86961700756443 450
1725421657501 70.72972951772948 451
1725421657519 70.59012072186421 452
1725421657539 70.45079006219272 453
1725421657556 70.31173698206027 454
1725421657580 70.17296092593111 455
1725421657598 70.03446133938621 456
1725421657630 69.89623766912116 457
1725421657663 69.75828936294364 458
1725421657686 69.62061586977138 459
1725421657723 69.48321663962977 460
1725421657772 69.3460911236498 461
1725421657808 69.2092387740657 462
1725421657873 69.07265904421273 463
1725421657897 68.93635138852498 464
1725421657914 68.8003152625331 465
1725421657932 68.66455012286218 466
1725421657954 68.52905542722945 467
1725421657975 68.39383063444208 468
1725421657995 68.25887520439505 469
1725421658020 68.12418859806888 470
1725421658042 67.98977027752748 471
1725421658063 67.85564637426162 472
1725421658082 67.72176284000257 473
1725421658101 67.58817253571354 474
1725421658129 67.45484819292116 475
1725421658163 67.32178927984799 476
1725421658189 67.18899526578421 477
1725421658218 67.05646562108555 478
1725421658247 66.9241733088595 479
1725421658297 66.7921708932437 480
1725421658331 66.66043126417183 481
1725421658366 66.52895389624089 482
1725421658400 66.39773826510248 483
1725421658418 66.26678384746097 484
1725421658444 66.13606376155377 485
1725421658468 66.00563027945456 486
1725421658497 65.8754564470034 487
1725421658535 65.7455417450947 488
1725421658573 65.61588565566507 489
1725421658608 65.48648766169096 490
1725421658650 65.35732103407595 491
1725421658689 65.22843775753776 492
1725421658728 65.09981103135007 493
1725421658755 64.97144034262914 494
1725421658781 64.84332517952069 495
1725421658802 64.71546503119795 496
1725421658818 64.58783331879434 497
1725421658840 64.46048174432691 498
1725421658861 64.33338365805822 499
