1725390070535 101.0311075123727 0
1725390070617 51.34162805594117 1
1725390070704 42.106904575434655 2
1725390070785 21.156089534343998 3
1725390070853 19.178995438363728 4
1725390070925 8.299074584487123 5
1725390070997 7.027230601386695 6
1725390071067 9.260393357932656 7
1725390071136 3.2382434467544425 8
1725390071226 1.633251306486423 9
1725390071302 0.2925569808124392 10
1725390071353 0.6598034508374576 11
1725390071421 1.187262644689759 12
1725390071503 0.5585929627315064 13
1725390071576 0.37455507911700486 14
1725390071640 0.008878928322641134 15
1725390071720 0.03239765297188008 16
1725390071865 0.4151157419380087 17
1725390071928 0.016229718105694495 18
1725390071977 0.16704785467314737 19
1725390072036 0.0963017006722955 20
1725390072095 0.00041099849965854103 21
1725390072161 0.024143322823210613 22
1725390072217 0.02170460446462594 23
1725390072279 0.12804977155576472 24
1725390072356 0.018562046744424514 25
1725390072409 0.022104548357311196 26
1725390072456 0.8017612964425769 27
1725390072512 0.001384287238763721 28
1725390072568 0.049253068269112715 29
1725390072612 0.10212784423065868 30
1725390072665 0.06800048384147672 31
1725390072717 0.001689811179437725 32
1725390072765 0.07998788450736073 33
1725390072818 0.03373748525851589 34
1725390072865 0.00013293028794210407 35
1725390072928 0.009715942560114366 36
1725390073001 0.050873514067621424 37
1725390073056 0.32740820028521694 38
1725390073122 0.23863012455896218 39
1725390073200 0.023595853517789346 40
1725390073277 0.020450416334418704 41
