1725392727336 145.96341841109248 0
1725392727349 118.93617597529914 1
1725392727363 100.79069853269016 2
1725392727388 91.49009329190113 3
1725392727412 73.52500490551373 4
1725392727435 62.143427365296624 5
1725392727461 53.286756371324415 6
1725392727482 46.04034481391198 7
1725392727510 40.49111855711243 8
1725392727536 34.02885198487072 9
1725392727558 30.170023992289767 10
1725392727584 28.145342746889945 11
1725392727605 22.36868408302573 12
1725392727629 21.44357615957021 13
1725392727648 19.459106863675064 14
1725392727664 15.671933807377197 15
1725392727685 15.489062083716767 16
1725392727703 14.417563300064133 17
1725392727720 12.946883584078943 18
1725392727737 11.543227811953617 19
1725392727765 10.051954234647706 20
1725392727790 10.00246888613187 21
1725392727817 9.49583831998686 22
1725392727839 8.983436860354576 23
1725392727862 8.848027331708806 24
1725392727887 7.802325074747959 25
1725392727914 7.585968153141353 26
1725392727946 7.195288788370434 27
1725392727964 7.413789800087438 28
1725392727982 6.913999441638377 29
1725392728001 6.704250226671799 30
1725392728026 6.509698961108609 31
1725392728051 6.32166378274968 32
1725392728073 6.154841094035151 33
1725392728105 5.653614661576254 34
1725392728131 6.205366305683326 35
1725392728155 5.289089484470575 36
1725392728185 5.219195460518822 37
1725392728207 5.443102461714054 38
1725392728238 5.2763735547931 39
1725392728260 5.140103585143754 40
1725392728287 5.528813086024073 41
1725392728313 5.168336157926462 42
1725392728339 5.3563673571753965 43
1725392728363 4.986007013054041 44
1725392728384 4.912364419416208 45
1725392728400 4.975841976592433 46
1725392728418 4.984403388559232 47
1725392728433 4.966971273928916 48
1725392728445 4.909031715707465 49
1725392728458 4.715956929476029 50
1725392728476 4.773062382619372 51
1725392728489 5.0108583088546075 52
1725392728513 5.100299484249512 53
1725392728539 4.924200942835928 54
1725392728561 5.006512095756457 55
1725392728588 4.628806456989754 56
1725392728607 4.387500828736009 57
1725392728627 4.465417145675295 58
1725392728646 4.706467799457736 59
1725392728664 4.539832780861825 60
1725392728682 4.622380255083214 61
1725392728698 5.191262227803703 62
1725392728715 4.832423700786875 63
1725392728732 4.935406582153885 64
1725392728748 4.704055658136165 65
1725392728765 4.701168601280474 66
1725392728782 4.831200856657593 67
1725392728800 4.782342654002515 68
1725392728818 5.228972361792127 69
1725392728835 4.99596762594414 70
1725392728858 4.92249879746261 71
1725392728933 4.802734412928615 72
1725392728970 4.527028598159897 73
1725392728983 4.830095302002111 74
1725392729002 4.612813946528844 75
1725392729024 4.890593859523949 76
1725392729049 4.6890542948548415 77
1725392729078 4.669684233530091 78
1725392729097 4.914803216539047 79
1725392729124 4.928627422232587 80
1725392729142 5.133078263651985 81
1725392729159 4.768832245835117 82
1725392729177 5.049912382422809 83
1725392729193 4.9805988629784865 84
1725392729209 4.706820749153012 85
1725392729225 4.619884984791372 86
1725392729238 4.667699626491768 87
1725392729267 4.775987363945954 88
1725392729286 4.772066061048313 89
1725392729316 4.535976418975983 90
1725392729343 4.614250180811136 91
1725392729369 5.155980577943772 92
1725392729392 4.822952380453778 93
1725392729414 5.2871314337089474 94
1725392729435 4.850967666906336 95
1725392729462 4.47317111941989 96
1725392729486 5.007066275976789 97
1725392729513 4.442881145724388 98
1725392729537 4.814720494391594 99
1725392729563 4.8298208171115204 100
1725392729583 4.845650597971759 101
1725392729605 4.892431630950728 102
1725392729626 4.825701386765299 103
1725392729645 4.778606573078177 104
1725392729669 4.656339929355124 105
1725392729691 4.868773545820122 106
