1725418939868 66.8146007097101 0
1725418939928 77.31840151212793 1
1725418940029 51.99466279583436 2
1725418940108 30.344649624805207 3
1725418940214 15.279942716379429 4
1725418940280 10.45784024083187 5
1725418940336 11.078380076864033 6
1725418940384 7.994451943183231 7
1725418940454 6.49061100744516 8
1725418940512 4.255328138813857 9
1725418940583 3.4032533614704814 10
1725418940641 0.8812608428815044 11
1725418940706 2.030665224524966 12
1725418940776 0.8901891526160591 13
1725418940860 0.773366145722739 14
1725418940940 1.2318822183204539 15
1725418941010 1.128275502378029 16
1725418941163 1.160766907657883 17
1725418941232 0.2505651905114974 18
1725418941296 0.4486793691103592 19
1725418941360 0.13872307190751104 20
1725418941419 0.5528908057801831 21
1725418941510 0.17630759377366076 22
1725418941592 0.31805860635303096 23
1725418941643 1.3260572631289473 24
1725418941708 0.2705752590913968 25
1725418941791 0.5429735970504037 26
1725418941851 0.9795051336239555 27
1725418941907 0.48161004868591095 28
1725418941972 0.00022238207899248147 29
1725418942050 1.6158368565597891 30
1725418942110 1.2306255061243763 31
1725418942166 0.6568052868159067 32
1725418942222 0.00034606697592925464 33
1725418942293 0.3936056530209392 34
1725418942350 0.5105450710102781 35
1725418942411 0.8964486895885805 36
1725418942480 0.38281164481863317 37
1725418942570 0.686824774722121 38
1725418942632 1.5301475658279264 39
1725418942689 0.15966789868032624 40
1725418942784 0.2744453258150923 41
1725418942862 0.6405250822228499 42
1725418942933 0.011092060214012892 43
1725418943008 0.909999135939726 44
1725418943069 0.6770150070916205 45
1725418943129 0.9648563777921285 46
1725418943192 0.26403617522661993 47
1725418943245 0.7089554565563692 48
1725418943303 0.47663602715321446 49
1725418943389 0.2816397506163622 50
1725418943494 0.07517920436119734 51
1725418943555 1.1190530170779676 52
1725418943643 1.954116684318639e-06 53
1725418943741 0.5875201500860712 54
1725418943798 0.34324870664952156 55
1725418943865 0.05844027569991019 56
1725418943948 0.06943223130398528 57
1725418944025 0.9277356902476447 58
1725418944121 0.1011801366605759 59
1725418944209 0.18255804391030797 60
1725418944300 0.010524329355203995 61
1725418944371 1.149665763982836 62
1725418944428 0.3989113623915371 63
1725418944510 0.3188170400557062 64
1725418944597 1.299192665378149 65
1725418944653 0.18737122835033915 66
1725418944724 0.15793505416928855 67
1725418944799 1.255988582260668 68
1725418944868 0.7037960853534349 69
1725418944942 0.1836424734148084 70
1725418945024 1.4853905007520152 71
1725418945117 0.43754666158751393 72
1725418945186 0.3015054515220532 73
1725418945278 1.581027456785347 74
1725418945367 0.7715979735958731 75
1725418945456 1.64521462927754 76
1725418945524 0.6726820920694655 77
1725418945602 0.4169504644123275 78
1725418945658 0.6783499139000241 79
1725418945738 0.153745817327031 80
1725418945811 3.7465150742568796e-06 81
1725418945877 1.5447894752097948 82
1725418945942 1.3021737017362172 83
1725418946010 0.4956135171537755 84
1725418946082 0.008133695595536942 85
1725418946159 0.8471658754664938 86
1725418946240 0.2532238039636311 87
1725418946306 1.047758644644213 88
1725418946376 1.1825373387384719 89
1725418946440 1.053964191970588 90
1725418946504 0.010062869161563395 91
1725418946573 1.1581600669636312 92
1725418946661 1.3397031768154186 93
1725418946759 0.13458283484161987 94
1725418946843 0.7977794848705568 95
1725418946941 1.9958195477206429 96
1725418947040 0.6299760638139741 97
1725418947119 0.16659859443630803 98
1725418947199 0.6572335918955898 99
1725418947298 1.0657936171240083 100
1725418947391 0.38644944965858363 101
1725418947482 0.8192911979120443 102
1725418947569 1.2358046417468185 103
1725418947647 0.3278614497287783 104
1725418947713 0.1602423718433574 105
1725418947777 0.3004639412491918 106
1725418947833 0.9859495830197242 107
1725418947901 1.2052144995178131 108
1725418947974 0.2291535872241869 109
1725418948036 0.3323834630248556 110
1725418948108 0.22276465579124474 111
1725418948172 0.525718905265783 112
1725418948258 0.02656592002322417 113
1725418948341 1.3305499941069885 114
1725418948431 0.06352171500469875 115
1725418948489 0.1407825010208963 116
1725418948539 0.5020229611695196 117
1725418948617 0.06426471581140066 118
