1725388047575 139.57558492345703 0
1725388047610 132.80727483548523 1
1725388047637 99.56326395258186 2
1725388047665 87.6631335337436 3
1725388047693 66.72424085605739 4
1725388047719 64.0292001485812 5
1725388047746 49.82909295644179 6
1725388047773 42.77065800527319 7
1725388047802 34.03090153356478 8
1725388047834 28.146397188025823 9
1725388047863 22.94223598935422 10
1725388047896 18.58623613849591 11
1725388047927 15.858289519101186 12
1725388047955 13.263863739970859 13
1725388047984 11.177873692992051 14
1725388048011 9.574679363242414 15
1725388048038 7.950681105457387 16
1725388048067 8.110913106862425 17
1725388048093 6.019590871765595 18
1725388048123 4.841521065795548 19
1725388048153 4.178298372667028 20
1725388048185 3.5163698073603067 21
1725388048210 2.856769295270958 22
1725388048232 2.2546437717659127 23
1725388048252 2.0327240736351735 24
1725388048282 1.7891823071221546 25
1725388048308 1.7049320807870862 26
1725388048336 1.3474194217119004 27
1725388048362 1.061175123180011 28
1725388048390 0.7692120904434356 29
1725388048418 0.7810464436876254 30
1725388048445 0.7015916834799006 31
1725388048472 0.47674699631699485 32
1725388048499 0.40265293233679617 33
1725388048525 0.490318104776919 34
1725388048548 0.463175048843063 35
1725388048574 0.2921290114887238 36
1725388048599 0.2257498301414743 37
1725388048626 0.24894494371399473 38
1725388048651 0.18102231967448384 39
1725388048678 0.19025774665942244 40
1725388048705 0.16672430042279177 41
1725388048731 0.18394566642911805 42
1725388048757 0.15493590613131236 43
1725388048784 0.12007840856458153 44
1725388048811 0.11131286458712925 45
1725388048835 0.13077096613598826 46
1725388048860 0.10690351494544406 47
1725388048881 0.09970404957699697 48
1725388048906 0.09757335095194883 49
1725388048934 0.10528995971258694 50
1725388048959 0.14131877947732885 51
1725388048985 0.12733694854607927 52
1725388049014 0.10781460444759729 53
1725388049040 0.1102710688603176 54
1725388049063 0.10608343877138808 55
1725388049088 0.068956851197481 56
1725388049113 0.05452785869099653 57
1725388049142 0.06313880582555237 58
1725388049169 0.08774307778950033 59
1725388049195 0.06016745636577146 60
1725388049224 0.09558216129079831 61
1725388049250 0.06687614264147429 62
1725388049276 0.07170268371246405 63
1725388049302 0.07359713637677319 64
1725388049330 0.062123016279409506 65
1725388049357 0.076867184511174 66
1725388049383 0.11149369183023382 67
1725388049410 0.08827125354842147 68
1725388049439 0.06161679303044023 69
1725388049466 0.0407220455661652 70
1725388049494 0.07673808693883108 71
1725388049516 0.08115258270224839 72
1725388049538 0.06304358476476962 73
1725388049564 0.06304876688483149 74
1725388049596 0.09811219971556895 75
1725388049658 0.08522850378706655 76
1725388049680 0.08066377213821505 77
1725388049707 0.06711393528285689 78
1725388049734 0.08808929972124789 79
1725388049752 0.059738877620692694 80
1725388049773 0.07090530190288453 81
1725388049801 0.0750063561604724 82
1725388049827 0.06200867971448611 83
1725388049853 0.06308855426282095 84
1725388049880 0.07847089636938819 85
1725388049907 0.07712770857989362 86
1725388049943 0.06391524979075243 87
1725388049971 0.09240358556126012 88
1725388049996 0.06857894967794433 89
1725388050030 0.06046983461116607 90
