1725425192155 71.74314687590504 0
1725425192227 26.33560255399946 1
1725425192312 12.459080326954531 2
1725425192402 3.669114038832638 3
1725425192491 3.10149059859111 4
1725425192566 0.5981132295237498 5
1725425192647 0.6234839301234804 6
1725425192720 0.2086411500647876 7
1725425192793 0.02384308934931865 8
1725425192879 0.12794537788104943 9
1725425192949 0.014578555943187728 10
1725425193024 0.305500750642656 11
1725425193096 0.02023094603137269 12
1725425193168 0.15393594122879387 13
1725425193239 0.2842974790043483 14
1725425193349 0.018642204950060515 15
1725425193419 0.6147191870542658 16
1725425193489 0.03757842914101948 17
1725425193566 0.005906102885059986 18
1725425193651 0.04915413155308492 19
1725425193718 0.09974857341440592 20
1725425193786 0.06675385512830205 21
1725425193860 0.03342959347839625 22
1725425193943 0.021146993154113135 23
1725425194032 0.17465346554812397 24
1725425194106 0.0516726967804138 25
1725425194192 0.021575344638433455 26
1725425194274 0.2825159377603344 27
1725425194346 0.04312141570441771 28
1725425194425 0.014428232250432393 29
1725425194503 0.021439023279721862 30
1725425194579 0.08059228778204683 31
1725425194642 0.8184883234684865 32
1725425194727 0.14232801730774233 33
1725425194793 0.0032083023789291447 34
1725425194862 0.07859784131925028 35
1725425194920 0.038718648020205935 36
1725425195005 0.04643367506293821 37
1725425195086 0.001169094738796644 38
1725425195154 0.4410958577668659 39
1725425195223 0.48238289155506037 40
1725425195280 0.1596295377577366 41
1725425195363 0.09031428753897021 42
1725425195436 0.06682715316394595 43
1725425195515 0.27309055158741197 44
1725425195583 0.13634904552986254 45
1725425195664 0.01483596062554006 46
1725425195729 0.34539920806665564 47
1725425195803 0.42356107047523517 48
1725425195882 0.0458477433855618 49
1725425195963 0.0010907261854939572 50
1725425196029 0.1058822370104238 51
1725425196103 0.0624294771689194 52
1725425196183 0.02986101882716855 53
1725425196252 0.19519408995768878 54
1725425196320 0.010557007435487018 55
1725425196384 0.09457873853271122 56
1725425196461 0.054564341561844205 57
1725425196529 0.11754538088590277 58
1725425196607 0.0007608057602633878 59
1725425196684 0.029778284856844365 60
1725425196760 0.04641651864702721 61
1725425196839 0.00031559889577980894 62
1725425196920 0.09398831265179522 63
1725425196992 0.19449603430180482 64
1725425197064 0.09209756276652356 65
