1725391903388 172.71490478149624 0
1725391903415 176.25799894967128 1
1725391903448 162.56204322326298 2
1725391903473 169.03380724773282 3
1725391903503 165.5263192642788 4
1725391903537 168.38694860033476 5
1725391903573 160.1293097829873 6
1725391903606 154.9382538582339 7
1725391903636 156.01620616493736 8
1725391903666 155.69715190869425 9
1725391903696 162.4001172262293 10
1725391903727 152.29834955011873 11
1725391903758 154.02699799085985 12
1725391903791 152.83641236382357 13
1725391903823 151.5440170145748 14
1725391903854 150.93979490272807 15
1725391903884 148.5530984154211 16
1725391903913 139.82631762533268 17
1725391903943 141.717388529127 18
1725391903973 142.9407733628753 19
1725391904005 137.19842484829374 20
1725391904038 145.35980826371775 21
1725391904069 145.50447135025212 22
1725391904097 145.61066696331307 23
1725391904122 144.34545545828342 24
1725391904153 132.3473781081873 25
1725391904180 137.23035050694955 26
1725391904205 131.14519839031166 27
1725391904238 136.66170018808873 28
1725391904267 124.99179040327306 29
1725391904293 135.94511332420626 30
1725391904320 132.37582417924997 31
1725391904352 127.36584867334166 32
1725391904383 130.3411498738808 33
1725391904411 121.92743910933596 34
1725391904443 126.29362118484538 35
1725391904472 126.98533215762626 36
1725391904500 125.73004510656364 37
1725391904529 124.69362976119876 38
1725391904560 119.44376430713305 39
1725391904591 121.17342553075808 40
1725391904622 121.23324642542708 41
1725391904655 121.77807459322976 42
1725391904683 116.88025941820729 43
1725391904714 113.97662334750278 44
1725391904746 117.16291060624442 45
1725391904776 108.95723694703855 46
1725391904806 112.241038440269 47
1725391904839 114.98887374393541 48
1725391904916 113.47061836917023 49
1725391904953 107.10158381745313 50
1725391905014 107.14865072410592 51
1725391905047 105.59099481356381 52
1725391905079 109.36145185253085 53
1725391905110 110.47377053986708 54
1725391905144 103.75660307424765 55
1725391905172 104.7008965568695 56
1725391905204 101.43129284834075 57
1725391905234 105.12085253356828 58
1725391905265 99.93779095828602 59
1725391905298 103.50360438340037 60
1725391905330 95.16504519755497 61
1725391905355 97.78462772145414 62
1725391905383 95.98097794809037 63
1725391905413 95.56230172162199 64
1725391905436 94.38783299984463 65
1725391905463 97.68758343532356 66
1725391905497 98.8378593280005 67
1725391905526 94.54482241860555 68
1725391905581 92.52316666490918 69
1725391905603 95.80107762819777 70
1725391905633 95.26091748901375 71
1725391905668 90.27060629133767 72
1725391905687 91.25430983597447 73
1725391905711 85.9000078396107 74
1725391905739 87.56088034766097 75
1725391905771 86.5283670542839 76
1725391905794 87.37725005931361 77
1725391905829 83.39858333586702 78
1725391905856 83.9629325066207 79
1725391905893 84.57475140231595 80
1725391905926 81.24131135877961 81
1725391905952 84.3776533012326 82
1725391905983 83.745336327695 83
1725391906016 82.45214336767002 84
1725391906049 81.25789258100393 85
1725391906080 80.00288728687758 86
1725391906113 78.41538933276861 87
1725391906140 75.23430674465854 88
1725391906164 78.37916407266543 89
1725391906189 76.2501827686695 90
1725391906218 78.34360012362278 91
1725391906245 75.02658775113471 92
1725391906274 77.92003307029238 93
1725391906303 77.33660117062684 94
1725391906328 75.01004500949408 95
1725391906356 74.11046881416723 96
1725391906387 71.72491174090395 97
1725391906411 72.61314762243623 98
1725391906434 70.00300439949606 99
1725391906453 70.73075233297992 100
1725391906479 75.0702690323779 101
1725391906511 68.42902795780682 102
1725391906546 71.0362957520622 103
1725391906569 66.26954216563855 104
1725391906592 74.70067518108988 105
1725391906616 62.987552012360005 106
1725391906645 69.45325129003972 107
1725391906671 63.765444302749046 108
1725391906698 67.85237150497306 109
1725391906729 67.48755155346942 110
1725391906763 67.2425606006677 111
1725391906789 62.81191992498177 112
1725391906817 61.99575843396179 113
1725391906841 62.6719067951247 114
1725391906870 65.0411225803066 115
1725391906897 61.67716547562683 116
1725391906926 58.02897431776067 117
1725391906957 58.43186474791394 118
1725391906991 58.37907337793721 119
1725391907019 56.45367263608025 120
1725391907048 60.50284454367893 121
1725391907076 58.47764683726476 122
1725391907101 57.58768832811119 123
1725391907132 57.28181449677231 124
1725391907161 57.15615232292076 125
1725391907189 54.12194575280874 126
1725391907220 57.588642258889905 127
1725391907249 54.74005195647951 128
1725391907276 57.319841107241274 129
1725391907309 53.37088102674287 130
1725391907339 54.59574146949172 131
1725391907361 53.21165779117791 132
1725391907389 55.41924176658804 133
1725391907420 54.09525676395634 134
1725391907449 52.34675723084399 135
1725391907476 50.84999535280304 136
1725391907505 52.700692194554684 137
1725391907530 50.398742169914506 138
1725391907558 52.190551182663995 139
1725391907587 50.12227970174662 140
1725391907614 49.57289931625658 141
1725391907643 51.1626005216195 142
1725391907671 47.630438865096764 143
1725391907701 48.893900098489134 144
1725391907733 48.02249200836142 145
1725391907765 47.03341056892764 146
1725391907787 46.53498858552673 147
1725391907820 44.42829307812807 148
1725391907847 48.39499305765443 149
1725391907873 46.53808961790797 150
1725391907898 44.992620568869384 151
1725391907927 44.085777377628524 152
1725391907954 45.11019640434481 153
1725391907985 45.65217959298656 154
1725391908015 45.10472313408898 155
1725391908043 45.758682246645805 156
1725391908077 43.40583713263407 157
1725391908107 41.14478986946227 158
1725391908153 43.423171611535885 159
1725391908182 42.69920648461326 160
1725391908204 40.358961465153065 161
1725391908228 40.405096510985054 162
1725391908254 40.942294274128784 163
1725391908278 40.425270709781785 164
1725391908308 40.34418255217172 165
1725391908339 41.58907204631054 166
1725391908366 37.212066178098375 167
1725391908398 39.76742416227128 168
1725391908423 38.873478817467685 169
1725391908444 41.37670637451418 170
1725391908471 37.26168633010943 171
1725391908495 37.92890390813235 172
1725391908523 38.64929374019337 173
1725391908549 37.62880152955384 174
1725391908578 36.08861602397183 175
1725391908605 35.81037138424635 176
1725391908634 35.454980868868034 177
1725391908661 34.671346004509196 178
1725391908685 37.6938661659573 179
1725391908719 37.54662474853763 180
1725391908753 37.20739358986647 181
1725391908781 33.3441331565778 182
1725391908803 34.82408661542776 183
1725391908832 34.165298212138616 184
1725391908861 34.30307943989868 185
1725391908886 33.58890342744864 186
1725391908915 32.820798198552396 187
1725391908937 32.677914925337255 188
1725391908964 31.58012824477455 189
1725391908988 34.19998906154472 190
1725391909027 33.70523026860248 191
1725391909055 31.478962123901137 192
1725391909088 32.391529277192426 193
1725391909113 31.717614606000037 194
1725391909138 31.61282570874555 195
1725391909165 31.275358506634525 196
1725391909194 31.418182691303553 197
1725391909223 30.319865409347187 198
1725391909252 31.421518470280297 199
1725391909282 29.99573306031697 200
1725391909314 29.726242048544677 201
1725391909343 28.944711886785527 202
1725391909374 28.846950905646818 203
1725391909406 30.000025774861633 204
1725391909436 28.852271415995943 205
1725391909458 27.585746030315253 206
1725391909487 29.06129406195178 207
1725391909515 28.542190073006285 208
1725391909542 27.938404480509785 209
1725391909569 28.137350733836392 210
1725391909598 27.871409944474657 211
1725391909630 28.4933137704052 212
1725391909661 26.51488475258463 213
1725391909691 26.39320851724039 214
1725391909722 26.913042505421977 215
1725391909749 26.149207233896764 216
1725391909782 26.77968754953513 217
1725391909811 24.859695374409405 218
1725391909839 24.818095141768755 219
1725391909868 26.046882238698704 220
1725391909897 26.370730147100495 221
1725391909926 26.725433490847642 222
1725391909959 24.379559118691425 223
1725391909987 26.098377654133795 224
1725391910022 24.267620485016142 225
1725391910046 23.395305057673983 226
1725391910072 23.438409115537624 227
1725391910098 24.71440344085667 228
1725391910122 23.2039669006637 229
1725391910154 24.07786738375927 230
1725391910183 24.550540203199766 231
1725391910214 23.31359159621051 232
1725391910246 23.18949634668247 233
1725391910277 22.51655005130492 234
1725391910307 22.530631372351063 235
1725391910336 22.875195181365 236
1725391910371 23.683553005245336 237
1725391910402 22.050576442852517 238
1725391910433 20.75268132559546 239
1725391910465 22.23658405452992 240
1725391910496 22.67947287405324 241
1725391910530 22.2104892361992 242
1725391910555 22.470785110342476 243
1725391910582 21.661285587989223 244
1725391910611 21.352868104047786 245
1725391910641 20.399044670966536 246
1725391910671 20.726618359247123 247
1725391910696 20.583865354074696 248
1725391910724 19.589106193885083 249
1725391910755 20.020034795084253 250
1725391910783 20.584949817107816 251
1725391910811 20.004983383804124 252
1725391910839 19.12128749146695 253
1725391910867 19.86502844073193 254
1725391910897 19.54818274778019 255
1725391910930 20.267484825082313 256
1725391910960 18.501191687134824 257
1725391910990 18.48494499376927 258
1725391911024 18.50865995493244 259
1725391911054 19.53440915485868 260
1725391911082 17.47706722241383 261
1725391911112 18.90782771786976 262
1725391911141 18.592995595497513 263
1725391911170 17.26880718242482 264
1725391911196 17.772156918658105 265
1725391911222 17.900462148485186 266
1725391911252 17.861922192292727 267
1725391911281 18.942796950084524 268
1725391911301 16.489780513730523 269
1725391911331 15.512287225263604 270
1725391911356 17.146157307011944 271
1725391911381 16.357954892439576 272
1725391911412 16.180867056393826 273
1725391911443 16.408496105107357 274
1725391911473 17.70059858646376 275
1725391911504 16.436295886098854 276
1725391911531 17.517572847769923 277
1725391911566 15.507663533231714 278
1725391911607 15.648900217436426 279
1725391911637 15.195543568194472 280
1725391911668 15.346245695874055 281
1725391911702 15.54172758914357 282
1725391911730 16.238047155482267 283
1725391911759 16.470125792681714 284
1725391911786 15.950456853978428 285
1725391911814 15.423418100277832 286
1725391911846 15.727196334007585 287
1725391911878 14.948863298462998 288
1725391911901 15.926504938557276 289
1725391911922 14.730846581839877 290
1725391911940 14.363702972709756 291
1725391911956 14.565558536186618 292
1725391911973 14.528583053435073 293
1725391911988 13.145752953392881 294
1725391912003 13.83778723051433 295
1725391912028 14.839844919332503 296
1725391912045 13.67077664829119 297
1725391912062 13.905238635260472 298
1725391912081 12.813308515431933 299
1725391912099 13.917208282014265 300
1725391912115 13.706098031196042 301
1725391912133 12.835917136911606 302
1725391912151 13.338186160950318 303
1725391912169 13.363457315890395 304
1725391912189 14.03643158215024 305
1725391912218 13.657067123600022 306
1725391912243 13.633996621206478 307
1725391912268 12.86159893147574 308
1725391912293 12.618290630040184 309
1725391912311 12.848561136427659 310
1725391912335 12.320684409665162 311
1725391912352 12.37388353853259 312
1725391912381 12.596880532704768 313
1725391912398 12.48492688800215 314
1725391912425 11.467530203805111 315
1725391912447 11.925648935797952 316
1725391912469 11.996210480212048 317
1725391912497 12.676751255768293 318
1725391912526 12.29073696600161 319
1725391912548 11.81882960399098 320
1725391912571 11.430928928320608 321
1725391912595 11.451079727925293 322
1725391912617 12.167863901079189 323
1725391912644 10.960469576965533 324
1725391912665 11.677514253364505 325
1725391912690 11.29218306398317 326
1725391912716 11.078426899077524 327
1725391912747 11.374664475899706 328
1725391912774 11.125256474165795 329
1725391912802 10.678037543037917 330
1725391912833 10.517372390107028 331
1725391912857 10.056314081852483 332
1725391912885 11.206073778104086 333
1725391912912 10.118888654440282 334
1725391912935 10.43733508726944 335
1725391912963 10.45710616629195 336
1725391912992 10.003129946491738 337
1725391913017 9.65282642927001 338
1725391913051 10.542736933949966 339
1725391913076 10.199975981497087 340
1725391913103 10.071260183323925 341
1725391913134 9.240850042016744 342
1725391913160 9.897882332350894 343
1725391913174 9.286725006108693 344
1725391913187 10.386895089969896 345
1725391913199 9.609458473216145 346
1725391913213 9.32586631004359 347
1725391913225 9.016640796568247 348
1725391913238 9.632788377829318 349
1725391913250 9.88035799251579 350
1725391913263 9.282520587999013 351
1725391913275 10.122770701969594 352
1725391913287 8.925897190454318 353
1725391913304 9.049919859893322 354
1725391913327 9.410002359732259 355
1725391913345 9.039251666724583 356
1725391913364 9.218308247835552 357
1725391913383 9.513925336602878 358
1725391913402 8.803990138835106 359
1725391913422 9.155691831691346 360
1725391913445 9.040656292054832 361
1725391913467 8.048358917277515 362
1725391913492 7.773103802030715 363
1725391913521 8.97328166385886 364
1725391913543 8.355570943042503 365
1725391913568 8.19572116058223 366
1725391913591 9.380411861125207 367
1725391913615 7.905112912329705 368
1725391913642 8.48051948742383 369
1725391913666 8.091841773278201 370
1725391913680 8.125985253126727 371
1725391913693 7.552204113751538 372
1725391913705 7.931456247055223 373
1725391913718 7.244798670790892 374
1725391913731 8.010728164138486 375
1725391913743 8.292575941221044 376
1725391913756 7.304020776099202 377
1725391913768 7.758732839713409 378
1725391913781 7.579585487384409 379
1725391913794 7.562940991110389 380
1725391913818 6.65035708299456 381
1725391913835 7.138083522963806 382
1725391913859 7.05575632117173 383
1725391913884 7.170600240463053 384
1725391913904 7.298206931944623 385
1725391913922 7.079215713445727 386
1725391913934 7.257725976811705 387
1725391913946 7.2419197544766485 388
1725391913958 6.970543788289556 389
1725391913971 6.793072880424745 390
1725391913983 6.922822033377213 391
1725391913995 6.846007272504688 392
1725391914007 6.671060183912741 393
1725391914019 6.44136138099956 394
1725391914031 6.185694696863949 395
1725391914061 6.610090699525386 396
1725391914081 6.607689579458059 397
1725391914104 6.99754920526912 398
1725391914127 6.361726229297733 399
1725391914155 6.815063670854066 400
1725391914176 7.043076337208665 401
1725391914200 6.547010020023355 402
1725391914224 6.572446797088222 403
1725391914250 6.395334466285249 404
1725391914280 6.082507262734446 405
1725391914302 6.3425038110323575 406
1725391914319 6.231575160672892 407
1725391914337 6.379719931249919 408
1725391914354 6.090516305498053 409
1725391914371 5.72332245247794 410
1725391914388 6.186424494055236 411
1725391914406 6.004575020397947 412
1725391914424 6.251603272216706 413
1725391914442 6.039712339578144 414
1725391914460 5.537444519704282 415
1725391914478 5.622030792677563 416
1725391914496 5.4690932874240135 417
1725391914514 5.487715267318113 418
1725391914531 5.579347021220057 419
1725391914553 6.175555575143572 420
1725391914577 6.047889931414212 421
1725391914602 5.565706241519688 422
1725391914622 5.269022655208727 423
1725391914646 5.583170480649243 424
1725391914667 5.1203335840665885 425
1725391914685 5.58632386241382 426
1725391914708 5.443720704078425 427
1725391914734 5.5680995291851545 428
1725391914758 5.3995821275643605 429
1725391914784 5.368916002929438 430
1725391914803 5.13109394318583 431
1725391914822 5.225318294841445 432
1725391914839 5.389482999625063 433
1725391914857 5.170682980520094 434
1725391914875 5.230113804617824 435
1725391914893 4.907899513430166 436
1725391914910 5.165662551121624 437
1725391914930 5.0971000965999576 438
1725391914957 5.031363215528342 439
1725391914979 5.176655699408215 440
1725391915008 4.969571479548068 441
1725391915031 5.106000629629348 442
1725391915058 4.442212408858257 443
1725391915070 4.664379344655421 444
1725391915082 4.6755445830576425 445
1725391915095 4.631940157731327 446
1725391915107 4.622763999453169 447
1725391915120 4.688273300572583 448
1725391915132 5.308599573548761 449
1725391915145 4.356991991510397 450
1725391915158 5.112931196975355 451
1725391915174 4.948985274170391 452
1725391915192 5.052004864553904 453
1725391915210 4.42886715735932 454
1725391915227 4.430548074775016 455
1725391915243 4.7430909367312175 456
1725391915259 4.465151517878288 457
1725391915278 4.15491137226346 458
1725391915296 4.45535999701164 459
1725391915313 4.78846030781598 460
1725391915331 4.259910987352106 461
1725391915349 4.517905254064825 462
1725391915365 4.226405847126425 463
1725391915384 4.415881958356309 464
1725391915402 4.266111697693767 465
1725391915420 4.107436006922947 466
1725391915450 4.4759922692690495 467
1725391915466 4.550948285241905 468
1725391915483 4.136416821433494 469
1725391915501 4.353342800494468 470
1725391915519 4.635970693977429 471
1725391915537 4.234609481663578 472
1725391915554 3.816765605339724 473
1725391915571 3.760372068922107 474
1725391915595 4.123063989800348 475
1725391915621 4.225042511466688 476
1725391915641 4.010661664383329 477
1725391915668 3.9686651190226745 478
1725391915692 3.8719822192931947 479
1725391915719 3.9079202993377917 480
1725391915751 3.9152932590188314 481
1725391915773 4.019305285870956 482
1725391915792 3.678254903674921 483
1725391915813 3.705705731149664 484
1725391915840 3.7239861764159436 485
1725391915864 3.8802992219835035 486
1725391915884 3.314366051649144 487
1725391915905 3.9071026260178154 488
1725391915932 3.570195105296501 489
1725391915950 3.6252695169006537 490
1725391915968 3.809753644170489 491
1725391915986 3.546624898801373 492
1725391916002 3.677675274093523 493
1725391916020 3.5460601803032055 494
1725391916038 3.665072496541806 495
1725391916063 3.527527758257659 496
1725391916075 3.405277592618857 497
1725391916087 3.3973631946588396 498
1725391916099 3.428360273368384 499
