1725391818830 70.14264468375974 0
1725391818855 31.71573872144518 1
1725391818880 14.103206783395533 2
1725391818904 6.8112436433742145 3
1725391818933 3.4250102389844304 4
1725391818962 1.9757333219778244 5
1725391818993 1.2186439430255096 6
1725391819025 1.0229840501304057 7
1725391819053 0.8955154559446818 8
1725391819080 0.8211156848413539 9
1725391819107 0.6250474927309113 10
1725391819135 0.6642004913777817 11
1725391819166 0.6618003683969043 12
1725391819201 0.5059172143857001 13
1725391819229 0.5974025784188368 14
1725391819255 0.573290355103423 15
1725391819291 0.5727481107912297 16
1725391819319 0.5006569544273008 17
1725391819347 0.42105488400354096 18
1725391819374 0.6081164850286281 19
1725391819403 0.5443283838575053 20
1725391819434 0.6223733453590768 21
1725391819462 0.5566198634650826 22
1725391819494 0.6254964752414413 23
1725391819524 0.44520077988115203 24
1725391819556 0.5394310945423081 25
1725391819579 0.5890348595155028 26
1725391819603 0.5416401075938423 27
1725391819633 0.5571478982595641 28
1725391819663 0.6444384312381547 29
1725391819690 0.5795811511511046 30
1725391819718 0.6136249008579031 31
1725391819748 0.4624866414437575 32
1725391819778 0.6730388734349468 33
1725391819809 0.42991244426786585 34
1725391819840 0.5271656648445276 35
1725391819871 0.47943397876520416 36
1725391819899 0.5688818369696788 37
1725391819927 0.5144557890807241 38
1725391819956 0.5575577867237129 39
1725391819984 0.4262962953698342 40
1725391820013 0.3548910251107626 41
1725391820039 0.671984516514634 42
1725391820067 0.5399414243916929 43
1725391820096 0.5121855606002066 44
1725391820125 0.5212474343616311 45
1725391820153 0.6316217504502989 46
1725391820181 0.5314351948831427 47
1725391820209 0.5952863528000567 48
1725391820236 0.5195079394836718 49
1725391820264 0.48587834119635603 50
1725391820300 0.6033990921922274 51
1725391820327 0.5364227238626144 52
1725391820357 0.6426170773191686 53
1725391820387 0.5096455020837085 54
1725391820417 0.6187208711782014 55
1725391820445 0.5142944663869635 56
1725391820473 0.526925313789343 57
1725391820504 0.5694642635293788 58
1725391820531 0.5264567717619792 59
1725391820562 0.5362088261540735 60
1725391820589 0.5557876363572233 61
1725391820616 0.5688328577921942 62
1725391820644 0.5497736473437701 63
1725391820673 0.5958850518115321 64
1725391820701 0.5512192866951618 65
1725391820728 0.5015219525797393 66
1725391820757 0.6349496545959216 67
1725391820788 0.5199716016776805 68
1725391820816 0.48215834161947774 69
1725391820843 0.45024287191139006 70
1725391820875 0.5920670746396024 71
1725391820946 0.5967030517556229 72
1725391820979 0.4750944329759125 73
1725391820995 0.5235407611329452 74
1725391821023 0.5358881318939849 75
1725391821054 0.42948776793483195 76
1725391821083 0.5409124227203941 77
1725391821112 0.5717625441124915 78
1725391821142 0.5444721073129964 79
1725391821176 0.5067032535113764 80
1725391821199 0.5654386520842355 81
1725391821226 0.6973699644927089 82
1725391821255 0.5439237382980615 83
1725391821286 0.5166523601844001 84
1725391821321 0.5609326175666232 85
1725391821351 0.5046939460499684 86
1725391821382 0.4737710739266953 87
1725391821429 0.548661600702749 88
1725391821456 0.6770868049258197 89
1725391821484 0.5121845595412265 90
1725391821512 0.5864056484208586 91
1725391821545 0.5951319667876825 92
1725391821575 0.569729978580174 93
1725391821601 0.6739661990988977 94
1725391821632 0.5576464582130221 95
1725391821661 0.6682869748690962 96
1725391821689 0.6740740831321164 97
1725391821721 0.6388270045693917 98
1725391821755 0.5240025921649969 99
1725391821776 0.6926491172096351 100
1725391821816 0.513249449505722 101
1725391821847 0.49462053436879594 102
1725391821878 0.4701034124562477 103
1725391821907 0.5795695240312322 104
1725391821936 0.5152819233772111 105
1725391821965 0.5804883232791735 106
1725391821993 0.5022012801961716 107
1725391822021 0.5772131379119614 108
1725391822052 0.6731987812871215 109
1725391822081 0.6624536630522458 110
1725391822107 0.4997467213927488 111
1725391822132 0.5990233287787912 112
1725391822172 0.4949062782252106 113
1725391822199 0.5373807057774048 114
1725391822228 0.6813823792998797 115
1725391822255 0.5807912832066513 116
1725391822284 0.486853759211423 117
1725391822323 0.607192152129934 118
1725391822346 0.49599180634505496 119
1725391822370 0.5311873566675415 120
1725391822395 0.5620506850192375 121
1725391822425 0.5644624163715953 122
1725391822455 0.5010819658152176 123
1725391822485 0.5209513589273268 124
1725391822519 0.5422283373665465 125
1725391822546 0.4708072797846447 126
1725391822581 0.6235716567607558 127
1725391822608 0.5201598964819631 128
1725391822639 0.543823649841512 129
1725391822667 0.5695702912678338 130
1725391822688 0.5452371914773692 131
1725391822717 0.427755556245188 132
1725391822747 0.46381540202718796 133
1725391822778 0.6362753062795433 134
1725391822805 0.3979226889138378 135
1725391822836 0.6000813784218021 136
1725391822864 0.49913963309865644 137
1725391822891 0.5381876306196044 138
1725391822922 0.6281322005551416 139
1725391822954 0.6693508757606773 140
1725391822984 0.6077822307120897 141
1725391823015 0.5366429024569431 142
1725391823045 0.545892203557548 143
1725391823072 0.4505200093420388 144
1725391823100 0.5355041639558843 145
1725391823128 0.5628816664824854 146
1725391823157 0.4822082198285205 147
1725391823189 0.6050977482937128 148
1725391823221 0.6343249818017199 149
1725391823252 0.501306213508763 150
1725391823284 0.5008910066140969 151
1725391823321 0.4970440688940289 152
1725391823350 0.6571194101736869 153
1725391823375 0.5919847978527918 154
1725391823398 0.5545893302938211 155
1725391823429 0.5715437044336474 156
1725391823463 0.5232481678832569 157
1725391823494 0.6746203344254738 158
1725391823534 0.49230097231012193 159
1725391823565 0.5500936476975816 160
1725391823587 0.5133679196721718 161
1725391823618 0.4693010657376697 162
1725391823648 0.6327194558121948 163
1725391823681 0.6064049037891857 164
1725391823704 0.5667565917719333 165
1725391823731 0.5999711619942242 166
1725391823751 0.5326497373876651 167
1725391823777 0.576225681453488 168
1725391823808 0.5198439209480223 169
1725391823836 0.46523434513317063 170
1725391823864 0.45776281209505343 171
1725391823889 0.6245501113675502 172
1725391823922 0.4835445557296034 173
1725391823951 0.4607619035491511 174
1725391823980 0.5147616199117049 175
1725391824011 0.5754361495379462 176
1725391824042 0.5922501713630333 177
1725391824071 0.5410684708633726 178
1725391824102 0.6802998344081866 179
1725391824133 0.5706345985751213 180
1725391824167 0.4467553083420201 181
1725391824197 0.5561288329833051 182
1725391824222 0.6306373550440404 183
1725391824246 0.6379905917028035 184
1725391824271 0.6207375287925689 185
1725391824302 0.681184236926164 186
1725391824343 0.6712916283025657 187
1725391824374 0.4823950583103629 188
1725391824398 0.527609374747599 189
1725391824426 0.558410648192344 190
1725391824457 0.4997755707190416 191
1725391824493 0.5909497420313561 192
1725391824520 0.3807834892402985 193
1725391824548 0.5854389752433965 194
1725391824579 0.6258828498004787 195
1725391824607 0.6280420218056865 196
1725391824634 0.5341961961931448 197
1725391824667 0.6205464600409278 198
1725391824695 0.6128337324785765 199
1725391824727 0.5158578727203004 200
1725391824757 0.5921356846204266 201
1725391824789 0.5042570842187242 202
1725391824822 0.6307729776890966 203
1725391824852 0.5276064373717001 204
1725391824881 0.6280528582517284 205
1725391824907 0.4572637683944527 206
1725391824929 0.48005302842018754 207
1725391824959 0.5765905512720801 208
1725391824988 0.595935111950389 209
1725391825011 0.5740799957521397 210
1725391825044 0.5749048711391721 211
1725391825073 0.6281249702971629 212
1725391825101 0.5225772302199295 213
1725391825129 0.5954343240448583 214
1725391825157 0.5378005587014415 215
1725391825185 0.5050079051441015 216
1725391825216 0.5942839976665604 217
1725391825245 0.5738258664459004 218
1725391825272 0.6115193437421428 219
1725391825298 0.539661580536536 220
1725391825322 0.4483957706899801 221
1725391825354 0.5093687914398785 222
1725391825384 0.574901307760745 223
1725391825413 0.46851530372820244 224
1725391825441 0.5680010081776407 225
1725391825469 0.6080594800060037 226
1725391825496 0.632849583744055 227
1725391825524 0.6090851730161164 228
1725391825552 0.627869015873382 229
1725391825580 0.46504812132049106 230
1725391825614 0.5749097292255753 231
1725391825642 0.5998018807866475 232
1725391825675 0.5049388914975558 233
1725391825706 0.6071280609660846 234
1725391825734 0.49734813172292414 235
1725391825762 0.5679274754196728 236
1725391825792 0.558710861795737 237
1725391825821 0.6354170800641623 238
1725391825852 0.5674538662091225 239
1725391825880 0.568113536329918 240
1725391825904 0.4652795555699439 241
1725391825933 0.66073931194063 242
1725391825964 0.5866437076519277 243
1725391825996 0.505897789641381 244
1725391826027 0.46097944867492896 245
1725391826059 0.41554497040573113 246
1725391826087 0.5000372553158965 247
1725391826115 0.6283656179600584 248
1725391826142 0.5251559804879511 249
1725391826189 0.598917557990539 250
1725391826220 0.5368303444807441 251
1725391826250 0.5401300255046394 252
1725391826279 0.557542060897195 253
1725391826307 0.682241553233296 254
1725391826335 0.5384242441304993 255
1725391826366 0.4796744227472763 256
1725391826394 0.5575313158492501 257
1725391826422 0.4379727098576193 258
1725391826444 0.5111587515270954 259
1725391826473 0.5261320358959886 260
1725391826501 0.48578704686663554 261
1725391826532 0.548994875412242 262
1725391826560 0.6233640611203187 263
1725391826588 0.4307751310997953 264
1725391826617 0.4942658634186817 265
1725391826647 0.5572493460247621 266
1725391826672 0.5235132056017389 267
1725391826694 0.5844051439915321 268
1725391826723 0.557712041123297 269
1725391826747 0.5560213480827099 270
1725391826776 0.46839501123460914 271
1725391826805 0.5314085711236062 272
1725391826833 0.5555172278445027 273
1725391826864 0.431069175774233 274
1725391826895 0.5090388768771039 275
1725391826928 0.5658017947687319 276
1725391826955 0.4924530461619544 277
1725391826984 0.5510821064918814 278
1725391827014 0.6455377405538129 279
1725391827043 0.5216951451045586 280
1725391827070 0.5788618685345327 281
1725391827100 0.5666431583573199 282
1725391827130 0.5838954328120465 283
1725391827162 0.5363271662515269 284
1725391827190 0.45992009193201333 285
1725391827218 0.4605340554885073 286
1725391827246 0.5684536860887005 287
1725391827275 0.4860000400918179 288
1725391827303 0.5602628615970344 289
1725391827330 0.5813801146192199 290
1725391827357 0.5207224052242015 291
1725391827386 0.7750205877005429 292
1725391827415 0.5382450081586091 293
1725391827439 0.5869464206597338 294
1725391827464 0.4903403420048623 295
1725391827492 0.6314211708956445 296
1725391827521 0.445708871140199 297
1725391827552 0.599178731677906 298
1725391827581 0.5766294978480266 299
1725391827613 0.529905476475692 300
1725391827638 0.46911595558082353 301
