1725361143664 169.25480595599964 0
1725361143703 165.8668141287966 1
1725361143778 164.25524223920584 2
1725361143843 162.63188602728255 3
1725361143887 161.02660408861504 4
1725361143910 159.43568833781637 5
1725361143930 157.86214705118164 6
1725361143951 156.30313975096482 7
1725361143973 154.7602172201337 8
1725361143995 153.23217388490625 9
1725361144018 151.72001985623913 10
1725361144040 150.22232495676292 11
1725361144063 148.73976829778863 12
1725361144086 147.27214148892998 13
1725361144109 145.81875043478172 14
1725361144137 144.37995031958945 15
1725361144162 142.95573032191467 16
1725361144186 141.5449541010895 17
1725361144208 140.14871277977392 18
1725361144234 138.76683466361962 19
1725361144270 137.39811517173197 20
1725361144305 136.04238211527823 21
1725361144328 134.70114912621656 22
1725361144350 133.37312131781002 23
1725361144373 132.05798984694837 24
1725361144397 130.75614891419994 25
1725361144418 129.46704233216275 26
1725361144454 128.19107981407402 27
1725361144490 126.92766309179704 28
1725361144512 125.67671009557033 29
1725361144535 124.43777449949349 30
1725361144555 123.21187476717618 31
1725361144585 121.9979222222955 32
1725361144608 120.79544767283195 33
1725361144633 119.605625334083 34
1725361144659 118.42755815359799 35
1725361144682 117.26088869490566 36
1725361144704 116.10601653617606 37
1725361144749 114.96236705274696 38
1725361144775 113.83070919788646 39
1725361144799 112.70960015883061 40
1725361144825 111.60025055555914 41
1725361144847 110.501398785601 42
1725361144871 109.41330692119118 43
1725361144894 108.3366757988121 44
1725361144941 107.26997380756094 45
1725361144977 106.21402495034636 46
1725361145016 105.16897406274146 47
1725361145042 104.1345497025904 48
1725361145067 103.10950122002411 49
1725361145091 102.09536503119035 50
1725361145114 101.09086084925636 51
1725361145136 100.09656507579359 52
1725361145168 99.11185706886123 53
1725361145192 98.13718227551875 54
1725361145215 97.17190922209221 55
1725361145237 96.21666468985288 56
1725361145265 95.26992220771682 57
1725361145290 94.33342497415157 58
1725361145314 93.40637093851322 59
1725361145340 92.48829029800736 60
1725361145365 91.57909221231984 61
1725361145388 90.67922975035745 62
1725361145410 89.78787701881906 63
1725361145436 88.90521420809165 64
1725361145458 88.03123476328878 65
1725361145482 87.1669946698537 66
1725361145505 86.31063985808649 67
1725361145526 85.46270254767025 68
1725361145558 84.62335654112385 69
1725361145590 83.79243565825165 70
1725361145619 82.9695703851015 71
1725361145658 82.15399087618815 72
1725361145683 81.34782943597503 73
1725361145704 80.54885859735847 74
1725361145725 79.75828356693513 75
1725361145747 78.97526272855329 76
1725361145769 78.20045770712993 77
1725361145792 77.43245906070975 78
1725361145816 76.67220458517427 79
1725361145837 75.9202469373747 80
1725361145861 75.17539070545685 81
1725361145886 74.43780450407674 82
1725361145908 73.70764009503635 83
1725361145931 72.98474945414429 84
1725361145958 72.26846164159387 85
1725361145982 71.5597329841748 86
1725361146013 70.8578922331461 87
1725361146051 70.16333525231245 88
1725361146085 69.4754630988736 89
1725361146119 68.79387096572047 90
1725361146155 68.11973946401072 91
1725361146187 67.45202958427922 92
1725361146210 66.79064265167581 93
1725361146287 66.13652514569553 94
1725361146327 65.48830185034429 95
1725361146355 64.84649912161073 96
1725361146401 64.21169111661352 97
1725361146433 63.582174458150476 98
1725361146460 62.95904354332595 99
1725361146500 62.342900289065845 100
1725361146528 61.731996189562516 101
1725361146554 61.12778293412858 102
1725361146587 60.52899905587641 103
1725361146617 59.93632285080114 104
1725361146643 59.34956806393527 105
1725361146694 58.76878774687205 106
1725361146736 58.193169577148524 107
1725361146769 57.62409358940832 108
1725361146801 57.06018825852686 109
1725361146836 56.501841172425124 110
1725361146865 55.94864419146569 111
1725361146890 55.40123175261916 112
1725361146911 54.85945872409872 113
1725361146936 54.323073921626104 114
1725361146957 53.791567532445235 115
1725361147013 53.26572767738663 116
1725361147037 52.74497080783197 117
1725361147065 52.22907246047302 118
1725361147086 51.718622849881044 119
1725361147108 51.213440241743626 120
1725361147133 50.71195703992949 121
1725361147156 50.216914505159295 122
1725361147177 49.72639812454401 123
1725361147202 49.240191678794474 124
1725361147222 48.75946725015373 125
1725361147256 48.28292148066441 126
1725361147285 47.81117388537723 127
1725361147311 47.34445599211525 128
1725361147345 46.88227665258262 129
1725361147376 46.42425870831992 130
1725361147403 45.97110027944388 131
1725361147427 45.522528233318084 132
1725361147449 45.07820961572245 133
1725361147470 44.63805630348613 134
1725361147493 44.20227498480526 135
1725361147513 43.77115343315925 136
1725361147535 43.34455599974829 137
1725361147558 42.920858120511205 138
1725361147582 42.50267081376879 139
1725361147603 42.08788538417797 140
1725361147629 41.67735023898574 141
1725361147654 41.27154355244444 142
1725361147675 40.86868891510526 143
1725361147696 40.47073214081698 144
1725361147717 40.075609315240605 145
1725361147740 39.68556736124953 146
1725361147761 39.29871255029655 147
1725361147782 38.91558453339875 148
1725361147806 38.53709105869076 149
1725361147828 38.16132313959815 150
1725361147852 37.78938615906017 151
1725361147877 37.421813839403626 152
1725361147899 37.05672570286776 153
1725361147921 36.69628724662213 154
1725361147940 36.338761460181054 155
1725361147960 35.9853024215805 156
1725361147985 35.63504443912446 157
1725361148009 35.288246716783256 158
1725361148030 34.944624536436436 159
1725361148053 34.604977226532576 160
1725361148077 34.26829629172502 161
1725361148100 33.93469943289755 162
1725361148120 33.60467678779531 163
1725361148143 33.2783221248717 164
1725361148164 32.954560576489264 165
1725361148186 32.63444382459099 166
1725361148211 32.31709274332188 167
1725361148238 32.002008354870476 168
1725361148266 31.691840704129575 169
1725361148307 31.38409426921638 170
1725361148344 31.078632931086794 171
1725361148369 30.77696544436542 172
1725361148399 30.478363339691445 173
1725361148428 30.182231100889474 174
1725361148460 29.889099195319407 175
1725361148488 29.59867818501284 176
1725361148518 29.311551966648622 177
1725361148535 29.027337774926178 178
1725361148557 28.745890704173906 179
1725361148578 28.46639875064203 180
1725361148600 28.190443210689036 181
1725361148621 27.91701420149965 182
1725361148642 27.64648908902585 183
1725361148663 27.377469887758036 184
1725361148685 27.11265311408723 185
1725361148707 26.849929094693064 186
1725361148731 26.589858257595797 187
1725361148757 26.33143797263774 188
1725361148778 26.076816313527814 189
1725361148799 25.82410796521262 190
1725361148820 25.57405240881199 191
1725361148844 25.326203165547984 192
1725361148872 25.081093934826605 193
1725361148903 24.838287829211286 194
1725361148936 24.597844010512873 195
1725361148976 24.359390390760716 196
1725361149002 24.12424216353503 197
1725361149035 23.89039359032985 198
1725361149062 23.659402018572777 199
1725361149095 23.430441689564788 200
1725361149127 23.203579164440573 201
1725361149161 22.979568048720886 202
1725361149194 22.757228223641356 203
1725361149225 22.5371983386924 204
1725361149258 22.319789313722236 205
1725361149297 22.103615879569794 206
1725361149320 21.89014936989211 207
1725361149342 21.678900400913733 208
1725361149368 21.46964880523024 209
1725361149391 21.26222263703426 210
1725361149417 21.056595764795418 211
1725361149439 20.85362423843758 212
1725361149459 20.652512971893756 213
1725361149483 20.45281872654215 214
1725361149503 20.255658149194826 215
1725361149524 20.06073282251365 216
1725361149548 19.86664177651598 217
1725361149572 19.675238052190366 218
1725361149592 19.485476800844193 219
1725361149615 19.29760085455403 220
1725361149637 19.11188233580688 221
1725361149661 18.92754449193526 222
1725361149685 18.74496671128238 223
1725361149709 18.564703105960533 224
1725361149737 18.386137294440868 225
1725361149758 18.20861558078978 226
1725361149783 18.033739620950996 227
1725361149811 17.860095243936847 228
1725361149838 17.687816466393645 229
1725361149885 17.518044743727778 230
1725361149919 17.349761228867056 231
1725361149942 17.182715776098792 232
1725361149963 17.017262831292307 233
1725361149984 16.853883199843533 234
1725361150007 16.69194667130242 235
1725361150028 16.531284363018248 236
1725361150048 16.37227130584404 237
1725361150072 16.214958893877633 238
1725361150093 16.05957156975496 239
1725361150115 15.905156049490635 240
1725361150137 15.752331159285255 241
1725361150163 15.601550853173684 242
1725361150185 15.451391867956685 243
1725361150205 15.303466308571638 244
1725361150225 15.15644023773784 245
1725361150247 15.011399186746292 246
1725361150268 14.867162836181745 247
1725361150289 14.724737935233508 248
1725361150310 14.583886572363593 249
1725361150329 14.44369033441303 250
1725361150352 14.305641007712781 251
1725361150375 14.16864604330029 252
1725361150397 14.032844724027026 253
1725361150418 13.89834055979203 254
1725361150438 13.765784313523776 255
1725361150459 13.63350722793536 256
1725361150481 13.50317927917267 257
1725361150502 13.374357644214193 258
1725361150522 13.245974020117874 259
1725361150545 13.119723219321505 260
1725361150567 12.994239763916978 261
1725361150594 12.869934098672418 262
1725361150622 12.747211967391687 263
1725361150644 12.625435095565617 264
1725361150667 12.504858658230539 265
1725361150688 12.385604464225903 266
1725361150710 12.267178252186792 267
1725361150733 12.15013265402241 268
1725361150755 12.034463830653266 269
1725361150778 11.919802746216813 270
1725361150800 11.805810706602474 271
1725361150826 11.69332871841081 272
1725361150849 11.582264118354878 273
1725361150873 11.471865282387784 274
1725361150895 11.362007724391374 275
1725361150915 11.25428135476847 276
1725361150938 11.146780671631388 277
1725361150960 11.041103050992794 278
1725361150982 10.936251724565768 279
1725361151004 10.831628220942058 280
1725361151026 10.728934472619304 281
1725361151049 10.62715366026916 282
1725361151075 10.526083327975535 283
1725361151097 10.4257118401547 284
1725361151119 10.326932788664799 285
1725361151140 10.22890978336403 286
1725361151162 10.13175536030061 287
1725361151184 10.035311359642133 288
1725361151206 9.940397274197945 289
1725361151228 9.846281845605844 290
1725361151254 9.752413427527088 291
1725361151273 9.660205582318648 292
1725361151295 9.568681361283263 293
1725361151316 9.477635938798322 294
1725361151336 9.38833284320984 295
1725361151357 9.299113909723284 296
1725361151378 9.211001338244587 297
1725361151401 9.124211633133992 298
1725361151422 9.037602066644475 299
1725361151444 8.95212844833952 300
1725361151466 8.867516089607703 301
1725361151488 8.783634855932426 302
1725361151510 8.700963729691905 303
1725361151532 8.618574432836487 304
1725361151557 8.537065443324614 305
1725361151584 8.456833252306007 306
1725361151614 8.376846564252611 307
1725361151637 8.29774520093536 308
1725361151662 8.219727553684152 309
1725361151687 8.141701550195222 310
1725361151711 8.065560975762276 311
1725361151734 7.9895982289654555 312
1725361151756 7.9133272477705034 313
1725361151776 7.839630682479387 314
1725361151803 7.7659627658988954 315
1725361151828 7.6924188088348435 316
1725361151849 7.6198199141706064 317
1725361151875 7.548913770523891 318
1725361151901 7.4775189540647915 319
1725361151921 7.407181560562665 320
1725361151943 7.337887714144393 321
1725361151965 7.268844416029215 322
1725361151986 7.200745221687907 323
1725361152008 7.13297990116363 324
1725361152029 7.065972443063262 325
1725361152051 7.000015427418154 326
1725361152072 6.93455553532733 327
1725361152101 6.8693273265675465 328
1725361152122 6.8048722184812 329
1725361152152 6.741158387168709 330
1725361152177 6.678386499865919 331
1725361152198 6.615328748087297 332
1725361152220 6.5538012967382455 333
1725361152241 6.492602847806668 334
1725361152263 6.43169891353096 335
1725361152282 6.371744386938978 336
1725361152305 6.312209225076213 337
1725361152326 6.253082200793241 338
1725361152350 6.195217038859936 339
1725361152371 6.137155726847258 340
1725361152395 6.0800463154154345 341
1725361152418 6.0231814263140935 342
1725361152447 5.967451207003601 343
1725361152475 5.911401799984709 344
1725361152502 5.856797256175309 345
1725361152527 5.802499700071931 346
1725361152547 5.748348038084627 347
1725361152568 5.694802795382829 348
1725361152594 5.641975294779851 349
1725361152619 5.589507220234381 350
1725361152640 5.5375391032830334 351
1725361152665 5.486276477383213 352
1725361152685 5.435025997371209 353
1725361152714 5.384986360410282 354
1725361152737 5.335209952349597 355
1725361152757 5.285571407667987 356
1725361152779 5.2367460861801725 357
1725361152802 5.188539272298537 358
1725361152823 5.139937444473054 359
1725361152844 5.092629889074148 360
1725361152865 5.0459101311168215 361
1725361152884 4.999187779367135 362
1725361152906 4.952925526293725 363
1725361152928 4.907125562670943 364
1725361152951 4.862322848752487 365
1725361152972 4.817055116611485 366
1725361152994 4.772850815852525 367
1725361153015 4.7292793013942465 368
1725361153037 4.685400274850313 369
1725361153057 4.641516153039833 370
1725361153078 4.599542482932917 371
1725361153100 4.556967490746147 372
1725361153123 4.515419080507629 373
1725361153144 4.4739466422787535 374
1725361153165 4.432686898220936 375
1725361153186 4.392124376689752 376
1725361153206 4.351552246762244 377
1725361153226 4.311925235684209 378
1725361153247 4.272496286403131 379
1725361153271 4.2332534792239365 380
1725361153293 4.194556876717595 381
1725361153316 4.15618594238824 382
1725361153336 4.118202164790186 383
1725361153358 4.080858469606998 384
1725361153380 4.043025936705382 385
1725361153401 4.00620353623635 386
1725361153423 3.9701524211086516 387
1725361153446 3.9336050772352835 388
1725361153469 3.8975757250895824 389
1725361153492 3.862022855545217 390
1725361153512 3.8272302932152593 391
1725361153534 3.792016161340235 392
1725361153556 3.7579013263814383 393
1725361153581 3.7236560494834436 394
1725361153599 3.689268879357457 395
1725361153629 3.6562157676525984 396
1725361153651 3.6234009792393156 397
1725361153671 3.590009264891054 398
1725361153692 3.5580779409545764 399
1725361153715 3.525598894074918 400
1725361153736 3.4932769689242558 401
1725361153757 3.4621137476970825 402
1725361153778 3.430711045301877 403
1725361153811 3.39977669544444 404
1725361153834 3.3692170463897564 405
1725361153874 3.33870079112596 406
1725361153895 3.3088846574089024 407
1725361153942 3.278423471230072 408
1725361153967 3.2489055314092803 409
1725361154218 3.2200944605643524 410
1725361154240 3.190880229279479 411
1725361154263 3.1624409282262342 412
1725361154288 3.134186104866823 413
1725361154311 3.1055384439364584 414
1725361154332 3.0781550870815386 415
1725361154360 3.0501423224975603 416
1725361154384 3.0230116338186113 417
1725361154407 2.9961734936037523 418
1725361154431 2.9693023011583866 419
1725361154458 2.942516595268737 420
1725361154482 2.9162105096003827 421
1725361154507 2.890754555090764 422
1725361154530 2.8641087163695302 423
1725361154555 2.8389351110743584 424
1725361154577 2.8140670667876875 425
1725361154599 2.7883616943753067 426
1725361154627 2.763727216447699 427
1725361154649 2.739330174624427 428
1725361154671 2.7147979810904546 429
1725361154695 2.6904753501013126 430
1725361154718 2.6671179205499076 431
1725361154744 2.6432371989468657 432
1725361154769 2.6197036085864687 433
1725361154791 2.596631387013065 434
1725361154812 2.5741527532561754 435
1725361154841 2.5503034555845634 436
1725361154863 2.5281289882611344 437
1725361154884 2.5062734658294006 438
1725361154905 2.484165316587785 439
1725361154927 2.462171981937926 440
1725361154953 2.440597139199098 441
1725361154974 2.4191917512243775 442
1725361154997 2.3972288591562596 443
1725361155018 2.3765400775831518 444
1725361155040 2.3559280456686222 445
1725361155073 2.3342803637621556 446
1725361155093 2.314771535487516 447
1725361155114 2.294022716811645 448
1725361155135 2.274095020272821 449
1725361155157 2.2543506291410207 450
1725361155178 2.234122477420326 451
1725361155199 2.2151113537343705 452
1725361155219 2.1959314601085653 453
1725361155242 2.1767001930379584 454
1725361155262 2.157603390155541 455
1725361155285 2.1384381007284246 456
1725361155304 2.120647073894351 457
1725361155324 2.1022803145765168 458
1725361155344 2.0831863280290484 459
1725361155365 2.0655343601741727 460
1725361155384 2.047844395107037 461
1725361155407 2.03001963979397 462
1725361155429 2.012576271447022 463
1725361155448 1.9945293724690913 464
1725361155469 1.977816671929229 465
1725361155489 1.9605197592665902 466
1725361155512 1.943807049665596 467
1725361155534 1.9272132435351956 468
1725361155559 1.9102919882110758 469
1725361155584 1.8942785175621262 470
1725361155607 1.8779271686487968 471
1725361155645 1.8619731378495556 472
1725361155668 1.8459524231583315 473
1725361155695 1.8299592188778238 474
1725361155716 1.8143728572601805 475
1725361155741 1.7990371703866406 476
1725361155761 1.783755769228294 477
1725361155788 1.7686576844177204 478
1725361155809 1.753697115574818 479
1725361155830 1.7379277101567616 480
1725361155855 1.724053565843801 481
1725361155875 1.708959330984496 482
1725361155896 1.6945824655085355 483
1725361155918 1.6804104747009367 484
1725361155940 1.6659877419804168 485
1725361155963 1.6516312568598783 486
1725361155985 1.6379860734017442 487
1725361156010 1.6241714437091377 488
1725361156033 1.6106573019986568 489
1725361156055 1.5970997424965692 490
1725361156077 1.5837746193372377 491
1725361156099 1.570136462372597 492
1725361156120 1.5570727404630216 493
1725361156141 1.5443414245526448 494
1725361156162 1.530982675067416 495
1725361156184 1.518586291487294 496
1725361156203 1.5061212744661332 497
1725361156225 1.4931905328083945 498
1725361156248 1.4809941589862872 499
