1725392189681 1.7203615504884305e+298 0
1725392189752 4.999888127295631e+297 1
1725392189838 5.027517985902938e+297 2
1725392189905 1.4521309848491902e+296 3
1725392189996 1.1908290110852043e+299 4
1725392190073 1.1932288410804268e+300 5
1725392190144 2.368777181049406e+298 6
1725392190210 6.795272473443898e+300 7
1725392190287 1.1227712519304833e+300 8
1725392190349 1.1183984738738532e+301 9
1725392190422 7.213817131028292e+301 10
1725392190503 3.7679652749906703e+301 11
1725392190572 5.711361651779525e+301 12
1725392190648 3.037718559730547e+301 13
1725392190729 1.4164972156953774e+301 14
1725392190791 3.219653160035883e+301 15
1725392190855 1.3055985868283014e+302 16
1725392190933 4.717061044920829e+300 17
1725392191003 4.832579663542979e+303 18
1725392191078 7.629329969705623e+303 19
1725392191157 1.9992844033056034e+304 20
1725392191234 2.6295707501367273e+305 21
1725392191302 1.6814730622954167e+305 22
