1725422085948 168.3308769591909 0
1725422085970 163.34538580972296 1
1725422085995 164.71628799975107 2
1725422086013 166.02639348758072 3
1725422086042 169.54257238042624 4
1725422086089 162.55710897317508 5
1725422086109 157.00002865988256 6
1725422086130 148.24283412738558 7
1725422086146 149.22283248922244 8
1725422086169 150.6226058943007 9
1725422086189 145.63005027073237 10
1725422086209 143.50726070254694 11
1725422086238 141.41252580175683 12
1725422086265 139.79822990648702 13
1725422086290 133.08197884914 14
1725422086311 127.85522081383715 15
1725422086336 123.25799505066038 16
1725422086356 124.96966118924682 17
1725422086375 121.13117658536474 18
1725422086401 124.56051259422254 19
1725422086423 122.27745902020274 20
1725422086442 114.7376480651458 21
1725422086465 111.89985565397063 22
1725422086481 110.43586911243773 23
1725422086503 112.18452303824998 24
1725422086521 105.19527156798618 25
1725422086542 110.24702846842315 26
1725422086562 109.17307737546447 27
1725422086578 105.85433610473041 28
1725422086600 100.09734871573772 29
1725422086619 102.06194775029321 30
1725422086638 103.80231082285238 31
1725422086660 99.96870309528244 32
1725422086682 90.57425388247364 33
1725422086705 95.03455062037436 34
1725422086727 89.24508895180908 35
1725422086747 88.91671523140018 36
1725422086766 88.22757896020643 37
1725422086790 90.09522093730169 38
1725422086807 82.88804841991906 39
1725422086828 82.41275001881161 40
1725422086844 79.95733951892399 41
1725422086865 79.76190208851115 42
1725422086886 79.74860436323281 43
1725422086909 76.1724845281439 44
1725422086935 75.54651715108014 45
1725422086952 73.2731994476895 46
1725422086973 76.8380114162886 47
1725422086992 71.40295086931917 48
1725422087009 72.24556480401937 49
1725422087031 70.0925268820387 50
1725422087057 67.80558414484825 51
1725422087082 65.93014667119866 52
1725422087102 66.33008030009503 53
1725422087119 65.64409874008017 54
1725422087138 63.13757205398578 55
1725422087161 61.38661397258054 56
1725422087190 62.03571488433875 57
1725422087214 63.60893570265599 58
1725422087256 60.32622283513282 59
1725422087288 57.41909808086695 60
1725422087306 56.35553104475157 61
1725422087324 56.79779568989747 62
1725422087343 53.16720065428311 63
1725422087366 55.74476608044291 64
1725422087383 53.62623347181732 65
1725422087436 53.39726123681791 66
1725422087468 51.86453938113747 67
1725422087498 49.83363182880585 68
1725422087531 49.3882215598838 69
1725422087566 49.133597581665576 70
1725422087604 48.419645047259515 71
1725422087644 47.5186072640602 72
1725422087670 47.3897433641962 73
1725422087688 45.42152361147747 74
1725422087707 44.46300120299734 75
1725422087728 43.82386739500751 76
1725422087748 45.03301630870737 77
1725422087769 43.769569658049946 78
1725422087796 43.91037300816923 79
1725422087818 40.54600504476613 80
1725422087837 41.04898754668293 81
1725422087856 38.77214072686217 82
1725422087876 38.385523240572894 83
1725422087896 38.63213702373701 84
1725422087921 37.197020955722714 85
1725422087956 35.69627161360017 86
1725422088047 35.694516145861414 87
1725422088095 36.378991211096746 88
1725422088128 35.50766500048509 89
1725422088145 36.75419635266228 90
1725422088170 34.55934692910601 91
1725422088194 33.01335638719729 92
1725422088215 32.022329620921354 93
1725422088240 33.12317255178596 94
1725422088267 30.20871066104464 95
1725422088287 30.289635499528192 96
1725422088308 29.08445469446518 97
1725422088328 32.11164486175023 98
1725422088344 28.74533069627054 99
1725422088371 28.917061555877282 100
1725422088388 29.309696647390414 101
1725422088412 28.293644832044635 102
1725422088446 27.10582897399659 103
1725422088474 26.194369314287304 104
1725422088508 25.155555144950544 105
1725422088545 25.910338046172335 106
1725422088591 24.68192591952266 107
1725422088630 24.90870603060444 108
1725422088659 23.97979379187354 109
1725422088677 23.992971051105695 110
1725422088700 23.645904099969787 111
1725422088716 24.003267333838444 112
1725422088735 23.205494917370718 113
1725422088756 21.90962400556032 114
1725422088776 22.747087331503817 115
1725422088810 22.234936858976667 116
1725422088837 22.114546902715766 117
1725422088858 20.748388283020468 118
1725422088879 20.826062955463563 119
1725422088900 20.471102439099507 120
1725422088924 19.990421689987894 121
1725422088948 19.98596979028701 122
1725422088970 19.464636871485705 123
1725422088993 18.707020543965783 124
1725422089012 18.64165521987287 125
1725422089039 18.2345085081707 126
1725422089075 17.068150128093535 127
1725422089115 17.59176134752084 128
1725422089164 17.74847106892545 129
1725422089200 16.957514036405538 130
1725422089232 16.617353821188825 131
1725422089270 17.289977499265 132
1725422089294 16.325351967391878 133
1725422089314 15.512340222962159 134
1725422089335 16.42124205252644 135
1725422089358 15.486144173658653 136
1725422089378 14.872718652457822 137
1725422089402 15.38965242947589 138
1725422089426 15.755979621710583 139
1725422089442 13.79359858319348 140
1725422089460 14.47034164975647 141
1725422089478 13.376024646515216 142
1725422089499 13.708974244591037 143
1725422089515 13.007892868270119 144
1725422089540 13.487888346987623 145
1725422089557 12.239758948695512 146
1725422089574 12.56561560574188 147
1725422089595 12.96192932111327 148
1725422089612 12.70212652043196 149
1725422089632 12.075819973188143 150
1725422089649 12.67697108589154 151
1725422089673 12.122595906459027 152
1725422089691 11.171346294758042 153
1725422089707 11.127016409025392 154
1725422089727 11.733545311455826 155
1725422089743 10.02190160758744 156
1725422089764 11.52637155632168 157
1725422089783 10.824119707343788 158
1725422089809 10.577765943304149 159
1725422089840 10.170761492518128 160
1725422089860 10.368168971802628 161
1725422089878 9.811134656270237 162
1725422089898 9.549586667278598 163
1725422089926 9.220832998388072 164
1725422089955 9.221206755351972 165
1725422089980 8.608967251405822 166
1725422090012 8.413516631402656 167
1725422090040 8.564151424936572 168
1725422090064 8.182051787881093 169
1725422090080 8.914454437373534 170
1725422090102 8.259310947870949 171
1725422090119 8.106371707922134 172
1725422090138 8.449109910366014 173
1725422090167 7.922085120175025 174
1725422090202 8.074740689130708 175
1725422090234 7.208167256542649 176
1725422090265 7.4840754957371765 177
1725422090296 7.771464745407049 178
1725422090317 7.4228008379927655 179
1725422090339 6.936753115846775 180
1725422090358 7.548484163489473 181
1725422090375 7.1125246019841475 182
1725422090397 7.503109527538185 183
1725422090428 6.761342467677133 184
1725422090451 6.882505457839108 185
1725422090480 6.529573910698593 186
1725422090507 6.190214058394184 187
1725422090534 6.915822980189028 188
1725422090578 6.341448316648766 189
1725422090621 6.445347464678395 190
1725422090655 5.729198515493737 191
1725422090674 6.089630000240494 192
1725422090696 5.824321948846522 193
1725422090721 5.991687945337743 194
1725422090738 5.493959334267462 195
1725422090758 5.369443005893591 196
1725422090775 5.417618385649374 197
1725422090795 5.81491010897558 198
1725422090812 5.495858195176447 199
1725422090835 4.699836805204141 200
1725422090854 5.048950401834546 201
1725422090872 5.2134423715555815 202
1725422090890 5.184152679143962 203
1725422090911 4.819538672992725 204
1725422090940 4.431640647340224 205
1725422090966 4.375242845568204 206
1725422090985 4.7642534742682665 207
1725422091006 4.544391491648842 208
1725422091024 4.6633796068738045 209
1725422091047 4.241100612066729 210
1725422091079 4.089504326842855 211
1725422091103 4.8449896017174705 212
1725422091129 4.159795021406491 213
1725422091153 4.153583397539546 214
1725422091180 4.13689906431169 215
1725422091212 4.022554234465425 216
1725422091241 3.995419020458657 217
1725422091278 3.8772749134981104 218
1725422091308 3.3341937447773047 219
1725422091336 3.887006381676738 220
1725422091354 3.5639777054242714 221
1725422091370 3.558152462120503 222
1725422091389 3.7113967313195833 223
1725422091411 3.5811824399475527 224
1725422091442 3.601697561745199 225
1725422091471 3.549960491362986 226
1725422091503 3.5475645576490944 227
1725422091527 3.2888632247996648 228
1725422091562 3.0770806105470827 229
1725422091599 3.0773999616164933 230
1725422091632 3.3125311160712125 231
1725422091661 3.4382168423880612 232
1725422091679 2.7211969362305743 233
1725422091700 2.5292116208481774 234
1725422091719 3.217967783165628 235
1725422091736 3.209060674783909 236
1725422091756 3.0013979600009875 237
1725422091783 2.7774449149177967 238
1725422091805 2.8027880212608354 239
1725422091832 3.052489033348507 240
1725422091852 2.461542332563438 241
1725422091875 2.474834012757973 242
1725422091897 2.306274365909473 243
1725422091957 2.296806191221334 244
1725422092021 2.373682635395117 245
1725422092068 2.4440160620725915 246
1725422092105 2.3716745405495305 247
1725422092141 2.5472218837770404 248
1725422092170 2.7177189841031537 249
1725422092190 2.198468414370593 250
1725422092209 2.2612219995370753 251
1725422092232 2.068526658532992 252
1725422092248 2.3786331935268654 253
1725422092273 2.154633443751049 254
1725422092300 2.032917696183872 255
1725422092319 2.379346596689253 256
1725422092339 2.3952580001198336 257
1725422092358 1.837488142982384 258
1725422092375 2.157292027193707 259
1725422092397 2.1370175354566157 260
1725422092420 1.6767430376482757 261
1725422092440 1.7656593883977778 262
1725422092469 1.9964574906984252 263
1725422092493 1.759857584863124 264
1725422092511 2.008635754058396 265
1725422092540 1.6666171645891397 266
1725422092571 1.6933203844505915 267
1725422092609 1.6823670701414692 268
1725422092638 1.898382998218388 269
1725422092677 1.8639363688551396 270
1725422092719 1.7352247853128782 271
1725422092766 1.8324797385498162 272
1725422092802 1.570562306769892 273
1725422092840 1.497510537954366 274
1725422092878 1.6564901317093343 275
1725422092932 1.5595853606136274 276
1725422092968 1.409506850588871 277
1725422093006 1.5477074004665394 278
1725422093034 1.5003520013507798 279
1725422093051 1.4484254197786919 280
1725422093073 1.4035068077718797 281
1725422093094 1.3337351612280473 282
1725422093111 1.379433343254989 283
1725422093136 1.205349684392085 284
1725422093161 1.2090357540432173 285
1725422093199 1.3157891675389612 286
1725422093242 1.3213463507579897 287
1725422093288 1.3513433246089877 288
1725422093306 1.297393992214357 289
1725422093323 1.2780252545959252 290
1725422093339 1.2235214942423556 291
1725422093358 1.0911712171589385 292
1725422093375 1.0593127081688234 293
1725422093400 1.2857899048227242 294
1725422093419 1.106466782903258 295
1725422093436 1.024252910336878 296
1725422093455 1.177431926036288 297
1725422093471 1.042939342904911 298
1725422093489 0.9920534740525776 299
1725422093508 1.088312990780764 300
1725422093540 1.1403155708300725 301
1725422093587 0.9469335462014008 302
1725422093618 1.221822536646066 303
1725422093640 0.731428285260806 304
1725422093671 0.8980802305882922 305
1725422093708 0.9553245685181874 306
1725422093742 0.9335837353609773 307
1725422093780 0.9713263218076452 308
1725422093811 0.9050877106701551 309
1725422093843 0.984598398283571 310
1725422093884 1.3664975241496173 311
1725422093921 0.674058162419387 312
1725422093955 0.9726336545233057 313
1725422093985 0.8908040911187332 314
1725422094015 0.7518875668932391 315
1725422094044 0.8725323546327886 316
1725422094079 0.9397196701733987 317
1725422094115 0.9157031638648017 318
1725422094158 0.7577759327178936 319
1725422094196 0.7732757605296603 320
1725422094230 0.8890165332524821 321
1725422094278 0.7915094425492416 322
1725422094313 0.8089769856964514 323
1725422094348 0.7403910251289986 324
1725422094382 0.7812081831772301 325
1725422094413 0.8802485677996259 326
1725422094446 0.6934082138183528 327
1725422094480 0.6373985942720759 328
1725422094511 0.8238022236052291 329
1725422094550 0.9069839430459928 330
1725422094575 0.7393196448853172 331
1725422094616 0.5791284008701192 332
1725422094655 0.5762575303770928 333
1725422094692 0.6467528760769166 334
1725422094722 0.7514652384164446 335
1725422094761 0.6939569498953602 336
1725422094807 0.6856908570875273 337
1725422094852 0.6830279247570369 338
1725422094877 0.7424106629770185 339
1725422094915 0.7199522838970606 340
1725422094949 0.4185678575106877 341
1725422094981 0.5702827564873605 342
1725422095009 0.7394914377277593 343
1725422095033 0.6038916367643778 344
1725422095069 0.5451695065374342 345
1725422095098 0.5261227922036696 346
1725422095134 0.4852880467949742 347
1725422095166 0.5563998511013108 348
1725422095199 0.6810172472223252 349
1725422095232 0.5422404011027291 350
1725422095269 0.5277921593869559 351
1725422095306 0.5240868258478566 352
1725422095339 0.5580418715416351 353
1725422095371 0.7216429449389955 354
1725422095410 0.6172583669989378 355
1725422095439 0.5449353521001813 356
1725422095469 0.643787414803008 357
1725422095502 0.4931428244815916 358
1725422095535 0.5819220546044357 359
1725422095572 0.45874114428452956 360
1725422095609 0.5525758465418017 361
1725422095652 0.4148771181963867 362
1725422095677 0.5573422794134232 363
1725422095707 0.48394086795658864 364
1725422095740 0.42878195464064317 365
1725422095771 0.37916399759819314 366
1725422095812 0.46748775937631304 367
1725422095849 0.36841977353763977 368
1725422095884 0.4874228629320599 369
1725422095919 0.44131286920056917 370
1725422095952 0.393902132313871 371
1725422095997 0.4155922215999952 372
1725422096028 0.49256507234178853 373
1725422096063 0.44712869014749435 374
1725422096093 0.3767785201253735 375
1725422096126 0.3978441550535884 376
1725422096160 0.44595205491170886 377
1725422096196 0.4120352385237419 378
1725422096229 0.3620952001614032 379
1725422096266 0.3217021990210082 380
1725422096305 0.42149213625003057 381
1725422096341 0.45285678717773575 382
1725422096372 0.4015020405920002 383
1725422096408 0.3479206608864854 384
1725422096439 0.3420360984910518 385
1725422096469 0.38041344209551553 386
1725422096500 0.3818438275152438 387
1725422096532 0.42880369062437584 388
1725422096568 0.5013401524821595 389
1725422096606 0.4195910063324021 390
1725422096652 0.3634627258678767 391
1725422096693 0.35155980249590557 392
1725422096730 0.3409421663982426 393
1725422096777 0.39242400976589314 394
1725422096809 0.2601053431639108 395
1725422096847 0.3353552516187225 396
1725422096879 0.33061181010286944 397
1725422096908 0.3524830170822059 398
1725422096946 0.2777617299574991 399
1725422096975 0.26879385547742635 400
1725422097011 0.3649908966816774 401
1725422097050 0.2905941106636041 402
1725422097086 0.3895149728136558 403
1725422097120 0.33516572198724454 404
1725422097150 0.27552617062156176 405
1725422097184 0.28433457114212984 406
1725422097221 0.27352251113028614 407
1725422097259 0.43218182168894936 408
1725422097290 0.26165040905075565 409
1725422097323 0.3301504444156018 410
1725422097355 0.2620817306906226 411
1725422097388 0.3175304537708076 412
1725422097424 0.2531945717670565 413
1725422097462 0.24695011203810335 414
1725422097491 0.25079483133742275 415
1725422097524 0.3601598293267627 416
1725422097559 0.3047760810436342 417
1725422097599 0.2602213896236644 418
1725422097636 0.23816093235275707 419
1725422097669 0.3822501624449748 420
1725422097706 0.2968341250012439 421
1725422097744 0.3607838494636339 422
1725422097785 0.23776906670403636 423
1725422097818 0.35391221035999754 424
1725422097858 0.24682543067524493 425
1725422097893 0.2671249007808743 426
1725422097928 0.2733481878797693 427
1725422097961 0.20991473209455616 428
1725422097999 0.23557307052928256 429
1725422098031 0.3342232057010968 430
1725422098082 0.22371668500480715 431
1725422098116 0.24835173666192137 432
1725422098153 0.2792907187015491 433
1725422098187 0.23471626748762994 434
1725422098217 0.27921071917739415 435
1725422098251 0.22680680541679618 436
1725422098296 0.26525928715636804 437
1725422098341 0.29030132066883635 438
1725422098388 0.2443518646950496 439
1725422098421 0.239470686964366 440
1725422098460 0.2628734901794725 441
1725422098492 0.27233486315774336 442
1725422098531 0.18744854250445178 443
1725422098571 0.19975616433665164 444
1725422098604 0.23112345374489748 445
1725422098651 0.2624080915585671 446
1725422098688 0.2216291024242831 447
1725422098724 0.18563780226264429 448
1725422098760 0.23486076137921996 449
1725422098795 0.2609528222998148 450
1725422098829 0.29143708408725416 451
1725422098862 0.19964582726863053 452
1725422098900 0.2946791485688666 453
1725422098936 0.1715365963463524 454
1725422098971 0.20180328782882306 455
1725422099015 0.23135087090217463 456
1725422099051 0.1527891962790185 457
1725422099090 0.25524577577534047 458
1725422099120 0.22940807153389428 459
1725422099160 0.223145998011668 460
1725422099189 0.21120485501374 461
1725422099224 0.1968733055256022 462
1725422099258 0.21124770259574066 463
1725422099288 0.2558909971953627 464
1725422099324 0.27186331609072456 465
1725422099359 0.2502592307132472 466
1725422099396 0.15838575196829902 467
1725422099428 0.19969686799158437 468
1725422099462 0.2377693590584974 469
1725422099499 0.23036157875339466 470
1725422099528 0.23927443608257196 471
1725422099569 0.23119456395693688 472
1725422099602 0.2351059395680626 473
1725422099640 0.19868645132442747 474
1725422099685 0.18930828266471383 475
1725422099723 0.16720887914520158 476
1725422099767 0.1615353276514289 477
1725422099801 0.25168092807419645 478
1725422099841 0.1675806619448062 479
1725422099885 0.24504084418854694 480
1725422099917 0.2099003797067745 481
1725422099955 0.21941283137769968 482
1725422099989 0.16924358072506204 483
1725422100038 0.21608434094404635 484
1725422100070 0.23475916619589868 485
1725422100105 0.19984347217269965 486
1725422100145 0.1690063111384704 487
1725422100178 0.2715323972409012 488
1725422100208 0.15310408555860283 489
1725422100250 0.1484542927455529 490
1725422100291 0.2213320153021184 491
1725422100341 0.11988205821492905 492
1725422100384 0.17062847915445467 493
1725422100409 0.16739761821752513 494
1725422100441 0.27277525805380365 495
1725422100477 0.17729352438803134 496
1725422100501 0.20644758141158956 497
1725422100532 0.18968872444289503 498
1725422100581 0.22648847596099614 499
