1725353579744 175.22577110337733 0
1725353579764 175.19028763613085 1
1725353579783 175.1548113580275 2
1725353579803 175.11934226760474 3
1725353579823 175.0838803634004 4
1725353579849 175.04842564395244 5
1725353579869 175.01297810779934 6
1725353579888 174.97753775347977 7
1725353579908 174.9421045795326 8
1725353579936 174.90667858449726 9
1725353579956 174.87125976691317 10
1725353579978 174.8358481253203 11
1725353580017 174.80044365825876 12
1725353580039 174.76504636426907 13
1725353580063 174.72965624189203 14
1725353580084 174.6942732896686 15
1725353580105 174.65889750614025 16
1725353580125 174.62352888984861 17
1725353580143 174.58816743933568 18
1725353580161 174.5528131531437 19
1725353580181 174.51746602981524 20
1725353580200 174.48212606789318 21
1725353580220 174.4467932659207 22
1725353580240 174.41146762244122 23
1725353580258 174.37614913599856 24
1725353580277 174.34083780513674 25
1725353580298 174.30553362840016 26
1725353580315 174.27023660433343 27
1725353580334 174.2349467314816 28
1725353580356 174.19966400838985 29
1725353580373 174.16438843360376 30
1725353580392 174.12912000566925 31
1725353580411 174.09385872313234 32
1725353580430 174.0586045845396 33
1725353580452 174.02335758843776 34
1725353580472 173.98811773337383 35
1725353580494 173.9528850178952 36
1725353580512 173.91765944054947 37
1725353580533 173.88244099988466 38
1725353580552 173.84722969444894 39
1725353580571 173.8120255227909 40
1725353580589 173.77682848345935 41
1725353580606 173.74163857500344 42
1725353580626 173.7064557959726 43
1725353580643 173.67128014491658 44
1725353580661 173.63611162038544 45
1725353580679 173.60095022092938 46
1725353580697 173.56579594509918 47
1725353580716 173.53064879144569 48
1725353580734 173.49550875852012 49
1725353580759 173.460375844874 50
1725353580778 173.42525004905917 51
1725353580797 173.39013136962774 52
1725353580816 173.35501980513212 53
1725353580835 173.31991535412496 54
1725353580854 173.28481801515937 55
1725353580878 173.24972778678855 56
1725353580897 173.21464466756615 57
1725353580929 173.1795686560461 58
1725353581086 173.1444997507825 59
1725353581109 173.10943795032992 60
1725353581129 173.0743832532431 61
1725353581152 173.03933565807714 62
1725353581171 173.00429516338744 63
1725353581188 172.96926176772962 64
1725353581207 172.93423546965974 65
1725353581227 172.89921626773398 66
1725353581255 172.86420416050893 67
1725353581275 172.8291991465415 68
1725353581295 172.79420122438881 69
1725353581321 172.75921039260834 70
1725353581350 172.72422664975778 71
1725353581369 172.68924999439523 72
1725353581386 172.65428042507898 73
1725353581405 172.61931794036778 74
1725353581423 172.58436253882044 75
1725353581441 172.54941421899625 76
1725353581457 172.51447297945475 77
1725353581479 172.4795388187557 78
1725353581497 172.44461173545926 79
1725353581518 172.40969172812586 80
1725353581539 172.37477879531616 81
1725353581559 172.33987293559122 82
1725353581585 172.30497414751233 83
1725353581604 172.270082429641 84
1725353581625 172.2351977805392 85
1725353581646 172.20032019876913 86
1725353581667 172.1654496828932 87
1725353581687 172.13058623147427 88
1725353581706 172.09572984307533 89
1725353581726 172.06088051625977 90
1725353581747 172.02603824959127 91
1725353581766 171.99120304163378 92
1725353581786 171.95637489095154 93
1725353581804 171.9215537961091 94
1725353581823 171.88673975567127 95
1725353581843 171.85193276820323 96
1725353581862 171.81713283227037 97
1725353581880 171.78233994643847 98
1725353581897 171.74755410927347 99
1725353581917 171.71277531934172 100
1725353581937 171.67800357520983 101
1725353581958 171.6432388754447 102
1725353581981 171.60848121861352 103
1725353582001 171.57373060328374 104
1725353582032 171.5389870280232 105
1725353582050 171.50425049139997 106
1725353582078 171.46952099198242 107
1725353582104 171.43479852833914 108
1725353582124 171.4000830990392 109
1725353582142 171.36537470265174 110
1725353582160 171.33067333774642 111
1725353582179 171.29597900289295 112
1725353582198 171.26129169666157 113
1725353582219 171.22661141762268 114
1725353582238 171.19193816434694 115
1725353582259 171.15727193540545 116
1725353582278 171.12261272936942 117
1725353582298 171.08796054481058 118
1725353582317 171.0533153803007 119
1725353582340 171.018677234412 120
1725353582362 170.98404610571694 121
1725353582381 170.94942199278842 122
1725353582401 170.9148048941993 123
1725353582421 170.8801948085231 124
1725353582441 170.84559173433337 125
1725353582458 170.81099567020414 126
1725353582477 170.77640661470954 127
1725353582499 170.74182456642416 128
1725353582519 170.70724952392285 129
1725353582539 170.67268148578069 130
1725353582561 170.63812045057304 131
1725353582579 170.60356641687568 132
1725353582599 170.56901938326453 133
1725353582618 170.5344793483159 134
1725353582639 170.4999463106064 135
1725353582661 170.46542026871288 136
1725353582682 170.43090122121242 137
1725353582703 170.39638916668258 138
1725353582723 170.36188410370102 139
1725353582741 170.32738603084584 140
1725353582761 170.2928949466953 141
1725353582780 170.2584108498281 142
1725353582799 170.2239337388231 143
1725353582819 170.18946361225952 144
1725353582838 170.15500046871676 145
1725353582859 170.12054430677475 146
1725353582878 170.08609512501351 147
1725353582899 170.05165292201337 148
1725353582917 170.01721769635503 149
1725353582938 169.98278944661942 150
1725353582956 169.94836817138778 151
1725353582977 169.91395386924162 152
1725353582999 169.87954653876284 153
1725353583019 169.8451461785335 154
1725353583053 169.810752787136 155
1725353583075 169.77636636315304 156
1725353583094 169.74198690516766 157
1725353583113 169.70761441176307 158
1725353583133 169.67324888152288 159
1725353583152 169.6388903130309 160
1725353583169 169.60453870487135 161
1725353583188 169.5707121587317 162
1725353583208 169.53689241479825 163
1725353583232 169.5030794716923 164
1725353583252 169.46927332803523 165
1725353583271 169.435473982449 166
1725353583294 169.40168143355555 167
1725353583312 169.3678956799773 168
1725353583332 169.33411672033682 169
1725353583352 169.30034455325708 170
1725353583372 169.26657917736122 171
1725353583391 169.23282059127277 172
1725353583410 169.19906879361548 173
1725353583432 169.16532378301346 174
1725353583458 169.13158555809088 175
1725353583478 169.09785411747248 176
1725353583497 169.06412945978315 177
1725353583517 169.03041158364798 178
1725353583538 168.99670048769246 179
1725353583565 168.96299617054234 180
1725353583586 168.92929863082364 181
1725353583615 168.89560786716265 182
1725353583639 168.86192387818596 183
1725353583661 168.8282466625204 184
1725353583689 168.7945762187932 185
1725353583711 168.76091254563164 186
1725353583738 168.72725564166353 187
1725353583764 168.69360550551687 188
1725353583787 168.65996213581985 189
1725353583815 168.6263255312011 190
1725353583839 168.59269569028942 191
1725353583864 168.55907261171393 192
1725353583894 168.525456294104 193
1725353583916 168.49184673608931 194
1725353583938 168.45824393629985 195
1725353583959 168.4246478933658 196
1725353583977 168.39105860591772 197
1725353584003 168.35747607258637 198
1725353584024 168.3239002920029 199
1725353584062 168.29033126279856 200
1725353584116 168.25676898360513 201
1725353584138 168.22321345305434 202
1725353584164 168.18966466977858 203
1725353584188 168.15612263241027 204
1725353584206 168.12258733958208 205
1725353584230 168.08905878992718 206
1725353584252 168.0555369820788 207
1725353584271 168.02202191467057 208
1725353584291 167.9885135863364 209
1725353584314 167.95501199571044 210
1725353584337 167.92151714142705 211
1725353584358 167.8880290221211 212
1725353584390 167.85454763642747 213
1725353584413 167.82107298298146 214
1725353584433 167.78760506041866 215
1725353584463 167.75414386737492 216
1725353584485 167.72068940248636 217
1725353584508 167.6872416643893 218
1725353584530 167.65380065172053 219
1725353584552 167.62036636311694 220
1725353584573 167.58693879721577 221
1725353584600 167.55351795265454 222
1725353584627 167.5201038280711 223
1725353584648 167.48669642210342 224
1725353584670 167.45329573338998 225
1725353584696 167.4199017605693 226
1725353584722 167.38651450228036 227
1725353584743 167.35313395716233 228
1725353584766 167.31976012385468 229
1725353584787 167.28639300099715 230
1725353584815 167.2530325872298 231
1725353584835 167.21967888119286 232
1725353584856 167.18633188152702 233
1725353584880 167.15299158687307 234
1725353584903 167.1196579958722 235
1725353584922 167.0863311071658 236
1725353584945 167.05301091939555 237
1725353584966 167.01969743120347 238
1725353584986 166.9863906412318 239
1725353585007 166.95309054812304 240
1725353585026 166.91979715052005 241
1725353585047 166.88651044706592 242
1725353585088 166.85323043640398 243
1725353585109 166.81995711717792 244
1725353585132 166.78669048803158 245
1725353585152 166.7534305476093 246
1725353585173 166.72017729455544 247
1725353585192 166.68693072751483 248
1725353585213 166.65369084513245 249
1725353585237 166.62045764605367 250
1725353585258 166.58723112892403 251
1725353585277 166.5540112923894 252
1725353585298 166.520798135096 253
1725353585325 166.48759165569018 254
1725353585348 166.45439185281862 255
1725353585371 166.42119872512836 256
1725353585391 166.38801227126663 257
1725353585416 166.354832489881 258
1725353585441 166.3216593796192 259
1725353585465 166.28849293912936 260
1725353585490 166.25533316705986 261
1725353585512 166.2221800620593 262
1725353585533 166.18903362277666 263
1725353585559 166.15589384786108 264
1725353585582 166.12276073596206 265
1725353585606 166.0896342857293 266
1725353585632 166.05651449581288 267
1725353585660 166.0234013648631 268
1725353585684 165.9902948915305 269
1725353585711 165.95719507446597 270
1725353585758 165.92410191232062 271
1725353585788 165.89101540374585 272
1725353585815 165.85793554739337 273
1725353585845 165.82486234191512 274
1725353585877 165.79179578596333 275
1725353585904 165.75873587819052 276
1725353585943 165.72568261724948 277
1725353585968 165.6926360017933 278
1725353585996 165.65959603047529 279
1725353586027 165.626562701949 280
1725353586060 165.59353601486848 281
1725353586105 165.56051596788782 282
1725353586130 165.5275025596614 283
1725353586158 165.494495788844 284
1725353586180 165.46149565409067 285
1725353586202 165.42850215405656 286
1725353586223 165.39551528739727 287
1725353586242 165.3625350527687 288
1725353586262 165.32956144882684 289
1725353586283 165.29659447422804 290
1725353586311 165.26363412762908 291
1725353586328 165.2306804076868 292
1725353586346 165.19773331305836 293
1725353586366 165.16479284240134 294
1725353586387 165.13185899437335 295
1725353586409 165.09893176763254 296
1725353586429 165.06601116083718 297
1725353586448 165.03309717264577 298
1725353586469 165.00018980171728 299
1725353586490 164.96728904671073 300
1725353586511 164.9343949062855 301
1725353586530 164.90150737910136 302
1725353586548 164.8686264638182 303
1725353586571 164.83575215909627 304
1725353586592 164.80288446359603 305
1725353586616 164.77002337597827 306
1725353586640 164.73716889490404 307
1725353586661 164.70432101903464 308
1725353586688 164.67147974703173 309
1725353586706 164.63864507755704 310
1725353586727 164.60581700927284 311
1725353586749 164.57299554084148 312
1725353586774 164.54018067092565 313
1725353586807 164.50737239818838 314
1725353586837 164.47457072129282 315
1725353586861 164.44177563890256 316
1725353586886 164.4089871496813 317
1725353586911 164.3762052522932 318
1725353586934 164.3434299454025 319
1725353586956 164.31066122767385 320
1725353586989 164.27789909777215 321
1725353587019 164.24514355436253 322
1725353587057 164.2123945961104 323
1725353587092 164.1796522216815 324
1725353587125 164.14691642974174 325
1725353587145 164.11418721895743 326
1725353587173 164.08146458799507 327
1725353587192 164.04874853552144 328
1725353587211 164.01603906020364 329
1725353587232 163.98333616070897 330
1725353587252 163.9506398357051 331
1725353587285 163.9179500838598 332
1725353587306 163.88526690384137 333
1725353587328 163.85259029431813 334
1725353587349 163.81992025395888 335
1725353587375 163.78725678143252 336
1725353587395 163.75459987540833 337
1725353587418 163.72194953455585 338
1725353587440 163.68930575754484 339
1725353587463 163.65666854304538 340
1725353587480 163.62403788972782 341
1725353587505 163.59141379626274 342
1725353587527 163.55879626132105 343
1725353587548 163.52618528357394 344
1725353587568 163.49358086169275 345
1725353587589 163.4609829943493 346
1725353587611 163.42839168021547 347
1725353587634 163.39580691796348 348
1725353587655 163.363228706266 349
1725353587687 163.33065704379567 350
1725353587716 163.2980919292256 351
1725353587735 163.2655333612291 352
1725353587761 163.23298133847985 353
1725353587780 163.20043585965166 354
1725353587801 163.16789692341868 355
1725353587822 163.13536452845534 356
1725353587842 163.10283867343634 357
1725353587863 163.07031935703665 358
1725353587892 163.03780657793146 359
1725353587914 163.00530033479632 360
1725353587937 162.972800626307 361
1725353587958 162.94030745113952 362
1725353587977 162.90782080797024 363
1725353587997 162.87534069547573 364
1725353588017 162.84286711233287 365
1725353588038 162.81040005721874 366
1725353588056 162.77793952881083 367
1725353588078 162.7454855257867 368
1725353588099 162.71303804682435 369
1725353588150 162.68059709060205 370
1725353588170 162.64816265579822 371
1725353588200 162.61573474109161 372
1725353588230 162.58331334516134 373
1725353588248 162.5508984666866 374
1725353588268 162.51849010434702 375
1725353588287 162.4860882568224 376
1725353588306 162.4536929227929 377
1725353588325 162.42130410093884 378
1725353588354 162.38892178994095 379
1725353588373 162.35654598848006 380
1725353588393 162.32417669523744 381
1725353588415 162.2918139088945 382
1725353588435 162.25945762813296 383
1725353588458 162.22710785163488 384
1725353588477 162.19476457808253 385
1725353588503 162.16242780615835 386
1725353588524 162.13009753454529 387
1725353588547 162.0977737619263 388
1725353588568 162.06545648698486 389
1725353588592 162.03314570840448 390
1725353588620 162.00084142486912 391
1725353588643 161.9685436350629 392
1725353588664 161.93625233767025 393
1725353588692 161.9039675313759 394
1725353588720 161.87168921486483 395
1725353588745 161.8394173868222 396
1725353588768 161.80715204593355 397
1725353588789 161.7748931908847 398
1725353588820 161.7426408203617 399
1725353588850 161.71039493305074 400
1725353588875 161.67815552763852 401
1725353588905 161.64592260281188 402
1725353588935 161.61369615725792 403
1725353588958 161.581476189664 404
1725353588989 161.54926269871785 405
1725353589010 161.51705568310737 406
1725353589033 161.48485514152068 407
1725353589057 161.45266107264638 408
1725353589079 161.42047347517308 409
1725353589104 161.38829234778984 410
1725353589143 161.35611768918594 411
1725353589174 161.3239494980509 412
1725353589198 161.2917877730745 413
1725353589225 161.2596325129469 414
1725353589247 161.22748371635836 415
1725353589266 161.19534138199953 416
1725353589289 161.16320550856128 417
1725353589310 161.13107609473474 418
1725353589338 161.0989531392114 419
1725353589364 161.06683664068282 420
1725353589385 161.03472659784111 421
1725353589405 161.0026230093783 422
1725353589429 160.97052587398707 423
1725353589458 160.93843519036005 424
1725353589479 160.9063509571903 425
1725353589498 160.87427317317113 426
1725353589516 160.84220183699608 427
1725353589540 160.81013694735896 428
1725353589560 160.77807850295392 429
1725353589582 160.74602650247525 430
1725353589607 160.71398094461756 431
1725353589630 160.68194182807585 432
1725353589656 160.64990915154527 433
1725353589677 160.61788291372116 434
1725353589697 160.5858631132993 435
1725353589719 160.5538497489756 436
1725353589742 160.52184281944633 437
1725353589763 160.48984232340794 438
1725353589785 160.45784825955727 439
1725353589807 160.4258606265913 440
1725353589831 160.39387942320735 441
1725353589865 160.36190464810295 442
1725353589884 160.329936299976 443
1725353589903 160.29797437752453 444
1725353589923 160.26601887944693 445
1725353589941 160.23406980444187 446
1725353589974 160.20212715120823 447
1725353589997 160.17019091844512 448
1725353590022 160.13826110485203 449
1725353590045 160.1063377091286 450
1725353590070 160.07442072997492 451
1725353590110 160.0425101660911 452
1725353590136 160.0106060161777 453
1725353590173 159.97870827893544 454
1725353590195 159.94681695306537 455
1725353590224 159.9149320372688 456
1725353590244 159.88305353024725 457
1725353590265 159.85118143070258 458
1725353590289 159.81931573733686 459
1725353590314 159.78745644885248 460
1725353590335 159.75560356395206 461
1725353590365 159.72375708133848 462
1725353590398 159.69191699971486 463
1725353590425 159.66008331778468 464
1725353590458 159.62825603425156 465
1725353590488 159.59643514781956 466
1725353590513 159.56462065719276 467
1725353590532 159.53281256107581 468
1725353590553 159.5010108581733 469
1725353590574 159.46921554719026 470
1725353590606 159.43742662683206 471
1725353590636 159.4056440958042 472
1725353590666 159.37386795281247 473
1725353590685 159.34209819656297 474
1725353590705 159.310334825762 475
1725353590731 159.2785778391162 476
1725353590754 159.24682723533246 477
1725353590777 159.21508301311783 478
1725353590802 159.1833451711798 479
1725353590823 159.15161370822597 480
1725353590848 159.11988862296425 481
1725353590873 159.08816991410296 482
1725353590898 159.05645758035038 483
1725353590924 159.0247516204154 484
1725353590972 158.99305203300688 485
1725353590992 158.96135881683406 486
1725353591013 158.92967197060653 487
1725353591032 158.89799149303408 488
1725353591056 158.86631738282668 489
1725353591076 158.83464963869466 490
1725353591096 158.80298825934864 491
1725353591119 158.77133324349936 492
1725353591152 158.739684589858 493
1725353591193 158.7080422971359 494
1725353591251 158.67640636404465 495
1725353591272 158.64477678929617 496
1725353591294 158.61315357160265 497
1725353591331 158.5815367096764 498
1725353591359 158.54992620223024 499
