1725393575048 175.7667988635666 0
1725393575080 175.54113934270757 1
1725393575116 175.36348559061895 2
1725393575146 175.1860015275366 3
1725393575179 175.0087164821834 4
1725393575222 174.83163020047553 5
1725393575255 174.65474244725127 6
1725393575283 174.4780529876279 7
1725393575309 174.3015615870137 8
1725393575338 174.1252680111075 9
1725393575377 173.94917202589818 10
1725393575412 173.77327339766452 11
1725393575444 173.59757189297463 12
1725393575477 173.42206727868555 13
1725393575504 173.2467593219431 14
1725393575535 173.0716477901814 15
1725393575577 172.89673245112223 16
1725393575609 172.72201307277507 17
1725393575639 172.54748942343653 18
1725393575666 172.3731612716899 19
1725393575693 172.19902838640493 20
1725393575721 172.02509053673734 21
1725393575750 171.85134749212858 22
1725393575779 171.6777990223053 23
1725393575807 171.504444897279 24
1725393575837 171.3312848873459 25
1725393575867 171.15831876308619 26
1725393575900 170.98554629536395 27
1725393575926 170.81296725532658 28
1725393575951 170.64058141440478 29
1725393575978 170.46838854431164 30
1725393576005 170.29638841704275 31
1725393576031 170.12458080487554 32
1725393576058 169.95296548036916 33
1725393576087 169.78154221636385 34
1725393576116 169.61031078598074 35
1725393576147 169.4392709626215 36
1725393576174 169.2684225199678 37
1725393576203 169.09776523198127 38
1725393576230 168.92729887290267 39
1725393576255 168.75702321725205 40
1725393576287 168.58693803982794 41
1725393576319 168.41704311570726 42
1725393576350 168.2473382202449 43
1725393576383 168.0778231290732 44
1725393576411 167.9084976181019 45
1725393576438 167.73936146351744 46
1725393576464 167.57041444178293 47
1725393576491 167.40165632963746 48
1725393576521 167.23308690409598 49
1725393576549 167.0647059424489 50
1725393576575 166.89651322226163 51
1725393576602 166.72850852137432 52
1725393576625 166.5606916179015 53
1725393576659 166.3930622902317 54
1725393576683 166.225620317027 55
1725393576720 166.05836547722285 56
1725393576753 165.89129755002762 57
1725393576779 165.72441631492228 58
1725393576818 165.55772155166005 59
1725393576897 165.39121304026588 60
1725393576978 165.22489056103635 61
1725393577004 165.05875389453922 62
1725393577029 164.89280282161306 63
1725393577056 164.7270371233668 64
1725393577085 164.56145658117958 65
1725393577112 164.39606097670037 66
1725393577137 164.23085009184737 67
1725393577170 164.06582370880795 68
1725393577202 163.90098161003823 69
1725393577234 163.73632357826258 70
1725393577264 163.5718493964735 71
1725393577289 163.40755884793117 72
1725393577319 163.24345171616292 73
1725393577353 163.0795277849633 74
1725393577387 162.91578683839325 75
1725393577418 162.7522286607802 76
1725393577453 162.5888530367174 77
1725393577484 162.4256597510638 78
1725393577511 162.26264858894342 79
1725393577544 162.09981933574542 80
1725393577573 161.9371717771233 81
1725393577606 161.77470569899498 82
1725393577637 161.6124208875421 83
1725393577679 161.45031712921 84
1725393577709 161.28839421070703 85
1725393577741 161.12665191900453 86
1725393577771 160.96509004133637 87
1725393577802 160.8037083651985 88
1725393577834 160.64250667834872 89
1725393577861 160.48148476880647 90
1725393577892 160.32064242485217 91
1725393577917 160.15997943502714 92
1725393577943 159.9994955881332 93
1725393577969 159.8391906732323 94
1725393578000 159.67906447964617 95
1725393578027 159.51911679695607 96
1725393578059 159.35934741500242 97
1725393578088 159.1997561238843 98
1725393578121 159.04034271395943 99
1725393578155 158.88110697584358 100
1725393578187 158.7220487004103 101
1725393578222 158.5631676787908 102
1725393578260 158.40446370237302 103
1725393578293 158.24593656280217 104
1725393578327 158.08758605197957 105
1725393578360 157.92941196206291 106
1725393578389 157.77141408546558 107
1725393578419 157.61359221485648 108
1725393578444 157.45594614315962 109
1725393578474 157.29847566355386 110
1725393578506 157.1411805694726 111
1725393578540 156.98406065460327 112
1725393578564 156.82711571288726 113
1725393578591 156.67034553851943 114
1725393578621 156.51374992594776 115
1725393578658 156.3573286698731 116
1725393578690 156.20108156524893 117
1725393578722 156.04500840728076 118
1725393578753 155.8891089914261 119
1725393578776 155.73338311339393 120
1725393578798 155.5778305691445 121
1725393578832 155.42245115488896 122
1725393578860 155.26724466708902 123
1725393578892 155.11221090245658 124
1725393578922 154.95734965795356 125
1725393578958 154.80266073079144 126
1725393578988 154.64814391843097 127
1725393579016 154.4937990185819 128
1725393579049 154.33962582920267 129
1725393579077 154.18562414849987 130
1725393579106 154.03179377492825 131
1725393579136 153.8781345071902 132
1725393579166 153.72464614423538 133
1725393579204 153.57132848526064 134
1725393579247 153.41818132970943 135
1725393579278 153.2652044772717 136
1725393579324 153.1123977278834 137
1725393579351 152.95976088172628 138
1725393579379 152.80729373922762 139
1725393579418 152.65499610105968 140
1725393579451 152.50286776813974 141
1725393579479 152.3509085416294 142
1725393579510 152.19911822293454 143
1725393579535 152.04749661370488 144
1725393579559 151.89604351583384 145
1725393579588 151.74475873145786 146
1725393579620 151.59364206295646 147
1725393579640 151.44269331295177 148
1725393579668 151.2919122843082 149
1725393579694 151.1412987801322 150
1725393579719 150.99085260377183 151
1725393579744 150.84057355881654 152
1725393579771 150.69046144909697 153
1725393579796 150.54051607868436 154
1725393579825 150.39073725189047 155
1725393579855 150.2411247732672 156
1725393579887 150.09167844760614 157
1725393579915 149.94239807993867 158
1725393579940 149.7932834755351 159
1725393579970 149.64433443990484 160
1725393580000 149.49555077879577 161
1725393580033 149.3469322981941 162
1725393580059 149.198478804324 163
1725393580085 149.05019010364742 164
1725393580114 148.9020660028635 165
1725393580145 148.75410630890858 166
1725393580177 148.6063108289557 167
1725393580208 148.4586793704144 168
1725393580251 148.31121174093028 169
1725393580282 148.1639077483849 170
1725393580309 148.01676720089532 171
1725393580339 147.86978990681376 172
1725393580367 147.7229756747275 173
1725393580398 147.57632431345843 174
1725393580427 147.42983563206266 175
1725393580460 147.2835094398305 176
1725393580503 147.1373455462859 177
1725393580549 146.99134376118622 178
1725393580583 146.84550389452207 179
1725393580619 146.69982575651673 180
1725393580651 146.55430915762616 181
1725393580677 146.40895390853848 182
1725393580720 146.26375982017376 183
1725393580745 146.1187267036837 184
1725393580780 145.9738543704514 185
1725393580811 145.8291426320909 186
1725393580833 145.6845913004471 187
1725393580865 145.54020018759527 188
1725393580897 145.3959691058409 189
1725393580929 145.25189786771926 190
1725393580961 145.1079862859953 191
1725393580992 144.96423417366321 192
1725393581024 144.820641343946 193
1725393581057 144.67720761029557 194
1725393581083 144.53393278639214 195
1725393581112 144.39081668614403 196
1725393581139 144.2478591236873 197
1725393581176 144.10505991338562 198
1725393581202 143.9624188698298 199
1725393581239 143.8199358078377 200
1725393581272 143.67761054245364 201
1725393581302 143.5354428889484 202
1725393581331 143.3934326628189 203
1725393581359 143.2515796797876 204
1725393581389 143.10988375580268 205
1725393581416 142.96834470703732 206
1725393581440 142.8269623498897 207
1725393581472 142.68573650098264 208
1725393581502 142.5446669771632 209
1725393581533 142.40375359550248 210
1725393581565 142.26299617329542 211
1725393581598 142.12239452806037 212
1725393581624 141.98194847753888 213
1725393581651 141.8416578396953 214
1725393581682 141.7015224327167 215
1725393581712 141.5615420750124 216
1725393581738 141.42171658521386 217
1725393581768 141.28204578217412 218
1725393581793 141.14252948496784 219
1725393581822 141.00316751289077 220
1725393581846 140.86395968545966 221
1725393581918 140.72490582241178 222
1725393581973 140.58600574370482 223
1725393582005 140.44725926951637 224
1725393582054 140.308666220244 225
1725393582071 140.1702264165047 226
1725393582088 140.03193967913455 227
1725393582103 139.89380582918875 228
1725393582118 139.75582468794096 229
1725393582133 139.61799607688337 230
1725393582148 139.48031981772618 231
1725393582165 139.3427957323974 232
1725393582185 139.20542364304262 233
1725393582203 139.06820337202464 234
1725393582222 138.9311347419233 235
1725393582247 138.79421757553501 236
1725393582267 138.65745169587274 237
1725393582290 138.52083692616557 238
1725393582308 138.38437308985837 239
1725393582333 138.24806001061174 240
1725393582359 138.11189751230145 241
1725393582382 137.97588541901845 242
1725393582409 137.84002355506837 243
1725393582427 137.7043117449714 244
1725393582443 137.56874981346184 245
1725393582459 137.43333758548803 246
1725393582476 137.298074886212 247
1725393582491 137.16296154100908 248
1725393582508 137.02799737546783 249
1725393582525 136.89318221538966 250
1725393582542 136.7585158867884 251
1725393582559 136.62399821589042 252
1725393582574 136.48962902913397 253
1725393582600 136.35540815316918 254
1725393582627 136.22133541485755 255
1725393582649 136.08741064127193 256
1725393582668 135.9536336596961 257
1725393582692 135.82000429762448 258
1725393582717 135.68652238276195 259
1725393582741 135.55318774302356 260
1725393582767 135.42000020653418 261
1725393582794 135.28695960162838 262
1725393582824 135.15406575685003 263
1725393582850 135.02131850095208 264
1725393582882 134.8887176628963 265
1725393582912 134.75626307185306 266
1725393582930 134.62395455720088 267
1725393582948 134.49179194852647 268
1725393582966 134.3597750756242 269
1725393582984 134.22790376849588 270
1725393583003 134.09617785735065 271
1725393583019 133.9645971726045 272
1725393583038 133.83316154488023 273
1725393583057 133.70187080500693 274
1725393583078 133.57072478402006 275
1725393583103 133.43972331316075 276
1725393583124 133.30886622387595 277
1725393583148 133.1781533478179 278
1725393583166 133.04758451684398 279
1725393583182 132.91715956301638 280
1725393583199 132.7868783186021 281
1725393583215 132.65674061607217 282
1725393583233 132.52674628810183 283
1725393583251 132.39689516757025 284
1725393583268 132.26718708755993 285
1725393583281 132.1376218813569 286
1725393583304 132.00819938245 287
1725393583331 131.878919424531 288
1725393583355 131.74978184149418 289
1725393583385 131.62078646743603 290
1725393583409 131.4919331366551 291
1725393583424 131.3632216836516 292
1725393583436 131.2346519431273 293
1725393583449 131.10622374998522 294
1725393583461 130.97793693932928 295
1725393583474 130.84979134646423 296
1725393583486 130.72178680689518 297
1725393583499 130.59392315632755 298
1725393583511 130.46620023066663 299
1725393583523 130.33861786601744 300
1725393583537 130.21117589868447 301
1725393583554 130.0838741651714 302
1725393583570 129.95671250218084 303
1725393583588 129.82969074661415 304
1725393583604 129.70280873557098 305
1725393583621 129.57606630634928 306
1725393583638 129.44946329644486 307
1725393583656 129.32299954355136 308
1725393583674 129.19667488555964 309
1725393583692 129.07048916055794 310
1725393583710 128.9444422068312 311
1725393583728 128.81853386286122 312
1725393583745 128.6927639673262 313
1725393583763 128.56713235910044 314
1725393583776 128.44163887725423 315
1725393583794 128.31628336105345 316
1725393583822 128.1910656499596 317
1725393583843 128.06598558362913 318
1725393583867 127.94104300191356 319
1725393583890 127.8162377448591 320
1725393583912 127.6915696527063 321
1725393583933 127.56703856589006 322
1725393583956 127.44264432503898 323
1725393583973 127.31838677097568 324
1725393583988 127.1942657447159 325
1725393584006 127.07028108746884 326
1725393584023 126.9464326406366 327
1725393584039 126.82272024581385 328
1725393584053 126.69914374478789 329
1725393584066 126.57570297953824 330
1725393584078 126.45239779223633 331
1725393584090 126.32922802524534 332
1725393584103 126.20619352112 333
1725393584115 126.08329412260625 334
1725393584128 125.960529672641 335
1725393584140 125.83790001435207 336
1725393584152 125.71540499105765 337
1725393584175 125.59304444626625 338
1725393584200 125.47081822367656 339
1725393584225 125.34872616717682 340
1725393584250 125.22676812084505 341
1725393584280 125.10494392894849 342
1725393584307 124.9832534359435 343
1725393584334 124.86169648647522 344
1725393584357 124.74027292537747 345
1725393584384 124.61898259767239 346
1725393584408 124.4978253485702 347
1725393584428 124.37680102346907 348
1725393584440 124.25590946795475 349
1725393584453 124.13515052780058 350
1725393584465 124.01452404896675 351
1725393584478 123.89402987760066 352
1725393584490 123.77366786003634 353
1725393584504 123.65343784279416 354
1725393584517 123.53333967258088 355
1725393584529 123.41337319628916 356
1725393584549 123.29353826099735 357
1725393584576 123.17383471396943 358
1725393584597 123.05426240265467 359
1725393584615 122.93482117468724 360
1725393584632 122.81551087788631 361
1725393584659 122.69633136025544 362
1725393584683 122.5772824699827 363
1725393584703 122.45836405544016 364
1725393584725 122.33957596518381 365
1725393584746 122.22091804795333 366
1725393584774 122.10239015267167 367
1725393584793 121.98399212844517 368
1725393584807 121.86572382456288 369
1725393584819 121.7475850904968 370
1725393584834 121.6295757759012 371
1725393584846 121.51169573061279 372
1725393584859 121.39394480465013 373
1725393584872 121.27632284821371 374
1725393584884 121.15882971168558 375
1725393584897 121.04146524562901 376
1725393584912 120.92422930078847 377
1725393584939 120.80712172808926 378
1725393584976 120.69014237863736 379
1725393585000 120.57329110371919 380
1725393585025 120.45656775480123 381
1725393585044 120.33997218353007 382
1725393585061 120.22350424173194 383
1725393585078 120.10716378141267 384
1725393585096 119.99095065475721 385
1725393585115 119.87486471412976 386
1725393585128 119.7589058120732 387
1725393585140 119.64307380130903 388
1725393585152 119.52736853473722 389
1725393585168 119.4117898654358 390
1725393585186 119.29633764666073 391
1725393585205 119.18101173184566 392
1725393585222 119.06581197460177 393
1725393585239 118.9507382287174 394
1725393585258 118.83579034815807 395
1725393585282 118.72096818706592 396
1725393585296 118.60627159975984 397
1725393585309 118.49170044073487 398
1725393585322 118.37725456466244 399
1725393585334 118.26293382638961 400
1725393585346 118.14873808093941 401
1725393585358 118.03466718351004 402
1725393585371 117.92072098947527 403
1725393585383 117.80689935438356 404
1725393585395 117.69320213395848 405
1725393585409 117.57962918409794 406
1725393585427 117.46618036087435 407
1725393585452 117.3528555205342 408
1725393585476 117.23965451949796 409
1725393585500 117.12657721435974 410
1725393585520 117.01362346188711 411
1725393585542 116.90079311902103 412
1725393585566 116.78808604287536 413
1725393585584 116.67550209073688 414
1725393585602 116.56304112006494 415
1725393585619 116.45070298849127 416
1725393585636 116.3384875538198 417
1725393585653 116.22639467402644 418
1725393585670 116.11442420725876 419
1725393585687 116.00257601183591 420
1725393585704 115.89084994624834 421
1725393585721 115.77924586915758 422
1725393585733 115.66776363939601 423
1725393585746 115.55640311596672 424
1725393585758 115.4451641580432 425
1725393585770 115.33404662496925 426
1725393585782 115.2230503762585 427
1725393585804 115.11217527159461 428
1725393585817 115.00142117083062 429
1725393585830 114.8907879339891 430
1725393585842 114.7802754212617 431
1725393585855 114.669883493009 432
1725393585868 114.55961200976036 433
1725393585880 114.44946083221365 434
1725393585894 114.33942982123499 435
1725393585908 114.22951883785866 436
1725393585929 114.1197277432868 437
1725393585958 114.01005639888926 438
1725393585983 113.90050466620326 439
1725393585999 113.7910724069333 440
1725393586026 113.68175948295105 441
1725393586054 113.57256575629478 442
1725393586082 113.46349108916955 443
1725393586103 113.35453534394676 444
1725393586132 113.24569838316401 445
1725393586154 113.13698006952495 446
1725393586185 113.0283802658989 447
1725393586218 112.91989883532084 448
1725393586241 112.81153564099105 449
1725393586267 112.70329054627507 450
1725393586300 112.59516341470328 451
1725393586326 112.48715410997082 452
1725393586364 112.3792624959374 453
1725393586421 112.27148843662698 454
1725393586454 112.16383179622775 455
1725393586486 112.05629243909176 456
1725393586520 111.94887022973471 457
1725393586555 111.84156503283586 458
1725393586586 111.73437671323775 459
1725393586619 111.62730513594603 460
1725393586652 111.52035016612918 461
1725393586686 111.41351166911838 462
1725393586721 111.30678951040731 463
1725393586755 111.2001835556519 464
1725393586785 111.09369367067016 465
1725393586816 110.98731972144193 466
1725393586845 110.88106157410871 467
1725393586884 110.77491909497351 468
1725393586918 110.6688921505005 469
1725393586960 110.56298060731497 470
1725393587004 110.45718433220303 471
1725393587046 110.35150319211147 472
1725393587081 110.24593705414745 473
1725393587114 110.14048578557839 474
1725393587150 110.03514925383183 475
1725393587174 109.92992732649506 476
1725393587203 109.82481987131506 477
1725393587239 109.71982675619816 478
1725393587272 109.61494784921001 479
1725393587309 109.5101830185753 480
1725393587342 109.40553213267752 481
1725393587377 109.3009950600588 482
1725393587409 109.19657166941971 483
1725393587478 109.09226182961906 484
1725393587565 108.98806540967371 485
1725393587632 108.88398227875832 486
1725393587677 108.7800123062053 487
1725393587709 108.67615536150431 488
1725393587748 108.57241131430249 489
1725393587781 108.46878003440385 490
1725393587820 108.36526139176934 491
1725393587849 108.26185525651658 492
1725393587883 108.15856149891952 493
1725393587911 108.05537998940858 494
1725393587945 107.95231059857005 495
1725393587982 107.84935319714621 496
1725393588015 107.74650765603499 497
1725393588048 107.64377384628976 498
1725393588086 107.54115163911924 499
