1725344114368 nan 0
1725344114391 nan 1
1725344114411 nan 2
1725344114431 nan 3
1725344114451 nan 4
1725344114471 nan 5
1725344114499 nan 6
1725344114528 nan 7
1725344114552 nan 8
1725344114583 nan 9
1725344114608 nan 10
1725344114627 nan 11
1725344114644 nan 12
1725344114662 nan 13
1725344114680 nan 14
1725344114700 nan 15
1725344114720 nan 16
1725344114741 nan 17
1725344114766 nan 18
1725344114793 nan 19
1725344114816 nan 20
1725344114841 nan 21
1725344114863 nan 22
1725344114883 nan 23
1725344114907 nan 24
1725344114925 nan 25
1725344114948 nan 26
1725344114966 nan 27
1725344114995 nan 28
1725344115015 nan 29
1725344115040 nan 30
1725344115058 nan 31
1725344115078 nan 32
1725344115097 nan 33
1725344115117 nan 34
1725344115133 nan 35
1725344115159 nan 36
1725344115181 nan 37
1725344115203 nan 38
1725344115226 nan 39
1725344115245 nan 40
1725344115265 nan 41
1725344115284 nan 42
1725344115304 nan 43
1725344115324 nan 44
1725344115344 nan 45
1725344115365 nan 46
1725344115385 nan 47
1725344115403 nan 48
1725344115420 nan 49
1725344115445 nan 50
1725344115468 nan 51
1725344115492 nan 52
1725344115517 nan 53
1725344115611 nan 54
1725344115634 nan 55
1725344115658 nan 56
1725344115678 nan 57
1725344115698 nan 58
1725344115718 nan 59
1725344115743 nan 60
1725344115768 nan 61
1725344115796 nan 62
1725344115816 nan 63
1725344115841 nan 64
1725344115868 nan 65
1725344115896 nan 66
1725344115919 nan 67
1725344115945 nan 68
1725344115972 nan 69
1725344116001 nan 70
1725344116020 nan 71
1725344116047 nan 72
1725344116065 nan 73
1725344116092 nan 74
1725344116112 nan 75
1725344116139 nan 76
1725344116164 nan 77
1725344116182 nan 78
1725344116200 nan 79
1725344116220 nan 80
1725344116240 nan 81
1725344116259 nan 82
1725344116278 nan 83
1725344116299 nan 84
1725344116320 nan 85
1725344116344 nan 86
1725344116369 nan 87
1725344116394 nan 88
1725344116413 nan 89
1725344116435 nan 90
1725344116464 nan 91
1725344116494 nan 92
1725344116513 nan 93
1725344116532 nan 94
1725344116553 nan 95
1725344116574 nan 96
1725344116591 nan 97
1725344116610 nan 98
1725344116626 nan 99
1725344116644 nan 100
1725344116662 nan 101
1725344116678 nan 102
1725344116696 nan 103
1725344116714 nan 104
1725344116736 nan 105
1725344116757 nan 106
1725344116778 nan 107
1725344116803 nan 108
1725344116825 nan 109
1725344116851 nan 110
1725344116875 nan 111
1725344116895 nan 112
1725344116916 nan 113
1725344116938 nan 114
1725344116959 nan 115
1725344116981 nan 116
1725344117000 nan 117
1725344117016 nan 118
1725344117031 nan 119
1725344117053 nan 120
1725344117071 nan 121
1725344117087 nan 122
1725344117108 nan 123
1725344117125 nan 124
1725344117143 nan 125
1725344117160 nan 126
1725344117181 nan 127
1725344117200 nan 128
1725344117217 nan 129
1725344117235 nan 130
1725344117252 nan 131
1725344117272 nan 132
1725344117290 nan 133
1725344117306 nan 134
1725344117325 nan 135
1725344117343 nan 136
1725344117359 nan 137
1725344117382 nan 138
1725344117403 nan 139
1725344117423 nan 140
1725344117442 nan 141
1725344117458 nan 142
1725344117479 nan 143
1725344117497 nan 144
1725344117517 nan 145
1725344117537 nan 146
1725344117556 nan 147
1725344117576 nan 148
1725344117595 nan 149
1725344117614 nan 150
1725344117629 nan 151
1725344117647 nan 152
1725344117666 nan 153
1725344117684 nan 154
1725344117701 nan 155
1725344117720 nan 156
1725344117735 nan 157
1725344117751 nan 158
1725344117769 nan 159
1725344117784 nan 160
1725344117802 nan 161
1725344117818 nan 162
1725344117835 nan 163
1725344117851 nan 164
1725344117871 nan 165
1725344117891 nan 166
1725344117909 nan 167
1725344117925 nan 168
1725344117942 nan 169
1725344117961 nan 170
1725344117979 nan 171
1725344117995 nan 172
1725344118011 nan 173
1725344118028 nan 174
1725344118043 nan 175
1725344118061 nan 176
1725344118077 nan 177
1725344118095 nan 178
1725344118115 nan 179
1725344118134 nan 180
1725344118153 nan 181
1725344118173 nan 182
1725344118194 nan 183
1725344118212 nan 184
1725344118230 nan 185
1725344118246 nan 186
1725344118266 nan 187
1725344118282 nan 188
1725344118299 nan 189
1725344118315 nan 190
1725344118331 nan 191
1725344118348 nan 192
1725344118368 nan 193
1725344118392 nan 194
1725344118416 nan 195
1725344118436 nan 196
1725344118456 nan 197
1725344118473 nan 198
1725344118491 nan 199
1725344118508 nan 200
1725344118525 nan 201
1725344118541 nan 202
1725344118558 nan 203
1725344118573 nan 204
1725344118590 nan 205
1725344118606 nan 206
1725344118624 nan 207
1725344118644 nan 208
1725344118661 nan 209
1725344118677 nan 210
1725344118694 nan 211
1725344118712 nan 212
1725344118729 nan 213
1725344118748 nan 214
1725344118765 nan 215
1725344118784 nan 216
1725344118802 nan 217
1725344118824 nan 218
1725344118842 nan 219
1725344118860 nan 220
1725344118876 nan 221
1725344118895 nan 222
1725344118912 nan 223
1725344118929 nan 224
1725344118947 nan 225
1725344118965 nan 226
1725344118982 nan 227
1725344118999 nan 228
1725344119018 nan 229
1725344119034 nan 230
1725344119052 nan 231
1725344119070 nan 232
1725344119087 nan 233
1725344119103 nan 234
1725344119118 nan 235
1725344119136 nan 236
1725344119153 nan 237
1725344119169 nan 238
1725344119185 nan 239
1725344119202 nan 240
1725344119218 nan 241
1725344119235 nan 242
1725344119252 nan 243
1725344119270 nan 244
1725344119287 nan 245
1725344119306 nan 246
1725344119324 nan 247
1725344119341 nan 248
1725344119359 nan 249
1725344119377 nan 250
1725344119399 nan 251
1725344119417 nan 252
1725344119434 nan 253
1725344119453 nan 254
1725344119474 nan 255
1725344119494 nan 256
1725344119513 nan 257
1725344119533 nan 258
1725344119551 nan 259
1725344119569 nan 260
1725344119587 nan 261
1725344119609 nan 262
1725344119626 nan 263
1725344119641 nan 264
1725344119658 nan 265
1725344119673 nan 266
1725344119690 nan 267
1725344119704 nan 268
1725344119724 nan 269
1725344119741 nan 270
1725344119759 nan 271
1725344119778 nan 272
1725344119799 nan 273
1725344119819 nan 274
1725344119842 nan 275
1725344119862 nan 276
1725344119879 nan 277
1725344119899 nan 278
1725344119915 nan 279
1725344119931 nan 280
1725344119948 nan 281
1725344119965 nan 282
1725344119982 nan 283
1725344120004 nan 284
1725344120026 nan 285
1725344120045 nan 286
1725344120065 nan 287
1725344120084 nan 288
1725344120104 nan 289
1725344120122 nan 290
1725344120138 nan 291
1725344120155 nan 292
1725344120172 nan 293
1725344120190 nan 294
1725344120208 nan 295
1725344120226 nan 296
1725344120244 nan 297
1725344120262 nan 298
1725344120280 nan 299
1725344120299 nan 300
1725344120318 nan 301
1725344120336 nan 302
1725344120356 nan 303
1725344120375 nan 304
1725344120393 nan 305
1725344120412 nan 306
1725344120430 nan 307
1725344120448 nan 308
1725344120469 nan 309
1725344120491 nan 310
1725344120510 nan 311
1725344120531 nan 312
1725344120551 nan 313
1725344120570 nan 314
1725344120590 nan 315
1725344120608 nan 316
1725344120627 nan 317
1725344120647 nan 318
1725344120668 nan 319
1725344120686 nan 320
1725344120709 nan 321
1725344120729 nan 322
1725344120747 nan 323
1725344120765 nan 324
1725344120781 nan 325
1725344120799 nan 326
1725344120816 nan 327
1725344120832 nan 328
1725344120849 nan 329
1725344120866 nan 330
1725344120884 nan 331
1725344120902 nan 332
1725344120919 nan 333
1725344120936 nan 334
1725344120957 nan 335
1725344120974 nan 336
1725344120992 nan 337
1725344121013 nan 338
1725344121033 nan 339
1725344121055 nan 340
1725344121071 nan 341
1725344121090 nan 342
1725344121104 nan 343
1725344121125 nan 344
1725344121148 nan 345
1725344121168 nan 346
1725344121190 nan 347
1725344121207 nan 348
1725344121227 nan 349
1725344121244 nan 350
1725344121262 nan 351
1725344121281 nan 352
1725344121298 nan 353
1725344121317 nan 354
1725344121332 nan 355
1725344121348 nan 356
1725344121366 nan 357
1725344121383 nan 358
1725344121408 nan 359
1725344121427 nan 360
1725344121446 nan 361
1725344121464 nan 362
1725344121483 nan 363
1725344121501 nan 364
1725344121521 nan 365
1725344121537 nan 366
1725344121554 nan 367
1725344121573 nan 368
1725344121591 nan 369
1725344121609 nan 370
1725344121630 nan 371
1725344121648 nan 372
1725344121666 nan 373
1725344121688 nan 374
1725344121710 nan 375
1725344121728 nan 376
1725344121745 nan 377
1725344121761 nan 378
1725344121781 nan 379
1725344121798 nan 380
1725344121816 nan 381
1725344121833 nan 382
1725344121849 nan 383
1725344121866 nan 384
1725344121884 nan 385
1725344121904 nan 386
1725344121928 nan 387
1725344121945 nan 388
1725344121962 nan 389
1725344121980 nan 390
1725344121998 nan 391
1725344122014 nan 392
1725344122032 nan 393
1725344122048 nan 394
1725344122065 nan 395
1725344122081 nan 396
1725344122098 nan 397
1725344122114 nan 398
1725344122129 nan 399
1725344122147 nan 400
1725344122164 nan 401
1725344122181 nan 402
1725344122197 nan 403
1725344122214 nan 404
1725344122233 nan 405
1725344122250 nan 406
1725344122266 nan 407
1725344122282 nan 408
1725344122299 nan 409
1725344122316 nan 410
1725344122334 nan 411
1725344122354 nan 412
1725344122373 nan 413
1725344122394 nan 414
1725344122411 nan 415
1725344122428 nan 416
1725344122449 nan 417
1725344122468 nan 418
1725344122484 nan 419
1725344122502 nan 420
1725344122519 nan 421
1725344122536 nan 422
1725344122553 nan 423
1725344122575 nan 424
1725344122593 nan 425
1725344122610 nan 426
1725344122629 nan 427
1725344122648 nan 428
1725344122666 nan 429
1725344122685 nan 430
1725344122705 nan 431
1725344122726 nan 432
1725344122745 nan 433
1725344122762 nan 434
1725344122780 nan 435
1725344122796 nan 436
1725344122813 nan 437
1725344122830 nan 438
1725344122846 nan 439
1725344122862 nan 440
1725344122879 nan 441
1725344122899 nan 442
1725344122919 nan 443
1725344122937 nan 444
1725344122958 nan 445
1725344122977 nan 446
1725344122996 nan 447
1725344123012 nan 448
1725344123028 nan 449
1725344123045 nan 450
1725344123062 nan 451
1725344123079 nan 452
1725344123095 nan 453
1725344123113 nan 454
1725344123129 nan 455
1725344123150 nan 456
1725344123169 nan 457
1725344123186 nan 458
1725344123205 nan 459
1725344123228 nan 460
1725344123245 nan 461
1725344123266 nan 462
1725344123285 nan 463
1725344123303 nan 464
1725344123323 nan 465
1725344123342 nan 466
1725344123362 nan 467
1725344123380 nan 468
1725344123398 nan 469
1725344123415 nan 470
1725344123442 nan 471
1725344123462 nan 472
1725344123481 nan 473
1725344123500 nan 474
1725344123519 nan 475
1725344123541 nan 476
1725344123560 nan 477
1725344123581 nan 478
1725344123598 nan 479
1725344123616 nan 480
1725344123634 nan 481
1725344123652 nan 482
1725344123669 nan 483
1725344123686 nan 484
1725344123703 nan 485
1725344123721 nan 486
1725344123738 nan 487
1725344123757 nan 488
1725344123777 nan 489
1725344123792 nan 490
1725344123808 nan 491
1725344123827 nan 492
1725344123844 nan 493
1725344123861 nan 494
1725344123880 nan 495
1725344123899 nan 496
1725344123916 nan 497
1725344123935 nan 498
1725344123960 nan 499
