1725384169648 153.29456706809873 0
1725384169672 138.23035032848423 1
1725384169698 131.09173527119503 2
1725384169722 116.2245005326016 3
1725384169745 110.19377317831388 4
1725384169771 98.12655261248126 5
1725384169797 89.88601374020415 6
1725384169824 81.94558384487398 7
1725384169849 77.08900171419788 8
1725384169872 68.85534788086676 9
1725384169896 65.852463248856 10
1725384169921 62.39218738613056 11
1725384169945 56.407618064572496 12
1725384169969 53.158182555331244 13
1725384169993 47.7127447305429 14
1725384170018 44.605753172506994 15
1725384170042 41.33339381276836 16
1725384170066 39.812671356539106 17
1725384170090 36.885580828336565 18
1725384170113 34.251793935870296 19
1725384170139 32.032517136349156 20
1725384170168 29.551281659624813 21
1725384170194 28.336436687121356 22
1725384170220 25.66050053036277 23
1725384170247 25.94194917798034 24
1725384170272 24.04883331870603 25
1725384170293 21.78010155924588 26
1725384170326 21.649949438663583 27
1725384170348 18.754604579133943 28
1725384170371 18.36075572368692 29
1725384170396 18.52263310804096 30
1725384170422 16.116712385600625 31
1725384170448 15.897804199411972 32
1725384170473 15.505277294124634 33
1725384170496 13.998759812286032 34
1725384170523 14.541526501993966 35
1725384170560 13.084197511061413 36
1725384170582 12.956691365400578 37
1725384170607 12.1963317274183 38
1725384170628 11.981331871899352 39
1725384170655 11.458523287723715 40
1725384170682 10.750695383207105 41
1725384170701 10.827367903666437 42
1725384170725 10.332798197713682 43
1725384170749 9.903316047848877 44
1725384170773 9.709882505046673 45
1725384170798 9.364341865984487 46
1725384170824 9.552871422480637 47
1725384170849 8.948433827586696 48
1725384170872 8.913587918760921 49
1725384170896 8.42433251151078 50
1725384170920 7.976370000917625 51
1725384170945 7.324260056934429 52
1725384170970 7.380786032266267 53
1725384170997 7.653678967535062 54
1725384171021 7.792856210878013 55
1725384171046 7.12767148864614 56
1725384171076 6.912373329912644 57
1725384171124 7.130743419593475 58
1725384171149 7.111979324570831 59
1725384171175 6.709628263074875 60
1725384171200 6.655848868372958 61
1725384171221 6.518393168283158 62
1725384171248 6.1667260940014295 63
1725384171272 6.2882356611194306 64
1725384171298 6.003167906013808 65
1725384171323 6.436804722020866 66
1725384171348 5.93222586411098 67
1725384171373 5.79996634829483 68
1725384171399 5.71289917438461 69
1725384171422 5.574905989568807 70
1725384171448 6.066285851483248 71
1725384171474 5.138711784665296 72
1725384171503 5.5104049260860535 73
1725384171530 5.7227342515269335 74
1725384171566 5.945436260332314 75
1725384171602 5.608234688155692 76
1725384171630 5.319958867632097 77
1725384171654 5.466231141555715 78
1725384171679 5.460422663618215 79
1725384171701 5.135775466220466 80
1725384171727 5.003699594110434 81
1725384171749 5.686959531135414 82
1725384171772 5.229182709394642 83
1725384171797 5.409476131719505 84
1725384171822 5.269028046707162 85
1725384171846 5.217372322937108 86
1725384171868 5.244644018106722 87
1725384171895 5.115926398826282 88
1725384171922 4.943655292382158 89
1725384171948 4.986145261959051 90
1725384171973 5.433296064938604 91
1725384171998 4.6191014139626265 92
1725384172024 5.199666134645804 93
1725384172053 5.167426175170862 94
1725384172081 5.021565808603928 95
1725384172111 4.953074172329891 96
1725384172142 4.947304805496885 97
1725384172168 5.200992718821427 98
1725384172197 4.945779677418004 99
1725384172221 5.054207537416659 100
1725384172251 5.17122627896954 101
1725384172276 4.623966998681576 102
1725384172300 4.9058524427501204 103
1725384172324 4.79947030391972 104
1725384172347 5.189340498300937 105
1725384172373 5.4745255401220225 106
1725384172402 5.039587222556949 107
1725384172429 5.068525643893735 108
1725384172455 4.75953980672637 109
1725384172484 4.948931392594317 110
1725384172508 4.826361167568897 111
1725384172530 4.65581701567422 112
1725384172560 5.024595334634482 113
1725384172588 4.971269598465347 114
1725384172612 4.743600124237886 115
1725384172641 5.221786597238609 116
1725384172665 4.673629374348291 117
1725384172694 4.752756999766456 118
1725384172721 5.028884768028256 119
1725384172747 4.828329235537233 120
1725384172777 5.1888803102847385 121
1725384172803 4.9500162866487765 122
1725384172828 4.777070509999858 123
1725384172859 4.85491735895343 124
1725384172891 5.0765991193554045 125
1725384172917 4.755629349595543 126
1725384172945 4.845983769639449 127
1725384172969 4.739755103668231 128
1725384172995 4.8425456146984756 129
1725384173018 4.831044434187571 130
1725384173041 4.6405550899385855 131
1725384173067 4.61885337161753 132
1725384173092 5.056978333016521 133
1725384173111 4.652562819832367 134
1725384173128 4.956576172286035 135
1725384173156 4.793333550831837 136
1725384173189 4.547983147342066 137
1725384173213 4.645759132283218 138
1725384173238 4.814781116609522 139
1725384173261 4.433192463757035 140
1725384173285 4.795732264726207 141
1725384173309 4.719090078729054 142
1725384173333 4.368441765834656 143
1725384173358 4.610663123947003 144
1725384173381 4.9849579115507625 145
1725384173405 4.790951897397705 146
1725384173427 4.516003703646545 147
1725384173454 4.61860586352792 148
1725384173478 4.839078558699218 149
1725384173507 4.823648551480986 150
1725384173527 4.722827800964043 151
1725384173553 4.722387958445318 152
1725384173580 4.8851696864274485 153
1725384173607 4.5525516170735125 154
1725384173636 4.973377672016587 155
1725384173680 4.512566499567822 156
1725384173712 4.597422957808733 157
1725384173744 4.796687942156758 158
1725384173766 4.717722322236487 159
1725384173793 4.834743286088176 160
1725384173824 4.624533920084889 161
1725384173848 4.794530037177249 162
1725384173877 4.636200297859999 163
1725384173904 4.879206051100798 164
1725384173929 4.53832115076795 165
