1725388912244 163.51362963350854 0
1725388912272 145.61610855777997 1
1725388912302 132.8155609955111 2
1725388912330 124.13748901526128 3
1725388912359 111.1745051044684 4
1725388912385 98.4130720702702 5
1725388912420 90.18710910854277 6
1725388912452 84.0707423582061 7
1725388912479 77.44993066060185 8
1725388912506 73.73930145384833 9
1725388912533 64.53881144068463 10
1725388912561 56.61377913140237 11
1725388912590 56.44439455197768 12
1725388912616 48.87926168724489 13
1725388912646 44.40110399313326 14
1725388912674 40.28749647355008 15
1725388912702 39.58121084989617 16
1725388912729 36.96017394264039 17
1725388912756 31.789082120402103 18
1725388912779 29.538032182542192 19
1725388912806 26.816672737038445 20
1725388912834 24.224012832102133 21
1725388912867 22.55749991445648 22
1725388912900 19.16842314134122 23
1725388912939 18.088968608587166 24
1725388912972 17.065850485631486 25
1725388912995 15.746546475148108 26
1725388913024 13.432093221315665 27
1725388913061 12.67307907083779 28
1725388913094 11.865942334471708 29
1725388913122 10.470670843310979 30
1725388913145 10.141011476726133 31
1725388913174 8.67968817246283 32
1725388913203 8.009594767592858 33
1725388913228 7.561137946406061 34
1725388913257 6.447943437299724 35
1725388913291 6.441982047405774 36
1725388913328 5.647630677839389 37
1725388913359 5.4998903595989 38
1725388913385 4.797925834678199 39
1725388913418 4.310996616776527 40
1725388913482 3.939967380818608 41
1725388913512 3.8788724411765547 42
1725388913540 3.4025810757368524 43
1725388913568 3.075727176582189 44
1725388913597 3.130316931390373 45
1725388913620 2.6803541666188644 46
1725388913651 2.4856623081625706 47
1725388913690 2.228316167909109 48
1725388913716 2.0019915336955663 49
1725388913746 1.7798186298241405 50
1725388913773 1.7535470323099807 51
1725388913821 1.6042473824276144 52
1725388913847 1.50820440217782 53
1725388913873 1.4617414063226442 54
1725388913903 1.1334388159746813 55
1725388913931 1.1470521225042158 56
1725388913957 0.9471496534811747 57
1725388913984 0.9235485662434004 58
1725388914012 0.9318696624905942 59
1725388914039 0.8217889099863995 60
1725388914066 0.7187333379030617 61
1725388914091 0.6639479613282402 62
1725388914116 0.5675259496939086 63
1725388914142 0.6505993465646323 64
1725388914173 0.4763420305971572 65
1725388914202 0.5342312901786523 66
1725388914231 0.47845065267367465 67
1725388914262 0.44168460555162464 68
1725388914291 0.3869232154575011 69
1725388914328 0.4143127114759054 70
1725388914358 0.3102057758143166 71
1725388914385 0.3452543538512979 72
1725388914413 0.3287351003437618 73
1725388914436 0.2686701748290697 74
1725388914466 0.18400888090157994 75
1725388914508 0.31088206724827977 76
1725388914537 0.22542154996891525 77
1725388914562 0.18215666657703072 78
1725388914588 0.2011633210643689 79
1725388914615 0.23465557128746567 80
1725388914639 0.17916979930493507 81
1725388914666 0.25201179563184883 82
1725388914692 0.22146795393727278 83
1725388914718 0.27375249510441924 84
1725388914746 0.19226503223551422 85
1725388914774 0.12586905037576177 86
1725388914801 0.14495932715006665 87
1725388914834 0.18035661168236963 88
1725388914863 0.14820343175707568 89
1725388914891 0.1313806579013615 90
1725388914918 0.11827615478131062 91
1725388914951 0.15548723374450404 92
1725388914973 0.12177343440788033 93
1725388914999 0.13166496128586305 94
1725388915029 0.11335655190509068 95
1725388915057 0.09272390561053949 96
1725388915085 0.09632325637815625 97
1725388915112 0.08478898193296922 98
1725388915139 0.07735112967210629 99
1725388915165 0.09552432930067953 100
1725388915193 0.08585756772038373 101
1725388915226 0.1025041359680278 102
1725388915248 0.08858338648375444 103
1725388915273 0.09503656358906418 104
1725388915301 0.09142278066944445 105
1725388915328 0.08883364069769982 106
1725388915354 0.13168474446908587 107
1725388915381 0.0899537513103947 108
1725388915407 0.10515166615170427 109
1725388915434 0.08673687549655579 110
1725388915461 0.06860568508239412 111
1725388915487 0.07915875202287612 112
1725388915515 0.1013682217456444 113
1725388915541 0.06123661797936381 114
1725388915568 0.0726412975862568 115
1725388915595 0.07378912432161168 116
1725388915623 0.09485013885349286 117
1725388915650 0.0832324810083893 118
1725388915679 0.08635990753234817 119
1725388915708 0.09039155615291017 120
1725388915734 0.15751099858714604 121
1725388915762 0.09897343424905941 122
1725388915788 0.07916182016323677 123
1725388915813 0.05873773759601648 124
1725388915841 0.1110055924048892 125
1725388915869 0.07865932070252636 126
1725388915898 0.08971114729230228 127
1725388915923 0.07253000076946124 128
1725388915951 0.08006725155441335 129
1725388915975 0.09298401705791542 130
1725388916005 0.12722917418346918 131
1725388916037 0.10939394701472945 132
1725388916064 0.06707898422616657 133
1725388916093 0.06419818556401337 134
1725388916120 0.0746983437489479 135
1725388916147 0.08079737070579224 136
1725388916174 0.08865321782711671 137
1725388916201 0.040710948482901285 138
1725388916228 0.1172349077950963 139
1725388916256 0.09039145238393784 140
1725388916282 0.055613365339444464 141
1725388916307 0.05577403873699279 142
1725388916339 0.11228053356149738 143
1725388916366 0.05705320749624408 144
1725388916394 0.06623373149630514 145
1725388916420 0.07837349551137054 146
1725388916447 0.0855596085974323 147
1725388916474 0.08074409986753393 148
1725388916500 0.12438248323074119 149
1725388916527 0.054404251248280584 150
1725388916555 0.048327500904992673 151
1725388916583 0.04469220845708184 152
1725388916612 0.08193178587160438 153
