1725388365637 66.2083751825105 0
1725388365701 30.608821643563584 1
1725388365783 13.104613076751454 2
1725388365853 6.863677860439169 3
1725388365914 2.539679899987362 4
1725388365978 1.5677112614767472 5
1725388366051 0.027179871522120775 6
1725388366112 0.27186271886593455 7
1725388366173 0.015459176088194198 8
1725388366238 0.00031229641153064153 9
1725388366308 0.09622801160951261 10
1725388366387 0.015383358208484204 11
1725388366447 0.05812628394620146 12
1725388366519 0.003230775938193009 13
1725388366587 0.000647955215415677 14
1725388366641 0.6694533984547678 15
1725388366704 0.033558660331623545 16
1725388366777 0.005774413151516776 17
1725388366923 0.09684527939138199 18
1725388366987 0.35341216610654463 19
1725388367046 0.17671930266645414 20
1725388367111 0.020766122692624317 21
1725388367170 0.011649098857851849 22
1725388367227 0.026637472153921194 23
1725388367286 0.20898665912530323 24
