1725423999409 0.05566158293407349 0
1725423999512 0.050161243838074264 1
1725423999593 0.4762131540410609 2
1725423999665 0.0057798076389604285 3
1725423999736 0.9045939606685885 4
1725423999803 25.18683917494999 5
1725423999864 42.42301991520975 6
1725423999938 11.553153801426287 7
1725424000001 72873.46612475789 8
1725424000083 1327559.539138834 9
1725424000180 29882098.870124094 10
1725424000250 188239.34781207747 11
1725424000310 10231020356.900259 12
1725424000382 6673809235.425282 13
1725424000447 1628955620.7031088 14
1725424000520 1278947443082.041 15
1725424000595 369278694747159.8 16
1725424000680 1130888552788.7139 17
1725424000734 1001414735880581.8 18
1725424000793 4.260292104027735e+17 19
1725424000883 8.93979619346949e+17 20
1725424001070 8.104576894486899e+17 21
1725424001145 1.7453087814270951e+19 22
1725424001232 1.8226487103689045e+20 23
1725424001327 3.584009311520822e+20 24
1725424001428 1.1233296356629167e+23 25
1725424001503 3.4915858031654706e+24 26
1725424001572 3.209297864286294e+23 27
1725424001679 2.116708391474419e+25 28
1725424001759 3.990321870261667e+26 29
1725424001814 1.2977077482627994e+27 30
1725424001885 2.9893879409238423e+27 31
1725424001952 8.496574870291804e+29 32
1725424002022 1.2957994884315657e+30 33
1725424002092 4.345241597662364e+31 34
1725424002155 4.403106903165419e+33 35
1725424002243 1.23839822425017e+33 36
1725424002339 5.170157769618687e+34 37
1725424002428 5.140584276229908e+35 38
1725424002494 2.7051445221704857e+35 39
1725424002556 5.606976631723035e+36 40
1725424002634 1.0690564759513498e+39 41
1725424002728 4.011400995186072e+39 42
1725424002812 7.549043336554085e+37 43
1725424002910 4.544010374889952e+43 44
1725424003002 2.4184721667571995e+43 45
1725424003091 8.421091866400509e+44 46
1725424003181 9.401424648015918e+45 47
1725424003267 4.4435811285058576e+45 48
1725424003362 9.185520146259208e+47 49
1725424003432 8.045401906761312e+46 50
1725424003522 6.629896532708184e+48 51
1725424003609 9.519359480444905e+47 52
1725424003669 2.8370065665529714e+52 53
1725424003764 8.920756888962456e+51 54
1725424003852 2.7637434255215217e+49 55
1725424003949 5.613924734208673e+53 56
1725424004020 6.279291922224911e+56 57
1725424004090 5.969002780971548e+54 58
1725424004170 4.517271235331058e+56 59
1725424004270 1.1690866798104144e+59 60
1725424004355 4.3974030226423455e+59 61
1725424004444 3.7246002301924207e+58 62
1725424004528 1.8558443813153555e+63 63
1725424004620 6.210254019075343e+61 64
1725424004692 3.0420697467001236e+60 65
1725424004797 5.356520110055445e+65 66
1725424004864 8.235111402155997e+64 67
1725424004931 1.340145910956255e+63 68
1725424005006 1.5177775487681404e+68 69
1725424005071 5.118133516470325e+69 70
1725424005159 2.543931299179651e+70 71
1725424005250 1.2880515649769577e+70 72
1725424005351 2.6599274262474142e+70 73
1725424005450 5.377862444898326e+72 74
1725424005521 6.833499285539105e+73 75
1725424005583 9.586366874049756e+74 76
1725424005652 1.3626586177523712e+74 77
1725424005735 9.219009955006979e+76 78
1725424005855 1.7617406571890846e+77 79
1725424005943 2.078288870912267e+80 80
1725424006044 1.0881800270415823e+78 81
1725424006150 5.315506569790238e+78 82
1725424006212 2.7600980646947784e+81 83
1725424006286 5.315128211750454e+82 84
1725424006361 3.046810509311583e+84 85
1725424006427 1.2964752722427246e+86 86
1725424006536 1.2670223525632734e+87 87
1725424006634 5.913566389786967e+85 88
1725424006704 3.806875892209285e+89 89
1725424006810 3.391399426855881e+88 90
1725424006913 2.730351776877787e+91 91
1725424007005 4.206270267712748e+93 92
1725424007077 1.8083788330591193e+92 93
1725424007161 1.2960041360098595e+92 94
1725424007229 1.8609722894864048e+94 95
1725424007323 2.6123273762604328e+94 96
1725424007431 3.641557985699824e+96 97
1725424007513 1.5521252869122907e+99 98
1725424007577 1.9590484714458764e+95 99
1725424007656 6.270849916542776e+99 100
1725424007723 8.42347229355199e+101 101
1725424007794 2.0579133275817254e+101 102
1725424007880 9.267100828882902e+102 103
1725424007964 6.005360520721283e+101 104
1725424008018 8.808094453865327e+101 105
1725424008087 2.298666375572578e+107 106
1725424008174 1.7061803569577524e+107 107
1725424008237 4.890481020769886e+108 108
1725424008296 4.782869127565949e+106 109
1725424008384 1.7444860164242346e+110 110
1725424008462 1.4932064485449834e+110 111
1725424008524 3.178265311680064e+112 112
1725424008595 3.4264892872550086e+111 113
1725424008659 1.6971382916050652e+114 114
1725424008728 2.6584149094093073e+115 115
1725424008807 1.0636027524808486e+116 116
1725424008878 2.4795831336103354e+116 117
1725424008952 3.78749406630529e+117 118
1725424009035 9.959182900055209e+118 119
1725424009144 7.701902130737085e+121 120
1725424009249 1.6329964916458386e+121 121
1725424009365 2.601791079522641e+123 122
1725424009483 7.022489375404536e+121 123
1725424009582 7.057890372351625e+120 124
1725424009643 9.067741970353025e+123 125
1725424009704 1.505997183053563e+126 126
1725424009766 1.2288974578169838e+126 127
1725424009843 4.500665114768153e+129 128
1725424009955 5.307234830185232e+130 129
1725424010027 8.072125804245109e+130 130
1725424010127 1.5878303613370898e+131 131
1725424010244 1.1795657445288615e+133 132
1725424010320 1.1534690843911923e+134 133
1725424010408 1.6562175210906933e+134 134
1725424010502 4.16928938371042e+134 135
1725424010579 1.4678051889927358e+138 136
1725424010652 1.8575700580945245e+136 137
1725424010731 2.114571221276831e+140 138
1725424010805 6.4157868461008415e+137 139
1725424010910 3.0884954551656086e+141 140
1725424010986 5.781422250281803e+141 141
1725424011047 4.98475930356366e+144 142
1725424011145 6.641165221738354e+143 143
1725424011224 1.2199180044931015e+144 144
1725424011288 3.646329696222968e+145 145
1725424011374 1.2094475199157679e+148 146
1725424011449 6.741214301598464e+144 147
1725424011532 7.26175551521139e+149 148
1725424011615 6.212757914783636e+150 149
1725424011710 1.568184586285081e+153 150
1725424011831 1.828842935201203e+153 151
1725424011930 1.2449878350635952e+152 152
1725424012032 5.433061337703526e+153 153
1725424012128 7.290242055828179e+154 154
1725424012217 1.3198170565986217e+156 155
1725424012299 1.3649166774675528e+157 156
1725424012381 4.168626132275339e+156 157
1725424012463 6.724390995522876e+158 158
1725424012528 5.192012391318051e+156 159
1725424012606 7.521307956040173e+162 160
1725424012671 2.424160726643201e+164 161
1725424012764 8.781450103525212e+163 162
1725424012833 9.271472357614979e+162 163
1725424012908 2.9094423188277356e+165 164
1725424012984 7.51004515637977e+168 165
1725424013064 1.3994077992553254e+168 166
1725424013149 2.834361641746266e+168 167
1725424013226 3.211467036346552e+170 168
1725424013306 4.0028144995767217e+170 169
1725424013407 1.3050855754106393e+171 170
1725424013481 1.6238825569959803e+171 171
1725424013563 1.1384722453038954e+172 172
1725424013656 8.600767527904104e+176 173
1725424013737 5.848759440440365e+175 174
1725424013803 7.669693172017076e+176 175
1725424013881 3.965712834435403e+178 176
1725424013977 2.2979407425147175e+180 177
1725424014055 1.2163820659823631e+177 178
1725424014118 4.4241729247115715e+182 179
1725424014193 1.8739901144382365e+183 180
1725424014260 1.624866093099246e+183 181
1725424014328 5.209494613022344e+183 182
1725424014412 1.1678374828490731e+186 183
1725424014478 3.4100450190302305e+187 184
1725424014545 1.073162028284267e+189 185
1725424014615 9.840342878337394e+187 186
1725424014685 1.039030769601969e+189 187
1725424014750 4.500300955624309e+189 188
1725424014823 1.411327183373801e+188 189
1725424014907 1.8987760495664614e+194 190
1725424015009 7.551559681056975e+193 191
1725424015096 6.030384205978453e+195 192
1725424015175 5.252541854989221e+194 193
1725424015251 2.143129838803368e+197 194
1725424015320 3.12186882382504e+197 195
1725424015421 3.2371798898237125e+198 196
1725424015499 2.1631526240508415e+200 197
1725424015576 2.844710971213293e+201 198
1725424015657 7.196316950293202e+202 199
1725424015725 4.598569363547149e+202 200
1725424015790 1.4909654542711893e+202 201
1725424015855 4.7749252814983417e+204 202
1725424015922 4.6896672165718654e+206 203
1725424015993 3.442894562627144e+206 204
1725424016072 1.0601174810081416e+210 205
1725424016143 2.1216758987305027e+210 206
1725424016221 2.6433692337608313e+212 207
1725424016316 6.972866993742832e+210 208
1725424016384 5.152800737500473e+213 209
1725424016457 5.848639658704666e+213 210
1725424016538 2.13512243465706e+213 211
1725424016609 5.6237054336375285e+215 212
1725424016677 1.266572877309117e+217 213
1725424016778 1.2547456595702054e+217 214
1725424016860 7.998612884795595e+215 215
1725424016917 2.6831638243664266e+219 216
1725424017049 4.6634006510276204e+221 217
1725424017135 1.9052421107494996e+224 218
1725424017255 8.805391233317936e+222 219
1725424017315 2.5355819557187205e+224 220
1725424017388 3.6871320937731014e+225 221
1725424017463 3.427695917227317e+226 222
1725424017535 1.2205225594977537e+226 223
1725424017595 6.95694566034236e+229 224
1725424017657 2.5228355831396518e+230 225
1725424017713 5.839342559379598e+229 226
1725424017783 1.3184678456979622e+229 227
1725424017856 3.042628187647373e+232 228
1725424017962 4.918662343023987e+233 229
1725424018069 1.3300813863851284e+235 230
1725424018143 6.145715743837519e+234 231
1725424018208 1.375954226289469e+235 232
1725424018309 1.2561536910315358e+237 233
1725424018388 2.1227651817155894e+238 234
1725424018454 3.548057668394906e+238 235
1725424018527 2.3656960095454973e+240 236
1725424018620 8.152252590461078e+241 237
1725424018691 1.4923894854536303e+242 238
1725424018772 2.4132164262343736e+244 239
1725424018843 5.21940557868033e+245 240
1725424018913 1.0138187060251885e+245 241
1725424019007 3.8935678031632703e+247 242
1725424019086 1.6078259503359363e+248 243
1725424019152 5.982584738434218e+248 244
1725424019237 9.593941043324896e+247 245
1725424019354 8.113671207944915e+249 246
1725424019430 3.696361468318506e+252 247
1725424019511 2.533927045919529e+253 248
1725424019588 5.386236588325001e+254 249
1725424019649 1.0538577431889714e+254 250
1725424019718 1.6627010803182323e+256 251
1725424019824 2.327712476901696e+257 252
1725424019886 4.481957348635067e+258 253
1725424019958 9.577859971003857e+258 254
1725424020051 1.0498543949086653e+260 255
1725424020115 1.4025619939656529e+262 256
1725424020180 3.834212197985193e+261 257
1725424020277 2.7034074080802014e+261 258
1725424020371 5.029815245866296e+264 259
1725424020444 2.3532533140799225e+265 260
1725424020544 1.268090662334004e+265 261
1725424020611 1.2047879164379696e+265 262
1725424020680 1.0816868322233898e+268 263
1725424020743 1.2336355454520476e+268 264
1725424020806 7.627504551022378e+270 265
1725424020884 1.2206761594486093e+272 266
1725424020997 1.1216883195352836e+274 267
1725424021079 2.0900674228738952e+272 268
1725424021147 6.715752026893103e+275 269
1725424021238 3.874520236797925e+274 270
1725424021310 1.830752698924425e+276 271
1725424021389 1.0509408512002409e+278 272
1725424021460 3.0462035831665366e+279 273
1725424021528 7.125256027606745e+276 274
1725424021598 3.0780859306086486e+277 275
1725424021667 1.910283680989391e+281 276
1725424021750 9.953180405593636e+282 277
1725424021843 3.7091236526503506e+285 278
1725424021915 1.0852706531128606e+284 279
1725424022004 9.286340325494232e+283 280
1725424022071 8.904458473206541e+287 281
1725424022143 1.3729155517644753e+287 282
1725424022208 1.541883972373839e+289 283
1725424022283 4.503038677076372e+290 284
1725424022373 3.261704993796722e+290 285
1725424022470 3.0960699658944616e+292 286
1725424022529 7.617044668361098e+295 287
1725424022591 1.0649501061650182e+293 288
1725424022659 1.784442566518649e+297 289
1725424022744 1.1108412555798887e+298 290
1725424022826 1.151926407950399e+297 291
1725424022910 2.4501839521825652e+297 292
1725424022986 8.070444202432811e+299 293
1725424023047 4.040072847079129e+299 294
1725424023116 3.725047968692446e+299 295
1725424023171 6.13622346447445e+302 296
1725424023234 3.006969231462367e+304 297
1725424023337 4.453993339377462e+304 298
1725424023411 1.100663158589293e+305 299
