1725384627402 1.0039201975351687e+105 0
1725384627471 8.627561753507319e+101 1
1725384627546 3.333040305281544e+101 2
1725384627614 5.3331762910809644e+100 3
1725384627677 7.545151756150712e+100 4
1725384627737 6.729778511582439e+98 5
1725384627795 2.5362117556828722e+98 6
1725384627865 1.172015245059971e+97 7
1725384627920 1.7982214825118479e+96 8
1725384627994 2.2915436866596687e+95 9
1725384628063 3.526618557362126e+93 10
1725384628130 1.1428353694956316e+95 11
1725384628200 4.835064961614905e+92 12
1725384628269 7.626077336759159e+94 13
1725384628338 4.0580903101476173e+92 14
1725384628394 4.138878471289364e+91 15
1725384628449 9.68335030831309e+91 16
1725384628516 6.338375040464651e+92 17
1725384628580 1.5776615057546498e+92 18
1725384628645 2.976359599986727e+90 19
1725384628718 3.799886042656422e+91 20
1725384628782 1.6648896582061125e+90 21
1725384628848 6.5449426894454e+89 22
1725384628926 3.6901999065406354e+91 23
1725384629002 1.6693411724351927e+89 24
1725384629059 2.6358857475484717e+87 25
1725384629112 6.345677582774172e+88 26
1725384629169 3.456488201387878e+88 27
1725384629232 1.1640247495962176e+85 28
1725384629336 3.0630863747966178e+88 29
1725384629424 7.4654319853257816e+87 30
1725384629487 2.968074567512398e+87 31
1725384629553 3.313389290746828e+86 32
1725384629626 2.1606400757621832e+86 33
1725384629685 1.6436021915089213e+87 34
1725384629749 8.529171216537113e+84 35
1725384629816 7.85271036486968e+84 36
1725384629883 1.2868526126249793e+83 37
1725384629955 2.8339874342961442e+82 38
1725384630015 1.0913507537481542e+83 39
1725384630079 6.223525020037205e+83 40
1725384630140 4.365567944419792e+82 41
1725384630216 1.152796665655142e+82 42
1725384630269 4.0242631150971504e+82 43
1725384630333 5.502836158850366e+81 44
1725384630396 3.236261887289665e+81 45
1725384630461 1.150933065428681e+81 46
1725384630518 3.5382006520329606e+80 47
1725384630596 1.6615747090231709e+81 48
1725384630665 2.9129866579302406e+79 49
1725384630733 5.570632541803023e+79 50
1725384630807 1.1100257778685533e+79 51
1725384630882 2.432753969757633e+79 52
1725384630953 3.212466853064832e+79 53
1725384631030 2.6788143509845964e+77 54
1725384631098 9.058117061527882e+76 55
1725384631198 1.5393452726655792e+77 56
1725384631261 9.307313278796888e+76 57
1725384631319 5.11075839612515e+76 58
1725384631397 2.522460271926683e+75 59
1725384631456 6.483688998976871e+74 60
1725384631523 3.976942385104141e+75 61
1725384631597 1.1344362935695378e+75 62
1725384631675 2.2165927002719947e+73 63
1725384631744 1.2944853400357968e+75 64
1725384631810 2.660979918355459e+73 65
1725384631880 8.364106336806001e+70 66
1725384631942 3.27935908124204e+71 67
1725384632015 6.7742639174348904e+72 68
1725384632080 3.213981754608511e+72 69
1725384632163 6.613810397024042e+71 70
1725384632223 1.415325075604904e+71 71
1725384632287 6.07588536408293e+69 72
1725384632340 6.56091899407465e+70 73
1725384632401 4.0072676025017455e+68 74
1725384632475 8.678392189895926e+68 75
1725384632547 3.933410511539798e+69 76
1725384632603 2.0553474156378124e+68 77
1725384632677 2.0614158816882673e+68 78
1725384632739 1.4554219245957784e+66 79
1725384632795 2.794576445633664e+68 80
1725384632861 1.5307213404642643e+67 81
1725384632924 1.0901859960424858e+66 82
1725384632980 1.0346758285778995e+65 83
1725384633043 6.699685545999926e+65 84
1725384633098 2.52073660951294e+65 85
1725384633162 1.2055671276633602e+66 86
1725384633248 9.36780212723486e+63 87
1725384633316 2.684315266810625e+65 88
1725384633372 2.2955507416125875e+64 89
1725384633443 1.9594121591708933e+63 90
1725384633512 8.344705931892591e+62 91
1725384633576 1.5367985593015351e+63 92
1725384633646 5.787188051469862e+62 93
1725384633709 7.697759326265816e+63 94
1725384633772 9.811647861766585e+61 95
1725384633836 3.395445522729438e+58 96
1725384633898 1.1546924293949588e+61 97
1725384633962 4.8271842074516526e+60 98
1725384634030 3.0549872248162186e+59 99
1725384634088 3.081065331416009e+59 100
1725384634146 1.016228217599309e+59 101
1725384634216 4.21568437813983e+59 102
1725384634285 1.1122252964747466e+58 103
1725384634346 9.145816234602514e+58 104
1725384634414 5.249365624848824e+57 105
1725384634484 1.4995617237175498e+58 106
1725384634544 7.3260288561581485e+56 107
1725384634608 7.863066995131416e+54 108
1725384634665 3.881890780997186e+55 109
1725384634721 5.32936864927695e+55 110
1725384634797 1.4996549101437896e+55 111
1725384634858 9.051795757065905e+55 112
1725384634917 2.082790602310095e+55 113
1725384634981 1.0239251683410419e+52 114
1725384635054 7.058188607264573e+54 115
1725384635127 4.7125334691014956e+53 116
1725384635190 2.561719930486524e+49 117
1725384635263 5.476943210536552e+53 118
1725384635326 3.8229559102128446e+53 119
1725384635398 3.591018528699951e+52 120
1725384635465 1.139135462639653e+50 121
1725384635521 2.5042558669831342e+51 122
1725384635578 1.5601834225295266e+50 123
1725384635641 2.403778173415125e+50 124
1725384635706 2.9571240823937033e+50 125
1725384635773 1.788651442008226e+49 126
1725384635836 8.93648005370816e+48 127
1725384635899 2.044116742683835e+48 128
1725384635970 2.3363228823970663e+49 129
1725384636040 1.139042210695649e+48 130
1725384636126 7.747307200177905e+48 131
1725384636191 5.053309910695692e+46 132
1725384636263 7.214982943731113e+46 133
1725384636328 2.7367078493349763e+47 134
1725384636396 3.044244161370405e+46 135
1725384636455 1.8893146681170667e+45 136
1725384636519 1.5330799536627094e+45 137
1725384636576 2.479371901536183e+44 138
1725384636635 2.8927941668219787e+44 139
1725384636707 1.3579197813842096e+43 140
1725384636780 2.2393109914158177e+43 141
1725384636845 3.5621801307491533e+43 142
1725384636920 4.193101089678781e+41 143
1725384636981 3.4832243047479185e+42 144
1725384637068 8.511860975347028e+41 145
1725384637129 3.3397876926800076e+40 146
1725384637189 5.354523750370978e+41 147
1725384637250 5.861528420185668e+37 148
1725384637323 1.3774518150590216e+41 149
1725384637394 5.992220278954967e+40 150
1725384637465 8.520467143367646e+38 151
1725384637530 1.4475610478358614e+40 152
1725384637605 9.794953017437581e+37 153
1725384637659 8.157437439421052e+38 154
1725384637721 4.530621524324571e+37 155
1725384637778 2.697203239955102e+34 156
1725384637833 5.8863971250926635e+37 157
1725384637895 1.2861386775825111e+38 158
1725384637972 1.370857138815005e+36 159
1725384638034 1.6801986056472053e+36 160
1725384638091 4.243311171911862e+35 161
1725384638148 1.1028459763395375e+34 162
1725384638210 3.770241551769442e+35 163
1725384638274 1.64547022457208e+35 164
1725384638344 1.8629879407632797e+33 165
1725384638424 2.2824266362496005e+34 166
1725384638483 9.144901142184021e+33 167
1725384638562 2.5785928303350352e+33 168
1725384638631 6.3568363485822045e+31 169
1725384638691 7.94139720982e+31 170
1725384638755 4.333130846953071e+31 171
1725384638813 1.5247877599711616e+32 172
1725384638874 1.960144078945746e+29 173
1725384638946 7.131157267617415e+29 174
1725384639012 9.462026813841332e+30 175
1725384639076 1.2972244795330167e+30 176
1725384639166 8.866900828679367e+29 177
1725384639231 8.779328520247218e+27 178
1725384639296 1.3440779008112462e+28 179
1725384639360 6.888293733723449e+26 180
1725384639417 1.1187219157945045e+28 181
1725384639483 1.2994463258983731e+28 182
1725384639561 1.662936594700304e+27 183
1725384639626 9.702864251152225e+26 184
1725384639685 1.7341328012389023e+26 185
1725384639748 8.989360806092373e+25 186
1725384639829 2.6692294914008493e+25 187
1725384639897 1.4875394674723371e+26 188
1725384639958 4.236256683988931e+24 189
1725384640015 6.515703440336583e+24 190
1725384640072 1.711465123220671e+25 191
1725384640132 2.20589565787064e+22 192
1725384640201 8.06628225489483e+23 193
1725384640265 2.1966670558898076e+22 194
1725384640319 1.486376484525301e+22 195
1725384640381 1.976169326701779e+20 196
1725384640441 2.445568869978374e+21 197
1725384640521 1.5333744081280013e+22 198
1725384640584 1.2805245132778607e+22 199
1725384640649 5.429149432113828e+20 200
1725384640717 9.261458006642156e+19 201
1725384640780 7.372410188229741e+19 202
1725384640836 3.989740116654058e+19 203
1725384640904 1.9652043602820166e+19 204
1725384640966 5.315065272659882e+18 205
1725384641035 2.905175520474327e+18 206
1725384641109 3.2978632069529866e+18 207
1725384641186 2.1790587134934816e+17 208
1725384641269 1.610047634065979e+17 209
1725384641335 619304295563295.0 210
1725384641411 1.4150913018941068e+16 211
1725384641472 5.770795520369915e+16 212
1725384641534 227684213938212.62 213
1725384641597 9165877625137.51 214
1725384641664 1234726600087830.5 215
1725384641724 19363880565948.332 216
1725384641788 78048197760054.4 217
1725384641854 69167175936367.125 218
1725384641919 25686945490772.94 219
1725384641994 2767238887552.31 220
1725384642062 5585250158.39327 221
1725384642130 1519360755684.179 222
1725384642213 6535826284.465948 223
1725384642282 9965776831.10451 224
1725384642355 14925540109.218655 225
1725384642420 75458542755.87466 226
1725384642475 24876551676.571632 227
1725384642540 3059383535.7682066 228
1725384642603 59870835391.982574 229
1725384642670 2771512305.3462796 230
1725384642729 1227575369.4138217 231
1725384642798 103908361.80672903 232
1725384642865 3514795.291183575 233
1725384642925 28523188.732774638 234
1725384642981 318939.1613765379 235
1725384643041 2100867.604662482 236
1725384643108 2055640.6420448413 237
1725384643174 1948723.9856349854 238
1725384643233 16.44614039552097 239
1725384643289 923223.8294921216 240
1725384643358 34679.23152716319 241
1725384643423 17313.63610580862 242
1725384643486 2660.991619531095 243
1725384643547 3259.5073603922506 244
1725384643613 59.644665234036125 245
1725384643671 62.16903348903827 246
1725384643724 23.356786114451644 247
1725384643783 1.6759522345804512 248
1725384643847 49.29711123467523 249
1725384643905 114.58758568294634 250
1725384643966 5.721784884415254 251
1725384644026 10.655792134205504 252
1725384644084 0.34711507856200424 253
1725384644148 1.620219794697232 254
1725384644210 0.04140432640903865 255
1725384644285 5.086508669169786 256
1725384644342 4.208644809542552 257
1725384644414 4.255738848559084 258
1725384644480 6.380938931954296 259
1725384644552 3.44378542988414 260
1725384644619 5.108778412793767 261
1725384644679 2.2951315420191722 262
1725384644746 3.3881883248862077 263
1725384644803 3.609633989473521 264
1725384644859 6.5128229272644065 265
1725384644925 2.896829225837222 266
1725384644987 4.704806089257892 267
1725384645059 5.5997662173970895 268
1725384645126 3.5373845583534265 269
1725384645192 5.492449073347338 270
1725384645265 2.7228897661335245 271
1725384645336 2.575706546847203 272
1725384645410 3.7819480903428744 273
1725384645472 5.035748595541749 274
1725384645551 4.672563776041559 275
1725384645608 2.7665703215677704 276
1725384645676 5.1912758029065404 277
1725384645738 4.8197635158702115 278
1725384645799 5.601249177414366 279
1725384645860 6.0874130240150865 280
1725384645926 4.13409677495601 281
1725384645994 3.852834574853625 282
1725384646058 4.748999426809689 283
1725384646116 3.8212520910151406 284
1725384646180 3.440957108688276 285
1725384646261 4.952627151258786 286
1725384646327 3.827494418153207 287
1725384646387 4.307030888063347 288
1725384646449 4.468773535639788 289
1725384646502 6.014290654283452 290
1725384646572 4.45574918972118 291
1725384646638 4.198232693384433 292
1725384646696 6.557134332592713 293
1725384646756 3.3970956051034547 294
1725384646813 6.402561780923846 295
1725384646878 2.812870221538976 296
1725384646946 1.017560536682451 297
1725384647012 6.2342857854618146 298
1725384647069 5.2560716786274275 299
1725384647128 6.9118425989975325 300
1725384647194 4.326195139369942 301
1725384647256 7.844110748677168 302
1725384647331 6.092524505103172 303
1725384647395 2.3696696671295823 304
1725384647463 2.749424479326227 305
1725384647525 3.8967130749043566 306
1725384647581 6.507220638428806 307
1725384647638 5.417998343651347 308
1725384647703 6.579772980818798 309
1725384647767 4.603227212518842 310
1725384647827 5.290780118293129 311
1725384647893 3.896450631132327 312
1725384647961 4.4066950046040265 313
1725384648035 5.581352768925065 314
1725384648092 8.205438838563392 315
1725384648150 3.2344442755616303 316
1725384648213 3.5725906840037336 317
1725384648278 3.0676024767296775 318
1725384648348 3.5950801486375656 319
1725384648414 4.954086525869274 320
1725384648470 5.126177732280269 321
1725384648533 5.266579334112034 322
1725384648595 4.190705601853082 323
1725384648660 5.154017814668119 324
1725384648725 6.816523409366147 325
1725384648796 5.2386991324937515 326
1725384648852 3.4150434651779333 327
1725384648911 1.5445178446180774 328
1725384648967 5.998912626914664 329
1725384649038 6.428123742827793 330
1725384649102 5.886638323732469 331
1725384649165 2.7991748339559566 332
1725384649224 5.780892158481278 333
1725384649288 4.362075930454678 334
1725384649346 3.8052525813769473 335
1725384649413 4.318128794716551 336
1725384649478 4.726244835698193 337
1725384649542 5.862375132081325 338
1725384649616 4.112121086577772 339
1725384649679 4.0789810015985815 340
1725384649735 6.8091076725294055 341
1725384649802 6.88364254559102 342
1725384649873 4.093858728262382 343
1725384649942 5.78171565887523 344
1725384650000 4.724315457699823 345
1725384650066 5.64268529085541 346
1725384650134 6.343839895641032 347
1725384650198 4.696092984281601 348
1725384650258 6.031266186849927 349
1725384650322 6.824464807093553 350
1725384650378 6.105002883797238 351
1725384650443 5.506155019552739 352
1725384650507 6.554776440769496 353
1725384650572 5.590780215332411 354
1725384650640 2.891208481916378 355
1725384650711 4.453107563698358 356
1725384650774 5.383767577808835 357
1725384650841 4.850941780650316 358
1725384650904 5.321960455388139 359
1725384650968 4.291028745682431 360
1725384651039 7.230086918065201 361
1725384651103 7.025080807153094 362
1725384651177 4.960273286010508 363
1725384651257 4.721912561030286 364
1725384651317 6.049547275948876 365
1725384651399 3.7670083652174258 366
1725384651464 6.26133118839035 367
1725384651524 6.135359641719647 368
1725384651598 4.424844818270844 369
1725384651662 3.5930838241561442 370
1725384651732 3.928779130854809 371
1725384651799 4.659043813967972 372
1725384651862 3.8258317659645424 373
1725384651925 3.9179447253236956 374
1725384651986 3.0780403320620153 375
1725384652050 5.97354076519746 376
1725384652120 5.018940229921306 377
1725384652194 4.300653845594416 378
1725384652266 2.7355223977176646 379
1725384652346 4.769555315065225 380
1725384652409 6.525187206063828 381
1725384652478 2.809056860330979 382
1725384652532 5.639173163958304 383
1725384652607 3.8756716953621493 384
1725384652673 4.1905526873336 385
1725384652733 4.749711101421309 386
1725384652809 3.9770339010982863 387
1725384652885 4.3830000677321905 388
1725384652946 6.535981966231807 389
1725384653015 4.6449445105007685 390
1725384653079 2.8236030658088245 391
1725384653138 3.3812144312913452 392
1725384653206 3.6444121933393885 393
1725384653271 3.4172304572639414 394
1725384653338 5.085149666232982 395
1725384653400 5.995166991720199 396
1725384653463 5.299350142226922 397
1725384653526 4.598917741274819 398
1725384653589 4.351827770637747 399
1725384653659 3.211838239493488 400
1725384653718 3.45640188227799 401
1725384653795 5.125750269149208 402
1725384653858 4.114006621592469 403
1725384653930 2.0384764458291977 404
1725384653997 4.208127484196531 405
1725384654062 4.407765337417248 406
1725384654128 1.0292415003159752 407
1725384654196 7.096689890503744 408
1725384654256 5.33634819901882 409
1725384654320 6.861967438240659 410
1725384654375 3.584355069832119 411
1725384654445 6.117796796699227 412
1725384654499 5.938511052310665 413
1725384654556 3.4871086657213763 414
1725384654617 3.580627069076667 415
1725384654679 4.219470093280834 416
1725384654746 4.724881744433917 417
1725384654816 3.980785330611404 418
1725384654880 6.420631781602634 419
1725384654949 4.4203948140825755 420
1725384655013 2.185664000836334 421
1725384655073 6.054040617039742 422
1725384655129 4.949453412507805 423
1725384655195 5.0136624164417505 424
1725384655280 4.983055007100417 425
1725384655338 5.520043707733467 426
1725384655393 5.978157573687617 427
1725384655450 2.243612757327304 428
1725384655512 2.5792312177531067 429
1725384655579 6.772420828176783 430
1725384655644 3.734750867978485 431
1725384655711 6.592418633873301 432
1725384655785 6.403780811877177 433
1725384655842 5.467127914439901 434
1725384655898 6.930598122747166 435
1725384655954 4.657498253410569 436
1725384656027 5.768530383980327 437
1725384656085 5.630470615707205 438
1725384656145 4.950313465427508 439
1725384656208 4.72468896018118 440
1725384656275 5.7678419664498675 441
1725384656344 6.552155714017659 442
1725384656408 6.054707794787023 443
1725384656462 7.205849566575765 444
1725384656522 4.558116784234424 445
1725384656589 5.060747775056882 446
1725384656663 4.262585660428065 447
1725384656723 3.0612668399944445 448
1725384656780 4.705086590279885 449
1725384656847 3.6586926337634416 450
1725384656914 4.263970146701662 451
1725384656978 5.56830461285443 452
1725384657049 6.858420769530971 453
1725384657121 6.390107131737704 454
1725384657213 7.49788924185196 455
1725384657285 2.9517122450423705 456
1725384657353 3.594221906033137 457
1725384657436 4.675998859519404 458
1725384657508 2.745845271041545 459
1725384657573 3.335370269807605 460
1725384657648 4.29492977391309 461
1725384657716 2.742796603292596 462
1725384657796 3.5613490545468007 463
1725384657865 5.539039001703217 464
1725384657925 4.023366412565685 465
1725384657995 5.099739818237833 466
1725384658057 4.376994351097075 467
1725384658118 4.315952120200383 468
1725384658187 5.954994599580935 469
1725384658251 6.174890108199954 470
1725384658318 6.902331511357893 471
1725384658387 2.900882399337723 472
1725384658451 3.3441428137142757 473
1725384658517 3.4885587203614263 474
1725384658589 5.031617917431905 475
1725384658643 1.3252810947471316 476
1725384658707 5.5502169823845025 477
1725384658785 6.101788545884206 478
1725384658852 5.079687806848334 479
1725384658918 6.405259000928884 480
1725384658974 5.757781319161419 481
1725384659032 2.953854140284399 482
