1725383925580 168.8178824738289 0
1725383925605 168.8004695568343 1
1725383925632 168.78355781313704 2
1725383925659 168.76664790841855 3
1725383925681 168.74973987390104 4
1725383925706 168.7328337093661 5
1725383925729 168.71592941459724 6
1725383925752 168.6990269893781 7
1725383925775 168.68212643349221 8
1725383925798 168.66522774672328 9
1725383925820 168.648330928855 10
1725383925842 168.63143597967095 11
1725383925865 168.61454289895497 12
1725383925888 168.5976516864907 13
1725383925911 168.58076234206203 14
1725383925934 168.56387486545265 15
1725383925957 168.54698925644644 16
1725383925979 168.5301055148272 17
1725383926004 168.5132236403788 18
1725383926033 168.49634363288527 19
1725383926056 168.47946549213032 20
1725383926080 168.46258921789806 21
1725383926107 168.44571480997243 22
1725383926128 168.42884226813743 23
1725383926149 168.41197159217705 24
1725383926169 168.3951027818754 25
1725383926190 168.37823583701652 26
1725383926212 168.36137075738455 27
1725383926234 168.34450754276355 28
1725383926259 168.32764619293775 29
1725383926280 168.31078670769134 30
1725383926304 168.29392908680845 31
1725383926325 168.27707333007336 32
1725383926346 168.26021943727034 33
1725383926373 168.2433674081837 34
1725383926397 168.22651724259765 35
1725383926418 168.20966894029667 36
1725383926441 168.192822501065 37
1725383926465 168.1759779246871 38
1725383926491 168.1591352109473 39
1725383926514 168.14229435963017 40
1725383926536 168.12545537052006 41
1725383926560 168.10861824340154 42
1725383926581 168.0917829780591 43
1725383926603 168.0749495742772 44
1725383926624 168.05811803184056 45
1725383926645 168.04128835053365 46
1725383926669 168.0244605301412 47
1725383926693 168.00763457044778 48
1725383926711 167.99081047123806 49
1725383926745 167.97398823229673 50
1725383926815 167.95716785340858 51
1725383926838 167.94034933435827 52
1725383926875 167.92353267493067 53
1725383926894 167.9067178749105 54
1725383926904 167.88990493408267 55
1725383926915 167.87309385223193 56
1725383926937 167.85628462914318 57
1725383926960 167.83947726460138 58
1725383926986 167.82267175839144 59
1725383927011 167.8058681102983 60
1725383927043 167.7890663201069 61
1725383927083 167.77226638760231 62
1725383927107 167.75546831256955 63
1725383927129 167.73867209479363 64
1725383927151 167.7218777340597 65
1725383927178 167.70508523015283 66
1725383927206 167.68829458285816 67
1725383927230 167.6715057919608 68
1725383927256 167.65471885724602 69
1725383927279 167.63793377849902 70
1725383927302 167.621150555505 71
1725383927325 167.60436918804922 72
1725383927349 167.58758967591694 73
1725383927371 167.57081201889355 74
1725383927396 167.55403621676436 75
1725383927419 167.5372622693147 76
1725383927441 167.52049017633001 77
1725383927463 167.50371993759566 78
1725383927488 167.48695155289712 79
1725383927510 167.47018502201988 80
1725383927534 167.45342034474936 81
1725383927558 167.43665752087117 82
1725383927579 167.4198965501708 83
1725383927601 167.4031374324338 84
1725383927624 167.38638016744576 85
1725383927647 167.3696247549924 86
1725383927669 167.35287119485926 87
1725383927692 167.33611948683202 88
1725383927715 167.31936963069646 89
1725383927738 167.30262162623822 90
1725383927761 167.2858754732431 91
1725383927781 167.2691311714968 92
1725383927804 167.25238872078523 93
1725383927829 167.23564812089415 94
1725383927850 167.21890937160939 95
1725383927874 167.2021724727169 96
1725383927898 167.18543742400252 97
1725383927918 167.16870422525213 98
1725383927941 167.1519728762518 99
1725383927966 167.13524337678746 100
1725383927990 167.11851572664511 101
1725383928016 167.10178992561077 102
1725383928048 167.0850659734705 103
1725383928073 167.06834387001038 104
1725383928105 167.05162361501655 105
1725383928128 167.03490520827506 106
1725383928151 167.01818864957218 107
1725383928174 167.001473938694 108
1725383928198 166.98476107542677 109
1725383928223 166.96805005955673 110
1725383928247 166.95134089087014 111
1725383928273 166.93463356915322 112
1725383928294 166.91792809419238 113
1725383928318 166.90122446577388 114
1725383928340 166.88452268368414 115
1725383928362 166.86782274770948 116
1725383928385 166.85112465763635 117
1725383928407 166.8344284132512 118
1725383928429 166.8177340143405 119
1725383928455 166.8010414606907 120
1725383928480 166.78435075208833 121
1725383928501 166.76766188831994 122
1725383928527 166.75097486917207 123
1725383928552 166.73428969443134 124
1725383928574 166.71760636388439 125
1725383928597 166.7009248773178 126
1725383928619 166.68424523451824 127
1725383928642 166.6675674352725 128
1725383928664 166.65089147936717 129
1725383928687 166.63421736658904 130
1725383928710 166.61754509672494 131
1725383928732 166.60087466956156 132
1725383928750 166.58420608488584 133
1725383928770 166.5675393424845 134
1725383928790 166.5508744421445 135
1725383928811 166.5342113836527 136
1725383928835 166.51755016679604 137
1725383928858 166.50089079136146 138
1725383928883 166.4842332571359 139
1725383928910 166.46757756390642 140
1725383928935 166.45092371146 141
1725383928956 166.4342716995837 142
1725383928980 166.41762152806461 143
1725383929003 166.4009731966898 144
1725383929025 166.38432670524637 145
1725383929051 166.36768205352155 146
1725383929075 166.35103924130246 147
1725383929100 166.33439826837636 148
1725383929121 166.3177591345304 149
1725383929143 166.30112183955188 150
1725383929169 166.28448638322806 151
1725383929190 166.26785276534622 152
1725383929211 166.25122098569375 153
1725383929231 166.23459104405794 154
1725383929251 166.21796294022622 155
1725383929275 166.20133667398596 156
1725383929295 166.1847122451246 157
1725383929326 166.16808965342963 158
1725383929348 166.15146889868848 159
1725383929373 166.13484998068867 160
1725383929398 166.11823289921773 161
1725383929427 166.10161765406323 162
1725383929450 166.08500424501273 163
1725383929473 166.06839267185387 164
1725383929499 166.05178293437427 165
1725383929522 166.03517503236156 166
1725383929545 166.0185689656035 167
1725383929571 166.0019647338877 168
1725383929594 165.98536233700193 169
1725383929615 165.96876177473396 170
1725383929635 165.95216304687162 171
1725383929657 165.93556615320264 172
1725383929682 165.9189710935149 173
1725383929704 165.90237786759621 174
1725383929726 165.88578647523454 175
1725383929747 165.86919691621773 176
1725383929772 165.8526091903338 177
1725383929796 165.8360232973706 178
1725383929820 165.81943923711617 179
1725383929844 165.80285700935858 180
1725383929867 165.78627661388575 181
1725383929891 165.76969805048583 182
1725383929915 165.7531213189469 183
1725383929939 165.73654641905708 184
1725383929960 165.71997335060445 185
1725383929982 165.7034021133772 186
1725383930007 165.6868327071636 187
1725383930035 165.67026513175173 188
1725383930061 165.6536993869299 189
1725383930083 165.6371354724864 190
1725383930106 165.6205733882095 191
1725383930135 165.6040131338875 192
1725383930163 165.58745470930873 193
1725383930187 165.5708981142616 194
1725383930213 165.5543433485345 195
1725383930236 165.53779041191578 196
1725383930260 165.52123930419395 197
1725383930284 165.50469002515746 198
1725383930307 165.48814257459478 199
1725383930329 165.47159695229448 200
1725383930355 165.45505315804505 201
1725383930377 165.4385111916351 202
1725383930398 165.42197105285314 203
1725383930420 165.4054327414879 204
1725383930448 165.38889625732796 205
1725383930474 165.37236160016204 206
1725383930499 165.35582876977875 207
1725383930518 165.33929776596688 208
1725383930538 165.32276858851517 209
1725383930563 165.30624123721236 210
1725383930587 165.28971571184724 211
1725383930614 165.27319201220868 212
1725383930646 165.25667013808547 213
1725383930673 165.24015008926654 214
1725383930697 165.22363186554074 215
1725383930718 165.20711546669696 216
1725383930741 165.19060089252426 217
1725383930763 165.17408814281148 218
1725383930786 165.15757721734775 219
1725383930806 165.14106811592194 220
1725383930832 165.12456083832328 221
1725383930861 165.10805538434067 222
1725383930882 165.0915517537633 223
1725383930903 165.07504994638026 224
1725383930919 165.0585499619807 225
1725383930943 165.04205180035382 226
1725383930965 165.0255554612888 227
1725383930988 165.00906094457488 228
1725383931010 164.99256825000126 229
1725383931033 164.97607737735729 230
1725383931062 164.9595883264322 231
1725383931091 164.94310109701536 232
1725383931112 164.92661568889608 233
1725383931132 164.91013210186375 234
1725383931155 164.89365033570778 235
1725383931179 164.8771703902176 236
1725383931204 164.86069226518265 237
1725383931227 164.84421596039238 238
1725383931250 164.8277414756363 239
1725383931272 164.811268810704 240
1725383931295 164.79479796538493 241
1725383931317 164.7783289394687 242
1725383931340 164.761861732745 243
1725383931364 164.7453963450033 244
1725383931388 164.72893277603336 245
1725383931412 164.71247102562484 246
1725383931434 164.69601109356736 247
1725383931456 164.67955297965077 248
1725383931477 164.66309668366478 249
1725383931498 164.6466422053991 250
1725383931518 164.63018954464363 251
1725383931540 164.61373870118808 252
1725383931564 164.5972896748224 253
1725383931589 164.58084246533645 254
1725383931613 164.56439707252008 255
1725383931637 164.54795349616327 256
1725383931657 164.53151173605596 257
1725383931679 164.5150717919881 258
1725383931702 164.4986336637497 259
1725383931724 164.48219735113082 260
1725383931746 164.4657628539215 261
1725383931769 164.44933017191178 262
1725383931792 164.43289930489183 263
1725383931814 164.4164702526517 264
1725383931838 164.40004301498155 265
1725383931862 164.38361759167165 266
1725383931887 164.3671939825121 267
1725383931907 164.35077218729313 268
1725383931928 164.3343522058051 269
1725383931951 164.31793403783814 270
1725383931976 164.30151768318268 271
1725383932001 164.28510314162895 272
1725383932024 164.26869041296737 273
1725383932047 164.25227949698825 274
1725383932082 164.23587039348206 275
1725383932105 164.21946310223925 276
1725383932127 164.2030576230501 277
1725383932148 164.1866539557053 278
1725383932173 164.17025209999525 279
1725383932194 164.1538520557105 280
1725383932214 164.13745382264156 281
1725383932239 164.12105740057902 282
1725383932265 164.10466278931355 283
1725383932285 164.0882699886357 284
1725383932304 164.07187899833616 285
1725383932326 164.0554898182056 286
1725383932353 164.03910244803467 287
1725383932379 164.0227168876142 288
1725383932402 164.00633313673484 289
1725383932425 163.98995119518747 290
1725383932446 163.97357106276277 291
1725383932469 163.9571927392517 292
1725383932492 163.940816224445 293
1725383932515 163.92444151813362 294
1725383932538 163.90806862010837 295
1725383932560 163.8916975301603 296
1725383932587 163.8753282480803 297
1725383932611 163.85896077365933 298
1725383932638 163.84259510668838 299
1725383932663 163.82623124695857 300
1725383932686 163.8098691942608 301
1725383932706 163.79350894838632 302
1725383932728 163.7771505091261 303
1725383932752 163.76079387627132 304
1725383932772 163.74443904961313 305
1725383932794 163.72808602894267 306
1725383932816 163.71173481405117 307
1725383932839 163.69538540472985 308
1725383932861 163.67903780077 309
1725383932884 163.66269200196285 310
1725383932907 163.6463480080997 311
1725383932929 163.63000581897185 312
1725383932952 163.61366543437072 313
1725383932978 163.59732685408764 314
1725383932998 163.58099007791404 315
1725383933021 163.5646551056413 316
1725383933042 163.54832193706093 317
1725383933073 163.53199057196431 318
1725383933097 163.51566101014305 319
1725383933122 163.4993332513886 320
1725383933145 163.48300729549254 321
1725383933165 163.46668314224647 322
1725383933188 163.45036079144188 323
1725383933207 163.43404024287054 324
1725383933228 163.417721496324 325
1725383933248 163.40140455159394 326
1725383933274 163.3850894084721 327
1725383933295 163.3687760667502 328
1725383933322 163.35246452621993 329
1725383933345 163.33615478667312 330
1725383933366 163.31984684790157 331
1725383933388 163.30354070969707 332
1725383933411 163.28723637185152 333
1725383933434 163.27093383415672 334
1725383933457 163.2546330964046 335
1725383933480 163.23833415838706 336
1725383933503 163.2220370198961 337
1725383933526 163.20574168072366 338
1725383933549 163.1894481406617 339
1725383933573 163.17315639950232 340
1725383933598 163.15686645703752 341
1725383933620 163.14057831305936 342
1725383933643 163.12429196736 343
1725383933665 163.10800741973142 344
1725383933686 163.0917246699659 345
1725383933707 163.07544371785562 346
1725383933730 163.05916456319267 347
1725383933750 163.04288720576932 348
1725383933773 163.0266116453778 349
1725383933797 163.01033788181044 350
1725383933822 162.99406591485948 351
1725383933841 162.97779574431723 352
1725383933862 162.96152736997604 353
1725383933886 162.94526079162827 354
1725383933911 162.92899600906637 355
1725383933935 162.9127330220827 356
1725383933958 162.89647183046972 357
1725383933983 162.8802124340199 358
1725383934006 162.86395483252574 359
1725383934034 162.84769902577975 360
1725383934057 162.83144501357447 361
1725383934086 162.81519279570244 362
1725383934107 162.7989423719563 363
1725383934132 162.7826937421286 364
1725383934156 162.76644690601205 365
1725383934178 162.7502018633993 366
1725383934203 162.73395861408304 367
1725383934225 162.7177171578559 368
1725383934248 162.70147749451075 369
1725383934270 162.6852396238403 370
1725383934293 162.6690035456373 371
1725383934315 162.6527692596946 372
1725383934337 162.636536765805 373
1725383934360 162.62030606376146 374
1725383934384 162.6040771533568 375
1725383934407 162.5878500343839 376
1725383934429 162.57162470663576 377
1725383934452 162.5554011699053 378
1725383934474 162.53917942398556 379
1725383934495 162.52295946866948 380
1725383934518 162.50674130375015 381
1725383934548 162.49052492902058 382
1725383934574 162.4743103442739 383
1725383934598 162.4580975493032 384
1725383934624 162.44188654390163 385
1725383934647 162.42567732786236 386
1725383934671 162.4094699009785 387
1725383934695 162.3932642630433 388
1725383934717 162.37706041385005 389
1725383934740 162.36085835319196 390
1725383934762 162.3446580808623 391
1725383934783 162.3284595966544 392
1725383934807 162.31226290036156 393
1725383934830 162.29606799177716 394
1725383934853 162.2798748706946 395
1725383934875 162.26368353690725 396
1725383934900 162.24749399020857 397
1725383934927 162.231306230392 398
1725383934950 162.215120257251 399
1725383934972 162.1989360705791 400
1725383934997 162.18275367016983 401
1725383935021 162.16657305581668 402
1725383935046 162.15039422731337 403
1725383935073 162.1342171844534 404
1725383935102 162.1180419270304 405
1725383935124 162.101868454838 406
1725383935148 162.08569676766996 407
1725383935171 162.06952686531992 408
1725383935196 162.05335874758165 409
1725383935220 162.03719241424878 410
1725383935243 162.0210278651153 411
1725383935265 162.00486509997478 412
1725383935286 161.9887041186212 413
1725383935313 161.97254492084832 414
1725383935336 161.95638750645008 415
1725383935359 161.94023187522035 416
1725383935380 161.92407802695303 417
1725383935402 161.9079259614421 418
1725383935424 161.89177567848154 419
1725383935447 161.87562717786528 420
1725383935471 161.85948045938738 421
1725383935495 161.84333552284195 422
1725383935516 161.82719236802296 423
1725383935539 161.81105099472452 424
1725383935565 161.79491140274084 425
1725383935587 161.77877359186596 426
1725383935610 161.76263756189408 427
1725383935632 161.7465033126194 428
1725383935654 161.73037084383617 429
1725383935675 161.71424015533853 430
1725383935695 161.6981112469209 431
1725383935718 161.6819841183774 432
1725383935738 161.66585876950248 433
1725383935761 161.6497352000904 434
1725383935785 161.63361340993555 435
1725383935809 161.61749339883232 436
1725383935830 161.60137516657517 437
1725383935854 161.58525871295845 438
1725383935875 161.56914403777668 439
1725383935899 161.5530311408243 440
1725383935923 161.5369200218959 441
1725383935946 161.52081068078593 442
1725383935969 161.50470311728898 443
1725383935992 161.48859733119968 444
1725383936014 161.47249332231263 445
1725383936036 161.4563910904224 446
1725383936059 161.4402906353237 447
1725383936082 161.42419195681114 448
1725383936112 161.4080950546796 449
1725383936136 161.39199992872358 450
1725383936160 161.37590657873798 451
1725383936184 161.3598150045176 452
1725383936206 161.34372520585717 453
1725383936228 161.32763718255154 454
1725383936250 161.31155093439557 455
1725383936272 161.29546646118413 456
1725383936295 161.2793837627122 457
1725383936317 161.2633028387746 458
1725383936338 161.2472236891663 459
1725383936359 161.23114631368233 460
1725383936382 161.21507071211767 461
1725383936407 161.1989968842673 462
1725383936435 161.18292482992632 463
1725383936467 161.1668545488898 464
1725383936496 161.15078604095285 465
1725383936518 161.13471930591055 466
1725383936539 161.11865434355806 467
1725383936562 161.10259115369058 468
1725383936595 161.08652973610324 469
1725383936615 161.07047009059136 470
1725383936637 161.0544122169501 471
1725383936659 161.03835611497476 472
1725383936683 161.02230178446067 473
1725383936706 161.0062492252031 474
1725383936728 160.99019843699742 475
1725383936751 160.97414941963893 476
1725383936773 160.95810217292313 477
1725383936796 160.94205669664535 478
1725383936819 160.92601299060107 479
1725383936840 160.90997105458578 480
1725383936866 160.8939308883949 481
1725383936889 160.87789249182399 482
1725383936912 160.86185586466854 483
1725383936934 160.84582100672418 484
1725383936956 160.8297879177865 485
1725383936979 160.81375659765104 486
1725383937000 160.79772704611347 487
1725383937023 160.78169926296945 488
1725383937045 160.76567324801465 489
1725383937065 160.74964900104484 490
1725383937094 160.73362652185568 491
1725383937124 160.71760581024296 492
1725383937149 160.70158686600243 493
1725383937175 160.68556968892995 494
1725383937198 160.6695542788213 495
1725383937218 160.65354063547238 496
1725383937243 160.63752875867905 497
1725383937270 160.62151864823718 498
1725383937294 160.60551030394274 499
