1725354364670 169.25480595599964 0
1725354364697 165.8668141287966 1
1725354364730 164.25524223920584 2
1725354364760 162.63188602728252 3
1725354364781 161.02660408861504 4
1725354364804 159.43568833781634 5
1725354364851 157.86214705118164 6
1725354364878 156.30313975096482 7
1725354364903 154.76021722013368 8
1725354364931 153.23217388490625 9
1725354364953 151.72001985623916 10
1725354364977 150.22232495676292 11
1725354365002 148.73976829778863 12
1725354365021 147.27214148892998 13
1725354365039 145.81875043478172 14
1725354365058 144.37995031958945 15
1725354365081 142.9557303219147 16
1725354365104 141.5449541010895 17
1725354365125 140.14871277977397 18
1725354365147 138.76683466361965 19
1725354365171 137.39811517173197 20
1725354365192 136.04238211527823 21
1725354365214 134.7011491262166 22
1725354365233 133.37312131781007 23
1725354365252 132.05798984694837 24
1725354365272 130.75614891419994 25
1725354365297 129.46704233216275 26
1725354365316 128.19107981407402 27
1725354365336 126.92766309179702 28
1725354365355 125.67671009557036 29
1725354365374 124.43777449949349 30
1725354365394 123.21187476717616 31
1725354365420 121.9979222222955 32
1725354365446 120.79544767283195 33
1725354365472 119.605625334083 34
1725354365490 118.42755815359799 35
1725354365512 117.26088869490566 36
1725354365532 116.10601653617609 37
1725354365554 114.96236705274696 38
1725354365574 113.83070919788645 39
1725354365595 112.70960015883061 40
1725354365618 111.60025055555914 41
1725354365639 110.501398785601 42
1725354365658 109.4133069211912 43
1725354365678 108.33667579881212 44
1725354365697 107.26997380756094 45
1725354365719 106.21402495034638 46
1725354365739 105.1689740627415 47
1725354365761 104.13454970259042 48
1725354365784 103.10950122002413 49
1725354365805 102.09536503119038 50
1725354365825 101.09086084925636 51
1725354365845 100.0965650757936 52
1725354365866 99.11185706886124 53
1725354365969 98.13718227551877 54
1725354366032 97.17190922209221 55
1725354366068 96.21666468985289 56
1725354366090 95.26992220771683 57
1725354366122 94.33342497415157 58
1725354366138 93.40637093851323 59
1725354366157 92.48829029800736 60
1725354366177 91.57909221231984 61
1725354366198 90.67922975035748 62
1725354366219 89.78787701881907 63
1725354366239 88.90521420809168 64
1725354366271 88.0312347632888 65
1725354366301 87.16699466985371 66
1725354366322 86.31063985808652 67
1725354366347 85.46270254767025 68
1725354366368 84.62335654112388 69
1725354366386 83.79243565825166 70
1725354366406 82.96957038510153 71
1725354366425 82.15399087618816 72
1725354366445 81.34782943597503 73
1725354366464 80.54885859735849 74
1725354366483 79.75828356693515 75
1725354366501 78.97526272855329 76
1725354366522 78.20045770712993 77
1725354366540 77.43245906070973 78
1725354366563 76.67220458517427 79
1725354366582 75.92024693737469 80
1725354366601 75.17539070545682 81
1725354366621 74.43780450407672 82
1725354366643 73.70764009503633 83
1725354366664 72.98474945414429 84
1725354366684 72.26846164159386 85
1725354366708 71.55973298417476 86
1725354366733 70.85789223314606 87
1725354366751 70.16333525231241 88
1725354366773 69.47546309887358 89
1725354366794 68.79387096572042 90
1725354366814 68.11973946401066 91
1725354366835 67.45202958427916 92
1725354366857 66.79064265167577 93
1725354366878 66.13652514569547 94
1725354366898 65.48830185034424 95
1725354366920 64.84649912161069 96
1725354366937 64.21169111661348 97
1725354366956 63.58217445815042 98
1725354366978 62.9590435433259 99
1725354366997 62.342900289065796 100
1725354367019 61.731996189562494 101
1725354367039 61.12778293412853 102
1725354367059 60.52899905587637 103
1725354367079 59.93632285080111 104
1725354367099 59.34956806393522 105
1725354367121 58.76878774687205 106
1725354367139 58.19316957714852 107
1725354367156 57.6240935894083 108
1725354367176 57.06018825852684 109
1725354367194 56.50184117242511 110
1725354367213 55.94864419146567 111
1725354367232 55.40123175261914 112
1725354367252 54.85945872409872 113
1725354367272 54.32307392162609 114
1725354367292 53.791567532445214 115
1725354367315 53.26572767738662 116
1725354367339 52.744970807831955 117
1725354367359 52.22907246047301 118
1725354367379 51.71862284988103 119
1725354367405 51.21344024174361 120
1725354367426 50.71195703992947 121
1725354367450 50.216914505159295 122
1725354367472 49.726398124544 123
1725354367491 49.24019167879446 124
1725354367519 48.759467250153705 125
1725354367542 48.28292148066439 126
1725354367562 47.81117388537721 127
1725354367583 47.34445599211524 128
1725354367603 46.882276652582604 129
1725354367624 46.424258708319904 130
1725354367644 45.971100279443874 131
1725354367665 45.52252823331808 132
1725354367686 45.078209615722436 133
1725354367710 44.63805630348612 134
1725354367732 44.202274984805236 135
1725354367752 43.77115343315923 136
1725354367772 43.344555999748266 137
1725354367795 42.920858120511184 138
1725354367821 42.502670813768766 139
1725354367840 42.087885384177945 140
1725354367861 41.67735023898571 141
1725354367880 41.27154355244442 142
1725354367899 40.86868891510522 143
1725354367923 40.470732140816935 144
1725354367942 40.07560931524057 145
1725354367960 39.6855673612495 146
1725354367979 39.29871255029652 147
1725354368003 38.915584533398714 148
1725354368024 38.53709105869073 149
1725354368042 38.16132313959813 150
1725354368061 37.789386159060136 151
1725354368082 37.42181383940359 152
1725354368104 37.05672570286773 153
1725354368124 36.696287246622084 154
1725354368146 36.33876146018101 155
1725354368165 35.98530242158045 156
1725354368188 35.63504443912442 157
1725354368206 35.28824671678322 158
1725354368222 34.94462453643641 159
1725354368240 34.60497722653255 160
1725354368261 34.268296291725 161
1725354368281 33.93469943289753 162
1725354368300 33.60467678779528 163
1725354368322 33.278322124871664 164
1725354368342 32.95456057648923 165
1725354368362 32.63444382459097 166
1725354368380 32.31709274332185 167
1725354368401 32.002008354870455 168
1725354368421 31.691840704129557 169
1725354368443 31.384094269216362 170
1725354368462 31.078632931086766 171
1725354368480 30.7769654443654 172
1725354368500 30.478363339691416 173
1725354368521 30.182231100889464 174
1725354368541 29.88909919531939 175
1725354368562 29.598678185012815 176
1725354368582 29.311551966648622 177
1725354368601 29.02733777492617 178
1725354368622 28.745890704173895 179
1725354368646 28.466398750642025 180
1725354368664 28.190443210689036 181
1725354368684 27.917014201499647 182
1725354368703 27.64648908902585 183
1725354368721 27.377469887758043 184
1725354368742 27.112653114087234 185
1725354368760 26.849929094693074 186
1725354368779 26.589858257595797 187
1725354368800 26.33143797263774 188
1725354368820 26.076816313527818 189
1725354368841 25.82410796521261 190
1725354368859 25.57405240881198 191
1725354368878 25.326203165547987 192
1725354368900 25.081093934826608 193
1725354368921 24.838287829211286 194
1725354368939 24.59784401051285 195
1725354368957 24.359390390760694 196
1725354368977 24.124242163535012 197
1725354368999 23.89039359032984 198
1725354369018 23.659402018572756 199
1725354369036 23.430441689564766 200
1725354369056 23.20357916444056 201
1725354369074 22.979568048720868 202
1725354369094 22.757228223641345 203
1725354369113 22.53719833869238 204
1725354369132 22.31978931372222 205
1725354369152 22.103615879569773 206
1725354369172 21.890149369892097 207
1725354369190 21.678900400913715 208
1725354369211 21.46964880523022 209
1725354369230 21.26222263703424 210
1725354369250 21.0565957647954 211
1725354369269 20.85362423843756 212
1725354369290 20.652512971893742 213
1725354369312 20.45281872654213 214
1725354369334 20.255658149194826 215
1725354369353 20.060732822513653 216
1725354369373 19.86664177651599 217
1725354369391 19.675238052190366 218
1725354369408 19.485476800844193 219
1725354369428 19.29760085455403 220
1725354369445 19.11188233580688 221
1725354369464 18.92754449193526 222
1725354369482 18.74496671128238 223
1725354369502 18.564703105960533 224
1725354369522 18.38613729444087 225
1725354369542 18.20861558078978 226
1725354369564 18.033739620950993 227
1725354369582 17.86009524393685 228
1725354369602 17.687816466393645 229
1725354369620 17.518044743727778 230
1725354369640 17.349761228867056 231
1725354369660 17.182715776098792 232
1725354369679 17.01726283129231 233
1725354369697 16.853883199843533 234
1725354369718 16.69194667130242 235
1725354369738 16.531284363018248 236
1725354369757 16.372271305844038 237
1725354369778 16.214958893877633 238
1725354369796 16.05957156975496 239
1725354369813 15.905156049490635 240
1725354369835 15.752331159285255 241
1725354369854 15.601550853173684 242
1725354369874 15.451391867956685 243
1725354369893 15.303466308571638 244
1725354369916 15.15644023773784 245
1725354369935 15.011399186746292 246
1725354369954 14.867162836181743 247
1725354369976 14.724737935233506 248
1725354369996 14.583886572363593 249
1725354370015 14.443690334413033 250
1725354370031 14.305641007712781 251
1725354370051 14.168646043300292 252
1725354370072 14.032844724027024 253
1725354370092 13.898340559792032 254
1725354370112 13.76578431352379 255
1725354370131 13.633507227935372 256
1725354370152 13.503179279172686 257
1725354370170 13.374357644214207 258
1725354370189 13.245974020117888 259
1725354370209 13.11972321932152 260
1725354370228 12.994239763916989 261
1725354370246 12.869934098672433 262
1725354370267 12.7472119673917 263
1725354370286 12.625435095565642 264
1725354370305 12.504858658230566 265
1725354370325 12.385604464225938 266
1725354370345 12.26717825218683 267
1725354370364 12.150132654022448 268
1725354370382 12.034463830653316 269
1725354370401 11.919802746216849 270
1725354370420 11.80581070660251 271
1725354370438 11.693328718410845 272
1725354370458 11.582264118354914 273
1725354370477 11.47186528238782 274
1725354370495 11.36200772439141 275
1725354370514 11.254281354768505 276
1725354370535 11.146780671631424 277
1725354370555 11.04110305099283 278
1725354370574 10.936251724565803 279
1725354370591 10.831628220942093 280
1725354370612 10.72893447261934 281
1725354370632 10.627153660269194 282
1725354370651 10.52608332797557 283
1725354370669 10.425711840154735 284
1725354370689 10.326932788664832 285
1725354370709 10.228909783364061 286
1725354370729 10.131755360300646 287
1725354370748 10.035311359642169 288
1725354370770 9.940397274197979 289
1725354370790 9.84628184560588 290
1725354370808 9.752413427527122 291
1725354370829 9.660205582318682 292
1725354370849 9.568681361283295 293
1725354370869 9.477635938798352 294
1725354370889 9.388332843209872 295
1725354370913 9.299113909723314 296
1725354370931 9.211001338244621 297
1725354370949 9.124211633134026 298
1725354370969 9.037602066644505 299
1725354370990 8.952128448339554 300
1725354371012 8.867516089607735 301
1725354371030 8.783634855932457 302
1725354371049 8.700963729691937 303
1725354371069 8.61857443283652 304
1725354371092 8.537065443324646 305
1725354371116 8.456833252306037 306
1725354371136 8.376846564252645 307
1725354371158 8.297745200935392 308
1725354371178 8.219727553684182 309
1725354371204 8.14170155019525 310
1725354371246 8.065560975762308 311
1725354371270 7.9895982289654865 312
1725354371289 7.9133272477705345 313
1725354371309 7.839630682479417 314
1725354371332 7.765962765898915 315
1725354371350 7.692418808834863 316
1725354371375 7.619819914170628 317
1725354371393 7.5489137705239004 318
1725354371412 7.477518954064811 319
1725354371433 7.407181560562683 320
1725354371453 7.337887714144412 321
1725354371473 7.268844416029235 322
1725354371494 7.200745221687924 323
1725354371514 7.132979901163649 324
1725354371534 7.065972443063281 325
1725354371553 7.000015427418172 326
1725354371572 6.934555535327348 327
1725354371593 6.869327326567566 328
1725354371613 6.8048722184812185 329
1725354371631 6.741158387168729 330
1725354371651 6.678386499865937 331
1725354371670 6.615328748087315 332
1725354371690 6.553801296738264 333
1725354371707 6.492602847806686 334
1725354371724 6.431698913530978 335
1725354371744 6.371744386938995 336
1725354371763 6.31220922507623 337
1725354371786 6.253082200793259 338
1725354371806 6.195217038859953 339
1725354371826 6.137155726847276 340
1725354371848 6.080046315415452 341
1725354371868 6.02318142631411 342
1725354371888 5.967451207003611 343
1725354371909 5.911401799984717 344
1725354371932 5.856797256175317 345
1725354371952 5.80249970007194 346
1725354371972 5.748348038084636 347
1725354371994 5.694802795382837 348
1725354372017 5.64197529477986 349
1725354372036 5.58950722023439 350
1725354372055 5.537539103283041 351
1725354372074 5.486276477383222 352
1725354372094 5.435025997371217 353
1725354372116 5.38498636041029 354
1725354372134 5.335209952349606 355
1725354372156 5.285571407667995 356
1725354372179 5.2367460861801725 357
1725354372202 5.188539272298538 358
1725354372221 5.139937444473054 359
1725354372244 5.092629889074148 360
1725354372263 5.045910131116821 361
1725354372283 4.999187779367134 362
1725354372306 4.952925526293725 363
1725354372325 4.907125562670943 364
1725354372345 4.862322848752485 365
1725354372364 4.817055116611485 366
1725354372383 4.772850815852525 367
1725354372405 4.729279301394246 368
1725354372428 4.685400274850313 369
1725354372448 4.641516153039833 370
1725354372468 4.599542482932917 371
1725354372489 4.556967490746147 372
1725354372506 4.515419080507628 373
1725354372528 4.4739466422787535 374
1725354372551 4.432686898220936 375
1725354372573 4.392124376689752 376
1725354372595 4.351552246762243 377
1725354372615 4.311925235684209 378
1725354372637 4.272496286403131 379
1725354372659 4.2332534792239365 380
1725354372686 4.194556876717595 381
1725354372704 4.15618594238824 382
1725354372724 4.118202164790186 383
1725354372744 4.080858469606999 384
1725354372765 4.043025936705382 385
1725354372785 4.00620353623635 386
1725354372803 3.9701524211086516 387
1725354372821 3.9336050772352835 388
1725354372840 3.8975757250895815 389
1725354372858 3.862022855545217 390
1725354372877 3.8272302932152593 391
1725354372897 3.7920161613402357 392
1725354372924 3.7579013263814374 393
1725354372943 3.7236560494834436 394
1725354372963 3.689268879357457 395
1725354372983 3.6562157676525984 396
1725354373002 3.6234009792393156 397
1725354373022 3.590009264891054 398
1725354373042 3.5580779409545764 399
1725354373063 3.525598894074918 400
1725354373081 3.4932769689242558 401
1725354373100 3.462113747697082 402
1725354373122 3.4307110453018765 403
1725354373141 3.39977669544444 404
1725354373159 3.3692170463897493 405
1725354373178 3.3387007911259543 406
1725354373197 3.3088846574088966 407
1725354373218 3.2784234712300644 408
1725354373238 3.2489055314092736 409
1725354373260 3.2200944605643462 410
1725354373284 3.1908802292794722 411
1725354373304 3.162440928226229 412
1725354373327 3.1341861048668167 413
1725354373346 3.105538443936452 414
1725354373370 3.0781550870815324 415
1725354373391 3.050142322497554 416
1725354373412 3.0230116338186046 417
1725354373436 2.996173493603746 418
1725354373459 2.969302301158381 419
1725354373481 2.9425165952687307 420
1725354373505 2.9162105096003765 421
1725354373523 2.890754555090758 422
1725354373542 2.8641087163695236 423
1725354373561 2.8389351110743526 424
1725354373579 2.8140670667876817 425
1725354373598 2.7883616943753 426
1725354373620 2.7637272164476934 427
1725354373640 2.7393301746244214 428
1725354373658 2.7147979810904475 429
1725354373678 2.6904753501013063 430
1725354373700 2.6671179205499023 431
1725354373719 2.6432371989468604 432
1725354373739 2.6197036085864625 433
1725354373759 2.5966313870130593 434
1725354373783 2.57415275325617 435
1725354373800 2.550303455584558 436
1725354373817 2.5281289882611286 437
1725354373836 2.506273465829395 438
1725354373855 2.4841653165877795 439
1725354373875 2.4621719819379204 440
1725354373894 2.4405971391990926 441
1725354373921 2.419191751224372 442
1725354373940 2.397228859156254 443
1725354373960 2.3765400775831464 444
1725354373979 2.355928045668617 445
1725354374000 2.3342803637621508 446
1725354374019 2.3147715354875107 447
1725354374038 2.29402271681164 448
1725354374057 2.274095020272816 449
1725354374075 2.254350629141016 450
1725354374094 2.234122477420321 451
1725354374116 2.2151113537343647 452
1725354374134 2.1959314601085596 453
1725354374153 2.176700193037953 454
1725354374174 2.157603390155536 455
1725354374194 2.1384381007284197 456
1725354374215 2.1206470738943457 457
1725354374236 2.1022803145765114 458
1725354374257 2.083186328029044 459
1725354374276 2.0655343601741682 460
1725354374294 2.0478443951070315 461
1725354374315 2.0300196397939647 462
1725354374334 2.012576271447017 463
1725354374354 1.9945293724690865 464
1725354374373 1.9778166719292245 465
1725354374389 1.9605197592665853 466
1725354374407 1.9438070496655915 467
1725354374426 1.9272132435351912 468
1725354374446 1.910291988211071 469
1725354374466 1.8942785175621217 470
1725354374492 1.8779271686487922 471
1725354374514 1.8619731378495508 472
1725354374535 1.845952423158327 473
1725354374555 1.8299592188778189 474
1725354374572 1.8143728572601763 475
1725354374596 1.7990371703866324 476
1725354374616 1.7837557692282895 477
1725354374638 1.7686576844177158 478
1725354374659 1.7536971155748131 479
1725354374680 1.7379277101567567 480
1725354374700 1.7240535658437954 481
1725354374717 1.7089593309844915 482
1725354374737 1.6945824655085313 483
1725354374756 1.6804104747009323 484
1725354374775 1.6659877419804123 485
1725354374794 1.6516312568598737 486
1725354374812 1.6379860734017395 487
1725354374834 1.6241714437091335 488
1725354374854 1.6106573019986525 489
1725354374872 1.597099742496565 490
1725354374890 1.5837746193372335 491
1725354374911 1.5701364623725929 492
1725354374927 1.5570727404630174 493
1725354374948 1.5443414245526403 494
1725354374968 1.530982675067412 495
1725354374991 1.5185862914872899 496
1725354375011 1.506121274466129 497
1725354375028 1.4931905328083903 498
1725354375049 1.4809941589862827 499
