1725408929333 174.31608769235586 0
1725408929366 174.2809227833623 1
1725408929398 174.24576515820348 2
1725408929428 174.2106148153459 3
1725408929460 174.1754717532562 4
1725408929498 174.14033597040142 5
1725408929531 174.10520746524898 6
1725408929560 174.07008623626663 7
1725408929595 174.03497228192234 8
1725408929626 173.99986560068444 9
1725408929658 173.96476619102168 10
1725408929689 173.92967405140308 11
1725408929722 173.8945891802979 12
1725408929753 173.8595115761759 13
1725408929786 173.82444123750705 14
1725408929812 173.78937816276164 15
1725408929842 173.75432235041035 16
1725408929874 173.71927379892415 17
1725408929903 173.68423250677432 18
1725408929933 173.64919847243257 19
1725408929963 173.61417169437073 20
1725408929990 173.57915217106117 21
1725408930019 173.5441399009765 22
1725408930050 173.5091348825896 23
1725408930078 173.47413711437378 24
1725408930109 173.43914659480262 25
1725408930142 173.40416332235003 26
1725408930173 173.36918729549024 27
1725408930204 173.33421851269782 28
1725408930234 173.29925697244764 29
1725408930268 173.26430267321496 30
1725408930302 173.22935561347535 31
1725408930332 173.19441579170459 32
1725408930371 173.15948320637892 33
1725408930409 173.12455785597484 34
1725408930438 173.08963973896928 35
1725408930464 173.0547288538393 36
1725408930493 173.01982519906247 37
1725408930525 172.98492877311656 38
1725408930556 172.95003957447977 39
1725408930587 172.91515760163048 40
1725408930617 172.88028285304765 41
1725408930641 172.84541532721025 42
1725408930671 172.81055502259778 43
1725408930701 172.77570193769003 44
1725408930731 172.74085607096703 45
1725408930763 172.70601742090935 46
1725408930793 172.67118598599754 47
1725408930820 172.63636176471283 48
1725408930845 172.6015447555365 49
1725408930875 172.5667349569504 50
1725408930905 172.53193236743647 51
1725408930935 172.49713698547708 52
1725408930965 172.46234880955495 53
1725408930998 172.42756783815312 54
1725408931030 172.3927940697549 55
1725408931060 172.35802750284398 56
1725408931098 172.3232681359043 57
1725408931162 172.2885159674202 58
1725408931192 172.25377099587635 59
1725408931222 172.21903321975765 60
1725408931255 172.18430263754942 61
1725408931287 172.14957924773725 62
1725408931320 172.11486304880714 63
1725408931350 172.08015403924523 64
1725408931384 172.04545221753813 65
1725408931415 172.0107575821728 66
1725408931445 171.97607013163645 67
1725408931475 171.94138986441658 68
1725408931506 171.90671677900107 69
1725408931536 171.87205087387815 70
1725408931565 171.83739214753632 71
1725408931598 171.8027405984644 72
1725408931631 171.76809622515157 73
1725408931662 171.7334590260873 74
1725408931692 171.69882899976145 75
1725408931724 171.66420614466406 76
1725408931754 171.62959045928565 77
1725408931785 171.59498194211702 78
1725408931819 171.56038059164916 79
1725408931846 171.52578640637356 80
1725408931870 171.491199384782 81
1725408931900 171.45661952536648 82
1725408931934 171.42204682661938 83
1725408931963 171.38748128703347 84
1725408931993 171.35292290510174 85
1725408932025 171.31837167931752 86
1725408932056 171.28382760817453 87
1725408932101 171.24929069016676 88
1725408932133 171.2147609237885 89
1725408932170 171.18023830753438 90
1725408932200 171.14572283989943 91
1725408932233 171.11121451937888 92
1725408932263 171.07671334446832 93
1725408932293 171.0422193136637 94
1725408932320 171.00773242546126 95
1725408932346 170.97325267835757 96
1725408932379 170.93878007084953 97
1725408932410 170.9043146014343 98
1725408932442 170.86985626860948 99
1725408932472 170.83540507087287 100
1725408932505 170.80096100672264 101
1725408932535 170.76652407465735 102
1725408932566 170.73209427317576 103
1725408932596 170.697671600777 104
1725408932625 170.66325605596055 105
1725408932654 170.62884763722613 106
1725408932684 170.59444634307388 107
1725408932713 170.56005217200425 108
1725408932744 170.52566512251795 109
1725408932773 170.491285193116 110
1725408932808 170.45691238229978 111
1725408932839 170.42254668857103 112
1725408932863 170.38818811043177 113
1725408932888 170.35383664638428 114
1725408932913 170.31949229493128 115
1725408932944 170.2851550545757 116
1725408932974 170.25082492382086 117
1725408933004 170.21650190117035 118
1725408933036 170.18218598512817 119
1725408933066 170.14787717419853 120
1725408933096 170.11357546688598 121
1725408933128 170.0792808616954 122
1725408933160 170.04499335713209 123
1725408933190 170.01071295170155 124
1725408933221 169.9764396439096 125
1725408933251 169.94217343226242 126
1725408933277 169.90791431526648 127
1725408933303 169.87366229142864 128
1725408933330 169.83941735925603 129
1725408933358 169.80517951725605 130
1725408933384 169.77094876393647 131
1725408933414 169.73672509780542 132
1725408933446 169.70250851737126 133
1725408933477 169.6682990211427 134
1725408933507 169.63409660762883 135
1725408933533 169.59990127533896 136
1725408933560 169.56571302278283 137
1725408933594 169.5317908648342 138
1725408933625 169.49787570470474 139
1725408933657 169.46396754092422 140
1725408933690 169.43006637202265 141
1725408933721 169.3961721965305 142
1725408933752 169.36228501297845 143
1725408933780 169.32840481989754 144
1725408933814 169.29453161581907 145
1725408933845 169.26066539927476 146
1725408933875 169.22680616879651 147
1725408933906 169.19295392291667 148
1725408933939 169.1591086601678 149
1725408933968 169.12527037908276 150
1725408933991 169.0914390781948 151
1725408934016 169.0576147560375 152
1725408934047 169.02379741114467 153
1725408934077 168.98998704205047 154
1725408934107 168.95618364728932 155
1725408934139 168.92238722539608 156
1725408934176 168.88859777490583 157
1725408934206 168.85481529435395 158
1725408934233 168.8210397822762 159
1725408934261 168.78727123720856 160
1725408934292 168.7535096576874 161
1725408934322 168.71975504224937 162
1725408934353 168.68600738943152 163
1725408934380 168.65226669777104 164
1725408934411 168.61853296580554 165
1725408934441 168.584806192073 166
1725408934471 168.5510863751115 167
1725408934501 168.51737351345972 168
1725408934525 168.48366760565642 169
1725408934556 168.44996865024078 170
1725408934587 168.41627664575225 171
1725408934618 168.3825915907306 172
1725408934649 168.348913483716 173
1725408934679 168.31524232324878 174
1725408934711 168.28157810786962 175
1725408934742 168.24792083611962 176
1725408934773 168.2142705065401 177
1725408934802 168.18062711767266 178
1725408934832 168.14699066805932 179
1725408934861 168.1133611562423 180
1725408934891 168.07973858076417 181
1725408934923 168.04612294016795 182
1725408934955 168.01251423299666 183
1725408934985 167.97891245779397 184
1725408935024 167.94531761310355 185
1725408935056 167.91172969746967 186
1725408935090 167.87814870943677 187
1725408935126 167.8445746475495 188
1725408935166 167.81100751035302 189
1725408935196 167.77744729639267 190
1725408935231 167.74389400421413 191
1725408935259 167.71034763236344 192
1725408935287 167.67680817938688 193
1725408935315 167.64327564383103 194
1725408935342 167.60975002424289 195
1725408935367 167.57623131916966 196
1725408935398 167.5427195271589 197
1725408935429 167.50921464675847 198
1725408935460 167.4757166765165 199
1725408935491 167.44222561498154 200
1725408935519 167.40874146070234 201
1725408935549 167.37526421222796 202
1725408935581 167.34179386810786 203
1725408935613 167.30833042689176 204
1725408935644 167.27487388712964 205
1725408935677 167.2414242473719 206
1725408935706 167.20798150616912 207
1725408935738 167.17454566207226 208
1725408935768 167.1411167136326 209
1725408935798 167.1076946594018 210
1725408935828 167.0742794979316 211
1725408935860 167.04087122777426 212
1725408935888 167.00746984748224 213
1725408935915 166.97407535560842 214
1725408935946 166.94068775070585 215
1725408935975 166.90730703132795 216
1725408936004 166.87393319602856 217
1725408936040 166.84056624336156 218
1725408936070 166.80720617188146 219
1725408936101 166.77385298014283 220
1725408936133 166.74050666670064 221
1725408936163 166.70716723011017 222
1725408936201 166.67383466892704 223
1725408936231 166.6405089817071 224
1725408936262 166.60719016700662 225
1725408936295 166.57387822338202 226
1725408936325 166.54057314939013 227
1725408936356 166.50727494358816 228
1725408936387 166.47398360453346 229
1725408936419 166.44069913078383 230
1725408936450 166.40742152089723 231
1725408936477 166.3741507734321 232
1725408936504 166.3408868869471 233
1725408936534 166.30762986000113 234
1725408936564 166.27437969115354 235
1725408936594 166.24113637896386 236
1725408936624 166.207899921992 237
1725408936653 166.1746703187982 238
1725408936685 166.14144756794298 239
1725408936716 166.10823166798707 240
1725408936748 166.07502261749164 241
1725408936777 166.04182041501812 242
1725408936808 166.00862505912826 243
1725408936838 165.97543654838407 244
1725408936870 165.9422548813479 245
1725408936900 165.90908005658244 246
1725408936933 165.87591207265064 247
1725408936965 165.8427509281157 248
1725408936995 165.80959662154126 249
1725408937025 165.77644915149128 250
1725408937055 165.7433085165298 251
1725408937086 165.71017471522143 252
1725408937117 165.67704774613088 253
1725408937148 165.64392760782331 254
1725408937188 165.61081429886414 255
1725408937224 165.57770781781903 256
1725408937251 165.54460816325408 257
1725408937281 165.5115153337356 258
1725408937311 165.47842932783018 259
1725408937341 165.4453501441048 260
1725408937370 165.41227778112673 261
1725408937405 165.37921223746346 262
1725408937434 165.34615351168296 263
1725408937465 165.31310160235327 264
1725408937497 165.28005650804292 265
1725408937526 165.2470182273207 266
1725408937556 165.21398675875568 267
1725408937587 165.18096210091724 268
1725408937618 165.14794425237503 269
1725408937651 165.11493321169908 270
1725408937681 165.08192897745977 271
1725408937707 165.0489315482276 272
1725408937739 165.0159409225735 273
1725408937762 164.98295709906873 274
1725408937792 164.9499800762848 275
1725408937823 164.91700985279348 276
1725408937853 164.88404642716696 277
1725408937887 164.8510897979777 278
1725408937917 164.81813996379836 279
1725408937948 164.785196923202 280
1725408937978 164.75226067476203 281
1725408938009 164.719331217052 282
1725408938038 164.68640854864603 283
1725408938068 164.65349266811822 284
1725408938098 164.62058357404322 285
1725408938127 164.58768126499587 286
1725408938159 164.55478573955133 287
1725408938198 164.52189699628514 288
1725408938234 164.48901503377303 289
1725408938268 164.4561398505911 290
1725408938300 164.42327144531572 291
1725408938330 164.39040981652357 292
1725408938360 164.35755496279168 293
1725408938392 164.32470688269737 294
1725408938423 164.29186557481822 295
1725408938452 164.25903103773211 296
1725408938484 164.22620327001727 297
1725408938515 164.19338227025221 298
1725408938545 164.1605680370158 299
1725408938576 164.12776056888703 300
1725408938608 164.09495986444546 301
1725408938638 164.06216592227074 302
1725408938669 164.02937874094292 303
1725408938700 163.9965983190423 304
1725408938730 163.96382465514958 305
1725408938761 163.93105774784564 306
1725408938786 163.89829759571174 307
1725408938813 163.86554419732946 308
1725408938844 163.83279755128052 309
1725408938873 163.80005765614717 310
1725408938904 163.7673245105119 311
1725408938936 163.73459811295737 312
1725408938968 163.70187846206662 313
1725408938999 163.66916555642308 314
1725408939032 163.6364593946104 315
1725408939065 163.6037599752125 316
1725408939098 163.57106729681365 317
1725408939123 163.53838135799845 318
1725408939154 163.50570215735175 319
1725408939185 163.4730296934587 320
1725408939228 163.44036396490478 321
1725408939259 163.40770497027577 322
1725408939290 163.3750527081577 323
1725408939321 163.342407177137 324
1725408939352 163.30976837580036 325
1725408939381 163.27713630273468 326
1725408939414 163.24451095652728 327
1725408939444 163.21189233576575 328
1725408939471 163.179280439038 329
1725408939499 163.14667526493213 330
1725408939532 163.11407681203667 331
1725408939565 163.08148507894043 332
1725408939596 163.04890006423247 333
1725408939626 163.01632176650216 334
1725408939657 162.98375018433921 335
1725408939687 162.95118531633364 336
1725408939718 162.91862716107562 337
1725408939749 162.88607571715588 338
1725408939781 162.8535309831652 339
1725408939811 162.82099295769487 340
1725408939841 162.78846163933628 341
1725408939874 162.75593702668132 342
1725408939905 162.72341911832203 343
1725408939935 162.6909079128508 344
1725408939966 162.6584034088603 345
1725408939995 162.6259056049436 346
1725408940026 162.5934144996939 347
1725408940053 162.56093009170485 348
1725408940081 162.52845237957027 349
1725408940110 162.4959813618845 350
1725408940141 162.4635170372419 351
1725408940170 162.43105940423732 352
1725408940200 162.39860846146578 353
1725408940240 162.3661642075228 354
1725408940275 162.33372664100392 355
1725408940305 162.30129576050524 356
1725408940335 162.268871564623 357
1725408940368 162.2364540519538 358
1725408940400 162.20404322109454 359
1725408940429 162.17163907064236 360
1725408940461 162.13924159919486 361
1725408940492 162.1068508053497 362
1725408940522 162.07446668770498 363
1725408940553 162.04208924485914 364
1725408940584 162.00971847541084 365
1725408940615 161.97735437795907 366
1725408940645 161.94499695110306 367
1725408940672 161.9126461934424 368
1725408940703 161.88030210357704 369
1725408940733 161.8479646801071 370
1725408940763 161.81563392163304 371
1725408940795 161.78330982675567 372
1725408940826 161.750992394076 373
1725408940855 161.71868162219548 374
1725408940885 161.6863775097157 375
1725408940915 161.65408005523872 376
1725408940945 161.62178925736671 377
1725408940974 161.5895051147023 378
1725408941001 161.55722762584827 379
1725408941033 161.52495678940784 380
1725408941067 161.49269260398447 381
1725408941092 161.46043506818185 382
1725408941121 161.42818418060406 383
1725408941150 161.3959399398555 384
1725408941188 161.3637023445408 385
1725408941228 161.33147139326485 386
1725408941256 161.2992470846329 387
1725408941285 161.26702941725054 388
1725408941317 161.23481838972353 389
1725408941347 161.2026140006581 390
1725408941379 161.17041624866056 391
1725408941409 161.13822513233777 392
1725408941441 161.10604065029668 393
1725408941471 161.07386280114457 394
1725408941495 161.04169158348913 395
1725408941523 161.00952699593827 396
1725408941555 160.97736903710012 397
1725408941587 160.94521770558333 398
1725408941617 160.9130729999966 399
1725408941640 160.880934918949 400
1725408941676 160.84880346105007 401
1725408941708 160.81667862490937 402
1725408941738 160.78456040913696 403
1725408941772 160.7524488123431 404
1725408941812 160.7203438331384 405
1725408941839 160.6882454701337 406
1725408941869 160.6561537219402 407
1725408941896 160.6240685871694 408
1725408941927 160.59199006443302 409
1725408941959 160.55991815234316 410
1725408941990 160.52785284951213 411
1725408942017 160.49579415455264 412
1725408942047 160.46374206607763 413
1725408942068 160.4316965827003 414
1725408942093 160.39965770303428 415
1725408942133 160.36762542569335 416
1725408942163 160.33559974929165 417
1725408942193 160.3035806724436 418
1725408942224 160.27156819376398 419
1725408942260 160.23956231186773 420
1725408942292 160.20756302537023 421
1725408942323 160.17557033288705 422
1725408942355 160.14358423303412 423
1725408942387 160.1116047244276 424
1725408942418 160.0796318056841 425
1725408942448 160.04766547542027 426
1725408942479 160.01570573225328 427
1725408942507 159.98375257480046 428
1725408942536 159.95180600167956 429
1725408942566 159.91986601150847 430
1725408942596 159.8879326029055 431
1725408942625 159.8560057744892 432
1725408942657 159.8240855248784 433
1725408942684 159.7921718526923 434
1725408942717 159.7602647565503 435
1725408942748 159.72836423507215 436
1725408942780 159.69647028687788 437
1725408942811 159.6645829105878 438
1725408942841 159.63270210482256 439
1725408942875 159.60082786820308 440
1725408942908 159.56896019935047 441
1725408942938 159.5370990968864 442
1725408942969 159.50524455943255 443
1725408943001 159.47339658561103 444
1725408943026 159.44155517404417 445
1725408943054 159.40972032335475 446
1725408943085 159.3778920321657 447
1725408943113 159.34607029910026 448
1725408943140 159.314255122782 449
1725408943171 159.28244650183478 450
1725408943202 159.2506444348827 451
1725408943232 159.21884892055027 452
1725408943265 159.18705995746217 453
1725408943297 159.15527754424346 454
1725408943327 159.12350167951942 455
1725408943357 159.09173236191563 456
1725408943387 159.0599695900581 457
1725408943420 159.02821336257293 458
1725408943455 158.99646367808666 459
1725408943487 158.964720535226 460
1725408943514 158.93298393261813 461
1725408943542 158.90125386889034 462
1725408943572 158.8695303426703 463
1725408943605 158.83781335258595 464
1725408943635 158.80610289726562 465
1725408943667 158.77439897533773 466
1725408943697 158.74270158543118 467
1725408943728 158.71101072617506 468
1725408943759 158.67932639619877 469
1725408943789 158.64764859413208 470
1725408943820 158.61597731860493 471
1725408943850 158.58431256824764 472
1725408943880 158.55265434169078 473
1725408943909 158.5210026375652 474
1725408943938 158.48935745450208 475
1725408943968 158.4577187911329 476
1725408943999 158.42608664608937 477
1725408944032 158.39446101800357 478
1725408944061 158.3628419055078 479
1725408944084 158.3312293072347 480
1725408944108 158.29962322181717 481
1725408944138 158.26802364788847 482
1725408944168 158.236430584082 483
1725408944198 158.20484402903162 484
1725408944230 158.17326398137138 485
1725408944263 158.1416904397357 486
1725408944294 158.11012340275917 487
1725408944326 158.07856286907676 488
1725408944356 158.04700883732377 489
1725408944385 158.01546130613568 490
1725408944413 157.98392027414835 491
1725408944442 157.95238573999785 492
1725408944473 157.92085770232063 493
1725408944515 157.88933615975336 494
1725408944545 157.85782111093303 495
1725408944575 157.82631255449698 496
1725408944606 157.79481048908266 497
1725408944635 157.76331491332803 498
1725408944660 157.73182582587123 499
