1725359199635 169.15949537300654 0
1725359199658 169.1419741912659 1
1725359199682 169.12498408060185 2
1725359199705 169.10799582250115 3
1725359199728 169.09100945045554 4
1725359199761 169.07402496424336 5
1725359199782 169.05704236364502 6
1725359199805 169.04006164844108 7
1725359199822 169.0230828184121 8
1725359199844 169.00610587333856 9
1725359199874 168.9891308130011 10
1725359199901 168.97215763718035 11
1725359199921 168.95518634565693 12
1725359199942 168.93821693821147 13
1725359199964 168.9212494146247 14
1725359199986 168.90428377467734 15
1725359200007 168.88732001815012 16
1725359200028 168.87035814482388 17
1725359200050 168.85339815447935 18
1725359200071 168.8364400468974 19
1725359200093 168.8194838218588 20
1725359200115 168.8025294791445 21
1725359200135 168.78557701853538 22
1725359200156 168.7686264398124 23
1725359200176 168.7516777427565 24
1725359200196 168.73473092714863 25
1725359200217 168.71778599276985 26
1725359200237 168.70084293940116 27
1725359200258 168.68390176682365 28
1725359200278 168.66696247481843 29
1725359200299 168.65002506316657 30
1725359200321 168.63308953164918 31
1725359200344 168.61615588004753 32
1725359200370 168.59922410814275 33
1725359200404 168.5822942157161 34
1725359200429 168.56536620254877 35
1725359200455 168.54844006842205 36
1725359200478 168.53151581311727 37
1725359200497 168.51459343641574 38
1725359200519 168.49767293809884 39
1725359200538 168.48075431794786 40
1725359200560 168.46383757574432 41
1725359200581 168.4469227112696 42
1725359200599 168.43000972430517 43
1725359200618 168.41309861463245 44
1725359200639 168.39618938203304 45
1725359200660 168.37928202628845 46
1725359200679 168.36237654718022 47
1725359200700 168.34547294448998 48
1725359200721 168.3285712179993 49
1725359200741 168.31167136748985 50
1725359200769 168.29477339274325 51
1725359200790 168.2778772935413 52
1725359200820 168.26098306966566 53
1725359200892 168.24409072089804 54
1725359200914 168.22720024702025 55
1725359200934 168.21031164781414 56
1725359200954 168.19342492306143 57
1725359200975 168.17654007254407 58
1725359200996 168.15965709604387 59
1725359201018 168.14277599334278 60
1725359201040 168.12589676422274 61
1725359201063 168.10901940846566 62
1725359201081 168.09214392585355 63
1725359201107 168.0752703161684 64
1725359201130 168.0583985791923 65
1725359201151 168.04152871470725 66
1725359201171 168.02466072249538 67
1725359201192 168.00779460233878 68
1725359201211 167.9909303540196 69
1725359201230 167.97406797732 70
1725359201250 167.95720747202222 71
1725359201273 167.94034883790843 72
1725359201294 167.9234920747609 73
1725359201312 167.9066371823619 74
1725359201332 167.88978416049366 75
1725359201354 167.87293300893867 76
1725359201373 167.85608372747913 77
1725359201393 167.83923631589744 78
1725359201414 167.82239077397605 79
1725359201434 167.8055471014974 80
1725359201456 167.78870529824385 81
1725359201477 167.771865363998 82
1725359201496 167.7550272985423 83
1725359201516 167.73819110165934 84
1725359201536 167.72135677313156 85
1725359201556 167.70452431274165 86
1725359201576 167.6876937202722 87
1725359201597 167.6708649955058 88
1725359201618 167.65403813822522 89
1725359201638 167.63721314821305 90
1725359201657 167.62039002525208 91
1725359201676 167.603568769125 92
1725359201696 167.5867493796146 93
1725359201716 167.56993185650367 94
1725359201737 167.55311619957507 95
1725359201759 167.5363024086116 96
1725359201792 167.51949048339617 97
1725359201812 167.50268042371167 98
1725359201829 167.485872229341 99
1725359201849 167.46906590006714 100
1725359201870 167.4522614356731 101
1725359201895 167.4354588359418 102
1725359201915 167.41865810065636 103
1725359201934 167.40185922959978 104
1725359201955 167.38506222255518 105
1725359201975 167.36826707930567 106
1725359201995 167.35147379963433 107
1725359202017 167.33468238332435 108
1725359202036 167.31789283015902 109
1725359202054 167.3011051399214 110
1725359202075 167.2843193123948 111
1725359202093 167.26753534736253 112
1725359202114 167.2507532446078 113
1725359202133 167.23397300391395 114
1725359202154 167.21719462506434 115
1725359202175 167.20041810784238 116
1725359202196 167.1836434520314 117
1725359202215 167.16687065741485 118
1725359202235 167.15009972377618 119
1725359202254 167.13333065089887 120
1725359202274 167.1165634385664 121
1725359202295 167.09979808656234 122
1725359202314 167.08303459467024 123
1725359202335 167.06627296267362 124
1725359202356 167.04951319035612 125
1725359202378 167.03275527750137 126
1725359202399 167.01599922389306 127
1725359202420 166.99924502931486 128
1725359202436 166.9824926935504 129
1725359202454 166.96574221638355 130
1725359202475 166.948993597598 131
1725359202495 166.9322468369775 132
1725359202514 166.91550193430595 133
1725359202533 166.89875888936714 134
1725359202554 166.8820177019449 135
1725359202575 166.8652783718232 136
1725359202594 166.84854089878593 137
1725359202614 166.831805282617 138
1725359202633 166.8150715231004 139
1725359202654 166.79833962002016 140
1725359202673 166.78160957316027 141
1725359202693 166.76488138230476 142
1725359202714 166.74815504723776 143
1725359202738 166.7314305677433 144
1725359202755 166.71470794360556 145
1725359202775 166.6979871746087 146
1725359202808 166.68126826053683 147
1725359202829 166.66455120117422 148
1725359202850 166.64783599630508 149
1725359202871 166.63112264571367 150
1725359202893 166.61441114918424 151
1725359202913 166.59770150650115 152
1725359202932 166.58099371744868 153
1725359202951 166.56428778181123 154
1725359202973 166.54758369937318 155
1725359202993 166.5308814699189 156
1725359203015 166.51418109323293 157
1725359203037 166.49748256909962 158
1725359203057 166.48078589730346 159
1725359203080 166.4640910776291 160
1725359203099 166.44739810986096 161
1725359203121 166.43070699378364 162
1725359203143 166.4140177291817 163
1725359203164 166.3973303158398 164
1725359203182 166.3806447535426 165
1725359203201 166.36396104207475 166
1725359203221 166.34727918122093 167
1725359203241 166.3305991707659 168
1725359203260 166.3139210104944 169
1725359203280 166.29724470019113 170
1725359203299 166.280570239641 171
1725359203319 166.26389762862877 172
1725359203338 166.24722686693931 173
1725359203358 166.23055795435752 174
1725359203379 166.2138908906683 175
1725359203401 166.19722567565654 176
1725359203426 166.1805623091072 177
1725359203448 166.16390079080534 178
1725359203467 166.14724112053585 179
1725359203488 166.13058329808385 180
1725359203507 166.11392732323438 181
1725359203526 166.0972731957725 182
1725359203548 166.08062091548337 183
1725359203569 166.0639704821521 184
1725359203588 166.04732189556384 185
1725359203608 166.03067515550376 186
1725359203628 166.0140302617571 187
1725359203648 165.99738721410918 188
1725359203669 165.98074601234515 189
1725359203689 165.96410665625032 190
1725359203709 165.94746914561006 191
1725359203729 165.93083348020969 192
1725359203748 165.91419965983457 193
1725359203768 165.89756768427011 194
1725359203788 165.88093755330166 195
1725359203819 165.86430926671483 196
1725359203840 165.84768282429494 197
1725359203859 165.83105822582755 198
1725359203880 165.81443547109816 199
1725359203900 165.7978145598924 200
1725359203919 165.78119549199573 201
1725359203939 165.76457826719383 202
1725359203960 165.7479628852723 203
1725359203979 165.73134934601677 204
1725359203998 165.714737649213 205
1725359204018 165.69812779464658 206
1725359204038 165.68151978210338 207
1725359204057 165.66491361136903 208
1725359204077 165.64830928222938 209
1725359204097 165.6317067944702 210
1725359204116 165.61510614787738 211
1725359204138 165.59850734223676 212
1725359204159 165.5819103773342 213
1725359204179 165.56531525295557 214
1725359204199 165.54872196888695 215
1725359204220 165.53213052491418 216
1725359204241 165.51554092082327 217
1725359204260 165.4989531564003 218
1725359204282 165.48236723143117 219
1725359204301 165.4657831457021 220
1725359204322 165.44920089899912 221
1725359204343 165.4326204911083 222
1725359204363 165.4160419218159 223
1725359204385 165.399465190908 224
1725359204409 165.38289029817076 225
1725359204428 165.36631724339048 226
1725359204450 165.34974602635342 227
1725359204476 165.33317664684577 228
1725359204498 165.3166091046539 229
1725359204519 165.30004339956406 230
1725359204540 165.2834795313627 231
1725359204559 165.2669174998361 232
1725359204579 165.25035730477074 233
1725359204599 165.23379894595297 234
1725359204619 165.21724242316927 235
1725359204639 165.20068773620613 236
1725359204659 165.18413488485007 237
1725359204678 165.1675838688876 238
1725359204698 165.15103468810523 239
1725359204718 165.13448734228962 240
1725359204736 165.11794183122734 241
1725359204755 165.101398154705 242
1725359204776 165.0848563125093 243
1725359204797 165.06831630442687 244
1725359204834 165.0517781302445 245
1725359204855 165.03524178974885 246
1725359204880 165.0187072827267 247
1725359204902 165.00217460896482 248
1725359204922 164.98564376825007 249
1725359204942 164.96911476036928 250
1725359204963 164.95258758510928 251
1725359204982 164.93606224225698 252
1725359205002 164.91953873159926 253
1725359205021 164.90301705292308 254
1725359205040 164.8864972060154 255
1725359205059 164.8699791906633 256
1725359205080 164.85346300665364 257
1725359205099 164.83694865377362 258
1725359205116 164.82043613181017 259
1725359205134 164.80392544055044 260
1725359205155 164.78741657978156 261
1725359205178 164.77090954929068 262
1725359205197 164.75440434886497 263
1725359205217 164.73790097829158 264
1725359205239 164.72139943735777 265
1725359205257 164.7048997258508 266
1725359205278 164.68840184355793 267
1725359205298 164.67190579026644 268
1725359205323 164.65541156576367 269
1725359205343 164.63891916983695 270
1725359205363 164.6224286022737 271
1725359205388 164.60593986286128 272
1725359205418 164.58945295138713 273
1725359205438 164.5729678676387 274
1725359205459 164.55648461140348 275
1725359205480 164.54000318246898 276
1725359205502 164.52352358062268 277
1725359205522 164.50704580565218 278
1725359205544 164.490569857345 279
1725359205564 164.47409573548882 280
1725359205582 164.45762343987127 281
1725359205603 164.44115297027994 282
1725359205628 164.42468432650256 283
1725359205651 164.40821750832683 284
1725359205678 164.3917525155405 285
1725359205699 164.37528934793127 286
1725359205718 164.35882800528702 287
1725359205739 164.34236848739545 288
1725359205766 164.32591079404446 289
1725359205786 164.30945492502192 290
1725359205806 164.29300088011567 291
1725359205843 164.27654865911367 292
1725359205895 164.2600982618038 293
1725359205944 164.24364968797408 294
1725359205964 164.22720293741247 295
1725359205985 164.21075800990698 296
1725359206005 164.1943149052457 297
1725359206025 164.1778736232166 298
1725359206045 164.16143416360785 299
1725359206065 164.14499652620754 300
1725359206085 164.12856071080384 301
1725359206106 164.11212671718485 302
1725359206126 164.0956945451388 303
1725359206147 164.0792641944539 304
1725359206165 164.06283566491845 305
1725359206182 164.0464089563206 306
1725359206201 164.02998406844875 307
1725359206222 164.0135610010912 308
1725359206241 163.99713975403625 309
1725359206261 163.98072032707233 310
1725359206282 163.96430271998778 311
1725359206301 163.94788693257107 312
1725359206321 163.9314729646106 313
1725359206341 163.9150608158949 314
1725359206363 163.89865048621238 315
1725359206382 163.88224197535166 316
1725359206402 163.86583528310123 317
1725359206426 163.84943040924972 318
1725359206445 163.83302735358563 319
1725359206466 163.81662611589772 320
1725359206486 163.8002266959745 321
1725359206505 163.78382909360474 322
1725359206525 163.76743330857713 323
1725359206544 163.7510393406803 324
1725359206563 163.73464718970317 325
1725359206582 163.7182568554344 326
1725359206603 163.70186833766283 327
1725359206619 163.6854816361773 328
1725359206639 163.6690967507666 329
1725359206658 163.65271368121967 330
1725359206679 163.6363324273254 331
1725359206700 163.61995298887274 332
1725359206721 163.6035753656506 333
1725359206744 163.587199557448 334
1725359206764 163.57082556405393 335
1725359206787 163.55445338525743 336
1725359206807 163.53808302084755 337
1725359206827 163.52171447061335 338
1725359206862 163.50534773434396 339
1725359206880 163.48898281182852 340
1725359206898 163.4726197028562 341
1725359206918 163.45625840721618 342
1725359206939 163.43989892469764 343
1725359206959 163.4235412550898 344
1725359206982 163.40718539818198 345
1725359207003 163.39083135376342 346
1725359207027 163.37447912162347 347
1725359207056 163.3581287015514 348
1725359207075 163.34178009333664 349
1725359207095 163.32543329676852 350
1725359207114 163.30908831163651 351
1725359207135 163.29274513773004 352
1725359207155 163.2764037748385 353
1725359207176 163.26006422275142 354
1725359207197 163.2437264812584 355
1725359207218 163.2273905501488 356
1725359207240 163.21105642921236 357
1725359207261 163.19472411823855 358
1725359207283 163.17839361701706 359
1725359207303 163.1620649253375 360
1725359207325 163.1457380429895 361
1725359207343 163.1294129697628 362
1725359207361 163.1130897054471 363
1725359207388 163.09676824983214 364
1725359207406 163.08044860270766 365
1725359207430 163.06413076386352 366
1725359207451 163.04781473308944 367
1725359207472 163.03150051017536 368
1725359207493 163.0151880949111 369
1725359207513 162.99887748708653 370
1725359207533 162.9825686864916 371
1725359207553 162.96626169291628 372
1725359207573 162.94995650615047 373
1725359207600 162.93365312598422 374
1725359207622 162.9173515522075 375
1725359207643 162.90105178461042 376
1725359207665 162.88475382298301 377
1725359207684 162.86845766711534 378
1725359207704 162.85216331679757 379
1725359207725 162.83587077181983 380
1725359207746 162.8195800319723 381
1725359207767 162.80329109704513 382
1725359207786 162.78700396682865 383
1725359207806 162.770718641113 384
1725359207824 162.75443511968848 385
1725359207843 162.73815340234538 386
1725359207878 162.72187348887405 387
1725359207899 162.70559537906487 388
1725359207919 162.68931907270812 389
1725359207939 162.6730445695942 390
1725359207959 162.65677186951365 391
1725359207979 162.6405009722568 392
1725359207999 162.62423187761416 393
1725359208023 162.60796458537627 394
1725359208041 162.59169909533358 395
1725359208063 162.57543540727667 396
1725359208082 162.55917352099615 397
1725359208102 162.54291343628262 398
1725359208122 162.5266551529266 399
1725359208142 162.51039867071887 400
1725359208161 162.49414398945004 401
1725359208180 162.4778911089108 402
1725359208199 162.46164002889188 403
1725359208220 162.44539074918407 404
1725359208242 162.42914326957808 405
1725359208262 162.4128975898648 406
1725359208282 162.396653709835 407
1725359208303 162.38041162927945 408
1725359208327 162.3641713479892 409
1725359208347 162.34793286575504 410
1725359208366 162.3316961823679 411
1725359208384 162.31546129761875 412
1725359208404 162.2992282112986 413
1725359208424 162.2829969231984 414
1725359208446 162.26676743310918 415
1725359208466 162.250539740822 416
1725359208486 162.23431384612798 417
1725359208506 162.21808974881816 418
1725359208527 162.20186744868369 419
1725359208547 162.1856469455157 420
1725359208567 162.16942823910546 421
1725359208587 162.15321132924402 422
1725359208607 162.13699621572275 423
1725359208624 162.12078289833283 424
1725359208644 162.10457137686555 425
1725359208664 162.08836165111222 426
1725359208686 162.07215372086418 427
1725359208707 162.05594758591272 428
1725359208727 162.0397432460493 429
1725359208752 162.02354070106531 430
1725359208772 162.00733995075214 431
1725359208793 161.99114099490126 432
1725359208813 161.9749438333041 433
1725359208833 161.95874846575228 434
1725359208853 161.94255489203724 435
1725359208871 161.92636311195056 436
1725359208908 161.91017312528382 437
1725359208929 161.8939849318286 438
1725359208947 161.87779853137658 439
1725359208968 161.86161392371935 440
1725359208987 161.84543110864865 441
1725359209007 161.8292500859561 442
1725359209027 161.81307085543355 443
1725359209046 161.79689341687268 444
1725359209065 161.78071777006525 445
1725359209084 161.76454391480308 446
1725359209104 161.74837185087804 447
1725359209124 161.73220157808197 448
1725359209146 161.71603309620673 449
1725359209168 161.69986640504416 450
1725359209194 161.68370150438633 451
1725359209215 161.66753839402512 452
1725359209235 161.6513770737525 453
1725359209254 161.63521754336048 454
1725359209273 161.61905980264112 455
1725359209294 161.60290385138646 456
1725359209313 161.58674968938854 457
1725359209334 161.57059731643952 458
1725359209355 161.5544467323315 459
1725359209380 161.53829793685665 460
1725359209401 161.52215092980714 461
1725359209422 161.50600571097516 462
1725359209441 161.48986228015295 463
1725359209462 161.47372063713274 464
1725359209483 161.45758078170692 465
1725359209504 161.44144271366764 466
1725359209523 161.42530643280736 467
1725359209544 161.40917193891835 468
1725359209566 161.39303923179298 469
1725359209585 161.37690831122373 470
1725359209604 161.360779177003 471
1725359209625 161.3446518289232 472
1725359209646 161.32852626677686 473
1725359209665 161.31240249035648 474
1725359209684 161.29628049945455 475
1725359209698 161.28016029386367 476
1725359209715 161.26404187337639 477
1725359209738 161.24792523778532 478
1725359209760 161.23181038688307 479
1725359209781 161.21569732046237 480
1725359209801 161.1995860383158 481
1725359209822 161.1834765402361 482
1725359209843 161.16736882601603 483
1725359209862 161.15126289544833 484
1725359209886 161.13515874832575 485
1725359209915 161.1190563844411 486
1725359209935 161.10295580358724 487
1725359209954 161.086857005557 488
1725359209975 161.07075999014327 489
1725359209993 161.05466475713894 490
1725359210013 161.03857130633693 491
1725359210033 161.02247963753018 492
1725359210053 161.00638975051172 493
1725359210076 160.9903016450745 494
1725359210096 160.97421532101163 495
1725359210115 160.95813077811607 496
1725359210135 160.94204801618093 497
1725359210155 160.9259670349993 498
1725359210178 160.90988783436435 499
