1725419184138 173.9590018862947 0
1725419184169 170.4510040581035 1
1725419184205 167.02141183861133 2
1725419184238 163.66837354110433 3
1725419184271 160.39008335930734 4
1725419184313 157.184780167145 5
1725419184343 154.05074635222383 6
1725419184375 150.98630668199579 7
1725419184407 147.9898272016002 8
1725419184436 145.0597141624155 9
1725419184462 142.1944129803846 10
1725419184496 139.39240722320955 11
1725419184530 136.65221762554077 12
1725419184563 133.97240113131807 13
1725419184596 131.35154996244458 14
1725419184628 128.78829071300677 15
1725419184653 126.28128346827589 16
1725419184677 123.829220947754 17
1725419184712 121.43082767155072 18
1725419184740 119.08485914940054 19
1725419184773 116.79010109165398 20
1725419184800 114.54536864159573 21
1725419184832 112.34950562846583 22
1725419184862 110.20138384057915 23
1725419184892 108.09990231795778 24
1725419184921 106.04398666391054 25
1725419184953 104.03258837501089 26
1725419184981 102.06468418894286 27
1725419185012 100.13927544970109 28
1725419185043 98.25538748964746 29
1725419185074 96.41206902794198 30
1725419185102 94.60839158488184 31
1725419185129 92.84344891169603 32
1725419185161 91.11635643535726 33
1725419185192 89.4262507179876 34
1725419185222 87.77228893044551 35
1725419185255 86.15364833969643 36
1725419185285 84.5695258095803 37
1725419185317 83.01913731460161 38
1725419185345 81.50171746637865 39
1725419185376 80.0165190524006 40
1725419185408 78.5628125867504 41
1725419185441 77.13988587246305 42
1725419185475 75.74704357519762 43
1725419185507 74.38360680791266 44
1725419185532 73.04891272624151 45
1725419185564 71.74231413427607 46
1725419185595 70.46317910047348 47
1725419185627 69.21089058341 48
1725419185659 67.9848460671154 49
1725419185690 66.78445720572633 50
1725419185721 65.60914947720798 51
1725419185752 64.45836184589825 52
1725419185784 63.33154643363695 53
1725419185818 62.22816819924962 54
1725419185850 61.14770462616151 55
1725419185881 60.08964541792391 56
1725419185912 59.05349220144236 57
1725419185939 58.038758237700414 58
1725419185970 57.04496813978045 59
1725419186013 56.071657597987404 60
1725419186071 55.11837311188732 61
1725419186089 54.18467172907807 62
1725419186107 53.27012079051443 63
1725419186124 52.37429768221521 64
1725419186142 51.49678959318422 65
1725419186161 50.63719327938243 66
1725419186179 49.795114833592905 67
1725419186243 48.970169461024 68
1725419186261 48.16198126050173 69
1725419186279 47.370183011105304 70
1725419186302 46.59441596410435 71
1725419186329 45.83432964006037 72
1725419186356 45.08958163095854 73
1725419186379 44.35983740723966 74
1725419186406 43.644770129605675 75
1725419186427 42.9440604654759 76
1725419186459 42.25739640997386 77
1725419186486 41.584473111328656 78
1725419186505 40.9249927005772 79
1725419186523 40.27866412545755 80
1725419186541 39.64520298838543 81
1725419186570 39.02433138841044 82
1725419186584 38.41577776704976 83
1725419186601 37.81927675790081 84
1725419186615 37.234569039936815 85
1725419186629 36.661401194391345 86
1725419186642 36.099525565141384 87
1725419186656 35.54870012249973 88
1725419186671 35.00868833033052 89
1725419186703 34.4792590164043 90
1725419186725 33.960186245910386 91
1725419186744 33.45124919804739 92
1725419186763 32.952232045613805 93
1725419186781 32.46292383752393 94
1725419186801 31.983118384175192 95
1725419186824 31.512614145595407 96
1725419186846 31.051214122300397 97
1725419186873 30.59872574879419 98
1725419186896 30.15496078964552 99
1725419186921 29.719735238076666 100
1725419186962 29.29286921700136 101
1725419186989 28.87418688245157 102
1725419187018 28.46351632933282 103
1725419187045 28.060689499450888 104
1725419187066 27.665542091752975 105
1725419187083 27.27791347472856 106
1725419187101 26.89764660091654 107
1725419187119 26.52458792346625 108
1725419187136 26.158587314701705 109
1725419187155 25.799497986639576 110
1725419187174 25.447176413412503 111
1725419187192 25.101482255550973 112
1725419187207 24.762278286077546 113
1725419187221 24.429430318369455 114
1725419187234 24.102807135745365 115
1725419187249 23.782280422734416 116
1725419187263 23.46772469798607 117
1725419187277 23.159017248780266 118
1725419187292 22.856038067099075 119
1725419187313 22.55866978722139 120
1725419187342 22.266797624803303 121
1725419187367 21.980309317407816 122
1725419187392 21.69909506644868 123
1725419187414 21.423047480513702 124
1725419187441 21.152061520033975 125
1725419187471 20.886034443265658 126
1725419187504 20.624865753553273 127
1725419187528 20.368457147842676 128
1725419187550 20.11671246641326 129
1725419187578 19.869537643800314 130
1725419187594 19.626840660877782 131
1725419187608 19.38853149807414 132
1725419187622 19.15452208969344 133
1725419187636 18.924726279314527 134
1725419187651 18.699059776242823 135
1725419187665 18.477440112988948 136
1725419187684 18.259786603749244 137
1725419187712 18.046020303864132 138
1725419187739 17.836063970230555 139
1725419187767 17.6298420226458 140
1725419187796 17.42728050605963 141
1725419187815 17.228307053713582 142
1725419187832 17.03285085114506 143
1725419187851 16.840842601036794 144
1725419187869 16.65221448888972 145
1725419187887 16.466900149500834 146
1725419187906 16.284834634225835 147
1725419187933 16.105954379008057 148
1725419187965 15.930197173155284 149
1725419187991 15.757502128846218 150
1725419188019 15.587809651349676 151
1725419188047 15.421061409938808 152
1725419188071 15.257200309484002 153
1725419188104 15.096170462708276 154
1725419188130 14.937917163089384 155
1725419188154 14.782386858392497 156
1725419188177 14.629527124819564 157
1725419188190 14.479286641759595 158
1725419188204 14.33161516712582 159
1725419188218 14.186463513266188 160
1725419188231 14.043783523432753 161
1725419188246 13.903528048797376 162
1725419188260 13.765650926000037 163
1725419188274 13.630106955217787 164
1725419188288 13.49685187874126 165
1725419188305 13.365842360047347 166
1725419188324 13.237035963355543 167
1725419188342 13.110391133657176 168
1725419188361 12.985867177205701 169
1725419188380 12.863424242457583 170
1725419188397 12.743023301452657 171
1725419188416 12.624626131623975 172
1725419188435 12.508195298026578 173
1725419188466 12.3936941359756 174
1725419188492 12.281086734083758 175
1725419188514 12.170337917688974 176
1725419188531 12.061413232662723 177
1725419188552 11.954278929590215 178
1725419188586 11.848901948313921 179
1725419188612 11.745249902831063 180
1725419188633 11.643291066537513 181
1725419188657 11.542994357809834 182
1725419188682 11.444329325916842 183
1725419188701 11.347266137253687 184
1725419188719 11.251775561890582 185
1725419188738 11.157828960428626 186
1725419188756 11.065398271155606 187
1725419188773 10.974455997494914 188
1725419188789 10.884975195740259 189
1725419188813 10.796929463070152 190
1725419188834 10.710292925834487 191
1725419188857 10.625040228108384 192
1725419188887 10.541146520505269 193
1725419188914 10.458587449244808 194
1725419188935 10.377339145468351 195
1725419188953 10.297378214796801 196
1725419188971 10.218681727125453 197
1725419188989 10.141227206649303 198
1725419189012 10.064992622114506 199
1725419189030 9.98995637729008 200
1725419189049 9.916097301654839 201
1725419189068 9.843394641294598 202
1725419189086 9.771828050004723 203
1725419189105 9.701377580593126 204
1725419189123 9.632023676379251 205
1725419189142 9.563747162884349 206
1725419189160 9.496529239708536 207
1725419189184 9.430351472590303 208
1725419189197 9.365195785644566 209
1725419189211 9.301044453774399 210
1725419189225 9.237880095253347 211
1725419189239 9.175685664473432 212
1725419189252 9.114444444855549 213
1725419189266 9.054140041918632 214
1725419189280 8.994756376503181 215
1725419189295 8.936277678146544 216
1725419189315 8.878688478605422 217
1725419189342 8.821973605523228 218
1725419189370 8.766118176238022 219
1725419189397 8.711107591728267 220
1725419189416 8.65692753069342 221
1725419189438 8.603563943765414 222
1725419189467 8.551003047849223 223
1725419189481 8.49923132058818 224
1725419189495 8.448235494952419 225
1725419189510 8.3980025539467 226
1725419189525 8.348519725435343 227
1725419189538 8.299774477081435 228
1725419189556 8.251754511397698 229
1725419189578 8.204447760906394 230
1725419189610 8.157842383405857 231
1725419189634 8.111926757341207 232
1725419189665 8.06668947727665 233
1725419189691 8.022119349467498 234
1725419189711 7.978205387528894 235
1725419189730 7.93493680819985 236
1725419189748 7.892303027199902 237
1725419189766 7.8502936551761655 238
1725419189784 7.808898493739321 239
1725419189805 7.768107531585856 240
1725419189826 7.727910940704939 241
1725419189856 7.6882990726679115 242
1725419189878 7.6492624549985315 243
1725419189903 7.610791787622112 244
1725419189930 7.5728779393918 245
1725419189949 7.53551194469011 246
1725419189967 7.498685000104156 247
1725419189986 7.462388461172957 248
1725419190006 7.426613839204785 249
1725419190024 7.391352798163584 250
1725419190041 7.356597151622319 251
1725419190061 7.322338859782098 252
1725419190079 7.288570026555434 253
1725419190096 7.255282896712184 254
1725419190114 7.222469853086836 255
1725419190133 7.190123413845794 256
1725419190151 7.158236229812906 257
1725419190169 7.126801081852651 258
1725419190194 7.095810878308968 259
1725419190213 7.065258652498902 260
1725419190232 7.035137560259659 261
1725419190251 7.005440877547989 262
1725419190269 6.976161998090557 263
1725419190287 6.947294431084225 264
1725419190305 6.918831798945377 265
1725419190328 6.890767835106599 266
1725419190345 6.863096381860313 267
1725419190359 6.835811388247847 268
1725419190373 6.808906907993243 269
1725419190386 6.7823770974803645 270
1725419190400 6.756216213772968 271
1725419190414 6.730418612676161 272
1725419190430 6.704978746838814 273
1725419190449 6.6798911638955945 274
1725419190468 6.655150504648013 275
1725419190485 6.630751501283644 276
1725419190503 6.606688975632401 277
1725419190519 6.5829578374593885 278
1725419190537 6.5595530827931325 279
1725419190562 6.536469792288883 280
1725419190587 6.513703129625631 281
1725419190620 6.4912483399367416 282
1725419190650 6.469100748272814 283
1725419190682 6.447255758096589 284
1725419190716 6.425708849808928 285
1725419190745 6.404455579305111 286
1725419190769 6.383491576561075 287
1725419190796 6.3628125442485794 288
1725419190825 6.342414256379046 289
1725419190856 6.322292556975034 290
1725419190878 6.302443358769149 291
1725419190911 6.282862641929391 292
1725419190933 6.263546452810609 293
1725419190953 6.2444909027317275 294
1725419190971 6.225692166777257 295
1725419190990 6.207146482623949 296
1725419191009 6.188850149390701 297
1725419191028 6.170799526512092 298
1725419191049 6.152991032634586 299
1725419191079 6.135421144535294 300
1725419191102 6.118086396062195 301
1725419191126 6.1009833770961235 302
1725419191151 6.084108732533395 303
1725419191179 6.067459161288998 304
1725419191204 6.051031415319655 305
1725419191230 6.034822298666661 306
1725419191255 6.018828666517761 307
1725419191285 6.00304742428775 308
1725419191311 5.987475526717334 309
1725419191338 5.972109976990194 310
1725419191367 5.956947825867343 311
1725419191389 5.941986170838692 312
1725419191418 5.927222155291614 313
1725419191436 5.912652967695703 314
1725419191455 5.8982758408038025 315
1725419191474 5.88408805086873 316
1725419191492 5.870086916875436 317
1725419191510 5.856269799788146 318
1725419191528 5.842634101812444 319
1725419191547 5.829177265671668 320
1725419191574 5.815896773897516 321
1725419191604 5.802790148134446 322
1725419191638 5.78985494845768 323
1725419191663 5.777088772704407 324
1725419191687 5.764489255818035 325
1725419191712 5.752054069205145 326
1725419191739 5.739780920104765 327
1725419191767 5.727667550970055 328
1725419191791 5.7157117388615974 329
1725419191811 5.70391129485274 330
1725419191831 5.6922640634459665 331
1725419191850 5.680767922000778 332
1725419191868 5.669420780172359 333
1725419191886 5.658220579360923 334
1725419191903 5.647165292171749 335
1725419191922 5.636252921885356 336
1725419191941 5.6254815019377 337
1725419191958 5.614849095410357 338
1725419191975 5.604353794530302 339
1725419191995 5.593993720179118 340
1725419192013 5.583767021411499 341
1725419192030 5.573671874982724 342
1725419192049 5.56370648488519 343
1725419192068 5.553869081893424 344
1725419192088 5.544157923117831 345
1725419192106 5.534571291566541 346
1725419192125 5.52510749571561 347
1725419192143 5.5157648690871595 348
1725419192161 5.506541769835373 349
1725419192179 5.497436580340048 350
1725419192196 5.488447706807905 351
1725419192211 5.479573578881052 352
1725419192224 5.470812649252709 353
1725419192238 5.462163393290093 354
1725419192253 5.453624308664152 355
1725419192266 5.4451939149860715 356
1725419192280 5.4368707534504574 357
1725419192294 5.428653386485093 358
1725419192322 5.420540397406983 359
1725419192346 5.412530390084608 360
1725419192379 5.404621988606533 361
1725419192398 5.396813836955758 362
1725419192412 5.389104598690141 363
1725419192430 5.381492956628387 364
1725419192449 5.373977612542039 365
1725419192467 5.366557286852577 366
1725419192486 5.359230718334204 367
1725419192504 5.351996663822023 368
1725419192524 5.344853897925104 369
1725419192542 5.33780121274504 370
1725419192560 5.330837417599222 371
1725419192584 5.32396133874922 372
1725419192603 5.317171819133838 373
1725419192638 5.310467718106955 374
1725419192653 5.303847911180047 375
1725419192668 5.297311289769094 376
1725419192692 5.29085676094609 377
1725419192716 5.284483247194778 378
1725419192746 5.278189686170838 379
1725419192766 5.2719750304659945 380
1725419192790 5.265838247376562 381
1725419192813 5.259778318675673 382
1725419192831 5.253794240389825 383
1725419192850 5.247885022578969 384
1725419192868 5.2420496891206 385
1725419192886 5.236287277497487 386
1725419192904 5.230596838589125 387
1725419192924 5.224977436466714 388
1725419192954 5.219428148191632 389
1725419192983 5.213948063617479 390
1725419193004 5.208536285195344 391
1725419193032 5.203191927782538 392
1725419193054 5.197914118454406 393
1725419193076 5.1927019963195775 394
1725419193095 5.187554712338055 395
1725419193129 5.182471429142673 396
1725419193155 5.177451320863314 397
1725419193183 5.172493572954228 398
1725419193212 5.167597382024268 399
1725419193241 5.162761955669835 400
1725419193259 5.157986512310825 401
1725419193278 5.15327028102906 402
1725419193297 5.148612501409631 403
1725419193323 5.144012423384844 404
1725419193345 5.139469307080587 405
1725419193371 5.1349824226654475 406
1725419193395 5.1305510502022 407
1725419193424 5.126174479501894 408
1725419193453 5.12185200998001 409
1725419193479 5.117582950515429 410
1725419193504 5.11336661931137 411
1725419193532 5.109202343758744 412
1725419193552 5.105089460301695 413
1725419193571 5.101027314305386 414
1725419193589 5.097015259925916 415
1725419193608 5.093052659982265 416
1725419193625 5.089138885830395 417
1725419193653 5.085273317239492 418
1725419193672 5.081455342269895 419
1725419193700 5.077684357153309 420
1725419193732 5.073959766174785 421
1725419193764 5.070280981556608 422
1725419193785 5.066647423344063 423
1725419193810 5.063058519293022 424
1725419193829 5.059513704759319 425
1725419193846 5.05601242258984 426
1725419193865 5.052554123015482 427
1725419193883 5.0491382635456175 428
1725419193902 5.045764308864396 429
1725419193920 5.042431730728534 430
1725419193944 5.03914000786689 431
1725419193966 5.035888625881396 432
1725419193989 5.032677077149774 433
1725419194009 5.029504860729607 434
1725419194028 5.026371482263996 435
1725419194047 5.023276453888638 436
1725419194079 5.020219294140422 437
1725419194103 5.017199527867343 438
1725419194139 5.014216686139872 439
1725419194160 5.011270306163761 440
1725419194182 5.008359931194028 441
1725419194201 5.00548511045049 442
1725419194218 5.0026453990343285 443
1725419194237 4.999840357846247 444
1725419194255 4.997069553505568 445
1725419194273 4.994332558270811 446
1725419194290 4.991628949961353 447
1725419194308 4.988958311880385 448
1725419194327 4.986320232738856 449
1725419194345 4.983714306580842 450
1725419194364 4.981140132709764 451
1725419194382 4.978597315615999 452
1725419194401 4.976085464905288 453
1725419194419 4.973604195228496 454
1725419194436 4.971153126212253 455
1725419194453 4.968731882390768 456
1725419194472 4.9663400931384905 457
1725419194490 4.9639773926039545 458
1725419194508 4.9616434196445365 459
1725419194526 4.959337817762179 460
1725419194545 4.957060235040067 461
1725419194564 4.954810324080277 462
1725419194581 4.952587741942371 463
1725419194599 4.950392150082783 464
1725419194617 4.948223214295267 465
1725419194640 4.946080604652077 466
1725419194670 4.943963995446126 467
1725419194688 4.9418730651339375 468
1725419194711 4.939807496279413 469
1725419194729 4.937766975498481 470
1725419194747 4.9357511934045295 471
1725419194766 4.933759844554676 472
1725419194785 4.931792627396681 473
1725419194809 4.929849244216832 474
1725419194837 4.927929401088434 475
1725419194864 4.9260328078211595 476
1725419194891 4.924159177911004 477
1725419194923 4.922308228491087 478
1725419194946 4.920479680283088 479
1725419194969 4.9186732575494565 480
1725419194992 4.916888688046199 481
1725419195024 4.915125702976433 482
1725419195060 4.913384036944567 483
1725419195085 4.911663427911248 484
1725419195115 4.909963617148681 485
1725419195145 4.908284349196928 486
1725419195176 4.906625371820584 487
1725419195204 4.904986435966152 488
1725419195235 4.903367295720078 489
1725419195266 4.901767708267215 490
1725419195297 4.900187433850183 491
1725419195327 4.898626235728884 492
1725419195355 4.897083880140962 493
1725419195383 4.895560136262651 494
1725419195410 4.89405477617013 495
1725419195438 4.892567574801573 496
1725419195472 4.891098309919609 497
1725419195492 4.8896467620743485 498
1725419195519 4.888212714566933 499
