1725393282672 169.25480595599964 0
1725393282705 165.8668141287966 1
1725393282758 164.22641210689542 2
1725393282784 162.59371990634 3
1725393282823 160.97906070406881 4
1725393282852 159.38216246640636 5
1725393282877 157.80282047087135 6
1725393282907 156.24083204793996 7
1725393282927 154.69599695492715 8
1725393282955 153.16811734343293 9
1725393282983 151.65699772975512 10
1725393283012 150.16244496566722 11
1725393283041 148.6842682095722 12
1725393283070 147.2222788980282 13
1725393283098 145.77629071764042 14
1725393283127 144.34611957731383 15
1725393283156 142.93158358086296 16
1725393283184 141.53250299997242 17
1725393283211 140.1487002475048 18
1725393283238 138.7799998511501 19
1725393283265 137.42622842741304 20
1725393283293 136.08721465593254 21
1725393283341 134.76278925413015 22
1725393283363 133.45278495218193 23
1725393283388 132.15703646830997 24
1725393283415 130.8753804843891 25
1725393283445 129.60765562186467 26
1725393283472 128.35370241797673 27
1725393283497 127.11336330228741 28
1725393283522 125.88648257350624 29
1725393283547 124.67290637661057 30
1725393283574 123.47248268025628 31
1725393283601 122.28506125447551 32
1725393283629 121.11049364865706 33
1725393283656 119.94863316980589 34
1725393283687 118.79933486107832 35
1725393283720 117.66245548058875 36
1725393283746 116.53785348048433 37
1725393283771 115.42538898628464 38
1725393283798 114.3249237764819 39
1725393283825 113.23632126239916 40
1725393283854 112.15944646830229 41
1725393283883 111.09416601176314 42
1725393283910 110.04034808426971 43
1725393283940 108.99786243208102 44
1725393283969 107.96658033732257 45
1725393283996 106.94637459931953 46
1725393284019 105.9371195161652 47
1725393284048 104.9386908665202 48
1725393284075 103.95096589164079 49
1725393284102 102.97382327763238 50
1725393284129 102.00714313792578 51
1725393284156 101.05080699597299 52
1725393284186 100.10469776815972 53
1725393284213 99.16869974693189 54
1725393284242 98.24269858413312 55
1725393284271 97.32658127455073 56
1725393284296 96.42023613966728 57
1725393284322 95.52355281161503 58
1725393284349 94.63642221733073 59
1725393284376 93.75873656290825 60
1725393284402 92.89038931814592 61
1725393284429 92.0312752012868 62
1725393284457 91.18129016394904 63
1725393284485 90.34033137624358 64
1725393284515 89.50829721207724 65
1725393284541 88.68508723463839 66
1725393284564 87.87060218206335 67
1725393284589 87.06474395328037 68
1725393284616 86.26741559402986 69
1725393284649 85.47852128305774 70
1725393284681 84.69796631848035 71
1725393284712 83.92565710431799 72
1725393284744 83.16150113719591 73
1725393284774 82.40540699320937 74
1725393284803 81.65728431495178 75
1725393284837 80.91704379870308 76
1725393284936 80.18459718177658 77
1725393284966 79.45985723002246 78
1725393284990 78.74273772548518 79
1725393285003 78.03315345421376 80
1725393285015 77.33102019422228 81
1725393285039 76.636254703599 82
1725393285071 75.94877470876207 83
1725393285104 75.26849889285995 84
1725393285135 74.5953468843149 85
1725393285156 73.9292392455074 86
1725393285185 73.27009746159989 87
1725393285213 72.617843929498 88
1725393285240 71.97240194694766 89
1725393285266 71.33369570176606 90
1725393285291 70.70165026120496 91
1725393285320 70.0761915614448 92
1725393285345 69.45724639721749 93
1725393285373 68.84474241155685 94
1725393285405 68.23860808567461 95
1725393285426 67.63877272896049 96
1725393285456 67.04516646910491 97
1725393285488 66.45772024234272 98
1725393285518 65.87636578381628 99
1725393285548 65.30103561805676 100
1725393285578 64.7316630495815 101
1725393285611 64.16818215360671 102
1725393285652 63.61052776687356 103
1725393285681 63.05863547858635 104
1725393285704 62.51244162146149 105
1725393285736 61.97188326288578 106
1725393285776 61.43689819618226 107
1725393285808 60.907424931983265 108
1725393285835 60.38340268970802 109
1725393285869 59.86477138914465 110
1725393285897 59.35147164213451 111
1725393285925 58.84344474435797 112
1725393285953 58.340632667219865 113
1725393285982 57.842978049834464 114
1725393286013 57.35042419110707 115
1725393286043 56.862915041912615 116
1725393286070 56.380395197369104 117
1725393286097 55.9028098892049 118
1725393286123 55.43010497821901 119
1725393286153 54.962226946832544 120
1725393286181 54.49912289173104 121
1725393286208 54.04074051659594 122
1725393286237 53.587028124924046 123
1725393286278 53.137934612934316 124
1725393286311 52.69340946256067 125
1725393286343 52.25340273452962 126
1725393286375 51.81786506152168 127
1725393286409 51.38674764141589 128
1725393286438 50.960002230615885 129
1725393286468 50.53758113745686 130
1725393286493 50.119437215692194 131
1725393286526 49.70552385805909 132
1725393286557 49.295794989921795 133
1725393286590 48.89020506299163 134
1725393286622 48.48870904912327 135
1725393286654 48.09126243418543 136
1725393286684 47.69782121200599 137
1725393286713 47.308341878389996 138
1725393286746 46.92278142521001 139
1725393286778 46.54109733456746 140
1725393286806 46.1632475730249 141
1725393286838 45.789190585907235 142
1725393286866 45.4188852916721 143
1725393286884 45.05229107634774 144
1725393286901 44.68936778803815 145
1725393286917 44.33007573149416 146
1725393286934 43.97437566275001 147
1725393286949 43.6222287838244 148
1725393286966 43.27359673748534 149
1725393286983 42.92844160207793 150
1725393286999 42.58672588641419 151
1725393287016 42.248412524724756 152
1725393287030 41.91346487167062 153
1725393287045 41.581846697415166 154
1725393287065 41.25352218275544 155
1725393287087 40.928455914311556 156
1725393287112 40.60661287977424 157
1725393287133 40.287958463208874 158
1725393287156 39.97245844041652 159
1725393287177 39.66007897434984 160
1725393287192 39.35078661058468 161
1725393287208 39.04454827284538 162
1725393287248 38.74133125858389 163
1725393287266 38.44110323461198 164
1725393287282 38.14383223278549 165
1725393287299 37.84948664574047 166
1725393287316 37.55803522268002 167
1725393287340 37.2694470652121 168
1725393287360 36.983691623236425 169
1725393287384 36.700738690881124 170
1725393287401 36.420558402487615 171
1725393287426 36.14312122864365 172
1725393287454 35.868397972263615 173
1725393287478 35.59635976471585 174
1725393287505 35.32697806199595 175
1725393287529 35.0602246409459 176
1725393287546 34.796071595518335 177
1725393287574 34.534491333085406 178
1725393287597 34.27545657079146 179
1725393287625 34.0189403319495 180
1725393287649 33.76491594248042 181
1725393287672 33.513357027394676 182
1725393287694 33.26423750731601 183
1725393287714 33.017531595046414 184
1725393287737 32.77321379217221 185
1725393287758 32.53125888571029 186
1725393287779 32.29164194479445 187
1725393287795 32.054338317401125 188
1725393287816 31.819323627113985 189
1725393287839 31.58657376992716 190
1725393287865 31.35606491108638 191
1725393287895 31.12777348196758 192
1725393287917 30.901676176992858 193
1725393287938 30.677749950582754 194
1725393287956 30.455972014145072 195
1725393287974 30.236319833099056 196
1725393287990 30.01877112393537 197
1725393288006 29.803303851310435 198
1725393288023 29.589896225175863 199
1725393288039 29.378526697941286 200
1725393288056 29.169173961671383 201
1725393288077 28.961816945315793 202
1725393288098 28.75643481197209 203
1725393288122 28.553006956181004 204
1725393288145 28.351513001253828 205
1725393288173 28.151932796631442 206
1725393288192 27.95424641527451 207
1725393288216 27.75843415108485 208
1725393288241 27.5644765163569 209
1725393288265 27.37235423925984 210
1725393288288 27.18204826134906 211
1725393288309 26.993539735107337 212
1725393288326 26.806810021514934 213
1725393288342 26.621840687648593 214
1725393288357 26.43861350430869 215
1725393288373 26.257110443674577 216
1725393288389 26.077313676987632 217
1725393288406 25.899205572261543 218
1725393288423 25.722768692019805 219
1725393288440 25.547985791059723 220
1725393288458 25.374839814242925 221
1725393288475 25.203313894312064 222
1725393288492 25.03339134973294 223
1725393288509 24.86505568256239 224
1725393288526 24.698290576341183 225
1725393288543 24.533079894011696 226
1725393288558 24.369407675860284 227
1725393288580 24.20725813748372 228
1725393288607 24.046615667779772 229
1725393288630 23.88746482696122 230
1725393288654 23.72979034459347 231
1725393288672 23.573577117655102 232
1725393288687 23.41881020862143 233
1725393288704 23.265474843570303 234
1725393288720 23.113556410310604 235
1725393288738 22.963040456532276 236
1725393288755 22.81391268797852 237
1725393288770 22.666158966639234 238
1725393288786 22.51976530896575 239
1725393288802 22.374717884106534 240
1725393288826 22.231003012163633 241
1725393288850 22.088607162469543 242
1725393288872 21.947516951884364 243
1725393288898 21.807719143112912 244
1725393288920 21.669200643041574 245
1725393288945 21.531948501094647 246
1725393288967 21.395949907610017 247
1725393288984 21.26119219223383 248
1725393289000 21.12766282233405 249
1725393289016 20.995349401432495 250
1725393289032 20.864239667655355 251
1725393289049 20.73432149220176 252
1725393289069 20.605582877830393 253
1725393289093 20.478011957363858 254
1725393289117 20.351596992210155 255
1725393289144 20.226326370902157 256
1725393289165 20.102188607653478 257
1725393289192 19.979172340931715 258
1725393289208 19.85726633204811 259
1725393289224 19.73645946376388 260
1725393289240 19.616740738912632 261
1725393289258 19.498099279039096 262
1725393289275 19.38052432305352 263
1725393289291 19.264005225902174 264
1725393289309 19.148531457252854 265
1725393289327 19.034092600196 266
1725393289347 18.920678349961346 267
1725393289368 18.808278512648634 268
1725393289392 18.696883003974115 269
1725393289415 18.58648184803099 270
1725393289439 18.47706517606467 271
1725393289462 18.3686232252621 272
1725393289487 18.26114633755529 273
1725393289505 18.154624958438863 274
1725393289523 18.04904963580114 275
1725393289543 17.9444110187692 276
1725393289564 17.840699856566854 277
1725393289581 17.737906997386684 278
1725393289597 17.636023387274314 279
1725393289614 17.535040069026316 280
1725393289631 17.434948181100776 281
1725393289645 17.335738956540364 282
1725393289662 17.237403721908066 283
1725393289680 17.13993389623529 284
1725393289699 17.043320989982146 285
1725393289723 16.9475566040098 286
1725393289749 16.852632428564778 287
1725393289771 16.758540242275117 288
1725393289797 16.665271911158076 289
1725393289820 16.572819387639427 290
1725393289841 16.481174709584078 291
1725393289860 16.390329999338004 292
1725393289883 16.300277462781292 293
1725393289914 16.211009388391947 294
1725393289939 16.12251814632095 295
1725393289955 16.0347961874776 296
1725393289972 15.947836042625903 297
1725393289989 15.861630321490882 298
1725393290006 15.776171711875834 299
1725393290023 15.691452978789338 300
1725393290040 15.607466963582487 301
1725393290057 15.524206583096376 302
1725393290074 15.441664828819015 303
1725393290091 15.359834766052225 304
1725393290107 15.278709533088339 305
1725393290124 15.198282340395924 306
1725393290141 15.118546469815444 307
1725393290158 15.039495273763855 308
1725393290173 14.961122174448583 309
1725393290191 14.883420663090432 310
1725393290207 14.80638429915565 311
1725393290223 14.730006709596616 312
1725393290240 14.654281588101435 313
1725393290256 14.57920269435222 314
1725393290273 14.504763853291855 315
1725393290289 14.430958954399184 316
1725393290306 14.357781950972642 317
1725393290323 14.285226859422034 318
1725393290345 14.21328775856858 319
1725393290360 14.141958788952937 320
1725393290383 14.07123415215123 321
1725393290408 14.001108110098988 322
1725393290430 13.931574984422667 323
1725393290457 13.862629155779208 324
1725393290481 13.794265063202769 325
1725393290501 13.726477203459387 326
1725393290524 13.659260130408727 327
1725393290553 13.592608454373313 328
1725393290576 13.526516841515006 329
1725393290598 13.460980013218622 330
1725393290630 13.395992745482635 331
1725393290657 13.331549868316763 332
1725393290680 13.26764626514674 333
1725393290702 13.204276872225465 334
1725393290724 13.141436678051516 335
1725393290749 13.079120722793741 336
1725393290769 13.017324097722756 337
1725393290798 12.956041944648872 338
1725393290817 12.895269455366543 339
1725393290833 12.835001871105082 340
1725393290849 12.77523448198571 341
1725393290865 12.715962626484645 342
1725393290881 12.657181690902812 343
1725393290899 12.598887108840932 344
1725393290916 12.541074360681286 345
1725393290933 12.483738973074862 346
1725393290957 12.426876518434764 347
1725393290978 12.370482614435064 348
1725393291008 12.314552923515762 349
1725393291031 12.25908315239297 350
1725393291051 12.204069051575088 351
1725393291081 12.14950641488415 352
1725393291104 12.095391078982926 353
1725393291124 12.041718922907172 354
1725393291148 11.988485867603465 355
1725393291168 11.935687875472 356
1725393291192 11.883320949914882 357
1725393291209 11.83138113488935 358
1725393291233 11.7798645144663 359
1725393291253 11.728767212393542 360
1725393291276 11.678085391664329 361
1725393291293 11.627815254090583 362
1725393291315 11.577953039881155 363
1725393291327 11.528495027224583 364
1725393291341 11.47943753187701 365
1725393291354 11.430776906754362 366
1725393291367 11.382509541529455 367
1725393291379 11.33463186223352 368
1725393291395 11.287140330862407 369
1725393291408 11.240031444986965 370
1725393291420 11.193301737368213 371
1725393291432 11.146947775576585 372
1725393291456 11.100966161615643 373
1725393291477 11.05535353154995 374
1725393291502 11.010106555137266 375
1725393291527 10.965221935464864 376
1725393291554 10.920696408589874 377
1725393291571 10.876526743183868 378
1725393291588 10.832709740181397 379
1725393291604 10.789242232432333 380
1725393291620 10.746121084358405 381
1725393291637 10.703343191613577 382
1725393291654 10.66090548074795 383
1725393291670 10.618804908875891 384
1725393291690 10.577038463347701 385
1725393291711 10.535603161424946 386
1725393291734 10.494496049959404 387
1725393291754 10.45371420507603 388
1725393291775 10.413254731858881 389
1725393291796 10.373114764041098 390
1725393291819 10.333291463698094 391
1725393291838 10.293782020944366 392
1725393291856 10.254583653633524 393
1725393291873 10.215693607061898 394
1725393291890 10.177109153675373 395
1725393291905 10.138827592779503 396
1725393291917 10.100846250253046 397
1725393291929 10.063162478264402 398
1725393291950 10.025773654991575 399
1725393291977 9.98867718434512 400
1725393291994 9.951870495694138 401
1725393292017 9.915351043595438 402
1725393292038 9.879116307525857 403
1725393292056 9.843163791617245 404
1725393292076 9.807491024394727 405
1725393292092 9.772095558517837 406
1725393292108 9.736974970524367 407
1725393292126 9.702126860577343 408
1725393292142 9.667548852214713 409
1725393292159 9.633238592101735 410
1725393292175 9.599193749786307 411
1725393292192 9.56541201745699 412
1725393292209 9.53189110970367 413
1725393292235 9.498628763280847 414
1725393292262 9.465622736873863 415
1725393292288 9.432870810867273 416
1725393292315 9.400370787116271 417
1725393292331 9.36812048872029 418
1725393292349 9.3361177597994 419
1725393292366 9.304360465272994 420
1725393292384 9.27284649064111 421
1725393292401 9.241573741768004 422
1725393292418 9.210540144668434 423
1725393292434 9.179743645295794 424
1725393292460 9.149182209333292 425
1725393292478 9.118853821986889 426
1725393292495 9.088756487780758 427
1725393292512 9.058888230355068 428
1725393292528 9.029247092265878 429
1725393292545 8.999831134787375 430
1725393292561 8.970638437716174 431
1725393292588 8.941667099178021 432
1725393292609 8.912915235436294 433
1725393292632 8.884380980702945 434
1725393292648 8.856062486951359 435
1725393292664 8.827957923731386 436
1725393292681 8.800065477986264 437
1725393292702 8.772383353871826 438
1725393292730 8.744909772577396 439
1725393292751 8.717642972148928 440
1725393292767 8.690581207313956 441
1725393292783 8.66372274930854 442
1725393292798 8.637065885706017 443
1725393292820 8.61060892024787 444
1725393292839 8.584350172676126 445
1725393292860 8.558287978568023 446
1725393292881 8.53242068917201 447
1725393292902 8.506746671246061 448
1725393292935 8.481264306897286 449
1725393292956 8.455971993423733 450
1725393292977 8.430868143157651 451
1725393293002 8.405951183310513 452
1725393293026 8.381219555819968 453
1725393293053 8.35667171719809 454
1725393293071 8.332306138381652 455
1725393293088 8.3081213045838 456
1725393293103 8.284115715147543 457
1725393293121 8.26028788340071 458
1725393293138 8.236636336512493 459
1725393293154 8.213159615351705 460
1725393293171 8.189856274346454 461
1725393293189 8.166724881345402 462
1725393293212 8.143764017480505 463
1725393293233 8.12097227703135 464
1725393293260 8.098348267290906 465
1725393293278 8.075890608432603 466
1725393293294 8.053597933379285 467
1725393293308 8.031468887673002 468
1725393293331 8.00950212934679 469
1725393293352 7.987696328797498 470
1725393293369 7.966050168660046 471
1725393293384 7.944562343683149 472
1725393293398 7.92323156060641 473
1725393293422 7.902056538038611 474
1725393293443 7.8810360063374505 475
1725393293467 7.860168707490522 476
1725393293484 7.8394533949976415 477
1725393293501 7.8188888337544045 478
1725393293517 7.7984737999370175 479
1725393293534 7.778207080888412 480
1725393293550 7.758087475005532 481
1725393293567 7.73811379162795 482
1725393293587 7.718284850927534 483
1725393293607 7.698599483799501 484
1725393293627 7.679056531754397 485
1725393293651 7.659654846811581 486
1725393293675 7.640393291393517 487
1725393293691 7.621270738221423 488
1725393293708 7.602286070212024 489
1725393293725 7.583438180375298 490
1725393293741 7.564725971713567 491
1725393293757 7.546148357121344 492
1725393293773 7.527704259286514 493
1725393293789 7.509392610592569 494
1725393293805 7.491212353021703 495
1725393293823 7.473162438059232 496
1725393293839 7.455241826598716 497
1725393293854 7.437449488848403 498
1725393293870 7.419784404238518 499
