1725422447037 73.9558265147342 0
1725422447161 26.34694728055157 1
1725422447246 12.559295923819393 2
1725422447358 4.09202809316981 3
1725422447463 6.037240891142202 4
1725422447542 0.23977892260980582 5
1725422447623 1.0224704317361155 6
1725422447681 0.015397953193797758 7
1725422447768 0.23897528678687416 8
1725422447861 0.004648660637434013 9
1725422447929 0.03605209450878003 10
1725422448005 0.46833216860047655 11
1725422448080 0.041215097963637336 12
1725422448153 0.2045937407180537 13
1725422448238 0.04739108262924391 14
1725422448347 0.02544314775479749 15
1725422448456 0.04195578198769614 16
1725422448535 0.10352263251411313 17
1725422448613 0.09656737618865396 18
1725422448724 0.021548024044158523 19
1725422448810 0.026606017860190963 20
1725422448891 0.41987919905600973 21
1725422449073 0.5570788488081848 22
1725422449172 0.037618827454168516 23
1725422449241 0.07873637299107915 24
1725422449305 0.06927278132293056 25
1725422449374 0.06876534324083225 26
1725422449465 0.0023201514927021234 27
1725422449568 0.0019582197100285735 28
1725422449651 0.11624175925451123 29
1725422449727 0.3904861397334618 30
1725422449800 0.030042762163836605 31
1725422449870 0.0017894836596197804 32
1725422449955 0.1645293699881966 33
1725422450037 0.10690970367468633 34
1725422450097 0.13106589372772492 35
1725422450163 0.00041145516613228585 36
1725422450237 0.01952917770106056 37
1725422450340 0.4683233662773998 38
1725422450440 0.0021740059954140916 39
1725422450532 0.13958096193336336 40
1725422450635 0.46690941109602646 41
1725422450727 0.20464096033671497 42
1725422450801 0.04019935126823017 43
1725422450890 0.005706701194121371 44
1725422450975 0.016243873220630194 45
1725422451031 0.2060376380291641 46
1725422451098 0.25849626497836775 47
1725422451157 0.00019509473633096225 48
1725422451230 0.021792636443567978 49
1725422451318 0.02710002590434915 50
1725422451383 0.015164574868626943 51
1725422451440 0.23555892664708694 52
1725422451513 0.017055982017380057 53
1725422451579 0.5316164047539506 54
1725422451663 0.09351902632043896 55
1725422451742 0.027992042503378035 56
1725422451807 0.04683690442328784 57
1725422451878 0.3067062988169153 58
1725422451946 0.02312342861048019 59
1725422452034 0.0017415547014758169 60
1725422452132 0.12749590125202237 61
1725422452236 0.9245233484289053 62
1725422452308 0.031133527117076266 63
1725422452402 0.13122967065928035 64
1725422452495 0.13648318234067852 65
1725422452577 0.014760685217234414 66
1725422452685 0.017297590009994562 67
1725422452794 0.04092844083184016 68
1725422452881 0.019586709532351712 69
1725422452970 0.041775002334300794 70
1725422453041 7.682682306916762e-06 71
1725422453116 0.1488096947057836 72
1725422453174 0.11446345890632616 73
1725422453250 0.04127985569110675 74
1725422453338 0.006784328618793946 75
1725422453433 0.035328848730950005 76
1725422453524 0.4870746746618889 77
1725422453605 0.18900848699405176 78
