1725358142988 168.996543037322 0
1725358143009 165.62339982769106 1
1725358143031 162.32451471861816 2
1725358143053 159.09817762782066 3
1725358143076 155.94271907693738 4
1725358143096 152.85650920203037 5
1725358143117 149.83795678894626 6
1725358143138 146.88550833288306 7
1725358143157 143.9976471215298 8
1725358143177 141.1728923411616 9
1725358143198 138.40979820509205 10
1725358143216 135.7069531038997 11
1725358143237 133.06297877686205 12
1725358143259 130.47652950404714 13
1725358143279 127.94629131852629 14
1725358143301 125.4709812381876 15
1725358143324 123.0493465166434 16
1725358143348 120.6801639127388 17
1725358143370 118.36223897818287 18
1725358143392 116.09440536283468 19
1725358143413 113.87552413719222 20
1725358143434 111.70448313164206 21
1725358143455 109.58019629204017 22
1725358143475 107.50160305120713 23
1725358143496 105.46766771593006 24
1725358143518 103.47737886907673 25
1725358143538 101.52974878643589 26
1725358143556 99.62381286790999 27
1725358143576 97.75862908269504 28
1725358143594 95.93327742809285 29
1725358143614 94.14685940161034 30
1725358143634 92.39849748600912 31
1725358143653 90.68733464697814 32
1725358143672 89.01253384311094 33
1725358143703 87.37327754787655 34
1725358143725 85.76876728328226 35
1725358143744 84.19822316493395 36
1725358143767 82.66088345820741 37
1725358143789 81.15600414525156 38
1725358143809 79.68285850255212 39
1725358143830 78.2407366887909 40
1725358143850 76.82894534274317 41
1725358143872 75.44680719096175 42
1725358143891 74.09366066500382 43
1725358143910 72.76885952796226 44
1725358143929 71.47177251006879 45
1725358143948 70.20178295314436 46
1725358143966 68.95828846367498 47
1725358143988 67.74070057430008 48
1725358144008 66.54844441350356 49
1725358144028 65.38095838330392 50
1725358144049 64.23769384474585 51
1725358144069 63.11811481099931 52
1725358144089 62.021697647878106 53
1725358144108 60.94793078159465 54
1725358144130 59.896314413571545 55
1725358144150 58.86636024213644 56
1725358144184 57.85759119092997 57
1725358144242 56.869541143861134 58
1725358144262 55.90175468644931 59
1725358144281 54.95378685339526 60
1725358144300 54.02520288222838 61
1725358144320 53.1155779728802 62
1725358144343 52.2244970530395 63
1725358144364 51.35155454914614 64
1725358144382 50.49635416288631 65
1725358144403 49.6585086530535 66
1725358144423 48.83763962264455 67
1725358144443 48.03337731106189 68
1725358144462 47.245360391297936 69
1725358144489 46.47323577197904 70
1725358144513 45.71665840415087 71
1725358144534 44.975291092689275 72
1725358144552 44.24880431222373 73
1725358144573 43.53687602746355 74
1725358144594 42.83919151781917 75
1725358144617 42.155443206214535 76
1725358144641 41.48533049198808 77
1725358144660 40.82855958778307 78
1725358144680 40.184843360330106 79
1725358144706 39.55390117502766 80
1725358144725 38.935458744228036 81
1725358144744 38.32924797913899 82
1725358144764 37.73500684525303 83
1725358144784 37.152479221219586 84
1725358144803 36.581414761075685 85
1725358144824 36.02156875975447 86
1725358144845 35.47270202179203 87
1725358144869 34.934580733155094 88
1725358144894 34.406976336114106 89
1725358144917 33.88966540708818 90
1725358144938 33.38242953739022 91
1725358144957 32.88505521680181 92
1725358144976 32.39733371990999 93
1725358144995 31.919060995139045 94
1725358145014 31.45003755641244 95
1725358145034 30.990068377381352 96
1725358145053 30.538962788158244 97
1725358145073 30.096534374494816 98
1725358145091 29.66260087934575 99
1725358145111 29.236984106760787 100
1725358145131 28.819509828049036 101
1725358145152 28.41000769016109 102
1725358145172 28.008311126235437 103
1725358145195 27.61425726825729 104
1725358145214 27.22768686177924 105
1725358145233 26.848444182653978 106
1725358145252 26.47637695573101 107
1725358145272 26.11133627547026 108
1725358145291 25.7531765284266 109
1725358145310 25.401755317560234 110
1725358145333 25.056933388329796 111
1725358145351 24.71857455652469 112
1725358145370 24.386545637795848 113
1725358145389 24.060716378843555 114
1725358145410 23.740959390223182 115
1725358145431 23.42715008073015 116
1725358145450 23.119166593325968 117
1725358145468 22.81688974256891 118
1725358145487 22.520202953513454 119
1725358145506 22.22899220204304 120
1725358145525 21.94314595660223 121
1725358145543 21.662555121294954 122
1725358145563 21.387112980315973 123
1725358145582 21.116715143683983 124
1725358145603 20.85125949424533 125
1725358145620 20.59064613591814 126
1725358145640 20.33477734314709 127
1725358145660 20.083557511540114 128
1725358145679 19.836893109659137 129
1725358145707 19.594692631936987 130
1725358145728 19.356866552694136 131
1725358145748 19.123327281228693 132
1725358145765 18.89398911795456 133
1725358145785 18.6687682115624 134
1725358145802 18.44758251717961 135
1725358145822 18.23035175550538 136
1725358145842 18.016997372897368 137
1725358145863 17.80744250238807 138
1725358145883 17.60161192560827 139
1725358145907 17.39943203559634 140
1725358145926 17.200830800472463 141
1725358145946 17.005737727956912 142
1725358145965 16.81408383071287 143
1725358145988 16.625801592494057 144
1725358146006 16.440824935077853 145
1725358146032 16.259089185965834 146
1725358146057 16.080531046833364 147
1725358146077 15.90508856271025 148
1725358146098 15.732701091875585 149
1725358146119 15.563309276449832 150
1725358146137 15.396855013667224 151
1725358146156 15.233281427813345 152
1725358146175 15.072532842811167 153
1725358146195 14.914554755440722 154
1725358146214 14.759293809177995 155
1725358146233 14.606697768637058 156
1725358146252 14.456715494602623 157
1725358146270 14.309296919638536 158
1725358146289 14.16439302425833 159
1725358146308 14.021955813645008 160
1725358146327 13.881938294907318 161
1725358146348 13.744294454859194 162
1725358146365 13.608979238310782 163
1725358146384 13.475948526858492 164
1725358146399 13.34515911816277 165
1725358146419 13.216568705701679 166
1725358146438 13.090135858989612 167
1725358146457 12.9658200042497 168
1725358146475 12.84358140552976 169
1725358146498 12.723381146250755 170
1725358146517 12.605181111178664 171
1725358146536 12.488943968808378 172
1725358146555 12.374633154151306 173
1725358146575 12.262212851916416 174
1725358146593 12.151647980075806 175
1725358146612 12.042904173805864 176
1725358146629 11.935947769794879 177
1725358146647 11.83074579090897 178
1725358146665 11.72726593120763 179
1725358146684 11.625476541300758 180
1725358146704 11.525346614039439 181
1725358146734 11.426845770532255 182
1725358146751 11.32994424648004 183
1725358146770 11.234612878821048 184
1725358146789 11.140823092679796 185
1725358146808 11.048546888612336 186
1725358146827 10.957756830140879 187
1725358146846 10.868426031571163 188
1725358146864 10.78052814608612 189
1725358146882 10.694037354109087 190
1725358146901 10.608928351930574 191
1725358146922 10.525176340592154 192
1725358146942 10.442757015021956 193
1725358146961 10.36164655341536 194
1725358146980 10.281821606855493 195
1725358147003 10.203259289168173 196
1725358147020 10.125937167005247 197
1725358147042 10.049833250151506 198
1725358147064 9.974925982050099 199
1725358147082 9.901194230540636 200
1725358147100 9.828617278805966 201
1725358147118 9.757174816522246 202
1725358147137 9.68684693120758 203
1725358147155 9.617614099764978 204
1725358147174 9.549457180214675 205
1725358147193 9.482357403612031 206
1725358147215 9.416296366145845 207
1725358147234 9.351256021414015 208
1725358147255 9.287218672871434 209
1725358147276 9.224166966446674 210
1725358147295 9.162083883323586 211
1725358147316 9.100952732883698 212
1725358147334 9.040757145806037 213
1725358147353 8.981481067320455 214
1725358147372 8.92310875061121 215
1725358147391 8.865624750367022 216
1725358147409 8.809013916474548 217
1725358147429 8.753261387851715 218
1725358147448 8.69835258641793 219
1725358147468 8.644273211197717 220
1725358147489 8.591009232554994 221
1725358147511 8.538546886555062 222
1725358147534 8.48687266945081 223
1725358147555 8.435973332291013 224
1725358147575 8.385835875647501 225
1725358147594 8.336447544458451 226
1725358147615 8.287795822985352 227
1725358147633 8.239868429880998 228
1725358147652 8.192653313365737 229
1725358147672 8.146138646509826 230
1725358147691 8.100312822619237 231
1725358147710 8.055164450722708 232
1725358147738 8.010682351157469 233
1725358147760 7.966855551251876 234
1725358147779 7.923673281102025 235
1725358147799 7.881124969441045 236
1725358147817 7.839200239598168 237
1725358147837 7.79788890554617 238
1725358147858 7.75718096803468 239
1725358147878 7.717066610807712 240
1725358147897 7.67753619690347 241
1725358147917 7.638580265034407 242
1725358147938 7.600189526045774 243
1725358147957 7.562354859451094 244
1725358147978 7.525067310042421 245
1725358147994 7.488318084573999 246
1725358148015 7.452098548517643 247
1725358148039 7.416400222887961 248
1725358148061 7.381214781136177 249
1725358148081 7.346534046110703 250
1725358148100 7.312349987083255 251
1725358148121 7.278654716838771 252
1725358148143 7.245440488827678 253
1725358148161 7.212699694379512 254
1725358148181 7.180424859975902 255
1725358148202 7.1486086445821035 256
1725358148224 7.117243837035417 257
1725358148245 7.086323353489511 258
1725358148268 7.055840234912983 259
1725358148291 7.0257876446414365 260
1725358148311 6.996158865981512 261
1725358148331 6.966947299865792 262
1725358148351 6.938146462557559 263
1725358148374 6.9097499834040645 264
1725358148393 6.881751602637543 265
1725358148415 6.854145169222579 266
1725358148434 6.826924638748937 267
1725358148457 6.8000840713689445 268
1725358148477 6.7736176297782285 269
1725358148495 6.747519577238939 270
1725358148515 6.72178427564457 271
1725358148534 6.696406183625385 272
1725358148554 6.67137985469343 273
1725358148572 6.646699935426604 274
1725358148591 6.622361163690454 275
1725358148611 6.598358366897288 276
1725358148631 6.574686460301471 277
1725358148650 6.551340445330277 278
1725358148669 6.528315407949426 279
1725358148689 6.5056065170625486 280
1725358148709 6.48320902294394 281
1725358148740 6.461118255703615 282
1725358148759 6.439329623784373 283
1725358148779 6.417838612489477 284
1725358148799 6.396640782541268 285
1725358148819 6.375731768668954 286
1725358148840 6.355107278225746 287
1725358148860 6.33476308983428 288
1725358148880 6.314695052059978 289
1725358148901 6.294899082111256 290
1725358148921 6.2753711645667485 291
1725358148941 6.256107350128149 292
1725358148961 6.237103754398649 293
1725358148982 6.218356556686397 294
1725358149002 6.199861998831939 295
1725358149023 6.181616384059734 296
1725358149046 6.163616075852924 297
1725358149069 6.1458574968507635 298
1725358149089 6.128337127768549 299
1725358149109 6.111051506338954 300
1725358149130 6.093997226275185 301
1725358149151 6.077170936254638 302
1725358149172 6.0605693389231785 303
1725358149193 6.044189189919169 304
1725358149211 6.0280272969173385 305
1725358149231 6.012080518691519 306
1725358149250 5.996345764196195 307
1725358149274 5.98081999166638 308
1725358149293 5.965500207735338 309
1725358149312 5.9503834665698845 310
1725358149331 5.935466869022825 311
1725358149350 5.920747561802141 312
1725358149370 5.906222736656734 313
1725358149389 5.891889629577925 314
1725358149408 5.877745520017193 315
1725358149428 5.863787730118773 316
1725358149449 5.850013623967703 317
1725358149469 5.836420606852399 318
1725358149488 5.823006124541793 319
1725358149509 5.8097676625765375 320
1725358149530 5.796702745574009 321
1725358149552 5.783808936546895 322
1725358149577 5.771083836235015 323
1725358149595 5.758525082450137 324
1725358149615 5.746130349433442 325
1725358149635 5.733897347225363 326
1725358149659 5.721823821047718 327
1725358149679 5.709907550697698 328
1725358149698 5.6981463499534675 329
1725358149717 5.686538065991166 330
1725358149736 5.675080578813281 331
1725358149766 5.663771800687609 332
1725358149784 5.652609675597358 333
1725358149803 5.641592178701234 334
1725358149822 5.630717315804394 335
1725358149842 5.61998312283886 336
1725358149863 5.609387665354201 337
1725358149885 5.59892903801769 338
1725358149903 5.58860536412386 339
1725358149923 5.57841479511349 340
1725358149941 5.568355510101438 341
1725358149960 5.558425715413461 342
1725358149980 5.548623644131669 343
1725358149998 5.5389475556485985 344
1725358150017 5.529395735229413 345
1725358150036 5.519966493582487 346
1725358150060 5.510658166437788 347
1725358150077 5.501469114133283 348
1725358150097 5.492397721208789 349
1725358150116 5.483442396007607 350
1725358150135 5.474601570285264 351
1725358150152 5.4658736988256225 352
1725358150171 5.4572572590639545 353
1725358150192 5.4487507507169886 354
1725358150213 5.4403526954198655 355
1725358150233 5.432061636369444 356
1725358150255 5.423876137974299 357
1725358150275 5.4157947855111885 358
1725358150297 5.407816184787539 359
1725358150317 5.399938961810226 360
1725358150333 5.3921617624602955 361
1725358150351 5.38448325217357 362
1725358150371 5.37690211562703 363
1725358150390 5.369417056430767 364
1725358150410 5.362026796825634 365
1725358150427 5.3547300773862 366
1725358150447 5.347525656728933 367
1725358150471 5.340412311225896 368
1725358150499 5.333388834723171 369
1725358150519 5.326454038264578 370
1725358150542 5.319606749820217 371
1725358150561 5.312845814019723 372
1725358150582 5.306170091890388 373
1725358150605 5.299578460599795 374
1725358150626 5.293069813203068 375
1725358150645 5.286643058394487 376
1725358150669 5.2802971202634295 377
1725358150689 5.2740309380549055 378
1725358150710 5.2678434659336535 379
1725358150731 5.261733672753012 380
1725358150752 5.255700541827408 381
1725358150779 5.249743070708859 382
1725358150799 5.243860270967506 383
1725358150818 5.238051167975764 384
1725358150839 5.232314800696257 385
1725358150859 5.226650221473456 386
1725358150879 5.221056495828815 387
1725358150899 5.215532702259484 388
1725358150922 5.210077932040471 389
1725358150940 5.204691289030123 390
1725358150959 5.199371889478939 391
1725358150979 5.19411886184171 392
1725358150998 5.188931346592794 393
1725358151017 5.183808496044432 394
1725358151036 5.17874947416834 395
1725358151058 5.173753456420168 396
1725358151078 5.168819629566858 397
1725358151098 5.163947191517104 398
1725358151117 5.15913535115446 399
1725358151141 5.154383328173369 400
1725358151161 5.149690352917889 401
1725358151181 5.145055666223001 402
1725358151205 5.140478519258849 403
1725358151226 5.135958173377165 404
1725358151245 5.131493899960597 405
1725358151264 5.127084980274307 406
1725358151285 5.122730705320089 407
1725358151303 5.118430375692926 408
1725358151323 5.1141833014398275 409
1725358151343 5.109988801921055 410
1725358151362 5.105846205673562 411
1725358151382 5.10175485027667 412
1725358151403 5.097714082220014 413
1725358151424 5.093723256773485 414
1725358151444 5.089781737859455 415
1725358151463 5.085888897926925 416
1725358151483 5.082044117827785 417
1725358151502 5.078246786695119 418
1725358151521 5.0744963018232845 419
1725358151540 5.070792068550159 420
1725358151560 5.067133500141094 421
1725358151580 5.063520017674799 422
1725358151600 5.059951049931078 423
1725358151620 5.0564260332802204 424
1725358151640 5.0529444115743845 425
1725358151660 5.04950563604046 426
1725358151677 5.046109165174785 427
1725358151699 5.042754464639488 428
1725358151719 5.03944100716041 429
1725358151739 5.036168272426738 430
1725358151761 5.032935746992178 431
1725358151791 5.029742924177563 432
1725358151811 5.0265893039752365 433
1725358151830 5.02347439295461 434
1725358151849 5.020397704169552 435
1725358151869 5.017358757066843 436
1725358151885 5.014357077396428 437
1725358151906 5.011392197122691 438
1725358151923 5.0084636543374685 439
1725358151942 5.005570993174082 440
1725358151958 5.002713763722922 441
1725358151978 4.9998915219482045 442
1725358151996 4.997103829606147 443
1725358152014 4.994350254164124 444
1725358152036 4.991630368721438 445
1725358152056 4.988943751930991 446
1725358152076 4.986289987922277 447
1725358152095 4.983668666225563 448
1725358152117 4.981079381697149 449
1725358152138 4.978521734445854 450
1725358152158 4.975995329760543 451
1725358152177 4.97349977803874 452
1725358152196 4.971034694716401 453
1725358152216 4.9685997001986655 454
1725358152235 4.96619441979167 455
1725358152255 4.963818483635392 456
1725358152275 4.961471526637544 457
1725358152292 4.959153188408302 458
1725358152312 4.956863113196211 459
1725358152330 4.954600949824944 460
1725358152349 4.95236635163091 461
1725358152368 4.950158976402033 462
1725358152389 4.947978486317122 463
1725358152407 4.945824547886434 464
1725358152427 4.9436968318929635 465
1725358152446 4.9415950133345365 466
1725358152464 4.939518771366929 467
1725358152483 4.9374677892476715 468
1725358152501 4.935441754280799 469
1725358152520 4.933440357762269 470
1725358152539 4.931463294926313 471
1725358152559 4.929510264892513 472
1725358152578 4.9275809706135965 473
1725358152597 4.925675118824042 474
1725358152614 4.923792419989545 475
1725358152632 4.921932588256973 476
1725358152652 4.920095341405221 477
1725358152671 4.918280400796742 478
1725358152691 4.916487491329736 479
1725358152711 4.914716341391093 480
1725358152730 4.9129666828099205 481
1725358152748 4.91123825081184 482
1725358152766 4.909530783973874 483
1725358152796 4.907844024180018 484
1725358152815 4.90617771657736 485
1725358152834 4.904531609532957 486
1725358152853 4.902905454591207 487
1725358152874 4.901299006431969 488
1725358152895 4.899712022829031 489
1725358152914 4.89814426460951 490
1725358152934 4.896595495613482 491
1725358152953 4.895065482654432 492
1725358152974 4.893553995480113 493
1725358152994 4.892060806734083 494
1725358153016 4.890585691917618 495
1725358153041 4.88912842935236 496
1725358153060 4.887688800143331 497
1725358153082 4.886266588142515 498
1725358153101 4.884861579912941 499
