1725420566718 157.18765244947238 0
1725420566753 144.54533253615799 1
1725420566794 128.1396095308712 2
1725420566829 115.78706975417879 3
1725420566872 108.61116185837464 4
1725420566892 101.04497145401604 5
1725420566923 92.52971380755233 6
1725420566955 81.72136064715384 7
1725420566987 78.42746775401523 8
1725420567022 72.04543305871303 9
1725420567056 68.5288005852211 10
1725420567095 60.70484967064203 11
1725420567130 56.34489149174966 12
1725420567160 50.73411200712717 13
1725420567191 49.02298004685637 14
1725420567225 46.51930997849377 15
1725420567262 41.51273903858229 16
1725420567291 39.33686561640906 17
1725420567321 35.82243079394134 18
1725420567353 32.71222219449213 19
1725420567389 31.592053789001515 20
1725420567421 30.082754126130062 21
1725420567452 27.949395731659035 22
1725420567487 26.281993969962198 23
1725420567522 23.914833338960044 24
1725420567555 23.709335204045562 25
1725420567588 22.885155259590974 26
1725420567621 20.95870965684739 27
1725420567657 19.4689370241426 28
1725420567689 18.283187320724803 29
1725420567718 16.901022524681316 30
1725420567754 17.93496637848991 31
1725420567787 15.757432953026386 32
1725420567820 15.821357369662325 33
1725420567853 13.55949446599135 34
1725420567886 13.416715063285539 35
1725420567915 12.790223011268225 36
1725420567951 12.534951637016535 37
1725420567990 12.804820469040845 38
1725420568066 12.217790330552722 39
1725420568094 11.795659466933644 40
1725420568126 10.945689066515571 41
1725420568154 10.501166405160484 42
1725420568188 9.682528134267827 43
1725420568221 9.399577332157289 44
1725420568253 8.930027146534728 45
1725420568287 9.476043251962379 46
1725420568319 8.775296238979314 47
1725420568349 8.869235841515255 48
1725420568381 8.726730921357634 49
1725420568415 7.955004106368759 50
1725420568445 8.009248486274382 51
1725420568479 7.707989329818434 52
1725420568507 7.2626275505494045 53
1725420568540 7.881419936019107 54
1725420568572 6.98362977266028 55
1725420568605 7.134637167401216 56
1725420568638 7.043398863432315 57
1725420568670 6.458887707888973 58
1725420568702 6.712272236899379 59
1725420568723 6.912320351065228 60
1725420568755 6.233214571526687 61
1725420568789 6.395987642098358 62
1725420568822 6.4100678698908515 63
1725420568856 6.548891440942016 64
1725420568889 5.896510720546928 65
1725420568923 5.964746102720547 66
1725420568955 6.117412014073061 67
1725420568988 5.982138442557514 68
1725420569023 6.043069852749329 69
1725420569053 5.752193323208582 70
1725420569085 5.765706776738206 71
1725420569123 5.85175883649389 72
1725420569154 5.893860438680222 73
1725420569186 5.9030514780910694 74
1725420569223 5.554734953509211 75
1725420569257 5.676217297683019 76
1725420569290 5.459866112917091 77
1725420569322 5.167166777987344 78
1725420569355 5.181605791472437 79
1725420569387 5.61647694889963 80
1725420569421 5.373617118581983 81
1725420569455 5.21378419163504 82
1725420569489 5.36587608410375 83
1725420569515 5.247943120753904 84
1725420569544 5.109109254490357 85
1725420569573 5.333216182614081 86
1725420569607 4.931938673282396 87
1725420569642 5.3826923670979765 88
1725420569679 4.817279590955605 89
1725420569710 4.59273396918818 90
1725420569744 5.211552845553289 91
1725420569775 5.0063171142553085 92
1725420569809 5.334622896226324 93
1725420569843 5.056102354255522 94
1725420569876 5.0286844000425 95
1725420569909 4.918729920688269 96
1725420569944 5.018008282657318 97
1725420569978 4.784630061606444 98
1725420570013 5.129924749844894 99
1725420570043 5.159115034485434 100
1725420570074 5.226815957132699 101
1725420570112 4.636471702470153 102
1725420570140 4.955099527555805 103
1725420570174 5.115932683054337 104
1725420570207 4.868262741348872 105
1725420570241 4.888302760667 106
1725420570274 4.784423620483055 107
1725420570309 4.659485776414308 108
1725420570343 4.750919216032038 109
1725420570386 4.965326086463628 110
1725420570415 4.8729639480093425 111
1725420570449 4.796397277312269 112
1725420570482 4.741412906959286 113
1725420570515 4.662969737720945 114
1725420570547 4.904581220886831 115
1725420570577 4.92819142641578 116
1725420570611 4.759081984457596 117
1725420570641 4.821668988303697 118
1725420570668 4.796645126874148 119
1725420570701 4.966977150557268 120
1725420570727 4.724184952253224 121
1725420570755 4.810775937166739 122
1725420570783 4.429112605836823 123
1725420570817 4.903430774183213 124
1725420570852 5.346050556590089 125
1725420570888 4.903641045139081 126
1725420570914 4.9254935242433175 127
1725420570943 4.656789020208516 128
1725420570975 4.809987223464871 129
1725420571007 4.8743003289364735 130
1725420571039 5.024260373638034 131
1725420571069 5.017267184854715 132
1725420571101 4.796326088924387 133
1725420571133 4.9260443088174375 134
1725420571162 4.993383430690685 135
1725420571188 4.592691521386327 136
1725420571214 4.510366946949222 137
1725420571249 4.759804855749974 138
1725420571281 4.792886774259841 139
1725420571314 4.873800504684493 140
1725420571348 5.0851627612418255 141
1725420571379 4.660786197181329 142
1725420571417 4.7950574576344005 143
1725420571450 4.9727685759678435 144
1725420571483 4.885758949066173 145
1725420571513 4.591190558947403 146
1725420571547 4.995549013755709 147
1725420571581 4.858727155062199 148
1725420571615 4.896435357682186 149
1725420571648 4.813640960689174 150
1725420571680 4.4836695454145525 151
1725420571711 4.441866312756391 152
1725420571742 4.701590963530628 153
1725420571776 4.557781303927265 154
1725420571809 4.548891226942757 155
1725420571842 4.889737642188632 156
1725420571873 4.85902766937195 157
1725420571905 4.789665804018555 158
1725420571937 4.720145099070424 159
1725420571965 4.793925420727807 160
1725420572006 4.2521957325860615 161
1725420572030 4.83800282696822 162
1725420572044 4.723105088686463 163
1725420572061 4.642071371081342 164
1725420572077 5.035250722983583 165
1725420572093 4.722618290919831 166
1725420572109 4.761951891862019 167
1725420572127 4.9176251433554174 168
1725420572144 5.197985085705042 169
1725420572169 5.147357332505037 170
1725420572199 5.429599639897388 171
1725420572229 5.27908293295639 172
1725420572252 4.9157057160590565 173
1725420572276 4.923023763367027 174
1725420572295 4.931972496519026 175
1725420572316 4.502438690644964 176
1725420572335 4.735834861585483 177
1725420572356 4.682268537601945 178
1725420572376 4.683140386570883 179
