1725354688990 174.08718348974392 0
1725354689022 174.06870346240646 1
1725354689042 174.05095712729894 2
1725354689061 174.03321257301093 3
1725354689082 174.01546983984719 4
1725354689102 173.99772892761544 5
1725354689123 173.979989836126 6
1725354689147 173.96225256518912 7
1725354689177 173.94451711461508 8
1725354689201 173.92678348421424 9
1725354689228 173.90905167379682 10
1725354689250 173.89132168317315 11
1725354689272 173.87359351215375 12
1725354689291 173.85586716054888 13
1725354689310 173.83814262816898 14
1725354689329 173.82041991482444 15
1725354689349 173.80269902032572 16
1725354689368 173.7849799444833 17
1725354689392 173.76726268710763 18
1725354689416 173.7495472480093 19
1725354689438 173.7318336269987 20
1725354689457 173.71412182388647 21
1725354689474 173.6964118384832 22
1725354689499 173.67870367059936 23
1725354689521 173.66099732004568 24
1725354689549 173.6432927866327 25
1725354689568 173.62559007017114 26
1725354689587 173.60788917047162 27
1725354689607 173.5901900873448 28
1725354689629 173.5724928206015 29
1725354689650 173.55479737005234 30
1725354689673 173.5371037355081 31
1725354689696 173.51941191677955 32
1725354689716 173.5017219136775 33
1725354689740 173.4840337260127 34
1725354689760 173.4663473535961 35
1725354689779 173.4486627962384 36
1725354689799 173.4309800537506 37
1725354689820 173.41329912594352 38
1725354689842 173.39562001262806 39
1725354689865 173.37794271361523 40
1725354689883 173.36026722871588 41
1725354689904 173.34259355774105 42
1725354689924 173.32492170050173 43
1725354689948 173.30725165680892 44
1725354689967 173.28958342647368 45
1725354689985 173.27191700930695 46
1725354690003 173.25425240511996 47
1725354690034 173.23658961372377 48
1725354690055 173.2189286349294 49
1725354690075 173.20126946854805 50
1725354690095 173.18361211439085 51
1725354690126 173.16595657226907 52
1725354690203 173.14830284199377 53
1725354690259 173.13065092337624 54
1725354690321 173.1130008162277 55
1725354690355 173.09535252035943 56
1725354690375 173.07770603558268 57
1725354690397 173.06006136170873 58
1725354690415 173.04241849854895 59
1725354690437 173.0247774459146 60
1725354690456 173.00713820361713 61
1725354690476 172.98950077146785 62
1725354690500 172.9718651492782 63
1725354690524 172.95423133685958 64
1725354690544 172.9365993340234 65
1725354690564 172.9189691405812 66
1725354690586 172.90134075634438 67
1725354690608 172.88371418112445 68
1725354690627 172.86608941473295 69
1725354690646 172.8484664569814 70
1725354690665 172.83084530768144 71
1725354690684 172.81322596664458 72
1725354690703 172.79560843368236 73
1725354690722 172.77799270860652 74
1725354690744 172.76037879122865 75
1725354690763 172.7427666813604 76
1725354690782 172.72515637881344 77
1725354690801 172.7075478833995 78
1725354690819 172.68994119493036 79
1725354690839 172.67233631321764 80
1725354690858 172.65473323807316 81
1725354690879 172.6371319693087 82
1725354690901 172.6195325067361 83
1725354690920 172.60193485016714 84
1725354690942 172.5843389994137 85
1725354690965 172.56674495428757 86
1725354690988 172.54915271460067 87
1725354691007 172.53156228016493 88
1725354691026 172.51397365079228 89
1725354691058 172.49638682629464 90
1725354691077 172.47880180648397 91
1725354691098 172.46121859117224 92
1725354691116 172.4436371801715 93
1725354691135 172.42605757329375 94
1725354691156 172.40847977035105 95
1725354691175 172.39090377115542 96
1725354691197 172.373329575519 97
1725354691215 172.35575718325384 98
1725354691234 172.33818659417213 99
1725354691257 172.32061780808596 100
1725354691282 172.30305082480757 101
1725354691300 172.28548564414905 102
1725354691321 172.2679222659227 103
1725354691341 172.25036068994063 104
1725354691368 172.23280091601524 105
1725354691392 172.21524294395863 106
1725354691412 172.19768677358323 107
1725354691431 172.18013240470128 108
1725354691450 172.1625798371251 109
1725354691468 172.14502907066708 110
1725354691488 172.1274801051395 111
1725354691509 172.10993294035487 112
1725354691528 172.0923875761255 113
1725354691546 172.07484401226392 114
1725354691565 172.05730224858246 115
1725354691584 172.03976228489364 116
1725354691604 172.02222412100997 117
1725354691624 172.00468775674395 118
1725354691647 171.98715319190808 119
1725354691665 171.96962042631495 120
1725354691685 171.95208945977706 121
1725354691705 171.9345602921071 122
1725354691723 171.91703292311757 123
1725354691743 171.89950735262119 124
1725354691761 171.88198358043056 125
1725354691781 171.8644616063584 126
1725354691802 171.84694143021733 127
1725354691821 171.8294230518201 128
1725354691841 171.8119064709794 129
1725354691860 171.79439168750807 130
1725354691879 171.77687870121878 131
1725354691897 171.75936751192438 132
1725354691916 171.74185811943767 133
1725354691934 171.72435052357147 134
1725354691954 171.70684472413865 135
1725354691972 171.68934072095206 136
1725354691989 171.67183851382458 137
1725354692011 171.65433810256914 138
1725354692028 171.63683948699867 139
1725354692070 171.61934266692612 140
1725354692102 171.60184764216447 141
1725354692134 171.5843544125267 142
1725354692158 171.5668629778258 143
1725354692191 171.54937333787484 144
1725354692219 171.53188549248682 145
1725354692244 171.5143994414749 146
1725354692267 171.4969151846521 147
1725354692291 171.47943272183153 148
1725354692314 171.46195205282635 149
1725354692334 171.44447317744968 150
1725354692356 171.42699609551477 151
1725354692380 171.4095208068347 152
1725354692401 171.39204731122274 153
1725354692420 171.37457560849217 154
1725354692440 171.35710569845614 155
1725354692461 171.33963758092798 156
1725354692481 171.322171255721 157
1725354692515 171.3047067226485 158
1725354692546 171.28724398152372 159
1725354692572 171.26978303216012 160
1725354692595 171.2523238743711 161
1725354692627 171.23486650796994 162
1725354692653 171.21741093277012 163
1725354692691 171.19995714858507 164
1725354692716 171.1825051552282 165
1725354692743 171.16505495251303 166
1725354692766 171.14760654025304 167
1725354692786 171.13015991826174 168
1725354692809 171.11271508635267 169
1725354692832 171.09527204433934 170
1725354692854 171.07783079203534 171
1725354692876 171.06039132925432 172
1725354692898 171.04295365580984 173
1725354692932 171.0255177715155 174
1725354692954 171.008083676185 175
1725354692973 170.99065136963208 176
1725354692994 170.97322085167028 177
1725354693016 170.9557921221134 178
1725354693037 170.93836518077518 179
1725354693056 170.92094002746936 180
1725354693079 170.90351666200968 181
1725354693101 170.88609508420996 182
1725354693124 170.86867529388402 183
1725354693142 170.8512572908457 184
1725354693168 170.8338410749088 185
1725354693193 170.81642664588725 186
1725354693213 170.79901400359492 187
1725354693236 170.78160314784571 188
1725354693258 170.76419407845356 189
1725354693282 170.74678679523242 190
1725354693306 170.72938129799627 191
1725354693332 170.71197758655907 192
1725354693361 170.69457566073493 193
1725354693382 170.67717552033776 194
1725354693403 170.65977716518165 195
1725354693424 170.6423805950807 196
1725354693448 170.62498580984902 197
1725354693468 170.60759280930066 198
1725354693490 170.5902015932498 199
1725354693511 170.5728121615105 200
1725354693533 170.55542451389707 201
1725354693564 170.5380386502236 202
1725354693678 170.52065457030437 203
1725354693697 170.50327227395357 204
1725354693717 170.48589176098542 205
1725354693739 170.46851303121426 206
1725354693760 170.45113608445433 207
1725354693782 170.43376092052 208
1725354693803 170.41638753922552 209
1725354693825 170.39901594038528 210
1725354693854 170.38164612381365 211
1725354693876 170.36427808932507 212
1725354693906 170.34691183673385 213
1725354693928 170.32954736585452 214
1725354693948 170.31218467650143 215
1725354693974 170.29482376848912 216
1725354693998 170.27746464163206 217
1725354694022 170.2606264460276 218
1725354694047 170.24353036504297 219
1725354694079 170.22643603865953 220
1725354694102 170.20934345369076 221
1725354694125 170.19225260995648 222
1725354694146 170.17516350727584 223
1725354694165 170.15807614546807 224
1725354694187 170.14099052435236 225
1725354694207 170.12390664374792 226
1725354694230 170.10682450347406 227
1725354694253 170.08974410335003 228
1725354694276 170.0726654431951 229
1725354694295 170.05558852282863 230
1725354694320 170.0385133420699 231
1725354694342 170.0214399007383 232
1725354694365 170.0043681986532 233
1725354694386 169.98729823563397 234
1725354694404 169.9702300115 235
1725354694425 169.95316352607077 236
1725354694445 169.9360987791657 237
1725354694465 169.91903577060424 238
1725354694483 169.90197450020594 239
1725354694501 169.88491496779022 240
1725354694522 169.86785717317667 241
1725354694546 169.85080111618484 242
1725354694570 169.8337467966342 243
1725354694590 169.81669421434447 244
1725354694612 169.79964336913514 245
1725354694638 169.78259426082587 246
1725354694662 169.76554688923636 247
1725354694683 169.74850125418615 248
1725354694706 169.73145735549505 249
1725354694724 169.71441519298267 250
1725354694742 169.69737476646878 251
1725354694765 169.68033607577308 252
1725354694783 169.66329912071532 253
1725354694805 169.6462639011153 254
1725354694825 169.62923041679286 255
1725354694845 169.61219866756775 256
1725354694865 169.59516865325983 257
1725354694884 169.57814037368897 258
1725354694905 169.561113828675 259
1725354694926 169.54408901803782 260
1725354694947 169.52706594159739 261
1725354694967 169.51004459917357 262
1725354694987 169.4930249905864 263
1725354695005 169.47600711565576 264
1725354695025 169.45899097420173 265
1725354695044 169.44197656604425 266
1725354695063 169.42496389100336 267
1725354695091 169.40795294889912 268
1725354695110 169.3909437395516 269
1725354695134 169.37393626278083 270
1725354695154 169.35693051840704 271
1725354695180 169.33992650625024 272
1725354695201 169.3229242261306 273
1725354695226 169.30592367786832 274
1725354695247 169.28892486128353 275
1725354695267 169.2719277761965 276
1725354695286 169.25493242242737 277
1725354695306 169.2379387997964 278
1725354695325 169.2209469081239 279
1725354695349 169.2039567472301 280
1725354695371 169.18696831693535 281
1725354695389 169.1699816170599 282
1725354695411 169.15299664742415 283
1725354695433 169.1360134078484 284
1725354695460 169.11903189815305 285
1725354695483 169.10205211815847 286
1725354695513 169.08507406768516 287
1725354695566 169.06809774655343 288
1725354695599 169.05112315458385 289
1725354695636 169.0341502915968 290
1725354695671 169.0171791574128 291
1725354695702 169.0002097518524 292
1725354695727 168.98324207473604 293
1725354695760 168.96627612588438 294
1725354695782 168.9493119051179 295
1725354695806 168.9323494122572 296
1725354695825 168.9153886471229 297
1725354695849 168.89842960953567 298
1725354695871 168.88147229931607 299
1725354695890 168.8645167162848 300
1725354695910 168.84756286026257 301
1725354695932 168.8306107310701 302
1725354695955 168.81366032852802 303
1725354695974 168.79671165245713 304
1725354695995 168.7797647026782 305
1725354696015 168.76281947901197 306
1725354696034 168.74587598127928 307
1725354696049 168.72893420930092 308
1725354696070 168.71199416289772 309
1725354696097 168.69505584189054 310
1725354696112 168.6781192461003 311
1725354696130 168.66118437534783 312
1725354696150 168.64425122945408 313
1725354696172 168.62731980824 314
1725354696193 168.6103901115265 315
1725354696211 168.59346213913454 316
1725354696231 168.57653589088517 317
1725354696250 168.5596113665994 318
1725354696277 168.54268856609815 319
1725354696298 168.52576748920262 320
1725354696318 168.50884813573373 321
1725354696338 168.49193050551267 322
1725354696357 168.47501459836053 323
1725354696377 168.45810041409842 324
1725354696397 168.44118795254747 325
1725354696416 168.42427721352882 326
1725354696434 168.40736819686373 327
1725354696456 168.39046090237332 328
1725354696477 168.37355532987888 329
1725354696497 168.3566514792016 330
1725354696518 168.33974935016275 331
1725354696542 168.32284894258362 332
1725354696563 168.30595025628554 333
1725354696592 168.28905329108974 334
1725354696623 168.27215804681762 335
1725354696649 168.2552645232905 336
1725354696672 168.23837272032978 337
1725354696693 168.22148263775688 338
1725354696711 168.2045942753931 339
1725354696731 168.18770763306003 340
1725354696749 168.17082271057896 341
1725354696769 168.15393950777147 342
1725354696789 168.13705802445904 343
1725354696809 168.12017826046315 344
1725354696831 168.10330021560526 345
1725354696852 168.08642388970705 346
1725354696872 168.06954928259 347
1725354696891 168.05267639407572 348
1725354696915 168.03580522398582 349
1725354696941 168.01893577214187 350
1725354696967 168.00206803836556 351
1725354696992 167.98520202247857 352
1725354697020 167.96833772430256 353
1725354697051 167.9514751436592 354
1725354697080 167.93461428037023 355
1725354697123 167.91775513425736 356
1725354697171 167.90089770514243 357
1725354697192 167.8840419928471 358
1725354697219 167.8671879971932 359
1725354697243 167.8503357180026 360
1725354697263 167.83348515509712 361
1725354697286 167.81663630829857 362
1725354697308 167.79978917742886 363
1725354697328 167.78294376230986 364
1725354697347 167.76610006276343 365
1725354697367 167.74925807861158 366
1725354697389 167.73241780967624 367
1725354697411 167.7155792557793 368
1725354697431 167.69874241674285 369
1725354697449 167.68190729238887 370
1725354697468 167.66507388253933 371
1725354697489 167.6482421870163 372
1725354697509 167.63141220564188 373
1725354697530 167.61458393823807 374
1725354697553 167.59775738462704 375
1725354697575 167.58093254463088 376
1725354697596 167.56410941807175 377
1725354697621 167.5472880047718 378
1725354697641 167.53046830455318 379
1725354697662 167.5136503172381 380
1725354697682 167.49683404264877 381
1725354697703 167.4800194806074 382
1725354697722 167.46320663093633 383
1725354697740 167.44639549345774 384
1725354697758 167.42958606799397 385
1725354697778 167.4127783543673 386
1725354697800 167.39597235240007 387
1725354697875 167.3791680619146 388
1725354697894 167.36236548273334 389
1725354697913 167.34556461467858 390
1725354697931 167.32876545757279 391
1725354697950 167.31196801123835 392
1725354697970 167.2951722754977 393
1725354697992 167.27837825017332 394
1725354698011 167.26158593508774 395
1725354698029 167.24479533006334 396
1725354698049 167.22800643492278 397
1725354698068 167.2112192494885 398
1725354698093 167.19443377358309 399
1725354698121 167.17765000702911 400
1725354698141 167.16086794964917 401
1725354698160 167.14408760126585 402
1725354698181 167.12730896170183 403
1725354698201 167.11053203077978 404
1725354698222 167.09375680832233 405
1725354698241 167.07698329415211 406
1725354698261 167.0602114880919 407
1725354698281 167.04344138996447 408
1725354698297 167.02667299959248 409
1725354698317 167.00990631679872 410
1725354698337 166.99314134140604 411
1725354698357 166.97637807323716 412
1725354698376 166.95961651211493 413
1725354698396 166.9428566578622 414
1725354698414 166.9260985103018 415
1725354698432 166.90934206925667 416
1725354698455 166.89258733454966 417
1725354698475 166.87583430600367 418
1725354698497 166.85908298344168 419
1725354698517 166.84233336668666 420
1725354698535 166.82558545556154 421
1725354698577 166.8088392498893 422
1725354698634 166.79209474949303 423
1725354698663 166.77535195419568 424
1725354698684 166.75861086382037 425
1725354698707 166.74187147819012 426
1725354698734 166.72513379712802 427
1725354698767 166.70839782045718 428
1725354698841 166.69166354800075 429
1725354698884 166.67493097958183 430
1725354698919 166.65820011502367 431
1725354698946 166.64147095414936 432
1725354698975 166.62474349678214 433
1725354698997 166.6080177427452 434
1725354699023 166.5912936918619 435
1725354699047 166.5745713439553 436
1725354699071 166.55785069884885 437
1725354699093 166.54113175636576 438
1725354699134 166.52441451632936 439
1725354699155 166.507698978563 440
1725354699175 166.49098514289005 441
1725354699194 166.4742730091338 442
1725354699213 166.45756257711778 443
1725354699233 166.44085384666525 444
1725354699257 166.4241468175997 445
1725354699277 166.40744148974463 446
1725354699301 166.39073786292346 447
1725354699322 166.37403593695967 448
1725354699345 166.35733571167674 449
1725354699366 166.34063718689825 450
1725354699386 166.32394036244773 451
1725354699408 166.3072452381487 452
1725354699432 166.2905518138248 453
1725354699445 166.27386008929957 454
1725354699463 166.2571700643967 455
1725354699487 166.24048173893974 456
1725354699516 166.2237951127524 457
1725354699542 166.20711018565837 458
1725354699564 166.19042695748132 459
1725354699583 166.17374542804492 460
1725354699606 166.15706559717296 461
1725354699624 166.14038746468916 462
1725354699644 166.12371103041733 463
1725354699666 166.1070362941812 464
1725354699687 166.09036325580465 465
1725354699708 166.07369191511143 466
1725354699729 166.0570222719254 467
1725354699750 166.04035432607046 468
1725354699773 166.02368807737048 469
1725354699799 166.00702352564937 470
1725354699824 165.990360670731 471
1725354699844 165.97369951243934 472
1725354699865 165.95704005059835 473
1725354699891 165.94038228503206 474
1725354699911 165.92372621556436 475
1725354699931 165.90707184201932 476
1725354699952 165.89041916422096 477
1725354699972 165.87376818199337 478
1725354699991 165.8571188951606 479
1725354700012 165.84047130354668 480
1725354700034 165.82382540697586 481
1725354700056 165.80718120527206 482
1725354700073 165.79053869825964 483
1725354700095 165.77389788576264 484
1725354700124 165.7572587676053 485
1725354700157 165.74062134361174 486
1725354700182 165.72398561360626 487
1725354700207 165.70735157741308 488
1725354700234 165.6907192348565 489
1725354700255 165.6740885857607 490
1725354700274 165.65745962995004 491
1725354700291 165.64083236724883 492
1725354700311 165.62420679748143 493
1725354700332 165.60758292047214 494
1725354700354 165.59096073604536 495
1725354700377 165.57434024402548 496
1725354700400 165.55772144423696 497
1725354700425 165.5411043365041 498
1725354700446 165.52448892065144 499
