1725351184873 139.72692042166724 0
1725351184910 119.76000955661306 1
1725351184954 99.20714408783078 2
1725351184978 83.86766151039772 3
1725351184999 70.33826428493609 4
1725351185020 61.91531824556704 5
1725351185040 54.42796129982841 6
1725351185060 44.320454699755686 7
1725351185114 39.433516196668094 8
1725351185132 32.836630858890715 9
1725351185161 28.90684446544035 10
1725351185180 26.777689885664394 11
1725351185199 23.233068309854964 12
1725351185222 21.355139814998463 13
1725351185246 17.701725762609094 14
1725351185268 17.25822277030937 15
1725351185288 15.37962592547652 16
1725351185306 13.887512078348841 17
1725351185325 12.710847472603907 18
1725351185346 11.705480377025317 19
1725351185366 10.723244983897088 20
1725351185386 10.117523391347007 21
1725351185409 9.905252766896755 22
1725351185430 9.089537329811877 23
1725351185455 8.151592458608999 24
1725351185478 7.763994458584888 25
1725351185516 7.781208724348313 26
1725351185537 7.400205531374363 27
1725351185560 7.055837352488478 28
1725351185583 6.481505297042961 29
1725351185606 6.253983323969667 30
1725351185627 6.351073419018481 31
1725351185648 6.217363680872704 32
1725351185685 6.0158315587556865 33
1725351185708 5.755304772031365 34
1725351185730 5.831907825050247 35
1725351185756 5.675273221380116 36
1725351185782 5.357644396622525 37
1725351185803 5.527861438416898 38
1725351185825 5.267831121229993 39
1725351185844 5.418264724273063 40
1725351185865 5.329899620139354 41
1725351185885 5.188668768513603 42
1725351185905 5.15221707689906 43
1725351185925 5.292432878849016 44
1725351185948 4.766510838815765 45
1725351185967 5.324884146341377 46
1725351185986 5.657974957506543 47
1725351186004 4.861646691015158 48
1725351186023 4.87848138128591 49
1725351186042 4.67467258313757 50
1725351186061 4.946142608549481 51
1725351186083 5.015315401573162 52
1725351186157 4.781805730363533 53
1725351186191 4.928489747505395 54
1725351186213 4.912325785176888 55
1725351186242 4.6163110005412715 56
1725351186261 4.806246140782824 57
1725351186282 4.745959190283007 58
1725351186304 4.453379114287196 59
1725351186327 4.917760409935845 60
1725351186349 4.674511681611626 61
1725351186377 4.843783420867161 62
1725351186397 4.944882154037036 63
1725351186416 4.829973757625744 64
1725351186435 4.449757133416638 65
1725351186454 4.592719988883024 66
1725351186473 4.684688033756611 67
1725351186493 4.909113027651665 68
1725351186520 4.685368301266398 69
1725351186540 5.20123360969951 70
1725351186560 4.6668014353985185 71
1725351186582 4.747213311423187 72
1725351186609 5.042999708461663 73
1725351186629 4.938084208954942 74
1725351186652 4.7158744242660955 75
1725351186675 4.778758058815001 76
1725351186698 4.793641637543531 77
1725351186719 4.658507324096234 78
1725351186743 4.542841264994673 79
1725351186763 4.991162190342964 80
1725351186791 4.812554264493143 81
1725351186817 4.618832029286639 82
1725351186842 4.68805731488077 83
1725351186863 4.838243175524257 84
1725351186886 4.614302809641409 85
1725351186905 5.116684674338572 86
1725351186924 5.0384364047886265 87
1725351186944 4.506339878176403 88
1725351186964 4.87960174001926 89
1725351186983 4.571971834458834 90
1725351187004 5.0625182045438955 91
1725351187025 4.796827644992227 92
1725351187044 4.516557832701664 93
1725351187065 4.458493760637798 94
1725351187089 4.8767134523916225 95
1725351187115 4.7537424485435125 96
1725351187137 4.756421314705918 97
1725351187157 4.709494811189524 98
1725351187180 4.644935431992371 99
1725351187202 4.946423310103042 100
1725351187231 4.834890782977707 101
1725351187250 4.634950095634557 102
