1725349721265 169.15949537300654 0
1725349721304 167.91976120923113 1
1725349721348 166.78964417075335 2
1725349721381 165.72096163256128 3
1725349721441 164.69659392808228 4
1725349721480 163.7071961261806 5
1725349721512 162.74688062567634 6
1725349721544 161.81166592461187 7
1725349721575 160.89871059300918 8
1725349721600 160.005891992848 9
1725349721651 159.13156126281174 10
1725349721730 158.27439436989513 11
1725349721766 157.43329794348068 12
1725349721792 156.6073476187602 13
1725349721823 155.79574638091094 14
1725349721857 154.99779562087568 15
1725349721888 154.21287450910617 16
1725349721923 153.44042495667586 17
1725349721959 152.67994041927633 18
1725349721987 151.93095740147896 19
1725349722019 151.19304889572172 20
1725349722054 150.4658192324191 21
1725349722090 149.7488999762361 22
1725349722131 149.04194660970856 23
1725349722209 148.34463581773142 24
1725349722263 147.65666323659548 25
1725349722302 146.9777415665848 26
1725349722338 146.30759897239884 27
1725349722371 145.64597771395222 28
1725349722397 144.9926329635138 29
1725349722427 144.3473317750864 30
1725349722461 143.7098521793739 31
1725349722495 143.07998238331177 32
1725349722530 142.45752005743014 33
1725349722564 141.84227169762394 34
1725349722597 141.23405205046345 35
1725349722635 140.6326835931818 36
1725349722716 140.03799606105017 37
1725349722767 139.4498260161009 38
1725349722813 138.8680164521555 39
1725349722855 138.29241643191725 40
1725349722891 137.72288075253698 41
1725349722920 137.15926963658947 42
1725349722953 136.60144844583314 43
1725349722982 136.04928741548352 44
1725349723006 135.50266140703027 45
1725349723035 134.9614496778755 46
1725349723074 134.4255356662827 47
1725349723100 133.8948067903027 48
1725349723126 133.36915425949397 49
1725349723154 132.84847289838515 50
1725349723188 132.33266098073955 51
1725349723236 131.82162007377602 52
1725349723307 131.31525489158778 53
1725349723472 130.8134731570713 54
1725349723492 130.31618547174355 55
1725349723516 129.82330519288288 56
1725349723548 129.33474831747677 57
1725349723574 128.85043337250883 58
1725349723601 128.37028131115218 59
1725349723629 127.89421541447615 60
1725349723666 127.42216119830299 61
1725349723717 126.9540463248808 62
1725349723762 126.48980051906545 63
1725349723826 126.02935548872672 64
1725349723873 125.57264484911639 65
1725349723917 125.11960405095505 66
1725349723950 124.67017031201162 67
1725349723979 124.22428255196722 68
1725349724016 123.78188133036824 69
1725349724042 123.3429087874879 70
1725349724083 122.9073085879286 71
1725349724120 122.47502586680741 72
1725349724150 122.04600717837916 73
1725349724176 121.62020044696014 74
1725349724205 121.19755492002565 75
1725349724232 120.77802112336121 76
1725349724269 120.36155081815724 77
1725349724301 119.94809695994174 78
1725349724332 119.53761365925435 79
1725349724387 119.1300561439694 80
1725349724437 118.72538072318243 81
1725349724483 118.32354475258009 82
1725349724522 117.92450660121646 83
1725349724559 117.52822561962681 84
1725349724591 117.13466210920944 85
1725349724632 116.74377729281538 86
1725349724658 116.35553328648484 87
1725349724685 115.96989307227587 88
1725349724710 115.58682047213243 89
1725349724737 115.20628012274241 90
1725349724767 114.82823745133922 91
1725349724803 114.45265865240286 92
1725349724834 114.07951066521888 93
1725349724864 113.70876115225632 94
1725349724891 113.34037847832724 95
1725349724919 112.97433169049314 96
1725349724950 112.61059049868496 97
1725349724981 112.2491252570053 98
1725349725021 111.8899069456835 99
1725349725054 111.53290715365489 100
1725349725095 111.17809806173821 101
1725349725128 110.82545242638548 102
1725349725154 110.47494356398047 103
1725349725184 110.12654533566324 104
1725349725219 109.78023213265867 105
1725349725245 109.43597886208916 106
1725349725276 109.09376093325119 107
1725349725298 108.75355424433782 108
1725349725319 108.41533516958921 109
1725349725339 108.07908054685441 110
1725349725361 107.7447676655484 111
1725349725382 107.4123742549891 112
1725349725405 107.08187847310015 113
1725349725429 106.75325889546498 114
1725349725461 106.42649450471968 115
1725349725484 106.10156468027144 116
1725349725510 105.778449188331 117
1725349725539 105.45712817224728 118
1725349725557 105.13758214313337 119
1725349725580 104.8197919707734 120
1725349725601 104.50373887480002 121
1725349725622 104.18940441613321 122
1725349725641 103.87677048867089 123
1725349725667 103.5658193112228 124
1725349725687 103.25653341967906 125
1725349725703 102.94889565940524 126
1725349725721 102.64288917785647 127
1725349725739 102.33849741740282 128
1725349725770 102.03570410835913 129
1725349725800 101.73449326221213 130
1725349725830 101.43484916503863 131
1725349725857 101.1367563711082 132
1725349725881 100.84019969666426 133
1725349725903 100.54516421387804 134
1725349725921 100.25163524496958 135
1725349725942 99.95959835649029 136
1725349725964 99.66903935376233 137
1725349725980 99.37994427546916 138
1725349726002 99.09229938839319 139
1725349726034 98.8060911822953 140
1725349726069 98.5213063649322 141
1725349726103 98.23793185720706 142
1725349726128 97.95595478844952 143
1725349726151 97.6753624918209 144
1725349726172 97.39614249984093 145
1725349726196 97.11828254003218 146
1725349726219 96.84177053067872 147
1725349726237 96.56659457669537 148
1725349726272 96.29274296560465 149
1725349726311 96.0202041636177 150
1725349726343 95.7489668118164 151
1725349726371 95.47901972243353 152
1725349726393 95.21035187522831 153
1725349726425 94.94295241395433 154
1725349726451 94.67681064291705 155
1725349726476 94.41191602361876 156
1725349726508 94.1482581714878 157
1725349726532 93.8858268526903 158
1725349726562 93.62461198102143 159
1725349726603 93.36460361487441 160
1725349726636 93.10579195428481 161
1725349726681 92.84816733804789 162
1725349726725 92.59172024090739 163
1725349726774 92.33644127081307 164
1725349726821 92.08232116624576 165
1725349726867 91.82935079360763 166
1725349726905 91.57752114467586 167
1725349726935 91.32682333411823 168
1725349726971 91.07724859706863 169
1725349727008 90.82878828676103 170
1725349727059 90.5814338722202 171
1725349727114 90.33517693600767 172
1725349727164 90.09000917202151 173
1725349727208 89.84592238334824 174
1725349727248 89.60290848016571 175
1725349727288 89.36095947769553 176
1725349727326 89.12006749420357 177
1725349727372 88.88022474904729 178
1725349727400 88.64142356076877 179
1725349727436 88.40365634523238 180
1725349727464 88.16691561380512 181
1725349727496 87.9311939715797 182
1725349727540 87.69648411563811 183
1725349727588 87.46277883335537 184
1725349727632 87.23007100074209 185
1725349727672 86.99835358082476 186
1725349727708 86.76761962206312 187
1725349727757 86.5378622568032 188
1725349727793 86.3090746997655 189
1725349727820 86.08125024656728 190
1725349727848 85.8543822722778 191
1725349727876 85.62846423000622 192
1725349727906 85.40348964952081 193
1725349727942 85.1794521358989 194
1725349727970 84.9563453682069 195
1725349728004 84.73416309820934 196
1725349728034 84.51289914910642 197
1725349728081 84.29254741429922 198
1725349728133 84.07310185618208 199
1725349728167 83.85455650496111 200
1725349728200 83.63690545749861 201
1725349728231 83.42014287618225 202
1725349728262 83.20426298781913 203
1725349728297 82.98926008255306 204
1725349728331 82.77512851280558 205
1725349728359 82.56186269223933 206
1725349728388 82.34945709474376 207
1725349728418 82.13790625344198 208
1725349728453 81.92720475971922 209
1725349728488 81.71734726227122 210
1725349728517 81.5083284661731 211
1725349728543 81.30014313196745 212
1725349728572 81.09278607477154 213
1725349728600 80.88625216340323 214
1725349728627 80.680536319525 215
1725349728657 80.47563351680552 216
1725349728690 80.27153878009867 217
1725349728718 80.06824718463946 218
1725349728752 79.86575385525626 219
1725349728791 79.66405396559918 220
1725349728823 79.46314273738423 221
1725349728861 79.26301543965268 222
1725349728917 79.06366738804539 223
1725349728957 78.8650939440919 224
1725349728999 78.66729051451352 225
1725349729035 78.47025255054074 226
1725349729062 78.27397554724367 227
1725349729089 78.07845504287641 228
1725349729120 77.88368661823401 229
1725349729154 77.68966589602215 230
1725349729182 77.49638854023925 231
1725349729222 77.30385025557081 232
1725349729260 77.11204678679528 233
1725349729289 76.92097391820182 234
1725349729327 76.73062747301901 235
1725349729365 76.54100331285488 236
1725349729403 76.35209733714753 237
1725349729437 76.16390548262635 238
1725349729476 75.97642372278354 239
1725349729512 75.7896480673557 240
1725349729543 75.60357456181518 241
1725349729571 75.41819928687116 242
1725349729603 75.23351835798002 243
1725349729634 75.04952792486498 244
1725349729662 74.86622417104464 245
1725349729691 74.68360331337043 246
1725349729722 74.50166160157245 247
1725349729752 74.32039531781403 248
1725349729790 74.139800776254 249
1725349729826 73.95987432261764 250
1725349729862 73.78061233377484 251
1725349729892 73.60201121732646 252
1725349729919 73.42406741119785 253
1725349729943 73.24677738323994 254
1725349729970 73.07013763083742 255
1725349729996 72.89414468052397 256
1725349730030 72.71879508760436 257
1725349730062 72.54408543578351 258
1725349730094 72.37001233680162 259
1725349730138 72.1965724300763 260
1725349730166 72.02376238235078 261
1725349730198 71.8515788873482 262
1725349730221 71.68001866543213 263
1725349730248 71.50907846327293 264
1725349730280 71.33875505351988 265
1725349730309 71.169045234479 266
1725349730350 70.99994582979646 267
1725349730400 70.83145368814735 268
1725349730431 70.66356568292983 269
1725349730472 70.49627871196451 270
1725349730507 70.3295896971988 271
1725349730553 70.16349558441651 272
1725349730584 69.997993342952 273
1725349730612 69.83307996540942 274
1725349730643 69.66875246738654 275
1725349730675 69.50500788720306 276
1725349730755 69.34184328563367 277
1725349730788 69.17925574564529 278
1725349730815 69.0172423721387 279
1725349730841 68.85580029169451 280
1725349730871 68.69492665232309 281
1725349730900 68.5346186232188 282
1725349730928 68.37487339451795 283
1725349730958 68.2156881770608 284
1725349730991 68.0570602021574 285
1725349731018 67.89898672135715 286
1725349731056 67.74146500622201 287
1725349731094 67.58449234810325 288
1725349731125 67.42806605792198 289
1725349731159 67.27218346595278 290
1725349731198 67.116841921611 291
1725349731244 66.9620387932433 292
1725349731289 66.80777146792143 293
1725349731317 66.65403735123918 294
1725349731340 66.5008338671126 295
1725349731364 66.34815845758304 296
1725349731391 66.19600858262348 297
1725349731427 66.04438171994768 298
1725349731462 65.89327536482224 299
1725349731488 65.74268702988142 300
1725349731510 65.59261424494505 301
1725349731526 65.4430545568387 302
1725349731542 65.29400552921702 303
1725349731558 65.14546474238932 304
1725349731574 64.99742979314804 305
1725349731590 64.84989829459957 306
1725349731605 64.70286787599753 307
1725349731621 64.55633618257875 308
1725349731646 64.41030087540122 309
1725349731674 64.2647596311849 310
1725349731697 64.11971014215436 311
1725349731720 63.97515011588398 312
1725349731744 63.83107727514528 313
1725349731778 63.687489357756476 314
1725349731812 63.54438411643413 315
1725349731843 63.401759318646796 316
1725349731879 63.259612746471014 317
1725349731913 63.1179421964491 318
1725349731948 62.97674547944902 319
1725349731989 62.83602042052609 320
1725349732026 62.695764858786845 321
1725349732070 62.55597664725452 322
1725349732113 62.41665365273661 323
1725349732183 62.27779375569404 324
1725349732262 62.13939485011231 325
1725349732295 62.0014548433743 326
1725349732328 61.86397165613472 327
1725349732357 61.72694322219651 328
1725349732393 61.59036748838855 329
1725349732418 61.454242414445304 330
1725349732444 61.31856597288793 331
1725349732475 61.183336148906974 332
1725349732499 61.0485509402467 333
1725349732524 60.91420835709071 334
1725349732552 60.78030642194946 335
1725349732586 60.64684316954887 336
1725349732614 60.51381664672049 337
1725349732641 60.38122491229326 338
1725349732678 60.249066036986434 339
1725349732709 60.117338103304014 340
1725349732738 59.98603920543047 341
1725349732767 59.85516744912791 342
1725349732790 59.724720951634254 343
1725349732820 59.594697841563146 344
1725349732852 59.46509625880475 345
1725349732884 59.335914354427906 346
1725349732912 59.20715029058358 347
1725349732935 59.0788022404094 348
1725349732960 58.950868387935536 349
1725349732988 58.823346927991494 350
1725349733016 58.69623606611433 351
1725349733046 58.569534018457695 352
1725349733081 58.443239011702325 353
1725349733111 58.317349282967335 354
1725349733137 58.191863079722665 355
1725349733177 58.06677865970266 356
1725349733217 57.942094290820634 357
1725349733282 57.81780825108441 358
1725349733322 57.69391882851289 359
1725349733365 57.57042432105366 360
1725349733395 57.44732303650156 361
1725349733422 57.32461329241812 362
1725349733451 57.202293416051994 363
1725349733478 57.08036174426044 364
1725349733507 56.95881662343146 365
1725349733537 56.83765640940706 366
1725349733565 56.71687946740731 367
1725349733595 56.59648417195527 368
1725349733624 56.47646890680275 369
1725349733649 56.35683206485704 370
1725349733682 56.23757204810825 371
1725349733710 56.118687267557696 372
1725349733736 56.00017614314699 373
1725349733771 55.88203710368784 374
1725349733800 55.76426858679285 375
1725349733829 55.64686903880687 376
1725349733860 55.529836914739214 377
1725349733899 55.41317067819664 378
1725349733939 55.29686880131699 379
1725349733971 55.180929764703635 380
1725349733998 55.06535205736059 381
1725349734036 54.95013417662836 382
1725349734066 54.83527462812042 383
1725349734099 54.720771925660465 384
1725349734135 54.60662459122029 385
1725349734174 54.49283115485831 386
1725349734203 54.37939015465877 387
1725349734232 54.26630013667163 388
1725349734263 54.15355965485301 389
1725349734291 54.041167271006266 390
1725349734326 53.929121554723814 391
1725349734362 53.81742108332934 392
1725349734392 53.70606444182093 393
1725349734424 53.59505022281433 394
1725349734452 53.484377026487266 395
1725349734480 53.37404346052413 396
1725349734505 53.26404814006106 397
1725349734540 53.15438968763196 398
1725349734574 53.04506673311476 399
1725349734605 52.93607791367832 400
1725349734642 52.82742187372993 401
1725349734681 52.719097264863265 402
1725349734719 52.611102745806846 403
1725349734752 52.50343698237314 404
1725349734786 52.39609864740798 405
1725349734815 52.28908642074066 406
1725349734845 52.182398989134484 407
1725349734872 52.07603504623762 408
1725349734908 51.969993292534795 409
1725349734938 51.86427243529907 410
1725349734975 51.7588711885444 411
1725349735006 51.65378827297844 412
1725349735032 51.54902241595595 413
1725349735062 51.44457235143258 414
1725349735102 51.340436819919105 415
1725349735136 51.23661456843607 416
1725349735180 51.13310435046901 417
1725349735210 51.02990492592385 418
1725349735247 50.92701506108302 419
1725349735277 50.82443352856168 420
1725349735303 50.722159107264616 421
1725349735329 50.620190582343426 422
1725349735355 50.51852674515405 423
1725349735384 50.41716639321483 424
1725349735411 50.31610833016489 425
1725349735438 50.2153513657228 426
1725349735466 50.114894315645884 427
1725349735503 50.01473600168961 428
1725349735531 49.91487525156759 429
1725349735559 49.81531089891168 430
1725349735587 49.71604178323281 431
1725349735613 49.61706674988181 432
1725349735652 49.51838465001081 433
1725349735681 49.41999434053488 434
1725349735709 49.321894684094104 435
1725349735734 49.2240845490159 436
1725349735761 49.126562809277765 437
1725349735788 49.02932834447026 438
1725349735813 48.93238003976042 439
1725349735842 48.83571678585542 440
1725349735868 48.739337478966554 441
1725349735894 48.643241020773615 442
1725349735922 48.547426318389455 443
1725349735947 48.45189228432503 444
1725349735972 48.35663783645456 445
1725349735999 48.26166189798108 446
1725349736024 48.166963397402384 447
1725349736051 48.07254126847704 448
1725349736081 47.97839445019094 449
1725349736111 47.88452188672395 450
1725349736136 47.79092252741692 451
1725349736163 47.697595326739034 452
1725349736191 47.60453924425529 453
1725349736218 47.5117532445944 454
1725349736244 47.41923629741687 455
1725349736276 47.32698737738344 456
1725349736307 47.235005464123624 457
1725349736337 47.143289542204734 458
1725349736368 47.05183860110093 459
1725349736395 46.960651635162804 460
1725349736422 46.86972764358687 461
1725349736449 46.77906563038565 462
1725349736483 46.68866460435773 463
1725349736512 46.59852357905831 464
1725349736538 46.508641572769776 465
1725349736564 46.41901760847257 466
1725349736593 46.329650713816484 467
1725349736619 46.240539921091894 468
1725349736646 46.15168426720142 469
1725349736676 46.06308279363178 470
1725349736709 45.97473454642585 471
1725349736738 45.88663857615492 472
1725349736771 45.79879393789127 473
1725349736801 45.711199691180845 474
1725349736829 45.62385490001622 475
1725349736857 45.53675863280979 476
1725349736887 45.44990996236715 477
1725349736911 45.363307965860606 478
1725349736937 45.27695172480309 479
1725349736968 45.190840325022094 480
1725349736996 45.1049728566339 481
1725349737024 45.01934841401796 482
1725349737053 44.93396609579155 483
1725349737081 44.84882500478451 484
1725349737107 44.76392424801437 485
1725349737134 44.6792629366614 486
1725349737164 44.59484018604411 487
1725349737195 44.51065511559479 488
1725349737225 44.42670684883523 489
1725349737256 44.34299451335275 490
1725349737288 44.2595172407763 491
1725349737314 44.17627416675278 492
1725349737351 44.09326443092353 493
1725349737378 44.01048717690102 494
1725349737403 43.92794155224572 495
1725349737428 43.845626708443056 496
1725349737454 43.7635418008807 497
1725349737485 43.681685988825926 498
1725349737510 43.600058435403085 499
