1725391888676 176.33584062828504 0
1725391888706 164.78472999597582 1
1725391888736 173.6843484358105 2
1725391888766 155.90253129865147 3
1725391888797 162.84194642800304 4
1725391888830 161.543193465398 5
1725391888861 160.5749762812576 6
1725391888888 158.9663903826999 7
1725391888915 163.98453041524678 8
1725391888948 166.2085094679587 9
1725391888978 151.1176873406964 10
1725391889011 158.07637258264418 11
1725391889034 157.1183565979353 12
1725391889061 162.35930718741417 13
1725391889093 156.1152377515603 14
1725391889125 154.1610585989593 15
1725391889148 156.841218851558 16
1725391889184 146.51843957071696 17
1725391889214 150.58396858232902 18
1725391889239 155.44219956953242 19
1725391889269 140.07439032914823 20
1725391889299 140.82326314770452 21
1725391889330 144.85735526103505 22
1725391889360 130.85940098629283 23
1725391889392 142.44057245068953 24
1725391889423 137.8070673082002 25
1725391889452 134.05933530546412 26
1725391889487 130.28413495069466 27
1725391889515 132.20703195498484 28
1725391889544 135.5798417777452 29
1725391889570 138.7932047440111 30
1725391889599 128.06327266926274 31
1725391889629 131.31919969229807 32
1725391889657 123.84075828143531 33
1725391889687 132.0140173531203 34
1725391889717 127.144535554675 35
1725391889746 124.17390921846598 36
1725391889777 119.04275166736525 37
1725391889805 124.72021674201675 38
1725391889831 117.20215481199504 39
1725391889882 119.87726540899007 40
1725391889955 117.78347508635176 41
1725391889987 123.20112576580256 42
1725391890015 113.72865743002464 43
1725391890041 113.96888213951006 44
1725391890071 113.10663206620062 45
1725391890101 112.60709753193055 46
1725391890130 112.96916188355165 47
1725391890163 109.93235880557692 48
1725391890194 114.31277111938834 49
1725391890224 112.7474738277082 50
1725391890251 102.28750401141608 51
1725391890283 105.44954882083057 52
1725391890315 108.49729256723907 53
1725391890345 106.38628317840366 54
1725391890376 104.4414292397507 55
1725391890406 102.8741265655269 56
1725391890438 103.34579551685191 57
1725391890468 99.91359250971466 58
1725391890498 99.47369927664893 59
1725391890528 101.77944253345225 60
1725391890560 100.07569156626465 61
1725391890590 101.95686376813902 62
1725391890620 99.23420051923384 63
1725391890652 97.43815071446357 64
1725391890677 99.66754995251154 65
1725391890706 102.65659406327465 66
1725391890736 96.59162936132223 67
1725391890764 91.10033965464285 68
1725391890792 93.8715901226046 69
1725391890819 93.67583328003798 70
1725391890852 91.3024640216776 71
1725391890883 91.65597098779827 72
1725391890922 89.63065606817105 73
1725391890952 89.3476813142805 74
1725391890983 88.26089156558535 75
1725391891015 92.81303693842486 76
1725391891046 86.0685424188755 77
1725391891078 79.91927444473845 78
1725391891106 86.59806272858258 79
1725391891145 87.40374768030102 80
1725391891177 83.78034596800927 81
1725391891206 84.32830648905983 82
1725391891233 80.22450304818278 83
1725391891262 87.13000957672685 84
1725391891287 81.48604153894406 85
1725391891318 82.72397928249703 86
1725391891351 80.88533342743676 87
1725391891379 77.02674122537817 88
1725391891407 86.45907856952329 89
1725391891435 74.64881680970379 90
1725391891467 78.92468956533901 91
1725391891495 76.99680791265043 92
1725391891525 75.84654751306326 93
1725391891555 79.86977858950391 94
1725391891584 72.33847016076335 95
1725391891623 73.7826960213113 96
1725391891656 74.02529708069265 97
1725391891684 71.21121747129838 98
1725391891713 75.28866477491879 99
1725391891748 71.17704183116442 100
1725391891776 69.19990136892615 101
1725391891804 68.07643917895078 102
1725391891832 70.82664746251876 103
1725391891854 67.29573138754836 104
1725391891888 65.8372496428289 105
1725391891915 68.68423575013526 106
1725391891965 67.93225971496953 107
1725391891987 66.20659855280526 108
1725391892013 65.93520108896244 109
1725391892043 67.1001213996169 110
1725391892069 63.644515743834006 111
1725391892097 64.12445601353716 112
1725391892124 63.85927863388615 113
1725391892152 61.82373848601825 114
1725391892180 63.37907431070576 115
1725391892210 60.75662498652153 116
1725391892242 62.77749172157425 117
1725391892268 65.67799875864635 118
1725391892303 55.82415699382765 119
1725391892334 58.77583193797184 120
1725391892362 59.66409784750838 121
1725391892390 58.42429767332612 122
1725391892417 57.86226401125803 123
1725391892446 59.35323784887125 124
1725391892474 59.41384055072706 125
1725391892500 57.38398123229885 126
1725391892525 56.37770199953033 127
1725391892553 55.74950528872081 128
1725391892582 54.78870555592671 129
1725391892614 54.21426713270694 130
1725391892642 52.780997615439425 131
1725391892671 54.5160637086442 132
1725391892702 54.88996477071635 133
1725391892733 53.32892529300621 134
1725391892764 54.9414259180521 135
1725391892795 51.565877838397356 136
1725391892825 54.23075566826693 137
1725391892858 51.56981259865892 138
1725391892889 52.196066916246735 139
1725391892915 47.97722147326453 140
1725391892943 49.531050301263974 141
1725391892971 49.51499162327063 142
1725391892999 48.663354884892854 143
1725391893018 49.471412659080485 144
1725391893049 49.42330313394469 145
1725391893079 46.843465251794775 146
1725391893106 48.395015907919976 147
1725391893134 44.92350400449949 148
1725391893162 47.38864427288382 149
1725391893189 48.20674912368884 150
1725391893216 46.16280547408642 151
1725391893244 46.496485753664224 152
1725391893272 45.672137625355 153
1725391893296 45.413743936619014 154
1725391893321 42.517706186075166 155
1725391893347 44.14707938509583 156
1725391893372 43.5235108242199 157
1725391893397 44.775655950307566 158
1725391893428 40.676018724607566 159
1725391893458 43.97941659721454 160
1725391893489 41.88467561779318 161
1725391893517 41.91782161815899 162
1725391893546 41.47531753512712 163
1725391893573 40.60452302410128 164
1725391893608 40.560360206430985 165
1725391893638 41.17860479020728 166
1725391893669 39.94915008108261 167
1725391893701 39.78885551635505 168
1725391893732 37.82589212443881 169
1725391893760 39.42302160575615 170
1725391893788 38.76741634465189 171
1725391893816 39.58520077831539 172
1725391893844 36.383128301777894 173
1725391893871 38.43166564215704 174
1725391893900 36.33552280361551 175
1725391893929 36.63473216280887 176
1725391893954 36.90400996233924 177
1725391893984 35.20390835874983 178
1725391894012 37.10513734612046 179
1725391894040 35.37511247456114 180
1725391894068 34.82483838383388 181
1725391894096 35.91485231534248 182
1725391894124 35.09933051089408 183
1725391894152 34.098302475742386 184
1725391894180 35.516528348089835 185
1725391894207 32.46122994163672 186
1725391894235 33.86694129143912 187
1725391894260 34.121589133759585 188
1725391894289 32.85144210245473 189
1725391894322 31.700876925686057 190
1725391894353 32.270138467854814 191
1725391894385 31.52055034945067 192
1725391894413 31.95816857247617 193
1725391894445 32.300166761112635 194
1725391894472 31.33702402714345 195
1725391894499 31.890305149983536 196
1725391894521 29.841959142672298 197
1725391894547 31.072334302215737 198
1725391894577 31.155456934154135 199
1725391894608 29.663790915215127 200
1725391894639 30.45809446157614 201
1725391894668 29.056415733574816 202
1725391894701 29.669133403693937 203
1725391894734 29.84214306118095 204
1725391894764 28.54365205697768 205
1725391894790 28.158922045324214 206
1725391894806 29.557657301965943 207
1725391894828 29.392716454185727 208
1725391894857 28.718047838101093 209
1725391894886 28.143586738053894 210
1725391894919 27.442399876213084 211
1725391894947 27.55970263353506 212
1725391894974 28.12280044853712 213
1725391895003 27.09686683374155 214
1725391895030 26.84543335755741 215
1725391895062 27.02312855152214 216
1725391895094 27.416732288739393 217
1725391895123 24.67831841923186 218
1725391895151 26.9313367941038 219
1725391895182 24.136581378578263 220
1725391895210 24.82050655894368 221
1725391895239 25.048161251928907 222
1725391895270 25.73625466704785 223
1725391895295 23.69262224089502 224
1725391895325 22.753469482122487 225
1725391895355 24.613289584187466 226
1725391895387 24.003859349134952 227
1725391895419 24.018669937837714 228
1725391895444 24.228266241451163 229
1725391895474 24.161053798467567 230
1725391895511 22.288146097758027 231
1725391895541 23.417823445011965 232
1725391895566 23.091625776164943 233
1725391895588 23.1419803826234 234
1725391895616 22.061234975822913 235
1725391895645 21.453408741842715 236
1725391895677 22.88445549172276 237
1725391895705 21.457686958133603 238
1725391895732 22.19270520625824 239
1725391895764 22.144960915012902 240
1725391895790 21.413985037658 241
1725391895821 21.141606724424935 242
1725391895851 21.122195559746093 243
1725391895880 21.249053045236717 244
1725391895914 21.49213758232146 245
1725391895947 20.924231208314236 246
1725391895976 20.77575203297767 247
1725391896005 20.746783967914705 248
1725391896032 21.068062101698505 249
1725391896059 20.7139081074901 250
1725391896092 20.240732068959133 251
1725391896125 20.587461449429387 252
1725391896154 19.951291761617544 253
1725391896181 20.25053955289374 254
1725391896209 19.32114496374252 255
1725391896238 18.716130639113423 256
1725391896267 19.914746656654412 257
1725391896299 19.848432094480323 258
1725391896330 18.767228744006122 259
1725391896361 19.656303558221833 260
1725391896390 18.919811671597774 261
1725391896418 18.84545251321519 262
1725391896446 18.59734848137269 263
1725391896473 18.3922812946527 264
1725391896506 18.303254610859128 265
1725391896534 17.19808062521463 266
1725391896563 18.11157994146211 267
1725391896596 17.0229114619559 268
1725391896619 18.01577013147865 269
1725391896649 17.03519322180006 270
1725391896677 16.605390654802843 271
1725391896707 17.172069377145462 272
1725391896740 16.168561557573355 273
1725391896768 16.220638911853445 274
1725391896799 17.03129907277643 275
1725391896827 16.137882296869726 276
1725391896855 16.362524197022562 277
1725391896885 16.706573669691586 278
1725391896922 16.598237004723728 279
1725391896948 16.24487787556595 280
1725391896978 15.363399950323984 281
1725391897006 14.959585909863238 282
1725391897039 15.669345678873428 283
1725391897058 14.510563136426184 284
1725391897088 15.60297713990482 285
1725391897116 14.853920056731479 286
1725391897146 15.297211049467741 287
1725391897175 14.782072317653862 288
1725391897203 15.71424767844424 289
1725391897231 14.295266438330085 290
1725391897256 14.840343191760649 291
1725391897285 13.883527030457591 292
1725391897316 14.560325333233658 293
1725391897349 14.011053185787032 294
1725391897381 14.617374083086665 295
1725391897410 13.836283485115654 296
1725391897440 14.020002173369036 297
1725391897473 13.243880371045707 298
1725391897505 13.636392729269524 299
1725391897533 14.084225960253548 300
1725391897560 13.735156318743126 301
1725391897588 13.853563512351876 302
1725391897622 13.678575686986164 303
1725391897653 13.602779022914302 304
1725391897685 12.820199072033587 305
1725391897716 13.665242773114965 306
1725391897746 13.417839930116541 307
1725391897785 13.030369961776437 308
1725391897819 13.140097691803422 309
1725391897844 12.699890056777416 310
1725391897867 12.6527387601629 311
1725391897898 13.10623071069026 312
1725391897929 12.189441010476708 313
1725391897957 11.66994847851443 314
1725391897983 12.766740786901819 315
1725391898014 11.436014047919164 316
1725391898043 11.437877244940541 317
1725391898075 11.302854453812198 318
1725391898106 12.753779952638325 319
1725391898136 12.022346633758671 320
1725391898170 11.77604405550819 321
1725391898199 10.842631901909813 322
1725391898230 12.150477509084507 323
1725391898253 11.2942745742722 324
1725391898282 11.714692331740086 325
1725391898311 11.526378497123755 326
1725391898340 11.71723183409877 327
1725391898368 11.010123243076093 328
1725391898398 11.29287566887268 329
1725391898428 10.413807067882988 330
1725391898454 10.713931831965365 331
1725391898481 10.86286140601948 332
1725391898509 10.47288149342608 333
1725391898537 10.908929749842619 334
1725391898565 11.32655385766751 335
1725391898593 9.97034280651157 336
1725391898621 10.345934025289354 337
1725391898649 10.617153622893335 338
1725391898677 9.918298665811385 339
1725391898704 10.188155623625068 340
1725391898738 10.27095516184266 341
1725391898766 9.548804633719794 342
1725391898795 10.212606235037905 343
1725391898826 10.067419184262414 344
1725391898857 9.673094670528645 345
1725391898878 9.418872846933928 346
1725391898909 9.176722968675708 347
1725391898938 9.471091869538323 348
1725391898971 9.072354919872604 349
1725391899001 9.513954886896073 350
1725391899029 9.72583907303689 351
1725391899057 8.720017354332501 352
1725391899085 9.324288483606658 353
1725391899113 9.12565497317508 354
1725391899139 8.98285428768757 355
1725391899167 9.377075927915225 356
1725391899195 8.900334434211187 357
1725391899224 9.124730894788232 358
1725391899253 8.964101881097863 359
1725391899282 8.935075145231025 360
1725391899311 8.982163706807667 361
1725391899340 8.242404279524749 362
1725391899372 8.613579200061295 363
1725391899402 8.216168330363075 364
1725391899433 8.207316706159482 365
1725391899464 8.375136028618881 366
1725391899496 8.453630746354422 367
1725391899523 8.061242661266188 368
1725391899551 8.03541484200012 369
1725391899579 8.127307219575691 370
1725391899607 7.935771235429597 371
1725391899634 8.205596727794772 372
1725391899668 8.042737319014261 373
1725391899707 7.920139949289027 374
1725391899738 7.53632458894503 375
1725391899764 8.236840016989248 376
1725391899789 8.190603251907968 377
1725391899813 8.025910840644723 378
1725391899839 7.377267279274098 379
1725391899868 7.634822365017011 380
1725391899896 7.625605496858779 381
1725391899922 7.35294395773194 382
1725391899955 7.204959628317241 383
1725391899988 7.5402156780012115 384
1725391900015 7.672995042049273 385
1725391900044 7.012213253831422 386
1725391900074 6.882495163260854 387
1725391900105 7.300987474537647 388
1725391900130 7.515238377273548 389
1725391900155 7.938796956162856 390
1725391900188 6.973013400855429 391
1725391900217 6.900936948861017 392
1725391900247 7.156215464128324 393
1725391900268 6.799367969855148 394
1725391900296 7.001037545417469 395
1725391900326 6.790618769849795 396
1725391900356 6.658969843426361 397
1725391900386 6.521094109194367 398
1725391900416 6.483573692233732 399
1725391900444 7.056164635011849 400
1725391900475 6.479665117705924 401
1725391900505 6.325643914038547 402
1725391900532 7.055779728056734 403
1725391900564 6.377402326323793 404
1725391900596 6.5211222078026845 405
1725391900625 6.350588108504185 406
1725391900655 6.946088703487422 407
1725391900688 6.423769783533083 408
1725391900715 6.023074728316587 409
1725391900746 6.576153438083098 410
1725391900771 6.31082750219472 411
1725391900799 6.067777753369276 412
1725391900830 5.94389170266885 413
1725391900853 6.071358508126854 414
1725391900882 5.883720695349459 415
1725391900910 6.240216961181886 416
1725391900945 5.8584111264023315 417
1725391900976 5.670830939311253 418
1725391901005 5.770439775459699 419
1725391901033 5.341309500419582 420
1725391901062 5.399130132405568 421
1725391901091 5.783687991190208 422
1725391901120 5.405166070221059 423
1725391901148 5.4469827446548535 424
1725391901177 5.4989388961205075 425
1725391901208 5.730814363398858 426
1725391901237 5.437744095354961 427
1725391901266 5.078944535883367 428
1725391901294 5.731087284538707 429
1725391901320 5.8992082923229585 430
1725391901348 5.06359852811086 431
1725391901378 5.8113843266036405 432
1725391901403 4.802549481646284 433
1725391901429 5.186324383557097 434
1725391901473 5.287053560242598 435
1725391901497 5.156445391224879 436
1725391901525 5.094940093312684 437
1725391901556 5.364445532529657 438
1725391901588 5.218019062210853 439
1725391901620 4.836893261354263 440
1725391901645 4.926807869992988 441
1725391901673 4.854685244846432 442
1725391901698 5.259333945378763 443
1725391901728 4.629594362465817 444
1725391901753 5.530203138978354 445
1725391901782 4.918484238313533 446
1725391901810 4.715069188119853 447
1725391901834 5.011306384806353 448
1725391901861 4.607764943213103 449
1725391901890 4.98831525339482 450
1725391901918 4.892155488274265 451
1725391901945 4.758209725849846 452
1725391901976 4.969934565969478 453
1725391902006 4.4741866885193184 454
1725391902033 4.614413500725566 455
1725391902062 4.563401599193464 456
1725391902095 3.9701164782977725 457
1725391902122 4.6052480396792 458
1725391902144 4.5254436583003335 459
1725391902176 4.366766646432059 460
1725391902203 4.556401188741327 461
1725391902230 4.226971735915604 462
1725391902264 4.228594011686562 463
1725391902294 4.569810995214421 464
1725391902326 3.9723883536804516 465
1725391902359 3.9845725730608903 466
1725391902388 3.864501121471124 467
1725391902417 3.83474790951532 468
1725391902445 4.145035713972842 469
1725391902474 3.7568894031891262 470
1725391902503 4.374128110025871 471
1725391902533 4.039106112221573 472
1725391902556 4.097340241218497 473
1725391902578 4.135126192127586 474
1725391902612 3.9095633735242594 475
1725391902637 4.349226781259774 476
1725391902663 3.720386658508973 477
1725391902694 4.017662541806893 478
1725391902724 3.929115703161249 479
1725391902753 4.0451350630612755 480
1725391902787 3.940907689829961 481
1725391902817 3.665350333245867 482
1725391902844 3.7849007513064143 483
1725391902870 3.562090070202341 484
1725391902895 3.944358358415291 485
1725391902919 4.045603949636128 486
1725391902948 3.5958814731300683 487
1725391902976 3.815985033396034 488
1725391903007 3.776027919931646 489
1725391903038 4.045958561781434 490
1725391903066 3.604084960274273 491
1725391903098 3.8424414357969088 492
1725391903128 3.4673439821422125 493
1725391903157 3.652240251437978 494
1725391903186 3.6223415403453836 495
1725391903215 3.6716117705074622 496
1725391903247 3.8008493160021217 497
1725391903276 3.4970669675872372 498
1725391903304 3.5847490094887506 499
