1725419047119 169.15949537300654 0
1725419047137 168.81979605223614 1
1725419047155 168.48085062796628 2
1725419047170 168.14265734602984 3
1725419047186 167.805214456483 4
1725419047201 167.4685202135948 5
1725419047215 167.13257287583664 6
1725419047229 166.79737070587177 7
1725419047243 166.46291197054492 8
1725419047256 166.1291949408719 9
1725419047283 165.79621789202938 10
1725419047316 165.46397910334412 11
1725419047340 165.13247685828318 12
1725419047360 164.8017094444434 13
1725419047378 164.47167515354093 14
1725419047397 164.14237228140144 15
1725419047415 163.81379912794952 16
1725419047435 163.48595399719872 17
1725419047460 163.15883519724136 18
1725419047485 162.8324410402383 19
1725419047517 162.50676984240897 20
1725419047548 162.18181992402126 21
1725419047568 161.8575896093813 22
1725419047582 161.5340772268238 23
1725419047595 161.21128110870168 24
1725419047609 160.88919959137635 25
1725419047624 160.56783101520753 26
1725419047638 160.2471737245437 27
1725419047651 159.92722606771176 28
1725419047665 159.60798639700744 29
1725419047679 159.28945306868545 30
1725419047707 158.97162444294952 31
1725419047731 158.65449888394275 32
1725419047757 158.33807475973782 33
1725419047782 158.022350442327 34
1725419047806 157.7073243076129 35
1725419047824 157.39299473539845 36
1725419047841 157.07936010937715 37
1725419047862 156.76641881712382 38
1725419047886 156.4541692500845 39
1725419047907 156.14260980356727 40
1725419047921 155.83173887673252 41
1725419047943 155.5215548725833 42
1725419047973 155.21205619795592 43
1725419048005 154.9032412635105 44
1725419048038 154.59510848372133 45
1725419048074 154.28765627686764 46
1725419048106 153.98088306502405 47
1725419048139 153.6747872740511 48
1725419048166 153.3693673335861 49
1725419048195 153.06462167703359 50
1725419048227 152.76054874155605 51
1725419048257 152.45714696806465 52
1725419048284 152.15441480121 53
1725419048326 151.85235068937277 54
1725419048358 151.55095308465454 55
1725419048389 151.25022044286868 56
1725419048424 150.95015122353104 57
1725419048450 150.65074388985076 58
1725419048475 150.3519969087213 59
1725419048505 150.05390875071123 60
1725419048552 149.75647789005518 61
1725419048592 149.4597028046446 62
1725419048623 149.163581976019 63
1725419048651 148.86811388935683 64
1725419048684 148.57329703346636 65
1725419048715 148.2791299007768 66
1725419048749 147.98561098732944 67
1725419048779 147.69273879276858 68
1725419048809 147.40051182033267 69
1725419048842 147.1089285768455 70
1725419048872 146.8179875727073 71
1725419048892 146.52768732188585 72
1725419048915 146.2380263419077 73
1725419048941 145.9490031538495 74
1725419048971 145.66061628232896 75
1725419049074 145.37286425549647 76
1725419049101 145.08574560502603 77
1725419049132 144.7992588661068 78
1725419049166 144.51340257743433 79
1725419049199 144.22817528120177 80
1725419049228 143.94357552309157 81
1725419049259 143.6596018522666 82
1725419049290 143.37625282136153 83
1725419049330 143.09352698647447 84
1725419049363 142.81142290715835 85
1725419049406 142.52993914641232 86
1725419049437 142.24907427067325 87
1725419049469 141.9688268498074 88
1725419049502 141.6891954571019 89
1725419049534 141.41017866925608 90
1725419049567 141.13177506637348 91
1725419049597 140.85398323195307 92
1725419049630 140.57680175288112 93
1725419049661 140.30022921942282 94
1725419049694 140.02426422521378 95
1725419049724 139.74890536725198 96
1725419049755 139.4741512458892 97
1725419049790 139.2000004648231 98
1725419049817 138.92645163108864 99
1725419049839 138.65350335505002 100
1725419049865 138.3811542503925 101
1725419049898 138.10940293411423 102
1725419049931 137.83824802651785 103
1725419049960 137.56768815120282 104
1725419049988 137.2977219350568 105
1725419050016 137.0283480082479 106
1725419050051 136.75956500421637 107
1725419050081 136.49137155966682 108
1725419050113 136.22376631455987 109
1725419050145 135.9567479121044 110
1725419050175 135.69031499874936 111
1725419050209 135.42446622417592 112
1725419050241 135.15920024128937 113
1725419050272 134.89451570621154 114
1725419050308 134.63041127827242 115
1725419050342 134.36688562000253 116
1725419050376 134.10393739712504 117
1725419050417 133.84156527854788 118
1725419050443 133.5797679363559 119
1725419050501 133.31854404580304 120
1725419050542 133.05789228530463 121
1725419050583 132.79781133642948 122
1725419050615 132.5382998838922 123
1725419050650 132.27935661554545 124
1725419050683 132.02098022237237 125
1725419050740 131.76316939847865 126
1725419050768 131.50592284108492 127
1725419050802 131.24923925051922 128
1725419050833 130.99311733020932 129
1725419050869 130.73755578667485 130
1725419050907 130.48255332952021 131
1725419050942 130.2281086714265 132
1725419050975 129.97422052814423 133
1725419051045 129.7208876184857 134
1725419051083 129.46810866431753 135
1725419051110 129.21588239055308 136
1725419051143 128.96420752514507 137
1725419051171 128.71308279907802 138
1725419051202 128.4625069463608 139
1725419051236 128.21247870401933 140
1725419051271 127.9629968120891 141
1725419051303 127.71406001360778 142
1725419051358 127.46566705460778 143
1725419051393 127.21781668410905 144
1725419051434 126.97050765411166 145
1725419051469 126.72373871958845 146
1725419051501 126.47750863847786 147
1725419051534 126.23181617167653 148
1725419051564 125.98666008303213 149
1725419051627 125.74203913933607 150
1725419051668 125.49795211031632 151
1725419051699 125.25439776863014 152
1725419051730 125.01137488985701 153
1725419051762 124.76888225249134 154
1725419051791 124.52691863793542 155
1725419051825 124.28548283049227 156
1725419051854 124.04457361735844 157
1725419051884 123.80418978861704 158
1725419051916 123.56433013723066 159
1725419051950 123.32499345903419 160
1725419051983 123.08617855272789 161
1725419052015 122.84788421987037 162
1725419052051 122.61010926487153 163
1725419052080 122.3728524949856 164
1725419052111 122.13611272030418 165
1725419052145 121.89988875374932 166
1725419052173 121.66417941106648 167
1725419052201 121.42898351081784 168
1725419052233 121.19429987437499 169
1725419052264 120.96012732591257 170
1725419052297 120.72646469240097 171
1725419052328 120.4933108035998 172
1725419052364 120.26066449205081 173
1725419052387 120.02852459307128 174
1725419052419 119.79688994474714 175
1725419052451 119.56575938792608 176
1725419052492 119.33513176621112 177
1725419052518 119.1050059259534 178
1725419052548 118.87538071624597 179
1725419052579 118.6462549889166 180
1725419052610 118.41762759852145 181
1725419052640 118.18949740233823 182
1725419052671 117.96186326035955 183
1725419052705 117.73472403528633 184
1725419052740 117.5080785925211 185
1725419052769 117.28192580016156 186
1725419052798 117.05626452899371 187
1725419052830 116.83109365248555 188
1725419052863 116.60641204678039 189
1725419052893 116.3822185906903 190
1725419052926 116.15851216568967 191
1725419052958 115.93529165590864 192
1725419052989 115.71255594812656 193
1725419053020 115.4903039317657 194
1725419053051 115.26853449888453 195
1725419053084 115.04724654417154 196
1725419053116 114.82643896493863 197
1725419053151 114.60611066111471 198
1725419053189 114.38626053523947 199
1725419053218 114.16688749245687 200
1725419053247 113.94799044050873 201
1725419053279 113.7295682897285 202
1725419053310 113.51161995303495 203
1725419053340 113.2941443459257 204
1725419053374 113.07714038647109 205
1725419053404 112.8606069953078 206
1725419053435 112.64454309563257 207
1725419053468 112.4289476131961 208
1725419053500 112.21381947629662 209
1725419053531 111.9991576157738 210
1725419053563 111.78496096500251 211
1725419053594 111.5712284598866 212
1725419053627 111.35795903885284 213
1725419053660 111.14515164284462 214
1725419053688 110.93280521531587 215
1725419053719 110.720918702225 216
1725419053753 110.50949105202872 217
1725419053784 110.2985212156759 218
1725419053816 110.08800814660164 219
1725419053849 109.8779508007211 220
1725419053884 109.66834813642339 221
1725419053909 109.45919911456572 222
1725419053939 109.25050269846722 223
1725419053967 109.04225785390304 224
1725419054009 108.83446354909826 225
1725419054032 108.62711875472209 226
1725419054059 108.42022244388166 227
1725419054078 108.2137735921164 228
1725419054093 108.00777117739172 229
1725419054106 107.80221418009349 230
1725419054120 107.59710158302184 231
1725419054134 107.39243237138551 232
1725419054147 107.18820553279582 233
1725419054161 106.9844200572608 234
1725419054175 106.78107493717961 235
1725419054188 106.57816916733633 236
1725419054204 106.37570174489443 237
1725419054237 106.17367166939096 238
1725419054264 105.97207794273058 239
1725419054296 105.77091956918002 240
1725419054319 105.57019555536218 241
1725419054344 105.36990491025048 242
1725419054374 105.17004664516305 243
1725419054394 104.97061977375711 244
1725419054415 104.77162331202324 245
1725419054442 104.57305627827967 246
1725419054465 104.37491769316665 247
1725419054488 104.17720657964085 248
1725419054510 103.97992196296964 249
1725419054533 103.78306287072547 250
1725419054553 103.58662833278025 251
1725419054578 103.3906173812999 252
1725419054596 103.19502905073867 253
1725419054614 102.9998623778334 254
1725419054632 102.80511640159831 255
1725419054650 102.61079016331924 256
1725419054668 102.41688270654814 257
1725419054686 102.22339307709757 258
1725419054708 102.03032032303534 259
1725419054735 101.83766349467878 260
1725419054764 101.64542164458952 261
1725419054793 101.45359382756784 262
1725419054829 101.26217910064732 263
1725419054852 101.0711765230894 264
1725419054869 100.88058515637802 265
1725419054887 100.69040406421406 266
1725419054905 100.50063231251018 267
1725419054923 100.31126896938521 268
1725419054941 100.12231310515895 269
1725419054964 99.93376379234677 270
1725419054985 99.74562010565425 271
1725419055007 99.55788112197202 272
1725419055036 99.3705459203701 273
1725419055063 99.18361358209306 274
1725419055090 98.99708319055433 275
1725419055115 98.8109538313312 276
1725419055145 98.62522459215946 277
1725419055172 98.43989456292816 278
1725419055199 98.25496283567443 279
1725419055217 98.07042850457825 280
1725419055234 97.88629066595713 281
1725419055253 97.70254841826112 282
1725419055271 97.51920086206754 283
1725419055288 97.33624710007572 284
1725419055306 97.15368623710202 285
1725419055325 96.97151738007466 286
1725419055349 96.78973963802842 287
1725419055376 96.60835212209976 288
1725419055390 96.4273539455216 289
1725419055403 96.24674422361826 290
1725419055417 96.06652207380037 291
1725419055432 95.88668661555985 292
1725419055446 95.70723697046476 293
1725419055471 95.52817226215444 294
1725419055492 95.34949161633435 295
1725419055519 95.17119416077102 296
1725419055547 94.99327902528726 297
1725419055581 94.81574534175695 298
1725419055599 94.63859224410021 299
1725419055618 94.46181886827836 300
1725419055636 94.28542435228896 301
1725419055654 94.10940783616103 302
1725419055672 93.93376846194992 303
1725419055690 93.75850537373253 304
1725419055713 93.58361771760235 305
1725419055742 93.40910464166463 306
1725419055763 93.23496529603145 307
1725419055790 93.06119883281686 308
1725419055819 92.88780440613213 309
1725419055843 92.71478117208069 310
1725419055870 92.54212828875357 311
1725419055896 92.36984491622445 312
1725419055921 92.1979302165448 313
1725419055952 92.02638335373919 314
1725419055978 91.85520349380054 315
1725419056000 91.68438980468521 316
1725419056035 91.51394145630837 317
1725419056056 91.34385762053924 318
1725419056083 91.1741374711963 319
1725419056111 91.0047801840426 320
1725419056136 90.83578493678111 321
1725419056169 90.66715090904995 322
1725419056196 90.49887728241774 323
1725419056223 90.3309632403789 324
1725419056246 90.16340796834906 325
1725419056270 89.99621065366028 326
1725419056299 89.82937048555658 327
1725419056328 89.66288665518917 328
1725419056342 89.49675835561192 329
1725419056356 89.33098478177673 330
1725419056370 89.16556513052896 331
1725419056396 89.0004986006028 332
1725419056410 88.8357843926167 333
1725419056424 88.67142170906894 334
1725419056438 88.50740975433294 335
1725419056453 88.34374773465275 336
1725419056482 88.18043485813857 337
1725419056514 88.01747033476225 338
1725419056538 87.8548533763527 339
1725419056558 87.69258319659154 340
1725419056587 87.53065901100845 341
1725419056606 87.36908003697687 342
1725419056624 87.20784549370944 343
1725419056641 87.04695460225359 344
1725419056659 86.88640658548708 345
1725419056677 86.7262006681136 346
1725419056695 86.56633607665839 347
1725419056712 86.40681203946376 348
1725419056734 86.24762778668476 349
1725419056761 86.08878255028478 350
1725419056780 85.93027556403122 351
1725419056806 85.77210606349102 352
1725419056830 85.61427328602652 353
1725419056853 85.45677647079083 354
1725419056885 85.2996148587238 355
1725419056916 85.14278769254753 356
1725419056944 84.9862942167621 357
1725419056968 84.83013367764137 358
1725419056986 84.6743053232285 359
1725419057004 84.51880840333183 360
1725419057023 84.36364216952063 361
1725419057037 84.20880587512077 362
1725419057052 84.05429877521057 363
1725419057066 83.90012012661641 364
1725419057085 83.74626918790872 365
1725419057113 83.59274521939759 366
1725419057143 83.43954748312868 367
1725419057175 83.286675242879 368
1725419057199 83.13412776415274 369
1725419057225 82.98190431417713 370
1725419057254 82.83000416189819 371
1725419057281 82.67842657797664 372
1725419057308 82.52717083478383 373
1725419057337 82.37623620639754 374
1725419057355 82.22562196859776 375
1725419057373 82.07532739886294 376
1725419057399 81.92535177636537 377
1725419057413 81.77569438196765 378
1725419057427 81.62635449821816 379
1725419057441 81.47733140934727 380
1725419057457 81.32862440126314 381
1725419057481 81.18023276154779 382
1725419057505 81.032155779453 383
1725419057528 80.88439274589622 384
1725419057555 80.73694295345675 385
1725419057574 80.58980569637151 386
1725419057592 80.44298027053117 387
1725419057610 80.29646597347624 388
1725419057629 80.15026210439284 389
1725419057648 80.00436796410894 390
1725419057666 79.85878285509048 391
1725419057685 79.71350608143715 392
1725419057706 79.56853694887869 393
1725419057730 79.42387476477086 394
1725419057759 79.2795188380915 395
1725419057791 79.1354684794368 396
1725419057818 78.99172300101706 397
1725419057840 78.84828171665319 398
1725419057858 78.70514394177259 399
1725419057876 78.56230899340534 400
1725419057892 78.41977619018031 401
1725419057910 78.27754485232145 402
1725419057928 78.13561430164378 403
1725419057943 77.99398386154961 404
1725419057960 77.85265285702475 405
1725419057987 77.7116206146348 406
1725419058015 77.57088646252096 407
1725419058037 77.43044973039684 408
1725419058060 77.29030974954414 409
1725419058086 77.15046585280909 410
1725419058105 77.0109173745988 411
1725419058128 76.87166365087727 412
1725419058147 76.73270401916179 413
1725419058166 76.59403781851923 414
1725419058184 76.45566438956213 415
1725419058202 76.31758307444527 416
1725419058220 76.17979321686167 417
1725419058240 76.04229416203906 418
1725419058257 75.90508525673614 419
1725419058276 75.76816584923891 420
1725419058294 75.63153528935707 421
1725419058313 75.4951929284201 422
1725419058336 75.35913811927395 423
1725419058364 75.22337021627715 424
1725419058389 75.08788857529728 425
1725419058427 74.9526925537073 426
1725419058448 74.81778151038198 427
1725419058471 74.68315480569423 428
1725419058513 74.54881180151149 429
1725419058534 74.41475186119229 430
1725419058562 74.28097434958238 431
1725419058583 74.14747863301152 432
1725419058619 74.0142640792896 433
1725419058650 73.88133005770328 434
1725419058674 73.74867593901222 435
1725419058702 73.6163010954459 436
1725419058720 73.48420490069971 437
1725419058739 73.35238672993171 438
1725419058756 73.2208459597589 439
1725419058773 73.08958196825394 440
1725419058790 72.95859413494145 441
1725419058808 72.82788184079466 442
1725419058825 72.69744446823182 443
1725419058844 72.56728140111287 444
1725419058863 72.43739202473579 445
1725419058882 72.30777572583338 446
1725419058900 72.1784318925696 447
1725419058918 72.04935991453627 448
1725419058937 71.92055918274956 449
1725419058955 71.79202908964668 450
1725419058978 71.66376902908233 451
1725419058997 71.53577839632543 452
1725419059020 71.40805658805557 453
1725419059045 71.28060300235984 454
1725419059063 71.15341703872923 455
1725419059081 71.02649809805543 456
1725419059109 70.89984558262734 457
1725419059150 70.77345889612783 458
1725419059180 70.64733744363036 459
1725419059206 70.52148063159555 460
1725419059224 70.39588786786807 461
1725419059244 70.27055856167304 462
1725419059262 70.14549212361291 463
1725419059281 70.0206879656642 464
1725419059299 69.89614550117396 465
1725419059319 69.77186414485679 466
1725419059342 69.6478433127913 467
1725419059367 69.52408242241697 468
1725419059396 69.40058089253095 469
1725419059427 69.27733814328462 470
1725419059449 69.1543535961805 471
1725419059472 69.03162667406892 472
1725419059490 68.90915680114489 473
1725419059509 68.78694340294476 474
1725419059527 68.66498590634306 475
1725419059544 68.54328373954934 476
1725419059560 68.42183633210486 477
1725419059574 68.30064311487952 478
1725419059598 68.17970352006859 479
1725419059626 68.05901698118957 480
1725419059654 67.938582933079 481
1725419059680 67.81840081188938 482
1725419059708 67.69847005508582 483
1725419059734 67.57879010144323 484
1725419059758 67.45936039104276 485
1725419059788 67.34018036526915 486
1725419059814 67.2212494668071 487
1725419059840 67.10256713963854 488
1725419059867 66.98413282903937 489
1725419059889 66.86594598157643 490
1725419059916 66.7480060451043 491
1725419059945 66.63031246876237 492
1725419059970 66.51286470297151 493
1725419059997 66.39566219943136 494
1725419060023 66.27870441111695 495
1725419060049 66.16199079227587 496
1725419060081 66.04552079842504 497
1725419060100 65.92929388634779 498
1725419060118 65.81330951409086 499
