1725397330620 1.3143581422210537 0
1725397330694 0.10928411793937218 1
1725397330808 0.022007298110465458 2
1725397330872 2.173147075835897 3
1725397330944 0.5358983405805919 4
1725397331020 7.561035196055593e-05 5
1725397331092 0.01773175855753328 6
1725397331154 0.002037129261636645 7
1725397331224 0.011050178984264322 8
1725397331295 0.16104655690908412 9
1725397331393 0.00032260253539793515 10
1725397331475 0.2896235621603431 11
1725397331562 0.6011149181683639 12
1725397331614 0.024170623874952578 13
1725397331666 0.1318154026784608 14
1725397331718 0.03311420772546252 15
1725397331770 0.7819699245725076 16
1725397331821 0.039343933603852674 17
1725397331873 0.4196737345560072 18
1725397331925 0.18039941233985496 19
1725397331983 0.14226683401792878 20
1725397332035 0.19024677075481364 21
1725397332108 0.36645078901458633 22
1725397332183 0.054999703976772785 23
1725397332244 0.08866137731343049 24
1725397332300 0.033629744026104975 25
1725397332399 0.02410692294950698 26
1725397332460 0.0022965908040863733 27
1725397332526 0.020689480155092435 28
1725397332609 0.006518768787214542 29
1725397332727 0.019353750245499384 30
1725397332794 0.0006151089634969405 31
1725397332853 0.19898667934489062 32
1725397332911 0.14383253915917338 33
1725397332965 0.5127184373009115 34
1725397333017 0.0001429113632461423 35
1725397333094 0.04284768691314505 36
1725397333175 0.7038828631542969 37
1725397333270 1.1823429090880706 38
1725397333338 0.002865931732118346 39
1725397333413 0.3946661390819742 40
1725397333488 0.3853072857279786 41
1725397333555 0.13389168091039552 42
1725397333627 0.0065942041199974445 43
1725397333705 0.06051159709654283 44
1725397333785 0.03800690121387612 45
1725397333838 0.00012062680568433416 46
1725397333895 0.0007911864035310317 47
1725397333974 0.0677047015909116 48
1725397334050 0.02717441313097328 49
1725397334141 0.10339661201950708 50
1725397334229 0.19609650070095785 51
1725397334305 0.7231832503701735 52
1725397334377 0.3441268864008051 53
1725397334442 0.2809472930579995 54
1725397334502 0.0029652967226690623 55
1725397334582 0.1213589072870912 56
1725397334669 0.073758645276201 57
1725397334728 0.42904761477554865 58
1725397334773 0.03635994315891827 59
1725397334847 0.03447043658347786 60
1725397334927 0.03926392362361346 61
1725397335011 0.01571417983121534 62
1725397335099 0.0008189012298330099 63
1725397335180 0.100730741801855 64
1725397335263 0.006061554757081052 65
1725397335337 0.005583237642543177 66
1725397335427 0.011316995294003422 67
1725397335481 0.08392358373735848 68
1725397335556 0.03730226861175926 69
1725397335609 0.3806075982817339 70
1725397335667 0.018430436790717767 71
1725397335744 0.023411942748496672 72
1725397335821 0.29173483241917075 73
1725397335904 0.22151490347990593 74
1725397335989 0.02855559154921548 75
1725397336072 0.10032511839610264 76
1725397336130 0.01226813687364517 77
1725397336181 0.29106163538591323 78
1725397336238 0.8741931689088682 79
1725397336282 0.005389620590070233 80
1725397336354 0.10958586346944925 81
1725397336442 0.42440756140160596 82
1725397336495 0.3636331004853066 83
1725397336553 0.08377197993270183 84
1725397336606 0.1728862638276021 85
1725397336658 0.0995733449527684 86
1725397336731 0.07292836497429407 87
1725397336824 0.022818530031495348 88
1725397336912 1.3625039633613871 89
1725397336995 0.007316198270854526 90
1725397337087 0.027398672866179034 91
1725397337175 0.01677244424859341 92
1725397337274 0.037311013677168145 93
1725397337329 0.014007296298034443 94
1725397337373 0.3644518364283571 95
1725397337434 0.03375214124636914 96
1725397337516 0.11076618380996908 97
1725397337569 0.005077456665744407 98
1725397337625 0.010696197215541816 99
1725397337680 0.2571298852107383 100
1725397337755 0.1782004667782651 101
1725397337822 0.3015558805935428 102
1725397337875 0.18989051389667644 103
1725397337941 0.05204368045819123 104
1725397338013 0.11989420080166241 105
1725397338092 0.007446035573012585 106
1725397338181 0.4363727369262107 107
1725397338265 0.39468924268521516 108
1725397338340 0.08409900537442071 109
1725397338421 0.014821094121611469 110
1725397338489 0.00012828195978662225 111
1725397338545 0.09494447043381554 112
1725397338621 0.030000700841772858 113
1725397338694 0.00363083399202441 114
1725397338781 0.06410536517937075 115
1725397338863 0.014930154601725944 116
1725397338933 0.03485087477756643 117
1725397338977 0.060388815309724016 118
1725397339020 0.2081017916934891 119
1725397339082 1.0175325849113064 120
1725397339170 0.000333631922824787 121
1725397339256 0.12081059109563384 122
1725397339319 0.1539377185436886 123
1725397339383 0.11880674645760049 124
1725397339470 0.150701232016361 125
1725397339555 0.027103577622086518 126
1725397339614 0.02158643011580214 127
1725397339681 0.33890472848996245 128
1725397339752 0.8062936285116247 129
1725397339844 0.11712181933326846 130
1725397339910 0.03527412018463418 131
1725397339980 0.05257374266656615 132
1725397340052 0.00160185318280789 133
1725397340120 0.3749990519688406 134
1725397340174 0.02270676671427746 135
1725397340236 0.0036852538146349006 136
1725397340299 0.11903377164840215 137
1725397340366 0.044677675055234414 138
1725397340441 0.001745904984044666 139
1725397340517 0.17314301696268072 140
1725397340578 0.19676668446886392 141
1725397340641 0.10981152636245933 142
1725397340709 2.861205354689122e-05 143
1725397340779 0.4657369441847532 144
1725397340842 0.0010377100646423879 145
1725397340901 0.04215880952554243 146
1725397340974 0.49266427801540275 147
1725397341045 0.0003268994952240636 148
1725397341114 0.009153856060146993 149
1725397341177 0.06268284780387572 150
1725397341239 0.08290587098239915 151
1725397341302 0.012499367226557387 152
1725397341375 0.00144114330891272 153
1725397341444 0.019604188562903573 154
1725397341509 0.01374416741242739 155
1725397341582 0.0765461878783985 156
1725397341657 0.09056457056845921 157
1725397341727 0.001516281378716785 158
1725397341798 0.050523287464173415 159
1725397341868 0.00546964348369583 160
1725397341939 0.5879489903527219 161
1725397342010 0.09726563975794236 162
1725397342080 0.015618857413527242 163
1725397342152 0.002912657044570437 164
1725397342227 0.025309210873561378 165
1725397342298 0.3960840698504009 166
1725397342366 0.03171429409559108 167
1725397342437 0.07231013594345313 168
1725397342511 0.006868177123611525 169
1725397342584 0.005301261584920076 170
1725397342656 0.002282331708631801 171
1725397342722 0.1899509017317674 172
1725397342798 0.026181787722306466 173
1725397342866 0.22976788664183193 174
1725397342951 0.1668991829755536 175
1725397343021 0.11855752538315 176
1725397343085 0.04749486774708981 177
1725397343156 0.01839026380788533 178
1725397343227 0.05973273734730065 179
1725397343292 0.08231866741834974 180
1725397343372 0.004760950051714475 181
1725397343430 0.48921124667167737 182
1725397343498 0.03363481917293166 183
1725397343561 0.3654404227732464 184
1725397343631 9.325783833235607e-05 185
1725397343691 0.0012817755635264041 186
1725397343757 0.16628345417158027 187
1725397343833 0.04381663448473321 188
1725397343900 0.13070325645569345 189
1725397343978 0.07479318216328774 190
1725397344047 0.08913378513010743 191
1725397344116 0.04472877571467895 192
1725397344185 0.16257065672767265 193
1725397344253 0.0012445686474719321 194
1725397344316 0.0006346733075466571 195
1725397344384 0.08297749451066556 196
1725397344447 0.019678867537543325 197
1725397344517 0.4343193874563265 198
1725397344587 0.040792935577681086 199
1725397344657 0.04756993911450537 200
1725397344723 0.11183939674027384 201
1725397344786 0.010383212125935376 202
1725397344854 0.029411886853328153 203
1725397344923 0.14737576991096715 204
1725397344986 0.12919900873053755 205
1725397345050 0.11623481508450878 206
1725397345120 0.1380598785685518 207
1725397345191 0.0656861028557198 208
1725397345253 0.03147294101117543 209
1725397345324 1.1174483278371548 210
1725397345394 0.001101597037440823 211
1725397345464 0.007996114418493494 212
1725397345529 0.0027976641452525557 213
1725397345606 0.23298321273792041 214
1725397345677 0.04292700581850703 215
1725397345730 0.015689256710604678 216
1725397345800 0.021672712869339996 217
1725397345870 0.00931508381578933 218
1725397345940 0.04455920819182097 219
1725397346003 0.13998655244548544 220
1725397346070 0.045222127191814836 221
1725397346139 1.2583988887906856 222
1725397346203 0.3798494558291042 223
1725397346267 0.049544074574795136 224
1725397346351 0.00486309439377306 225
1725397346434 0.030689242079546018 226
1725397346488 0.09756291246330774 227
1725397346546 0.09962536839746611 228
1725397346598 0.29766656065191976 229
1725397346649 0.07060141963930681 230
1725397346701 0.13564300254659034 231
1725397346783 0.033969363885762896 232
1725397346854 0.09729541096492988 233
1725397346933 4.611718701334192e-06 234
1725397347021 7.86647383052097e-05 235
1725397347097 0.1092453630488249 236
1725397347184 0.20649542752345107 237
1725397347274 0.010629039996380022 238
1725397347328 0.0011917017688185423 239
1725397347407 0.022964795111242272 240
1725397347475 0.07594217360603907 241
1725397347522 0.03288736048657112 242
1725397347566 0.005118241543412354 243
1725397347635 0.09828820017493821 244
1725397347700 0.05818455342851638 245
1725397347761 0.019512731123117924 246
1725397347813 0.018297064129555268 247
1725397347883 0.04917889524166127 248
1725397347959 0.22741071544737232 249
1725397348030 7.617512223231904e-05 250
1725397348120 0.024649663996094 251
1725397348211 0.01630895945269963 252
1725397348293 0.0226101514524162 253
1725397348376 0.016578356182739742 254
1725397348461 0.06918111011590235 255
1725397348551 0.6402517840096634 256
1725397348632 0.04758671239918482 257
1725397348685 0.13227129426010525 258
1725397348755 0.11869088134889082 259
1725397348846 0.03263523907576733 260
1725397348898 0.00010154028100652803 261
1725397348950 0.059270396350190796 262
1725397349007 0.04108681045899258 263
1725397349052 0.0069513650644395355 264
1725397349117 0.007266659937462495 265
1725397349210 0.7046538221852956 266
1725397349299 0.01517684085659205 267
1725397349383 0.04585931624052679 268
1725397349464 0.08211514230779353 269
1725397349516 0.12489343892718908 270
1725397349574 0.004692573902591359 271
1725397349643 0.03072338531569417 272
1725397349718 0.1425136354504862 273
1725397349769 0.024306934957491484 274
1725397349815 0.4074531259899344 275
1725397349883 1.3565478534684702e-05 276
1725397349964 0.004939076645496273 277
1725397350041 0.05804901798986798 278
1725397350135 0.03822911199819493 279
1725397350213 0.3441656426488212 280
1725397350262 0.04682419537995294 281
1725397350305 0.7733614962240162 282
1725397350350 0.18831364977434417 283
1725397350413 0.07829297286011012 284
1725397350460 0.040155904603931446 285
1725397350542 0.10337504124079257 286
1725397350602 0.014203992544420585 287
1725397350655 0.01537298732126497 288
1725397350699 0.24078257774876796 289
1725397350750 0.028153599411391055 290
1725397350802 0.1041176598595519 291
1725397350866 0.2649890696290003 292
1725397350941 0.0018803735337689495 293
1725397350996 0.03281915436610838 294
1725397351048 0.16328951126787955 295
1725397351107 0.604379144225945 296
1725397351191 0.02021546700251141 297
1725397351272 0.007124948196696697 298
1725397351351 0.14392407604161755 299
1725397351404 0.0031020716394304956 300
1725397351455 0.026296559827365187 301
1725397351509 0.05261753400598833 302
1725397351567 0.0071906539825586455 303
1725397351615 0.056751233240484256 304
1725397351666 0.3962650018290143 305
1725397351718 0.01589804752883707 306
1725397351768 0.15233583007531898 307
1725397351818 0.0007538923058401156 308
1725397351888 0.013759169522410837 309
1725397351965 0.0018926238915234633 310
1725397352048 0.034759130371630205 311
1725397352126 0.02184533397182981 312
1725397352211 2.0837812496968307e-07 313
1725397352264 0.07091112212208504 314
1725397352316 0.09225304845904453 315
1725397352367 9.325824600322539e-05 316
1725397352414 0.14931050097267012 317
1725397352467 0.36106824915232655 318
1725397352545 0.00778305823958614 319
1725397352607 0.0258846819922888 320
1725397352660 0.32643517147023576 321
1725397352712 0.24948346678732375 322
1725397352771 0.01454171205801748 323
1725397352824 0.5104297616779143 324
1725397352901 0.004001543798889417 325
1725397352978 0.07230695826563477 326
1725397353059 0.1539778203741461 327
1725397353150 0.0020133286301917378 328
1725397353231 0.1413497216739495 329
1725397353295 0.45663017531321415 330
1725397353360 0.18208858558665378 331
1725397353434 0.0004635022773759312 332
1725397353507 0.30856289593588954 333
1725397353566 0.01765090352445926 334
1725397353630 0.02019143174626963 335
1725397353695 0.008241614544891716 336
1725397353772 0.01433581595107909 337
1725397353838 0.08485229085640604 338
1725397353914 0.06527169251667105 339
1725397353996 0.0224157148312935 340
1725397354075 0.0071705544841225745 341
1725397354149 0.12295135206680344 342
1725397354223 0.0002291072031815735 343
1725397354291 0.0110868288396271 344
1725397354366 0.003745616384907256 345
1725397354430 0.3380151595678265 346
1725397354488 0.07336929656406119 347
1725397354551 0.2291620600836752 348
1725397354633 0.002890704456860159 349
1725397354705 0.20079478905043835 350
1725397354776 0.31601977508592516 351
1725397354847 0.050886431229215295 352
1725397354910 0.13441253278110846 353
1725397354977 0.12151230710130907 354
1725397355043 0.17652850632480988 355
1725397355113 0.00021969380612325433 356
1725397355185 0.00020397644587040342 357
1725397355267 0.3351464218455706 358
1725397355328 0.0012131740108133112 359
1725397355402 0.0963652816898177 360
1725397355471 0.0022406765106517397 361
1725397355543 0.018546340449830064 362
1725397355601 0.00031158761942778223 363
1725397355672 0.10582291275945355 364
1725397355739 0.3997624533982671 365
1725397355807 0.03750159658559439 366
1725397355869 0.2017422659197013 367
1725397355932 0.3334509821239069 368
1725397356004 0.029017304696734587 369
1725397356073 0.2165179331680211 370
1725397356143 0.052848877530266326 371
1725397356211 0.021109487753986696 372
1725397356279 0.04536457245205133 373
1725397356352 0.02842800523181697 374
1725397356415 0.17412148456252036 375
1725397356486 0.029574158086628572 376
1725397356556 0.04869747040155947 377
1725397356626 0.019432029448278446 378
1725397356695 0.19690474537654842 379
1725397356769 0.11040193535736767 380
1725397356838 0.06034058275593134 381
1725397356907 0.12927647913572882 382
1725397356982 0.07296899154743952 383
1725397357061 0.05083373334670274 384
1725397357140 0.3656364486479827 385
1725397357209 1.250887462400978e-07 386
1725397357280 0.10937612794180422 387
1725397357351 0.0010717080068351904 388
1725397357413 0.006071398362960686 389
1725397357475 0.12827744734851645 390
1725397357541 0.03519939566110415 391
1725397357612 0.23535436402632975 392
1725397357689 0.0005240878263909827 393
1725397357768 0.31652199856583163 394
1725397357834 0.3880041163387225 395
1725397357896 0.21169889014393797 396
1725397357958 0.00017146844886447869 397
1725397358030 0.03650068799148718 398
1725397358102 0.33291566857207455 399
1725397358165 0.07182023902791322 400
1725397358238 0.053002186715273125 401
1725397358309 0.0797738960143224 402
1725397358392 0.1739680784468301 403
1725398340427 0.765086210638641 404
1725398340619 0.5268462906117991 405
1725398340703 0.2560346728465513 406
1725398340826 0.6776351958931797 407
1725398341010 0.002660783740293563 408
1725398341114 9.904615765386616e-06 409
1725398341184 0.08129471510013177 410
1725398341282 0.03230424278729894 411
1725398341367 7.1009162708903e-05 412
1725398341440 0.2874165496340947 413
1725398341507 0.014687112072570292 414
1725398341606 0.16180731508875262 415
1725398341679 0.006411706694815385 416
1725398341754 0.08325347271153571 417
1725398341822 0.3084890516401335 418
1725398341892 0.03264953521870833 419
1725398341968 0.010339179767676739 420
1725398342051 0.04443765545303727 421
1725398342127 0.29845539922620967 422
1725398342203 0.0015914894429018317 423
1725398342280 0.03324919695498618 424
1725398342353 0.09054706723851016 425
1725398342424 0.0003587056769920702 426
1725398342488 0.3977720761779913 427
1725398342550 0.7576857922164959 428
1725398342623 0.0513369214652246 429
1725398342691 0.04097455508709526 430
1725398342765 0.0007355971107826815 431
1725398342840 0.004810459907892577 432
1725398342923 0.09512932362152861 433
1725398343036 0.03499234728782187 434
1725398343106 0.0075590879552024995 435
1725398343164 0.016986747990552293 436
1725398343225 0.01333742972624256 437
1725398343273 0.0244480952657333 438
1725398343346 0.0029336640318634835 439
1725398343460 0.17368230296341441 440
1725398343538 0.5758021641933577 441
1725398343598 0.4554643352481071 442
1725398343670 0.005752956297657079 443
1725398343744 0.26082004849597673 444
1725398343826 0.03272840556568045 445
1725398343978 0.027892999947217004 446
1725398344061 0.02785049401470995 447
1725398344136 0.015045954450736079 448
1725398344223 0.00017767289549953976 449
1725398344318 0.717278956597791 450
1725398344369 0.4033356675913586 451
1725398344429 0.04527104896178873 452
1725398344502 0.070987950240209 453
1725398344554 0.14366133593851627 454
1725398344600 0.060461747116915016 455
1725398344656 0.3269479717179497 456
1725398344709 0.1398624304926908 457
1725398344755 0.03587044027412057 458
1725398344808 0.4903173600939271 459
1725398344862 0.4535292834628092 460
1725398344914 0.00023588192803020988 461
1725398344992 0.22509124153438664 462
1725398345066 0.009572767690693849 463
1725398345130 0.0065534841977902564 464
1725398345177 0.0071713883169851255 465
1725398345261 0.09142371107249518 466
1725398345339 0.3467282622133285 467
1725398345387 0.13702230808993462 468
1725398345448 0.2521019906263614 469
1725398345528 0.1011102714750941 470
1725398345600 0.4673766393971302 471
1725398345654 0.1635048180077242 472
1725398345706 0.1490821089506495 473
1725398345765 0.06726345792158116 474
1725398345818 0.0013314060982535264 475
1725398345905 0.26199272158763987 476
1725398345980 0.04571585572802472 477
1725398346063 0.022352173756866413 478
1725398346142 0.004329421410171666 479
1725398346235 0.003084699896547359 480
1725398346304 0.11074171056764863 481
1725398346357 0.00601633890552672 482
1725398346410 0.3060673526358812 483
1725398346459 0.3030684480117218 484
1725398346511 0.10462791204454273 485
1725398346563 4.5603364108593316e-05 486
1725398346622 0.011953312448766813 487
1725398346674 0.037135036669534674 488
1725398346756 0.0035245046283882277 489
1725398346821 0.07243302171145016 490
1725398346867 0.06845941395791584 491
1725398346919 0.08256627454179032 492
1725398346996 0.4007050830413835 493
1725398347075 0.0043394785643086995 494
1725398347163 0.00016761042195502173 495
1725398347245 0.10847203707059658 496
1725398347321 0.02056909588900041 497
1725398347401 0.7212522552958344 498
1725398347475 0.05704663734135708 499
