1725361504092 173.35632035908407 0
1725361504115 173.33814848583899 1
1725361504135 173.32059776666145 2
1725361504164 173.3030487936929 3
1725361504190 173.28550159850698 4
1725361504216 173.2679561809214 5
1725361504238 173.25041254075515 6
1725361504267 173.23287067782755 7
1725361504293 173.21533059195775 8
1725361504315 173.19779228296503 9
1725361504336 173.1802557506686 10
1725361504358 173.16272099488776 11
1725361504379 173.14518801544173 12
1725361504401 173.12765681214995 13
1725361504427 173.11012738483163 14
1725361504447 173.09259973330612 15
1725361504473 173.0750738573928 16
1725361504497 173.05754975691107 17
1725361504521 173.04002743168033 18
1725361504544 173.02250688151997 19
1725361504565 173.0049881062494 20
1725361504595 172.98747110568817 21
1725361504617 172.96995587965569 22
1725361504639 172.95244242797142 23
1725361504668 172.9349307504549 24
1725361504704 172.9174208469257 25
1725361504748 172.8999127172033 26
1725361504771 172.88240636110731 27
1725361504792 172.8649017784573 28
1725361504813 172.84739896907286 29
1725361504835 172.82989793277363 30
1725361504856 172.8123986693792 31
1725361504879 172.79490117870932 32
1725361504900 172.7774054605836 33
1725361504927 172.75991151482177 34
1725361504950 172.7424193412435 35
1725361504974 172.72492893966856 36
1725361504997 172.70744030991668 37
1725361505037 172.68995345180764 38
1725361505069 172.6724683651612 39
1725361505097 172.6549850497972 40
1725361505138 172.63750350553548 41
1725361505173 172.62002373219582 42
1725361505195 172.60254572959812 43
1725361505216 172.58506949756224 44
1725361505238 172.56759503590814 45
1725361505259 172.55012234445573 46
1725361505279 172.53265142302484 47
1725361505301 172.51518227143552 48
1725361505328 172.49771488950768 49
1725361505350 172.4802492770614 50
1725361505372 172.4627854339166 51
1725361505393 172.44532335989334 52
1725361505415 172.4278630548117 53
1725361505434 172.41040451849167 54
1725361505454 172.39294775075342 55
1725361505476 172.375492751417 56
1725361505497 172.35803952030253 57
1725361505518 172.34058805723018 58
1725361505544 172.32313836202005 59
1725361505560 172.3056904344924 60
1725361505582 172.28824427446733 61
1725361505603 172.27079988176513 62
1725361505623 172.25335725620596 63
1725361505645 172.23591639761017 64
1725361505668 172.21847730579793 65
1725361505690 172.20103998058957 66
1725361505710 172.1836044218054 67
1725361505731 172.1661706292657 68
1725361505752 172.1487386027909 69
1725361505775 172.13130834220124 70
1725361505797 172.11387984731718 71
1725361505823 172.0964531179591 72
1725361505844 172.07902815394743 73
1725361505869 172.06160495510258 74
1725361505888 172.04418352124506 75
1725361505914 172.02676385219522 76
1725361505937 172.00934594777368 77
1725361505998 171.99192980780083 78
1725361506026 171.9745154320973 79
1725361506066 171.95710282048358 80
1725361506096 171.93969197278025 81
1725361506120 171.9222828888079 82
1725361506141 171.90487556838707 83
1725361506171 171.88747001133845 84
1725361506194 171.87006621748262 85
1725361506219 171.8526641866403 86
1725361506243 171.83526391863214 87
1725361506263 171.8178654132788 88
1725361506283 171.800468670401 89
1725361506305 171.7830736898195 90
1725361506330 171.765680471355 91
1725361506353 171.7482890148283 92
1725361506374 171.73089932006022 93
1725361506396 171.7135113868715 94
1725361506420 171.69612521508293 95
1725361506442 171.67874080451543 96
1725361506465 171.6613581549898 97
1725361506491 171.643977266327 98
1725361506511 171.62659813834782 99
1725361506537 171.6092207708732 100
1725361506558 171.59184516372414 101
1725361506580 171.57447131672154 102
1725361506601 171.55709922968634 103
1725361506622 171.5397289024396 104
1725361506644 171.52236033480224 105
1725361506667 171.5049935265953 106
1725361506715 171.4876284776399 107
1725361506740 171.470265187757 108
1725361506767 171.45290365676775 109
1725361506789 171.43554388449317 110
1725361506812 171.41818587075446 111
1725361506837 171.4008296153727 112
1725361506860 171.3834751181691 113
1725361506882 171.36612237896475 114
1725361506904 171.34877139758086 115
1725361506930 171.33142217383866 116
1725361506955 171.31407470755937 117
1725361506977 171.29672899856425 118
1725361507000 171.27938504667452 119
1725361507021 171.26204285171147 120
1725361507042 171.24470241349644 121
1725361507081 171.22736373185072 122
1725361507103 171.21002680659564 123
1725361507126 171.1926916375525 124
1725361507150 171.1753582245428 125
1725361507196 171.15802656738788 126
1725361507225 171.14069666590905 127
1725361507250 171.12336851992785 128
1725361507273 171.1060421292657 129
1725361507295 171.088717493744 130
1725361507321 171.07139461318434 131
1725361507347 171.05407348740815 132
1725361507373 171.03675411623695 133
1725361507393 171.0194364994923 134
1725361507420 171.0021206369957 135
1725361507441 170.9848065285688 136
1725361507462 170.9674941740332 137
1725361507483 170.9501835732104 138
1725361507506 170.93287472592215 139
1725361507526 170.91556763199003 140
1725361507548 170.8982622912357 141
1725361507575 170.8809587034809 142
1725361507598 170.86365686854725 143
1725361507619 170.84635678625654 144
1725361507643 170.8290584564305 145
1725361507664 170.81176187889082 146
1725361507686 170.79446705345939 147
1725361507707 170.77717397995787 148
1725361507735 170.75988265820817 149
1725361507766 170.7425930880321 150
1725361507789 170.7253052692515 151
1725361507814 170.70801920168822 152
1725361507835 170.69073488516412 153
1725361507858 170.6734523195012 154
1725361507879 170.65617150452127 155
1725361507899 170.63889244004636 156
1725361507920 170.6216151258984 157
1725361507942 170.6043395618993 158
1725361507962 170.58706574787115 159
1725361507984 170.56979368363588 160
1725361508005 170.5525233690156 161
1725361508027 170.5352548038323 162
1725361508048 170.51798798790807 163
1725361508086 170.500722921065 164
1725361508108 170.48345960312523 165
1725361508130 170.46619803391076 166
1725361508154 170.44893821324385 167
1725361508172 170.4316801409466 168
1725361508194 170.41442381684126 169
1725361508216 170.39716924074992 170
1725361508236 170.37991641249485 171
1725361508257 170.36266533189828 172
1725361508280 170.34541599878247 173
1725361508302 170.3281684129697 174
1725361508324 170.31092257428213 175
1725361508344 170.29367848254225 176
1725361508366 170.27643613757226 177
1725361508387 170.2591955391946 178
1725361508410 170.24195668723152 179
1725361508432 170.2247195815054 180
1725361508453 170.2074842218388 181
1725361508475 170.19025060805396 182
1725361508498 170.17301873997332 183
1725361508517 170.1557886174194 184
1725361508544 170.13856024021467 185
1725361508560 170.1213336081816 186
1725361508584 170.10410872114267 187
1725361508608 170.08688557892043 188
1725361508631 170.06966418133743 189
1725361508651 170.05244452821617 190
1725361508673 170.0352266193793 191
1725361508695 170.01801045464939 192
1725361508716 170.00079603384904 193
1725361508736 169.98358335680095 194
1725361508757 169.96637242332764 195
1725361508779 169.94916323325188 196
1725361508800 169.93195578639637 197
1725361508822 169.91475008258377 198
1725361508845 169.8975461216368 199
1725361508865 169.8803439033782 200
1725361508887 169.86314342763075 201
1725361508930 169.84594469421722 202
1725361508951 169.8287477029604 203
1725361508974 169.81155245368316 204
1725361508999 169.79435894620823 205
1725361509027 169.77716718035856 206
1725361509052 169.75997715595693 207
1725361509076 169.74278887282634 208
1725361509100 169.7256023307896 209
1725361509120 169.70841752966965 210
1725361509142 169.69123446928944 211
1725361509163 169.67405314947197 212
1725361509182 169.65687357004015 213
1725361509204 169.63969573081704 214
1725361509226 169.6225196316256 215
1725361509248 169.6058633331517 216
1725361509273 169.58894965334 217
1725361509296 169.57203768716963 218
1725361509317 169.55512742152047 219
1725361509339 169.5382188562207 220
1725361509362 169.52131199109806 221
1725361509385 169.50440682598023 222
1725361509407 169.4875033606948 223
1725361509428 169.47060159506955 224
1725361509454 169.45370152893213 225
1725361509488 169.4368031621103 226
1725361509509 169.4199064944318 227
1725361509530 169.40301152572442 228
1725361509556 169.38611825581597 229
1725361509585 169.36922668453417 230
1725361509612 169.35233681170692 231
1725361509635 169.33544863716205 232
1725361509658 169.31856216072734 233
1725361509681 169.30167738223076 234
1725361509704 169.2847943015002 235
1725361509726 169.26791291836346 236
1725361509749 169.2510332326486 237
1725361509770 169.23415524418354 238
1725361509793 169.21727895279616 239
1725361509818 169.2004043583145 240
1725361509839 169.18353146056654 241
1725361509859 169.1666602593803 242
1725361509885 169.14979075458385 243
1725361509910 169.13292294600518 244
1725361509932 169.1160568334724 245
1725361509953 169.09919241681362 246
1725361509975 169.08232969585686 247
1725361509996 169.06546867043033 248
1725361510016 169.04860934036208 249
1725361510039 169.0317517054804 250
1725361510060 169.0148957656133 251
1725361510082 168.99804152058908 252
1725361510110 168.98118897023588 253
1725361510136 168.96433811438203 254
1725361510155 168.94748895285568 255
1725361510179 168.93064148548515 256
1725361510202 168.9137957120987 257
1725361510220 168.8969516325246 258
1725361510244 168.88010924659122 259
1725361510267 168.86326855412685 260
1725361510290 168.84642955495985 261
1725361510309 168.82959224891857 262
1725361510332 168.81275663583145 263
1725361510354 168.79592271552684 264
1725361510376 168.7790904878332 265
1725361510397 168.76225995257892 266
1725361510419 168.74543110959252 267
1725361510443 168.72860395870237 268
1725361510461 168.7117784997371 269
1725361510486 168.69495473252516 270
1725361510510 168.678132656895 271
1725361510528 168.66131227267527 272
1725361510553 168.6444935796945 273
1725361510575 168.62767657778124 274
1725361510597 168.6108612667641 275
1725361510618 168.59404764647172 276
1725361510638 168.5772357167327 277
1725361510660 168.56042547737573 278
1725361510681 168.54361692822943 279
1725361510707 168.5268100691225 280
1725361510731 168.51000489988365 281
1725361510753 168.49320142034156 282
1725361510775 168.47639963032503 283
1725361510798 168.45959952966277 284
1725361510820 168.44280111818364 285
1725361510840 168.4260043957163 286
1725361510863 168.40920936208963 287
1725361510884 168.39241601713246 288
1725361510912 168.37562436067356 289
1725361510937 168.35883439254187 290
1725361510963 168.34204611256627 291
1725361510981 168.3252595205756 292
1725361511008 168.3084746163988 293
1725361511039 168.29169139986482 294
1725361511063 168.27490987080256 295
1725361511086 168.258130029041 296
1725361511118 168.2413518744092 297
1725361511141 168.22457540673605 298
1725361511162 168.20780062585064 299
1725361511185 168.19102753158194 300
1725361511207 168.17425612375908 301
1725361511229 168.15748640221108 302
1725361511252 168.14071836676706 303
1725361511273 168.12395201725607 304
1725361511294 168.1071873535073 305
1725361511316 168.09042437534987 306
1725361511339 168.0736630826129 307
1725361511361 168.0569034751256 308
1725361511381 168.04014555271715 309
1725361511411 168.02338931521678 310
1725361511433 168.0066347624537 311
1725361511454 167.9898818942572 312
1725361511473 167.97313071045645 313
1725361511495 167.95638121088083 314
1725361511515 167.93963339535958 315
1725361511537 167.92288726372198 316
1725361511558 167.90614281579747 317
1725361511577 167.88940005141535 318
1725361511599 167.87265897040496 319
1725361511622 167.8559195725957 320
1725361511652 167.83918185781698 321
1725361511681 167.82244582589823 322
1725361511700 167.8057114766689 323
1725361511720 167.7889788099584 324
1725361511744 167.77224782559622 325
1725361511770 167.75551852341187 326
1725361511789 167.73879090323484 327
1725361511811 167.72206496489468 328
1725361511836 167.70534070822092 329
1725361511857 167.6886181330431 330
1725361511880 167.6718972391908 331
1725361511901 167.65517802649362 332
1725361511924 167.63846049478124 333
1725361511946 167.6217446438832 334
1725361511967 167.60503047362914 335
1725361511988 167.5883179838488 336
1725361512009 167.57160717437185 337
1725361512030 167.55489804502795 338
1725361512052 167.53819059564682 339
1725361512075 167.5214848260582 340
1725361512097 167.5047807360919 341
1725361512127 167.48807832557765 342
1725361512146 167.4713775943452 343
1725361512173 167.45467854222437 344
1725361512200 167.437981169045 345
1725361512243 167.42128547463696 346
1725361512273 167.40459145883005 347
1725361512296 167.38789912145418 348
1725361512319 167.37120846233924 349
1725361512341 167.35451948131512 350
1725361512365 167.33783217821176 351
1725361512387 167.32114655285912 352
1725361512408 167.30446260508714 353
1725361512429 167.2877803347258 354
1725361512451 167.2710997416051 355
1725361512473 167.25442082555503 356
1725361512495 167.23774358640568 357
1725361512517 167.22106802398707 358
1725361512539 167.20439413812923 359
1725361512560 167.18772192866228 360
1725361512581 167.17105139541633 361
1725361512603 167.1543825382215 362
1725361512624 167.1377153569079 363
1725361512646 167.12104985130568 364
1725361512672 167.10438602124506 365
1725361512693 167.0877238665562 366
1725361512716 167.07106338706927 367
1725361512740 167.05440458261452 368
1725361512764 167.03774745302218 369
1725361512787 167.02109199812256 370
1725361512810 167.00443821774587 371
1725361512831 166.98778611172247 372
1725361512852 166.97113567988262 373
1725361512874 166.95448692205662 374
1725361512896 166.93783983807492 375
1725361512916 166.92119442776774 376
1725361512938 166.90455069096558 377
1725361512962 166.88790862749877 378
1725361512981 166.87126823719777 379
1725361513005 166.85462951989297 380
1725361513030 166.83799247541486 381
1725361513051 166.82135710359387 382
1725361513073 166.80472340426047 383
1725361513093 166.78809137724522 384
1725361513116 166.77146102237862 385
1725361513147 166.75483233949117 386
1725361513168 166.73820532841347 387
1725361513190 166.72157998897606 388
1725361513212 166.70495632100955 389
1725361513232 166.6883343243445 390
1725361513252 166.67171399881158 391
1725361513273 166.65509534424143 392
1725361513295 166.6384783604647 393
1725361513315 166.62186304731205 394
1725361513336 166.60524940461414 395
1725361513359 166.58863743220178 396
1725361513381 166.5720271299056 397
1725361513404 166.55541849755642 398
1725361513429 166.53881153498492 399
1725361513450 166.52220624202192 400
1725361513473 166.50560261849827 401
1725361513497 166.4890006642447 402
1725361513526 166.47240037909208 403
1725361513546 166.4558017628713 404
1725361513567 166.43920481541312 405
1725361513587 166.4226095365485 406
1725361513609 166.4060159261083 407
1725361513631 166.38942398392348 408
1725361513656 166.37283370982496 409
1725361513679 166.3562451036437 410
1725361513693 166.33965816521066 411
1725361513711 166.3230728943568 412
1725361513737 166.30648929091316 413
1725361513756 166.28990735471078 414
1725361513778 166.27332708558063 415
1725361513800 166.25674848335382 416
1725361513822 166.2401715478614 417
1725361513844 166.2235962789345 418
1725361513868 166.20702267640416 419
1725361513890 166.1904507401016 420
1725361513913 166.1738804698579 421
1725361513935 166.1573118655042 422
1725361513957 166.14074492687172 423
1725361513978 166.12417965379166 424
1725361513998 166.1076160460952 425
1725361514020 166.09105410361357 426
1725361514043 166.07449382617804 427
1725361514065 166.05793521361988 428
1725361514087 166.04137826577033 429
1725361514109 166.02482298246073 430
1725361514143 166.0082693635224 431
1725361514165 165.99171740878663 432
1725361514187 165.9751671180848 433
1725361514209 165.9586184912483 434
1725361514233 165.94207152810844 435
1725361514255 165.9255262284967 436
1725361514276 165.90898259224446 437
1725361514297 165.8924406191832 438
1725361514325 165.8759003091443 439
1725361514346 165.85936166195927 440
1725361514368 165.84282467745962 441
1725361514390 165.82628935547686 442
1725361514413 165.80975569584245 443
1725361514435 165.793223698388 444
1725361514454 165.77669336294505 445
1725361514474 165.76016468934512 446
1725361514498 165.7436376774199 447
1725361514523 165.72711232700092 448
1725361514545 165.71058863791984 449
1725361514566 165.6940666100083 450
1725361514588 165.67754624309796 451
1725361514611 165.6610275370205 452
1725361514632 165.64451049160758 453
1725361514654 165.62799510669097 454
1725361514677 165.61148138210234 455
1725361514700 165.5949693176736 456
1725361514721 165.57845891323626 457
1725361514743 165.5619501686223 458
1725361514767 165.54544308366343 459
1725361514790 165.5289376581915 460
1725361514815 165.51243389203833 461
1725361514840 165.49593178503576 462
1725361514866 165.47943133701568 463
1725361514882 165.46293254781 464
1725361514905 165.44643541725054 465
1725361514928 165.4299399451693 466
1725361514949 165.4134461313982 467
1725361514971 165.39695397576912 468
1725361514995 165.38046347811414 469
1725361515019 165.36397463826523 470
1725361515041 165.34748745605432 471
1725361515067 165.3310019313135 472
1725361515088 165.3145180638748 473
1725361515107 165.29803585357027 474
1725361515128 165.28155530023201 475
1725361515162 165.26507640369206 476
1725361515185 165.24859916378253 477
1725361515214 165.23212358033564 478
1725361515236 165.2156496531834 479
1725361515258 165.1991773821581 480
1725361515279 165.18270676709184 481
1725361515302 165.1662378078168 482
1725361515326 165.14977050416525 483
1725361515348 165.1333048559694 484
1725361515370 165.11684086306147 485
1725361515391 165.10037852527378 486
1725361515413 165.08391784243858 487
1725361515435 165.06745881438815 488
1725361515458 165.05100144095482 489
1725361515485 165.03454572197094 490
1725361515506 165.01809165726885 491
1725361515531 165.0016392466809 492
1725361515571 164.98518849003946 493
1725361515595 164.968739387177 494
1725361515622 164.9522919379259 495
1725361515656 164.93584614211855 496
1725361515681 164.91940199958748 497
1725361515708 164.90295951016515 498
1725361515733 164.886518673684 499
