1725419223587 176.37481376294107 0
1725419223630 172.81500623323825 1
1725419223661 169.33463755446905 2
1725419223695 165.93184052650474 3
1725419223723 162.60479375180745 4
1725419223763 159.35172045926586 5
1725419223795 156.17088736008125 6
1725419223827 153.0606035347579 7
1725419223859 150.0192193502841 8
1725419223893 147.0451254066186 9
1725419223924 144.13675151162678 10
1725419223967 141.29256568363618 11
1725419223997 138.51107318081125 12
1725419224025 135.7908155565686 13
1725419224053 133.1303697402816 14
1725419224086 130.52834714254635 15
1725419224119 127.98339278430278 16
1725419224159 125.49418444912895 17
1725419224192 123.0594318580455 18
1725419224222 120.677875866191 19
1725419224251 118.34828768074523 20
1725419224278 116.06946809950007 21
1725419224304 113.84024676949413 22
1725419224333 111.6594814651459 23
1725419224364 109.52605738533799 24
1725419224396 107.43888646892107 25
1725419224428 105.3969067281225 26
1725419224459 103.39908159936101 27
1725419224490 101.44439931098275 28
1725419224521 99.53187226744976 29
1725419224552 97.66053644952522 30
1725419224585 95.82945083001422 31
1725419224624 94.03769680463115 32
1725419224656 92.28437763757877 33
1725419224685 90.568617921435 34
1725419224711 88.88956305095698 35
1725419224741 87.24637871042154 36
1725419224775 85.63825037413503 37
1725419224817 84.06438281975335 38
1725419224854 82.52399965406622 39
1725419224887 81.01634285090752 40
1725419224918 79.54067230086561 41
1725419224957 78.0962653724748 42
1725419224993 76.68241648458024 43
1725419225070 75.29843668957632 44
1725419225107 73.94365326722716 45
1725419225136 72.61740932878774 46
1725419225167 71.31906343114953 47
1725419225198 70.0479892007454 48
1725419225230 68.80357496695368 49
1725419225262 67.58522340475025 50
1725419225290 66.39235118636354 51
1725419225320 65.22438864169527 52
1725419225350 64.08077942727552 53
1725419225380 62.960980203527775 54
1725419225411 61.86446032012579 55
1725419225445 60.790701509230004 56
1725419225477 59.73919758639735 57
1725419225503 58.70945415896439 58
1725419225530 57.70098834170789 59
1725419225562 56.71332847959475 60
1725419225591 55.746013877435736 61
1725419225621 54.79859453626447 62
1725419225651 53.870630896267514 63
1725419225679 52.96169358609556 64
1725419225711 52.07136317839145 65
1725419225743 51.19922995137439 66
1725419225775 50.34489365632417 67
1725419225805 49.507963290814345 68
1725419225835 48.68805687754615 69
1725419225867 47.884801248639526 70
1725419225896 47.0978318352421 71
1725419225925 46.326792462319546 72
1725419225958 45.57133514849521 73
1725419225991 44.831119910810436 74
1725419226022 44.10581457428005 75
1725419226051 43.39509458612097 76
1725419226084 42.69864283453561 77
1725419226116 42.0161494719342 78
1725419226148 41.34731174248354 79
1725419226184 40.691833813873096 80
1725419226213 40.04942661319124 81
1725419226243 39.41980766680853 82
1725419226274 38.802700944166375 83
1725419226306 38.197836705373206 84
1725419226336 37.604951352512174 85
1725419226370 37.023787284567 86
1725419226409 36.45409275587533 87
1725419226435 35.89562173802114 88
1725419226460 35.348133785079945 89
1725419226488 34.811393902133005 90
1725419226520 34.28517241696881 91
1725419226560 33.76924485489224 92
1725419226593 33.26339181656397 93
1725419226624 32.76739885879442 94
1725419226658 32.28105637821903 95
1725419226687 31.804159497782717 96
1725419226718 31.33650795596444 97
1725419226749 30.877905998672958 98
1725419226778 30.428162273748313 99
1725419226809 29.987089728004104 100
1725419226838 29.55450550674768 101
1725419226872 29.13023085571714 102
1725419226905 28.714091025375136 103
1725419226936 28.30591517750167 104
1725419226970 27.905536294028806 105
1725419227002 27.512791088062176 106
1725419227035 27.127519917035777 107
1725419227059 26.749566697946754 108
1725419227090 26.378778824620003 109
1725419227125 26.01500708695196 110
1725419227157 25.658105592085395 111
1725419227191 25.307931687467732 112
1725419227226 24.964345885746848 113
1725419227258 24.62721179145899 114
1725419227289 24.29639602946552 115
1725419227323 23.97176817509519 116
1725419227354 23.653200685950722 117
1725419227396 23.340568835338566 118
1725419227428 23.03375064728274 119
1725419227460 22.732626833083703 120
1725419227491 22.437080729384984 121
1725419227524 22.146998237710527 122
1725419227558 21.862267765437124 123
1725419227589 21.582780168166988 124
1725419227618 21.308428693466723 125
1725419227653 21.039108925938873 126
1725419227684 20.774718733594504 127
1725419227712 20.515158215494424 128
1725419227743 20.260329650629178 129
1725419227775 20.010137448007058 130
1725419227807 19.76448809792137 131
1725419227848 19.52329012436802 132
1725419227877 19.286454038586253 133
1725419227908 19.05389229369439 134
1725419227940 18.825519240395494 135
1725419227968 18.601251083725458 136
1725419227996 18.38100584082029 137
1725419228035 18.164703299676127 138
1725419228061 17.9522649788795 139
1725419228095 17.743614088283863 140
1725419228127 17.538675490609457 141
1725419228155 17.33737566394497 142
1725419228186 17.13964266512827 143
1725419228217 16.945406093986467 144
1725419228249 16.75459705841333 145
1725419228289 16.567148140264766 146
1725419228317 16.382993362052492 147
1725419228347 16.202068154417038 148
1725419228374 16.024309324360548 149
1725419228404 15.849655024222638 150
1725419228436 15.67804472137997 151
1725419228467 15.50941916865337 152
1725419228498 15.343720375405109 153
1725419228529 15.180891579309668 154
1725419228565 15.02087721878248 155
1725419228597 14.863622906050308 156
1725419228629 14.709075400848468 157
1725419228660 14.557182584729583 158
1725419228694 14.407893435969335 159
1725419228724 14.261158005055506 160
1725419228755 14.1169273907454 161
1725419228788 13.975153716679335 162
1725419228815 13.835790108535825 163
1725419228840 13.698790671716468 164
1725419228878 13.564110469547474 165
1725419228906 13.431705501985661 166
1725419228939 13.30153268481702 167
1725419228977 13.173549829336027 168
1725419229011 13.047715622494449 169
1725419229044 12.923989607508384 170
1725419229076 12.802332164912796 171
1725419229107 12.68270449405286 172
1725419229142 12.56506859500178 173
1725419229176 12.449387250894949 174
1725419229209 12.335624010670877 175
1725419229238 12.223743172208833 176
1725419229271 12.113709765854214 177
1725419229302 12.005489538322239 178
1725419229338 11.899048936971113 179
1725419229371 11.794355094436083 180
1725419229405 11.69137581361563 181
1725419229434 11.590079553001578 182
1725419229464 11.490435412345352 183
1725419229498 11.39241311865172 184
1725419229526 11.295983012493187 185
1725419229553 11.201116034636788 186
1725419229585 11.107783712976364 187
1725419229616 11.015958149763023 188
1725419229659 10.925612009126764 189
1725419229683 10.836718504882164 190
1725419229716 10.749251388612201 191
1725419229748 10.663184938022724 192
1725419229787 10.578493945562082 193
1725419229821 10.495153707299162 194
1725419229851 10.41314001205382 195
1725419229885 10.33242913077433 196
1725419229916 10.25299780615519 197
1725419229950 10.174823242490461 198
1725419229977 10.097883095756703 199
1725419230010 10.022155463920239 200
1725419230039 9.947618877463631 201
1725419230068 9.874252290125979 202
1725419230093 9.802035069852352 203
1725419230127 9.730946989947283 204
1725419230159 9.66096822042767 205
1725419230194 9.592079319570288 206
1725419230227 9.524261225649747 207
1725419230254 9.457495248861882 208
1725419230286 9.391763063428838 209
1725419230319 9.32704669988129 210
1725419230352 9.263328537513791 211
1725419230392 9.200591297009158 212
1725419230417 9.138818033228066 213
1725419230451 9.077992128160016 214
1725419230482 9.018097284031871 215
1725419230515 8.959117516570162 216
1725419230540 8.901037148414098 217
1725419230574 8.843840802675258 218
1725419230601 8.787513396640774 219
1725419230638 8.732040135616725 220
1725419230669 8.677406506908584 221
1725419230699 8.623598273935247 222
1725419230731 8.570601470473857 223
1725419230760 8.518402395032362 224
1725419230793 8.466987605346691 225
1725419230825 8.416343912999773 226
1725419230856 8.366458378159786 227
1725419230894 8.31731830443446 228
1725419230930 8.268911233839257 229
1725419230963 8.22122494187639 230
1725419230999 8.174247432722407 231
1725419231023 8.127966934521726 232
1725419231057 8.082371894783668 233
1725419231088 8.037450975880867 234
1725419231120 7.993193050646155 235
1725419231153 7.949587198066489 236
1725419231185 7.906622699070818 237
1725419231217 7.864289032410525 238
1725419231246 7.8225758706297555 239
1725419231275 7.781473076123899 240
1725419231304 7.74097069728405 241
1725419231334 7.701058964725537 242
1725419231362 7.661728287598727 243
1725419231393 7.622969249979984 244
1725419231422 7.584772607341073 245
1725419231453 7.547129283095396 246
1725419231485 7.510030365218938 247
1725419231514 7.47346710294461 248
1725419231536 7.437430903528073 249
1725419231567 7.401913329083448 250
1725419231596 7.366906093487492 251
1725419231626 7.332401059350498 252
1725419231660 7.298390235052409 253
1725419231690 7.264865771842954 254
1725419231720 7.231819961003871 255
1725419231759 7.199245231072337 256
1725419231791 7.16713414512369 257
1725419231823 7.135479398112756 258
1725419231855 7.104273814271699 259
1725419231890 7.073510344563792 260
1725419231920 7.043182064191401 261
1725419231954 7.013282170157197 262
1725419231985 6.983803978877292 263
1725419232017 6.954740923845289 264
1725419232039 6.9260865533457245 265
1725419232077 6.897834528216271 266
1725419232111 6.869978619657353 267
1725419232144 6.842512707088106 268
1725419232192 6.8154307760475845 269
1725419232224 6.788726916140543 270
1725419232255 6.762395319026332 271
1725419232285 6.736430276450246 272
1725419232319 6.710826178316394 273
1725419232351 6.685577510800846 274
1725419232382 6.660678854504585 275
1725419232411 6.636124882645138 276
1725419232442 6.611910359285954 277
1725419232474 6.58803013760293 278
1725419232512 6.564479158187047 279
1725419232543 6.541252447382402 280
1725419232583 6.518345115658921 281
1725419232616 6.495752356018824 282
1725419232647 6.473469442436146 283
1725419232680 6.4514917283288105 284
1725419232710 6.4298146450620575 285
1725419232742 6.408433700483181 286
1725419232775 6.387344477486045 287
1725419232805 6.366542632605756 288
1725419232835 6.3460238946417125 289
1725419232867 6.325784063309521 290
1725419232898 6.305819007920119 291
1725419232929 6.286124666086213 292
1725419232961 6.26669704245523 293
1725419232991 6.247532207468046 294
1725419233035 6.228626296143103 295
1725419233060 6.20997550688538 296
1725419233087 6.191576100319438 297
1725419233121 6.173424398146359 298
1725419233156 6.155516782023783 299
1725419233188 6.13784969246861 300
1725419233220 6.120419627781987 301
1725419233252 6.1032231429959465 302
1725419233284 6.086256848841292 303
1725419233317 6.069517410736258 304
1725419233348 6.0530015477955725 305
1725419233383 6.03670603185931 306
1725419233414 6.020627686541232 307
1725419233447 6.004763386296246 308
1725419233479 5.989110055506375 309
1725419233512 5.973664667585052 310
1725419233545 5.958424244099216 311
1725419233577 5.943385853908828 312
1725419233607 5.928546612323499 313
1725419233640 5.913903680275859 314
1725419233674 5.899454263511182 315
1725419233707 5.885195611793147 316
1725419233737 5.871125018125109 317
1725419233768 5.857239817986825 318
1725419233803 5.843537388586134 319
1725419233836 5.830015148125285 320
1725419233864 5.816670555081624 321
1725419233896 5.803501107502448 322
1725419233927 5.790504342313524 323
1725419233962 5.777677834641057 324
1725419233994 5.765019197146979 325
1725419234030 5.752526079376917 326
1725419234061 5.740196167121104 327
1725419234092 5.72802718178737 328
1725419234131 5.716016879786397 329
1725419234164 5.70416305192878 330
1725419234196 5.692463522833678 331
1725419234228 5.68091615034888 332
1725419234260 5.669518824981924 333
1725419234292 5.658269469342151 334
1725419234322 5.6471660375934185 335
1725419234355 5.6362065149171245 336
1725419234400 5.625388916985767 337
1725419234429 5.614711289446087 338
1725419234461 5.604171707412379 339
1725419234493 5.593768274969207 340
1725419234525 5.583499124683499 341
1725419234557 5.573362417125969 342
1725419234589 5.563356340401457 343
1725419234620 5.553479109688103 344
1725419234654 5.543728966785214 345
1725419234687 5.534104179669453 346
1725419234719 5.524603042059641 347
1725419234752 5.515223872989204 348
1725419234784 5.505965016386996 349
1725419234820 5.496824840665749 350
1725419234852 5.48780173831803 351
1725419234883 5.478894125519956 352
1725419234916 5.470100441741945 353
1725419234945 5.461419149366857 354
1725419234979 5.452848733314979 355
1725419235013 5.444387700676073 356
1725419235060 5.43603458034811 357
1725419235097 5.427787922682459 358
1725419235125 5.4196462991358025 359
1725419235157 5.411608301928228 360
1725419235195 5.403672543707606 361
1725419235228 5.395837657219979 362
1725419235260 5.388102294986049 363
1725419235293 5.380465128983421 364
1725419235326 5.372924850334605 365
1725419235358 5.365480169000598 366
1725419235386 5.3581298134800495 367
1725419235419 5.350872530513717 368
1725419235451 5.343707084794393 369
1725419235482 5.336632258681746 370
1725419235514 5.329646851922537 371
1725419235549 5.322749681375522 372
1725419235579 5.3159395807414995 373
1725419235609 5.30921540029796 374
1725419235642 5.30257600663856 375
1725419235671 5.2960202824170715 376
1725419235705 5.289547126095908 377
1725419235738 5.283155451699048 378
1725419235765 5.276844188569358 379
1725419235795 5.270612281130051 380
1725419235827 5.264458688650406 381
1725419235859 5.258382385015503 382
1725419235899 5.25238235850003 383
1725419235930 5.246457611545996 384
1725419235960 5.240607160544196 385
1725419235994 5.2348300356196455 386
1725419236022 5.229125280420564 387
1725419236062 5.223491951911059 388
1725419236100 5.217929120167313 389
1725419236132 5.212435868177376 390
1725419236167 5.207011291644262 391
1725419236193 5.2016544987925215 392
1725419236224 5.196364610177956 393
1725419236255 5.191140758500774 394
1725419236287 5.185982088421762 395
1725419236321 5.18088775638157 396
1725419236351 5.1758569304232225 397
1725419236384 5.1708887900173535 398
1725419236411 5.165982525890664 399
1725419236443 5.161137339857046 400
1725419236475 5.156352444651645 401
1725419236505 5.151627063767666 402
1725419236533 5.146960431295963 403
1725419236566 5.142351791767186 404
1725419236597 5.137800399996641 405
1725419236632 5.133305520931703 406
1725419236662 5.12886642950182 407
1725419236700 5.124482410470787 408
1725419236733 5.120152758291762 409
1725419236766 5.1158767769643845 410
1725419236800 5.111653779894464 411
1725419236825 5.1074830897557515 412
1725419236857 5.103364038354237 413
1725419236891 5.099295966494395 414
1725419236944 5.095278223847795 415
1725419236981 5.09131016882375 416
1725419237002 5.087391168442107 417
1725419237034 5.083520598208104 418
1725419237073 5.0796978419892325 419
1725419237113 5.0759222918940985 420
1725419237146 5.072193348153135 421
1725419237179 5.068510419001474 422
1725419237207 5.064872920563431 423
1725419237239 5.061280276738962 424
1725419237269 5.057731919091922 425
1725419237302 5.0542272867401685 426
1725419237336 5.050765826247248 427
1725419237374 5.0473469915159574 428
1725419237407 5.043970243683562 429
1725419237438 5.040635051018556 430
1725419237468 5.037340888819238 431
1725419237490 5.0340872393137035 432
1725419237526 5.030873591561571 433
1725419237559 5.027699441357092 434
1725419237591 5.024564291133912 435
1725419237623 5.021467649871263 436
1725419237656 5.01840903300157 437
1725419237694 5.01538796231963 438
1725419237727 5.012403965893013 439
1725419237759 5.009456577974067 440
1725419237793 5.006545338913114 441
1725419237832 5.003669795073035 442
1725419237864 5.00082949874524 443
1725419237892 4.9980240080668725 444
1725419237924 4.995252886939195 445
1725419237957 4.9925157049474445 446
1725419237988 4.989812037281744 447
1725419238022 4.987141464659248 448
1725419238062 4.984503573247524 449
1725419238092 4.981897954589049 450
1725419238125 4.979324205526886 451
1725419238164 4.9767819281315235 452
1725419238197 4.974270729628656 453
1725419238228 4.971790222328328 454
1725419238259 4.969340023554852 455
1725419238294 4.966919755578033 456
1725419238333 4.964529045545237 457
1725419238366 4.962167525414586 458
1725419238392 4.95983483188917 459
1725419238419 4.957530606352113 460
1725419238453 4.955254494802742 461
1725419238483 4.953006147793668 462
1725419238515 4.950785220368703 463
1725419238548 4.9485913720019274 464
1725419238576 4.94642426653734 465
1725419238617 4.9442835721297715 466
1725419238650 4.942168961186323 467
1725419238679 4.9400801103088705 468
1725419238712 4.93801670023737 469
1725419238756 4.935978415793999 470
1725419238786 4.933964945828111 471
1725419238816 4.931975983161928 472
1725419238848 4.930011224537169 473
1725419238879 4.928070370562366 474
1725419238918 4.926153125660888 475
1725419238949 4.924259198019911 476
1725419238981 4.922388299539872 477
1725419239019 4.920540145784928 478
1725419239050 4.918714455933908 479
1725419239088 4.916910952732069 480
1725419239116 4.915129362443577 481
1725419239147 4.913369414804617 482
1725419239175 4.911630842977188 483
1725419239208 4.9099133835035875 484
1725419239240 4.9082167762615105 485
1725419239273 4.906540764419803 486
1725419239305 4.904885094394853 487
1725419239336 4.903249515807662 488
1725419239367 4.901633781441431 489
1725419239401 4.900037647199676 490
1725419239432 4.898460872065294 491
1725419239466 4.896903218059741 492
1725419239500 4.8953644502031315 493
1725419239533 4.893844336474731 494
1725419239563 4.892342647774078 495
1725419239594 4.890859157882633 496
1725419239627 4.889393643425994 497
1725419239653 4.887945883836498 498
1725419239693 4.886515661316681 499
