1725423131418 173.886242189696 0
1725423131456 173.66636930046357 1
1725423131540 173.4894530242658 2
1725423131581 173.31269593743139 3
1725423131632 173.13612017041672 4
1725423131669 172.9597255223095 5
1725423131727 172.78351180443096 6
1725423131768 172.60747882829818 7
1725423131809 172.43162640563062 8
1725423131845 172.25595434835012 9
1725423131881 172.08046246858044 10
1725423131912 171.90515057864718 11
1725423131944 171.7300184910775 12
1725423131976 171.5550660185997 13
1725423132013 171.3802929741434 14
1725423132045 171.20569917083907 15
1725423132079 171.0312844220177 16
1725423132115 170.85704854121073 17
1725423132150 170.68299134214982 18
1725423132192 170.50911263876657 19
1725423132228 170.33541224519237 20
1725423132294 170.16188997575796 21
1725423132325 169.99373353644086 22
1725423132357 169.8231518133321 23
1725423132393 169.65274507361977 24
1725423132453 169.48251183443253 25
1725423132493 169.31245191629407 26
1725423132567 169.14256513926748 27
1725423132620 168.9728513236092 28
1725423132656 168.80331028976846 29
1725423132697 168.63394185838712 30
1725423132728 168.4647458502995 31
1725423132776 168.2957220865319 32
1725423132814 168.12687038830265 33
1725423132855 167.9581905770219 34
1725423132887 167.7896824742911 35
1725423132949 167.62134590190325 36
1725423133051 167.4531806818422 37
1725423133092 167.28518663628276 38
1725423133137 167.11736358759038 39
1725423133168 166.94971135832094 40
1725423133212 166.78222977122044 41
1725423133248 166.614918649225 42
1725423133283 166.44777781546046 43
1725423133328 166.2808070932423 44
1725423133364 166.1140063060751 45
1725423133427 165.94737527765292 46
1725423133462 165.78091383185856 47
1725423133510 165.61462179276344 48
1725423133540 165.44849898462766 49
1725423133568 165.2825452318995 50
1725423133613 165.1167603592153 51
1725423133647 164.95114419139935 52
1725423133678 164.78569655346345 53
1725423133711 164.62041727060688 54
1725423133742 164.45530616821617 55
1725423133778 164.29036307186485 56
1725423133810 164.1255878073132 57
1725423133842 163.96098020050812 58
1725423133870 163.7965400775829 59
1725423133911 163.63226726485692 60
1725423133944 163.46816158883553 61
1725423133980 163.30422287620996 62
1725423134023 163.14045095385677 63
1725423134059 162.97684564883792 64
1725423134090 162.81340678840053 65
1725423134122 162.65013419997658 66
1725423134156 162.4870277111827 67
1725423134198 162.3240871498201 68
1725423134227 162.16131234387416 69
1725423134264 161.99870312151444 70
1725423134296 161.8362593110943 71
1725423134326 161.6739807411507 72
1725423134368 161.51186724040417 73
1725423134411 161.34991863775838 74
1725423134439 161.18813476230002 75
1725423134466 161.0265154432988 76
1725423134498 160.86506051020675 77
1725423134534 160.70376979265845 78
1725423134577 160.54264312047079 79
1725423134600 160.3816803236425 80
1725423134633 160.2208812323542 81
1725423134676 160.06024567696804 82
1725423134711 159.89977348802765 83
1725423134744 159.7394644962577 84
1725423134787 159.579318532564 85
1725423134819 159.41933542803295 86
1725423134849 159.25951501393166 87
1725423134874 159.0998571217076 88
1725423134908 158.94036158298832 89
1725423134934 158.78102822958138 90
1725423134967 158.6218568934741 91
1725423135011 158.46284740683333 92
1725423135045 158.30399960200526 93
1725423135078 158.1453133115153 94
1725423135111 157.98678836806775 95
1725423135148 157.8284246045456 96
1725423135183 157.6702218540105 97
1725423135217 157.51217994970236 98
1725423135255 157.35429872503934 99
1725423135293 157.1965780136174 100
1725423135324 157.03901764921028 101
1725423135359 156.88161746576935 102
1725423135397 156.7243772974232 103
1725423135433 156.56729697847763 104
1725423135477 156.41037634341544 105
1725423135511 156.25361522689602 106
1725423135541 156.09701346375542 107
1725423135566 155.94057088900598 108
1725423135609 155.78428733783625 109
1725423135642 155.62816264561067 110
1725423135682 155.47219664786945 111
1725423135717 155.31638918032831 112
1725423135757 155.16074007887843 113
1725423135799 155.00524917958612 114
1725423135832 154.8499163186925 115
1725423135868 154.69474133261366 116
1725423135902 154.53972405794013 117
1725423135939 154.3848643314369 118
1725423135967 154.23016199004306 119
1725423136009 154.07561687087167 120
1725423136035 153.92122881120972 121
1725423136069 153.7669976485176 122
1725423136108 153.6129232204292 123
1725423136148 153.45900536475162 124
1725423136185 153.30524391946486 125
1725423136221 153.15163872272183 126
1725423136251 152.99818961284808 127
1725423136283 152.8448964283415 128
1725423136318 152.6917590078723 129
1725423136349 152.53877719028256 130
1725423136391 152.38595081458638 131
1725423136425 152.23327971996943 132
1725423136456 152.08076374578886 133
1725423136488 151.92840273157302 134
1725423136524 151.77619651702148 135
1725423136574 151.6241449420045 136
1725423136608 151.47224784656322 137
1725423136643 151.3205050709091 138
1725423136676 151.16891645542398 139
1725423136716 151.0174818406599 140
1725423136751 150.86620106733872 141
1725423136790 150.71507397635202 142
1725423136829 150.564100408761 143
1725423136873 150.41328020579616 144
1725423136910 150.26261320885718 145
1725423136943 150.11209925951272 146
1725423136981 149.9617381995002 147
1725423137019 149.81152987072565 148
1725423137049 149.66147411526356 149
1725423137086 149.51157077535652 150
1725423137124 149.3618196934152 151
1725423137154 149.21222071201822 152
1725423137186 149.0627736739117 153
1725423137224 148.9134784220092 154
1725423137256 148.76433479939178 155
1725423137286 148.61534264930734 156
1725423137319 148.4665018151708 157
1725423137352 148.3178121405639 158
1725423137391 148.16927346923464 159
1725423137423 148.02088564509756 160
1725423137453 147.87264851223335 161
1725423137491 147.7245619148886 162
1725423137529 147.57662569747575 163
1725423137562 147.42883970457277 164
1725423137601 147.28120378092308 165
1725423137641 147.13371777143533 166
1725423137665 146.98638152118323 167
1725423137696 146.8391948754053 168
1725423137743 146.69215767950476 169
1725423137777 146.5452697790494 170
1725423137807 146.39853101977107 171
1725423137840 146.25194124756607 172
1725423137872 146.10550030849444 173
1725423137911 145.95920804878 174
1725423137941 145.81306431481016 175
1725423137978 145.66706895313573 176
1725423138015 145.5212218104707 177
1725423138053 145.3755227336921 178
1725423138084 145.22997156983985 179
1725423138118 145.0845681661164 180
1725423138156 144.9393123698868 181
1725423138190 144.7942040286784 182
1725423138226 144.6492429901806 183
1725423138263 144.5044291022447 184
1725423138297 144.35976221288385 185
1725423138330 144.21524217027277 186
1725423138363 144.0708688227475 187
1725423138399 143.92664201880532 188
1725423138428 143.78256160710464 189
1725423138461 143.63862743646453 190
1725423138496 143.4948393558649 191
1725423138532 143.35119721444607 192
1725423138577 143.2077008615087 193
1725423138611 143.06435014651356 194
1725423138651 142.92114491908146 195
1725423138690 142.77808502899285 196
1725423138740 142.63517032618793 197
1725423138774 142.49240066076618 198
1725423138812 142.34977588298645 199
1725423138844 142.20729584326662 200
1725423138878 142.06496039218334 201
1725423138919 141.92276938047218 202
1725423138947 141.78072265902705 203
1725423138979 141.63882007890032 204
1725423139013 141.4970614913026 205
1725423139049 141.35544674760237 206
1725423139087 141.213975699326 207
1725423139115 141.07264819815754 208
1725423139146 140.93146409593848 209
1725423139175 140.7904232446676 210
1725423139207 140.64952549650084 211
1725423139249 140.5087707037511 212
1725423139284 140.36815871888805 213
1725423139316 140.22768939453792 214
1725423139354 140.0873625834834 215
1725423139397 139.94717813866345 216
1725423139442 139.807135913173 217
1725423139477 139.66723576026314 218
1725423139508 139.5274775333404 219
1725423139543 139.38786108596702 220
1725423139581 139.24838627186065 221
1725423139611 139.10905294489402 222
1725423139652 138.96986095909506 223
1725423139685 138.83081016864645 224
1725423139718 138.69190042788563 225
1725423139745 138.55313159130455 226
1725423139780 138.41450351354942 227
1725423139819 138.27601604942075 228
1725423139860 138.13766905387305 229
1725423139897 137.9994623820146 230
1725423139925 137.86139588910734 231
1725423139959 137.7234694305668 232
1725423139994 137.5856828619617 233
1725423140025 137.44803603901403 234
1725423140059 137.31052881759874 235
1725423140094 137.17316105374354 236
1725423140129 137.03593260362877 237
1725423140157 136.8988433235873 238
1725423140187 136.76189307010432 239
1725423140213 136.62508169981712 240
1725423140247 136.48870207658481 241
1725423140275 136.3523134971173 242
1725423140306 136.21606305974467 243
1725423140340 136.07995047764192 244
1725423140368 135.9439756094529 245
1725423140406 135.8081383138228 246
1725423140443 135.67243844954558 247
1725423140475 135.5368758755634 248
1725423140507 135.40145045096673 249
1725423140541 135.26616203499404 250
1725423140573 135.13101048703163 251
1725423140609 134.99599566661365 252
1725423140647 134.86111743342167 253
1725423140687 134.7263756472847 254
1725423140722 134.59177016817904 255
1725423140760 134.45730085622793 256
1725423140797 134.32296757170158 257
1725423140849 134.18877017501697 258
1725423140892 134.05470852673776 259
1725423140937 133.9207824875738 260
1725423140973 133.78699191838137 261
1725423141007 133.65333668016285 262
1725423141039 133.5198166340665 263
1725423141075 133.38643164138645 264
1725423141109 133.2531815635624 265
1725423141147 133.12006626217962 266
1725423141188 132.98708559896846 267
1725423141216 132.85423943580471 268
1725423141258 132.721527634709 269
1725423141291 132.58895005784674 270
1725423141328 132.45650656752815 271
1725423141363 132.32419702620788 272
1725423141398 132.19202129648502 273
1725423141429 132.05997924110284 274
1725423141458 131.9280707229485 275
1725423141501 131.7965638381908 276
1725423141542 131.66505538479285 277
1725423141567 131.5336798501705 278
1725423141595 131.4024369976074 279
1725423141627 131.27132669136296 280
1725423141658 131.14034879575993 281
1725423141700 131.00950317526272 282
1725423141730 130.8787896944779 283
1725423141757 130.74820821815337 284
1725423141792 130.61775861117872 285
1725423141829 130.48744073858484 286
1725423141861 130.35725446554375 287
1725423141898 130.2271996573685 288
1725423141943 130.09727617951302 289
1725423141982 129.967483897572 290
1725423142018 129.8378226772807 291
1725423142051 129.70829238451475 292
1725423142077 129.57889288528997 293
1725423142106 129.44962404576253 294
1725423142138 129.32048573222835 295
1725423142174 129.19147781112315 296
1725423142208 129.06260014902247 297
1725423142248 128.9338526126412 298
1725423142283 128.8052350688337 299
1725423142319 128.67674738459337 300
1725423142358 128.54838942705283 301
1725423142392 128.42016106348353 302
1725423142430 128.2920621612956 303
1725423142487 128.1640925880379 304
1725423142523 128.03625221139765 305
1725423142564 127.90854089920039 306
1725423142603 127.78095851940978 307
1725423142643 127.65350494012752 308
1725423142682 127.52618002959314 309
1725423142711 127.3989836561838 310
1725423142739 127.27191568841444 311
1725423142774 127.14497599493706 312
1725423142809 127.0181644445412 313
1725423142850 126.89148090615332 314
1725423142885 126.76492524883692 315
1725423142927 126.63849734179227 316
1725423142961 126.51219705435632 317
1725423142999 126.38602425600251 318
1725423143042 126.25997881634072 319
1725423143083 126.13406060511684 320
1725423143113 126.00826949221307 321
1725423143147 125.88260534764734 322
1725423143181 125.75706804157343 323
1725423143219 125.63165744428078 324
1725423143250 125.50637342619422 325
1725423143284 125.38121585787398 326
1725423143315 125.25618461001541 327
1725423143347 125.13127955344892 328
1725423143375 125.00650055913988 329
1725423143403 124.88184749818829 330
1725423143433 124.75732024182881 331
1725423143467 124.63291866143055 332
1725423143493 124.5086426284969 333
1725423143524 124.38449201466548 334
1725423143571 124.26046669170779 335
1725423143607 124.13656653152937 336
1725423143633 124.01279140616936 337
1725423143684 123.88914118780053 338
1725423143714 123.7656157487291 339
1725423143749 123.64221496139453 340
1725423143783 123.51893869836947 341
1725423143819 123.39578683235955 342
1725423143849 123.27275923620331 343
1725423143878 123.14985578287192 344
1725423143909 123.02707634546924 345
1725423143953 122.90442079723144 346
1725423143989 122.781889011527 347
1725423144031 122.65948086185661 348
1725423144073 122.53719622185297 349
1725423144099 122.41503496528046 350
1725423144133 122.2929969660354 351
1725423144161 122.17108209814555 352
1725423144186 122.04929023577012 353
1725423144218 121.92762125319963 354
1725423144243 121.80607502485576 355
1725423144275 121.68465142529112 356
1725423144316 121.56335032918926 357
1725423144348 121.44217161136442 358
1725423144389 121.32111514676144 359
1725423144424 121.20018081045554 360
1725423144458 121.07936847765225 361
1725423144503 120.95867802368738 362
1725423144540 120.83810932402658 363
1725423144573 120.71766225426549 364
1725423144606 120.59733669012944 365
1725423144640 120.47713250747337 366
1725423144679 120.35704958228163 367
1725423144712 120.237087790668 368
1725423144745 120.11724700887528 369
1725423144766 119.99752711327542 370
1725423144800 119.87792798036925 371
1725423144839 119.75844948678633 372
1725423144872 119.63909150928482 373
1725423144899 119.51985392475142 374
1725423144940 119.40073661020105 375
1725423144973 119.2817394427771 376
1725423145004 119.16286229975064 377
1725423145037 119.04410505852101 378
1725423145074 118.92546759661514 379
1725423145117 118.80694979168766 380
1725423145157 118.68855152152074 381
1725423145193 118.57027266402388 382
1725423145227 118.45211309723382 383
1725423145258 118.33407269931446 384
1725423145293 118.21615134855661 385
1725423145328 118.0983489233779 386
1725423145373 117.98066530232266 387
1725423145405 117.86310036406175 388
1725423145441 117.74565398739252 389
1725423145481 117.62832605123852 390
1725423145510 117.51111643464944 391
1725423145549 117.39402501680104 392
1725423145587 117.27705167699494 393
1725423145630 117.16019629465845 394
1725423145672 117.04345874934442 395
1725423145701 116.92683892073137 396
1725423145740 116.81033668862294 397
1725423145773 116.69395193294811 398
1725423145816 116.5776845337608 399
1725423145873 116.46153437123989 400
1725423145905 116.34550132568913 401
1725423145939 116.22958527753684 402
1725423145970 116.11378610733588 403
1725423146003 115.99810369576348 404
1725423146028 115.88253792362116 405
1725423146073 115.7670886718345 406
1725423146107 115.65175582145315 407
1725423146139 115.53653925365053 408
1725423146171 115.42143884972384 409
1725423146199 115.3064544910938 410
1725423146239 115.19158605930461 411
1725423146275 115.07683343602385 412
1725423146313 114.96219650304216 413
1725423146345 114.84767514227335 414
1725423146378 114.73326923575405 415
1725423146410 114.61897866564375 416
1725423146448 114.50480331422459 417
1725423146485 114.39074306390121 418
1725423146517 114.27679779720063 419
1725423146554 114.16296739677215 420
1725423146594 114.04925174538718 421
1725423146625 113.93565072593915 422
1725423146659 113.8221642214434 423
1725423146694 113.70879211503689 424
1725423146727 113.59553428997823 425
1725423146765 113.48239062964755 426
1725423146793 113.36936101754628 427
1725423146827 113.2564453372971 428
1725423146870 113.14364347264365 429
1725423146905 113.03095530745068 430
1725423146943 112.91838072570366 431
1725423146976 112.80591961150878 432
1725423147010 112.6935718490928 433
1725423147047 112.58133732280288 434
1725423147079 112.46921591710652 435
1725423147113 112.35720751659134 436
1725423147152 112.24531200596509 437
1725423147187 112.13352927005532 438
1725423147223 112.02185919380943 439
1725423147257 111.9103016622945 440
1725423147291 111.79885656069709 441
1725423147332 111.68752377432313 442
1725423147365 111.57630318859789 443
1725423147406 111.46519468906581 444
1725423147441 111.35419816139022 445
1725423147485 111.2433134913534 446
1725423147520 111.1325405648564 447
1725423147552 111.02187926791896 448
1725423147589 110.9113294866792 449
1725423147628 110.80089110739362 450
1725423147672 110.69056401643708 451
1725423147699 110.58034810030253 452
1725423147729 110.47024324560081 453
1725423147762 110.36024933906079 454
1725423147795 110.25036626752892 455
1725423147826 110.14059391796935 456
1725423147860 110.03093217746375 457
1725423147897 109.92138093321104 458
1725423147938 109.81194007252752 459
1725423147969 109.7026094828465 460
1725423148005 109.59338905171826 461
1725423148039 109.48427866681004 462
1725423148073 109.37527821590572 463
1725423148112 109.26638758690584 464
1725423148147 109.15760666782737 465
1725423148181 109.0489353468037 466
1725423148216 108.94037351208442 467
1725423148257 108.83192105203523 468
1725423148298 108.72357785513783 469
1725423148329 108.61534380998974 470
1725423148359 108.50721880530425 471
1725423148391 108.39920272991026 472
1725423148428 108.29129547275215 473
1725423148473 108.18349692288965 474
1725423148509 108.07580696949775 475
1725423148543 107.96822550186653 476
1725423148572 107.86075240940109 477
1725423148611 107.75338758162135 478
1725423148648 107.64613090816208 479
1725423148683 107.53898227877252 480
1725423148716 107.43194158331659 481
1725423148749 107.32500871177237 482
1725423148784 107.2181835542324 483
1725423148819 107.1114660009032 484
1725423148846 107.00485594210542 485
1725423148882 106.89835326827351 486
1725423148915 106.79195786995572 487
1725423148949 106.68566963781393 488
1725423148981 106.57948846262353 489
1725423149014 106.47341423527335 490
1725423149041 106.36744684676547 491
1725423149069 106.26158618821513 492
1725423149095 106.15583215085059 493
1725423149129 106.05018462601303 494
1725423149158 105.94464350515649 495
1725423149190 105.83920867984754 496
1725423149226 105.7338800417654 497
1725423149257 105.62865748270178 498
1725423149292 105.52354089456051 499
