1725342883627 168.81788247382886 0
1725342883646 50964797935797.48 1
1725342883663 3.203500513620491e+28 2
1725342883679 2.439966803757443e+43 3
1725342883699 1.86934325850844e+58 4
1725342883723 1.4324572570639217e+73 5
1725342883744 1.0976845118662468e+88 6
1725342883763 8.411501470114962e+102 7
1725342883782 6.445691544345633e+117 8
1725342883808 4.939301223488936e+132 9
1725342883829 3.784961847603339e+147 10
1725342883847 2.9003973516931866e+162 11
1725342883862 2.222559998335461e+177 12
1725342883876 1.7031366213726546e+192 13
1725342883891 1.3051050829822634e+207 14
1725342883908 1.0000955039375268e+222 15
1725342883923 7.663681875413005e+236 16
1725342883946 5.872641128401933e+251 17
1725342883970 4.500175553168994e+266 18
1725342883986 3.4484620405965e+281 19
1725342884003 2.6425392309552885e+296 20
1725342884020 inf 21
1725342884037 inf 22
