1725361468099 173.9583370337273 0
1725361468149 173.92272244966475 1
1725361468189 173.90492020879668 2
1725361468237 173.88711889485572 3
1725361468262 173.86931942283823 4
1725361468286 173.85152179250122 5
1725361468310 173.83372600364956 6
1725361468337 173.81593205608837 7
1725361468363 173.79813994962274 8
1725361468393 173.78034968405765 9
1725361468422 173.76256125919832 10
1725361468446 173.74477467484982 11
1725361468483 173.7269899308173 12
1725361468572 173.70920702690594 13
1725361468599 173.69142596292096 14
1725361468622 173.67364673866751 15
1725361468660 173.65586935395092 16
1725361468689 173.63809380857637 17
1725361468752 173.62032010234918 18
1725361468782 173.6025482350746 19
1725361468809 173.58477820655807 20
1725361468838 173.56701001660477 21
1725361468861 173.54924366502019 22
1725361468892 173.5314791516097 23
1725361468929 173.51371647617862 24
1725361468955 173.49595563853248 25
1725361468983 173.4781966384767 26
1725361469107 173.46043947581674 27
1725361469142 173.44268415035813 28
1725361469165 173.42493066190633 29
1725361469189 173.40717901026693 30
1725361469212 173.38942919524547 31
1725361469238 173.37168121664752 32
1725361469266 173.3539350742787 33
1725361469303 173.33619076794466 34
1725361469432 173.31844829745094 35
1725361469481 173.30070766260334 36
1725361469515 173.2829688632075 37
1725361469532 173.26523189906905 38
1725361469543 173.24749676999383 39
1725361469560 173.22976347578754 40
1725361469586 173.212032016256 41
1725361469606 173.1943023912049 42
1725361469635 173.17657460044018 43
1725361469658 173.15884864376758 44
1725361469692 173.1411245209931 45
1725361469721 173.12340223192243 46
1725361469747 173.10568177636162 47
1725361469772 173.08796315411655 48
1725361469805 173.07024636499315 49
1725361469863 173.0525314087974 50
1725361469887 173.03481828533526 51
1725361469911 173.0171069944128 52
1725361469934 172.99939753583604 53
1725361469962 172.98168990941102 54
1725361469982 172.96398411494377 55
1725361470008 172.9462801522405 56
1725361470030 172.92857802110714 57
1725361470055 172.91087772135003 58
1725361470079 172.8931792527752 59
1725361470103 172.87548261518893 60
1725361470123 172.85778780839732 61
1725361470143 172.84009483220663 62
1725361470169 172.82240368642314 63
1725361470193 172.8047143708531 64
1725361470224 172.7870268853028 65
1725361470249 172.76934122957854 66
1725361470275 172.75165740348663 67
1725361470306 172.73397540683348 68
1725361470328 172.71629523942542 69
1725361470355 172.6986169010689 70
1725361470391 172.68094039157026 71
1725361470418 172.663265710736 72
1725361470443 172.64559285837254 73
1725361470475 172.62792183428644 74
1725361470507 172.61025263828407 75
1725361470533 172.59258527017207 76
1725361470558 172.57491972975694 77
1725361470585 172.55725601684526 78
1725361470611 172.53959413124358 79
1725361470634 172.52193407275854 80
1725361470655 172.5042758411968 81
1725361470677 172.48661943636498 82
1725361470703 172.46896485806974 83
1725361470741 172.45131210611777 84
1725361470767 172.43366118031585 85
1725361470789 172.41601208047072 86
1725361470811 172.39836480638903 87
1725361470835 172.38071935787764 88
1725361470855 172.36307573474335 89
1725361470886 172.345433936793 90
1725361470915 172.3277939638334 91
1725361470942 172.31015581567144 92
1725361470965 172.29251949211394 93
1725361470993 172.27488499296788 94
1725361471017 172.2572523180402 95
1725361471061 172.23962146713785 96
1725361471092 172.22199244006774 97
1725361471120 172.20436523663693 98
1725361471144 172.1867398566524 99
1725361471168 172.16911629992117 100
1725361471189 172.15149456625036 101
1725361471214 172.133874655447 102
1725361471240 172.11625656731823 103
1725361471270 172.0986403016711 104
1725361471293 172.08102585831284 105
1725361471320 172.06341323705058 106
1725361471342 172.04580243769146 107
1725361471368 172.02819346004281 108
1725361471388 172.0105863039117 109
1725361471423 171.9929809691055 110
1725361471499 171.97537745543144 111
1725361471525 171.95777576269683 112
1725361471555 171.94017589070893 113
1725361471584 171.92257783927516 114
1725361471610 171.9049816082028 115
1725361471642 171.88738719729926 116
1725361471669 171.86979460637198 117
1725361471698 171.8522038352283 118
1725361471738 171.83461488367573 119
1725361471760 171.81702775152166 120
1725361471784 171.79944243857366 121
1725361471809 171.78185894463917 122
1725361471839 171.7642772695258 123
1725361471872 171.74669741304098 124
1725361471893 171.72911937499234 125
1725361471922 171.71154315518748 126
1725361471947 171.693968753434 127
1725361471973 171.67639616953957 128
1725361471995 171.6588254033118 129
1725361472022 171.64125645455835 130
1725361472049 171.62368932308695 131
1725361472075 171.60612400870534 132
1725361472099 171.58856051122117 133
1725361472129 171.57099883044233 134
1725361472159 171.55343896617651 135
1725361472197 171.53588091823153 136
1725361472225 171.5183246864152 137
1725361472259 171.50077027053544 138
1725361472287 171.48321767040005 139
1725361472315 171.46566688581694 140
1725361472344 171.448117916594 141
1725361472385 171.4305707625392 142
1725361472413 171.4130254234604 143
1725361472440 171.3954818991657 144
1725361472466 171.377940189463 145
1725361472491 171.3604002941604 146
1725361472514 171.3428622130658 147
1725361472537 171.3253259459874 148
1725361472560 171.30779149273323 149
1725361472581 171.29025885311134 150
1725361472605 171.27272802692994 151
1725361472636 171.2551990139971 152
1725361472657 171.23767181412106 153
1725361472680 171.22014642710988 154
1725361472707 171.2026228527719 155
1725361472743 171.18510109091528 156
1725361472773 171.16758114134825 157
1725361472820 171.15006300387915 158
1725361472844 171.1325466783162 159
1725361472872 171.11503216446778 160
1725361472902 171.09751946214215 161
1725361472922 171.0800085711477 162
1725361472947 171.06249949129284 163
1725361472968 171.0449922223859 164
1725361473000 171.02748676423536 165
1725361473025 171.0099831166496 166
1725361473051 170.99248127943713 167
1725361473083 170.97498125240642 168
1725361473108 170.95748303536595 169
1725361473129 170.9399866281243 170
1725361473151 170.92249203048993 171
1725361473174 170.90499924227146 172
1725361473198 170.88750826327748 173
1725361473222 170.87001909331659 174
1725361473248 170.85253173219738 175
1725361473274 170.83504617972858 176
1725361473338 170.8175624357188 177
1725361473370 170.80008049997676 178
1725361473391 170.78260037231118 179
1725361473421 170.76512205253078 180
1725361473447 170.74764554044432 181
1725361473476 170.73017083586058 182
1725361473508 170.71269793858835 183
1725361473537 170.6952268484364 184
1725361473554 170.67775756521368 185
1725361473575 170.660290088729 186
1725361473600 170.64282441879124 187
1725361473623 170.62536055520928 188
1725361473650 170.6078984977921 189
1725361473673 170.5904382463486 190
1725361473703 170.57349945980795 191
1725361473744 170.55630255799537 192
1725361473772 170.53910743550438 193
1725361473791 170.52191407910345 194
1725361473819 170.50472248860686 195
1725361473877 170.4875326638283 196
1725361473906 170.47034460458138 197
1725361473936 170.45315831067995 198
1725361473954 170.43597378193766 199
1725361473965 170.41879101816824 200
1725361473975 170.4016100191855 201
1725361473987 170.38443078480327 202
1725361474003 170.36725331483532 203
1725361474017 170.35007760909554 204
1725361474032 170.3329036673977 205
1725361474047 170.31573148955573 206
1725361474057 170.29856107538356 207
1725361474067 170.2813924246951 208
1725361474076 170.2642255373042 209
1725361474086 170.24706041302494 210
1725361474096 170.22989705167126 211
1725361474108 170.21273545305712 212
1725361474126 170.1955756169966 213
1725361474150 170.1784175433037 214
1725361474165 170.16126123179248 215
1725361474187 170.1441066822771 216
1725361474208 170.1269538945716 217
1725361474225 170.10980286849014 218
1725361474241 170.0926536038468 219
1725361474255 170.07550610045578 220
1725361474270 170.05836035813132 221
1725361474284 170.04121637668754 222
1725361474300 170.02407415593873 223
1725361474316 170.0069336956991 224
1725361474358 169.98979499578297 225
1725361474392 169.9726580560046 226
1725361474409 169.9555228761783 227
1725361474427 169.9383894561184 228
1725361474450 169.9212577956392 229
1725361474467 169.90412789455513 230
1725361474487 169.8869997526806 231
1725361474543 169.86987336983 232
1725361474581 169.85274874581776 233
1725361474612 169.83562588045834 234
1725361474635 169.81850477356616 235
1725361474652 169.8013854249558 236
1725361474669 169.7842678344417 237
1725361474691 169.76715200183844 238
1725361474708 169.7500379269606 239
1725361474726 169.7329256096227 240
1725361474743 169.71581504963933 241
1725361474759 169.69870624682517 242
1725361474769 169.68159920099484 243
1725361474779 169.66449391196298 244
1725361474789 169.64739037954422 245
1725361474798 169.63028860355334 246
1725361474810 169.61318858380506 247
1725361474820 169.59609032011403 248
1725361474830 169.57899381229515 249
1725361474839 169.56189906016303 250
1725361474849 169.5448060635326 251
1725361474872 169.52771482221866 252
1725361474886 169.51062533603604 253
1725361474905 169.4935376047996 254
1725361474921 169.4764516283242 255
1725361474937 169.45936740642478 256
1725361474955 169.4422849389163 257
1725361474967 169.42520422561358 258
1725361474986 169.4081252663317 259
1725361474996 169.3910480608856 260
1725361475006 169.3739726090903 261
1725361475017 169.3568989107608 262
1725361475027 169.33982696571218 263
1725361475037 169.3227567737595 264
1725361475046 169.30568833471781 265
1725361475057 169.28862164840226 266
1725361475066 169.271556714628 267
1725361475076 169.2544935332101 268
1725361475087 169.2374321039638 269
1725361475097 169.22037242670424 270
1725361475110 169.20331450124672 271
1725361475124 169.18625832740634 272
1725361475139 169.16920390499845 273
1725361475153 169.15215123383825 274
1725361475168 169.1351003137411 275
1725361475184 169.11805114452227 276
1725361475199 169.10100372599712 277
1725361475214 169.08395805798094 278
1725361475231 169.06691414028919 279
1725361475252 169.04987197273724 280
1725361475280 169.03283155514043 281
1725361475297 169.01579288731432 282
1725361475321 168.99875596907424 283
1725361475338 168.9817208002357 284
1725361475357 168.96468738061427 285
1725361475373 168.9476557100254 286
1725361475392 168.93062578828466 287
1725361475406 168.91359761520755 288
1725361475420 168.89657119060968 289
1725361475433 168.87954651430664 290
1725361475447 168.8625235861141 291
1725361475461 168.84550240584764 292
1725361475474 168.82848297332293 293
1725361475492 168.8114652883556 294
1725361475506 168.79444935076148 295
1725361475525 168.7774351603562 296
1725361475543 168.76042271695547 297
1725361475562 168.7434120203751 298
1725361475584 168.72640307043088 299
1725361475598 168.7093958669386 300
1725361475612 168.69239040971402 301
1725361475633 168.67538669857308 302
1725361475649 168.65838473333156 303
1725361475668 168.64138451380546 304
1725361475689 168.6243860398105 305
1725361475711 168.60738931116276 306
1725361475731 168.59039432767807 307
1725361475741 168.57340108917253 308
1725361475753 168.556409595462 309
1725361475768 168.53941984636253 310
1725361475777 168.5224318416901 311
1725361475787 168.50544558126083 312
1725361475796 168.48846106489077 313
1725361475809 168.47147829239594 314
1725361475818 168.45449726359251 315
1725361475830 168.43751797829663 316
1725361475841 168.42054043632433 317
1725361475851 168.4035646374919 318
1725361475874 168.38659058161545 319
1725361475899 168.36961826851123 320
1725361475923 168.35264769799545 321
1725361475943 168.33567886988433 322
1725361475963 168.31871178399416 323
1725361475981 168.30174644014127 324
1725361476004 168.28478283814192 325
1725361476020 168.26782097781245 326
1725361476036 168.25086085896922 327
1725361476059 168.23390248142857 328
1725361476081 168.21694584500688 329
1725361476095 168.19999094952067 330
1725361476113 168.18303779478623 331
1725361476125 168.16608638062004 332
1725361476134 168.14913670683862 333
1725361476146 168.13218877325843 334
1725361476158 168.11524257969606 335
1725361476167 168.0982981259679 336
1725361476179 168.0813554118906 337
1725361476192 168.06441443728067 338
1725361476203 168.04747520195474 339
1725361476219 168.03053770572944 340
1725361476235 168.0136019484214 341
1725361476251 167.99666792984723 342
1725361476262 167.9797356498236 343
1725361476275 167.96280510816726 344
1725361476293 167.94587630469488 345
1725361476308 167.9289492392232 346
1725361476326 167.91202391156895 347
1725361476339 167.895100321549 348
1725361476354 167.87817846898002 349
1725361476378 167.86125835367892 350
1725361476404 167.84433997546247 351
1725361476428 167.82742333414754 352
1725361476452 167.81050842955105 353
1725361476474 167.79359526148983 354
1725361476495 167.77668382978086 355
1725361476514 167.759774134241 356
1725361476534 167.7428661746873 357
1725361476558 167.72595995093667 358
1725361476577 167.70905546280608 359
1725361476595 167.6921527101126 360
1725361476613 167.67525169267327 361
1725361476627 167.6583524103051 362
1725361476638 167.64145486282524 363
1725361476647 167.62455905005072 364
1725361476657 167.6076649717987 365
1725361476669 167.59077262788625 366
1725361476682 167.5738820181306 367
1725361476695 167.55699314234892 368
1725361476705 167.54010600035838 369
1725361476715 167.5232205919762 370
1725361476725 167.50633691701964 371
1725361476742 167.48945497530596 372
1725361476763 167.47257476665243 373
1725361476782 167.45569629087635 374
1725361476802 167.43881954779496 375
1725361476820 167.42194453722573 376
1725361476837 167.40507125898597 377
1725361476856 167.38819971289305 378
1725361476873 167.37132989876434 379
1725361476883 167.3544618164173 380
1725361476893 167.33759546566932 381
1725361476903 167.320730846338 382
1725361476915 167.30386795824066 383
1725361476925 167.28700680119488 384
1725361476936 167.27014737501813 385
1725361476947 167.253289679528 386
1725361476957 167.23643371454202 387
1725361476970 167.21957947987784 388
1725361476981 167.2027269753529 389
1725361477000 167.185876200785 390
1725361477022 167.16902715599167 391
1725361477043 167.15217984079067 392
1725361477058 167.13533425499955 393
1725361477076 167.1184903984361 394
1725361477090 167.10164827091802 395
1725361477109 167.08480787226304 396
1725361477124 167.06796920228894 397
1725361477140 167.05113226081352 398
1725361477151 167.03429704765455 399
1725361477162 167.01746356262984 400
1725361477174 167.00063180555728 401
1725361477184 166.98380177625464 402
1725361477195 166.96697347453994 403
1725361477205 166.95014690023098 404
1725361477214 166.93332205314573 405
1725361477224 166.91649893310208 406
1725361477234 166.8996775399181 407
1725361477255 166.8828578734116 408
1725361477272 166.86603993340074 409
1725361477297 166.84922371970347 410
1725361477313 166.83240923213785 411
1725361477332 166.8155964705219 412
1725361477348 166.79878543467382 413
1725361477371 166.7819761244116 414
1725361477385 166.7651685395534 415
1725361477401 166.74836267991736 416
1725361477414 166.73155854532166 417
1725361477428 166.71475613558445 418
1725361477443 166.69795545052398 419
1725361477461 166.68115648995843 420
1725361477475 166.66435925370604 421
1725361477495 166.64756374158515 422
1725361477523 166.63076995341393 423
1725361477569 166.61397788901076 424
1725361477593 166.59718754819394 425
1725361477612 166.58039893078183 426
1725361477624 166.56361203659276 427
1725361477636 166.54682686544515 428
1725361477649 166.53004341715737 429
1725361477662 166.5132616915479 430
1725361477672 166.49648168843513 431
1725361477681 166.47970340763757 432
1725361477691 166.46292684897364 433
1725361477703 166.44615201226188 434
1725361477716 166.4293788973208 435
1725361477728 166.41260750396899 436
1725361477742 166.39583783202494 437
1725361477755 166.3790698813073 438
1725361477777 166.3623036516346 439
1725361477791 166.34553914282557 440
1725361477801 166.32877635469876 441
1725361477811 166.31201528707288 442
1725361477823 166.2952559397666 443
1725361477834 166.27849831259863 444
1725361477847 166.2617424053877 445
1725361477860 166.24498821795254 446
1725361477891 166.22823575011188 447
1725361477914 166.2114850016846 448
1725361477934 166.19473597248938 449
1725361477961 166.17798866234514 450
1725361477990 166.16124307107071 451
1725361478003 166.14449919848494 452
1725361478015 166.12775704440668 453
1725361478026 166.11101660865486 454
1725361478037 166.09427789104842 455
1725361478047 166.0775408914063 456
1725361478065 166.06080560954743 457
1725361478078 166.04407204529085 458
1725361478091 166.02734019845548 459
1725361478102 166.01061006886044 460
1725361478116 165.99388165632473 461
1725361478131 165.97715496066738 462
1725361478147 165.9604299817075 463
1725361478162 165.9437067192642 464
1725361478187 165.92698517315662 465
1725361478210 165.91026534320386 466
1725361478236 165.8935472292251 467
1725361478259 165.87683083103954 468
1725361478280 165.8601161484664 469
1725361478304 165.84340318132485 470
1725361478327 165.82669192943413 471
1725361478350 165.80998239261356 472
1725361478373 165.7932745706824 473
1725361478399 165.7765684634599 474
1725361478423 165.75986407076547 475
1725361478446 165.7431613924184 476
1725361478469 165.72646042823806 477
1725361478490 165.7097611780438 478
1725361478519 165.69306364165507 479
1725361478540 165.67636781889126 480
1725361478565 165.65967370957188 481
1725361478588 165.64298131351632 482
1725361478608 165.62629063054408 483
1725361478632 165.6096016604746 484
1725361478653 165.5929144031275 485
1725361478674 165.57622885832234 486
1725361478702 165.55954502587855 487
1725361478731 165.54286290561583 488
1725361478756 165.52618249735372 489
1725361478788 165.5095038009119 490
1725361478814 165.4928268161099 491
1725361478836 165.4761515427675 492
1725361478859 165.4594779807043 493
1725361478884 165.44280612974006 494
1725361478907 165.42613598969444 495
1725361478934 165.4094675603872 496
1725361478960 165.39280084163818 497
1725361478985 165.37613583326703 498
1725361479010 165.3594725350936 499
