1725387741290 173.83051794955182 0
1725387741314 170.3481333412435 1
1725387741349 166.93606560289203 2
1725387741375 163.59287490535422 3
1725387741406 160.31715169913855 4
1725387741430 157.10751604532882 5
1725387741453 153.96261696258796 6
1725387741481 150.88113178980674 7
1725387741504 147.86176556397382 8
1725387741532 144.90325041285698 9
1725387741557 142.00434496209948 10
1725387741585 139.1638337563457 11
1725387741613 136.38052669402296 12
1725387741643 133.65325847541942 13
1725387741672 130.98088806370524 14
1725387741695 128.3622981585589 15
1725387741724 125.79639468206783 16
1725387741757 123.2821062765842 17
1725387741778 120.81838381422499 18
1725387741803 118.4041999177164 19
1725387741829 116.03854849228905 20
1725387741853 113.72044426834204 21
1725387741878 111.44892235459953 22
1725387741902 109.22303780149392 23
1725387741928 107.04186517451497 24
1725387741955 104.9044981372746 25
1725387741980 102.81004904404176 26
1725387742009 100.75764854151025 27
1725387742037 98.74644517956926 28
1725387742057 96.77560503085176 29
1725387742075 94.84431131884365 30
1725387742096 92.95176405434171 31
1725387742117 91.097179680055 32
1725387742144 89.27979072314967 33
1725387742169 87.49884545554275 34
1725387742194 85.7536075617564 35
1725387742228 84.04335581414853 36
1725387742253 82.36738375534149 37
1725387742278 80.72499938767483 38
1725387742302 79.11552486951332 39
1725387742328 77.53829621824578 40
1725387742353 75.99266301981473 41
1725387742378 74.47798814462118 42
1725387742402 72.99364746965333 43
1725387742427 71.53902960669141 44
1725387742460 70.11353563644543 45
1725387742588 68.71657884848601 46
1725387742617 67.34758448683245 47
1725387742643 66.00598950106537 48
1725387742670 64.69124230283505 49
1725387742693 63.402802527640105 50
1725387742721 62.140140801753766 51
1725387742747 60.90273851417869 52
1725387742770 59.69008759351462 53
1725387742798 58.501690289625095 54
1725387742827 57.33705895999363 55
1725387742843 56.195715860661124 56
1725387742871 55.07719294164108 57
1725387742893 53.98103164670906 58
1725387742917 52.906782717468225 59
1725387742944 51.85400600159308 60
1725387742968 50.82227026515717 61
1725387742998 49.8111530089531 62
1725387743029 48.820240288713606 63
1725387743062 47.84912653914743 64
1725387743087 46.897414401703614 65
1725387743108 45.96471455598105 66
1725387743133 45.05064555470205 67
1725387743166 44.154833662169985 68
1725387743188 43.2769126961344 69
1725387743221 42.4165238729872 70
1725387743246 41.57331565621663 71
1725387743271 40.74694360804688 72
1725387743295 39.937070244193144 73
1725387743321 39.14336489166346 74
1725387743348 38.36550354954049 75
1725387743371 37.60316875267783 76
1725387743399 36.856049438247 77
1725387743432 36.12384081507318 78
1725387743456 35.40624423569815 79
1725387743477 34.7029670711119 80
1725387743501 34.01372258809423 81
1725387743524 33.33822982911001 82
1725387743552 32.67621349470293 83
1725387743577 32.027403828333064 84
1725387743602 31.391536503606336 85
1725387743627 30.76835251384367 86
1725387743654 30.157598063939584 87
1725387743677 29.55902446446128 88
1725387743703 28.972388027939772 89
1725387743732 28.39744996730619 90
1725387743760 27.833976296427704 91
1725387743788 27.281737732697344 92
1725387743811 26.740509601634926 93
1725387743837 26.210071743455277 94
1725387743862 25.690208421562442 95
1725387743895 25.18070823292881 96
1725387743919 24.681364020318917 97
1725387743945 24.19197278631903 98
1725387743970 23.71233560913443 99
1725387743998 23.24225756011618 100
1725387744024 22.781547622981957 101
1725387744045 22.330018614694367 102
1725387744072 21.88748710796211 103
1725387744097 21.453773355329663 104
1725387744122 21.028701214822252 105
1725387744144 20.612098077113462 106
1725387744172 20.203794794182958 107
1725387744196 19.80362560943386 108
1725387744227 19.41142808923869 109
1725387744253 19.027043055884103 110
1725387744277 18.650314521885072 111
1725387744304 18.281089625640114 112
1725387744328 17.919218568399426 113
1725387744356 17.56455455251842 114
1725387744378 17.216953720970213 115
1725387744400 16.876275098090545 116
1725387744421 16.54238053152967 117
1725387744444 16.215134635385986 118
1725387744470 15.894404734497153 119
1725387744496 15.58006080986416 120
1725387744520 15.271975445185493 121
1725387744544 14.970023774477971 122
1725387744569 14.67408343076164 123
1725387744594 14.384034495787416 124
1725387744620 14.099759450784939 125
1725387744646 13.821143128210423 126
1725387744671 13.548072664473352 127
1725387744697 13.280437453621895 128
1725387744720 13.018129101967721 129
1725387744743 12.761041383630022 130
1725387744775 12.509070196980595 131
1725387744800 12.262113521971152 132
1725387744824 12.020071378324582 133
1725387744850 11.7828457845726 134
1725387744875 11.550340717922351 135
1725387744899 11.32246207493507 136
1725387744929 11.09911763299958 137
1725387744961 10.880217012585387 138
1725387744994 10.665671640258275 139
1725387745020 10.455394712443372 140
1725387745046 10.249301159920646 141
1725387745070 10.047307613037 142
1725387745094 9.849332367621125 143
1725387745119 9.655295351586352 144
1725387745144 9.465118092207494 145
1725387745170 9.278723684057962 146
1725387745207 9.096036757593682 147
1725387745237 8.916983448370619 148
1725387745262 8.741491366882874 149
1725387745287 8.569489569008857 150
1725387745316 8.400908527053174 151
1725387745345 8.235680101371836 152
1725387745370 8.07373751256919 153
1725387745399 7.915015314254905 154
1725387745429 7.759449366349328 155
1725387745456 7.606976808926516 156
1725387745479 7.45753603658368 157
1725387745504 7.311066673326471 158
1725387745531 7.167509547959562 159
1725387745559 7.026806669972368 160
1725387745584 6.888901205909709 161
1725387745609 6.753737456217908 162
1725387745635 6.6212608325560955 163
1725387745660 6.491417835563865 164
1725387745686 6.364156033075719 165
1725387745712 6.239424038773481 166
1725387745739 6.117171491267269 167
1725387745762 5.997349033597166 168
1725387745785 5.87990829314642 169
1725387745810 5.764801861958112 170
1725387745835 5.651983277446957 171
1725387745861 5.541407003498644 172
1725387745886 5.433028411948305 173
1725387745911 5.326803764430931 174
1725387745943 5.222690194595988 175
1725387745965 5.1206456906788915 176
1725387745995 5.020629078422172 177
1725387746019 4.922600004339302 178
1725387746045 4.826518919314177 179
1725387746069 4.732347062529418 180
1725387746094 4.640046445717247 181
1725387746119 4.549579837725816 182
1725387746144 4.460910749395174 183
1725387746170 4.374003418736261 184
1725387746194 4.288822796407081 185
1725387746219 4.205334531479907 186
1725387746247 4.123504957493568 187
1725387746272 4.043301078785427 188
1725387746297 3.964690557097053 189
1725387746323 3.8876416984480837 190
1725387746349 3.8121234402733224 191
1725387746372 3.7381053388171166 192
1725387746398 3.665557556780363 193
1725387746423 3.5944508512148436 194
1725387746446 3.524756561659856 195
1725387746471 3.456446598516416 196
1725387746495 3.3894934316541376 197
1725387746521 3.3238700792462073 198
1725387746546 3.259550096827694 199
1725387746579 3.1965075665729885 200
1725387746605 3.1347170867876413 201
1725387746630 3.074153761610598 202
1725387746666 3.0147931909222767 203
1725387746693 2.956611460454712 204
1725387746727 2.8995851320994257 205
1725387746754 2.84369123440915 206
1725387746777 2.788907253289541 207
1725387746800 2.735211122877023 208
1725387746823 2.682581216599055 209
1725387746847 2.6309963384131656 210
1725387746871 2.5804357142210073 211
1725387746897 2.530878983454294 212
1725387746921 2.4823061908287083 213
1725387746948 2.434697778262797 214
1725387746972 2.3880345769582694 215
1725387747000 2.3422977996386454 216
1725387747031 2.2974690329429786 217
1725387747062 2.2535302299715574 218
1725387747094 2.2104637029806127 219
1725387747125 2.168252116222884 220
1725387747158 2.126878478931337 221
1725387747183 2.086326138442934 222
1725387747212 2.046578773459841 223
1725387747241 2.0076203874451943 224
1725387747263 1.9694353021507733 225
1725387747291 1.9320081512740037 226
1725387747320 1.8953238742415386 227
1725387747345 1.859367710117027 228
1725387747372 1.8241251916305015 229
1725387747419 1.7895821393270743 230
1725387747450 1.755724655832294 231
1725387747479 1.7225391202321643 232
1725387747505 1.6900121825652168 233
1725387747526 1.6581307584246194 234
1725387747546 1.6268820236680006 235
1725387747579 1.5962534092328318 236
1725387747609 1.5662325960553924 237
1725387747633 1.5368075100910028 238
1725387747659 1.5079663174337101 239
1725387747686 1.4796974195334138 240
1725387747709 1.4519894485082943 241
1725387747736 1.424831262550868 242
1725387747761 1.3982119414257559 243
1725387747793 1.3721207820570824 244
1725387747819 1.3465472942041166 245
1725387747844 1.3214811962230688 246
1725387747871 1.2969124109134456 247
1725387747896 1.2728310614472516 248
1725387747942 1.2492274673794592 249
1725387747962 1.226092140737916 250
1725387747989 1.2034157821913922 251
1725387748013 1.1811892772938843 252
1725387748044 1.1594036928039857 253
1725387748069 1.1380502730775286 254
1725387748094 1.1171204365321934 255
1725387748120 1.0966057721826359 256
1725387748145 1.0764980362446845 257
1725387748172 1.0567891488072276 258
1725387748193 1.0374711905704666 259
1725387748222 1.0185363996492083 260
1725387748260 0.9999771684398737 261
1725387748287 0.9817860405499113 262
1725387748317 0.963955707788531 263
1725387748344 0.9464790072172977 264
1725387748370 0.9293489182595807 265
1725387748398 0.912558559867644 266
1725387748426 0.8961011877460593 267
1725387748453 0.8799701916306607 268
1725387748478 0.8641590926215215 269
1725387748506 0.8486615405692197 270
1725387748528 0.8334713115131324 271
1725387748554 0.818582305170747 272
1725387748584 0.8039885424770791 273
1725387748615 0.7896841631730503 274
1725387748646 0.7756634234419034 275
1725387748669 0.7619206935928007 276
1725387748689 0.7484504557904426 277
1725387748711 0.7352473018300191 278
1725387748740 0.7223059309564497 279
1725387748760 0.709621147727024 280
1725387748787 0.6971878599167086 281
1725387748810 0.6850010764650668 282
1725387748837 0.6730559054641748 283
1725387748861 0.661347552186534 284
1725387748887 0.6498713171523237 285
1725387748915 0.6386225942350783 286
1725387748940 0.627596868805152 287
1725387748964 0.6167897159101196 288
1725387748989 0.606196798491443 289
1725387749014 0.5958138656365825 290
1725387749039 0.5856367508660152 291
1725387749059 0.5756613704542536 292
1725387749087 0.565883721784389 293
1725387749110 0.5562998817353246 294
1725387749138 0.5469060051011717 295
1725387749162 0.5376983230420522 296
1725387749190 0.5286731415658218 297
1725387749221 0.5198268400399623 298
1725387749244 0.5111558697331016 299
1725387749278 0.5026567523855994 300
1725387749309 0.4943260788085432 301
1725387749340 0.4861605075106774 302
1725387749372 0.4781567633526185 303
1725387749395 0.47031163622788336 304
1725387749421 0.4626219797701834 305
1725387749450 0.455084710086404 306
1725387749473 0.447696804514826 307
1725387749494 0.4404553004080651 308
1725387749516 0.4333572939402274 309
1725387749542 0.4263999389378011 310
1725387749568 0.4195804457338044 311
1725387749593 0.4128960800447489 312
1725387749621 0.4063441618699398 313
1725387749647 0.399922064412689 314
1725387749671 0.3936272130229853 315
1725387749705 0.38745708416120334 316
1725387749732 0.3814092043824197 317
1725387749760 0.37548114934095345 318
1725387749784 0.369670542814728 319
1725387749806 0.36397505574898525 320
1725387749833 0.3583924053190815 321
1725387749861 0.3529203540118968 322
1725387749887 0.34755670872553496 323
1725387749909 0.3422993198869068 324
1725387749936 0.3371460805869101 325
1725387749964 0.3320949257327628 326
1725387749989 0.32714383121722185 327
1725387750019 0.3222908131043385 328
1725387750043 0.31753392683137627 329
1725387750071 0.3128712664266376 330
1725387750094 0.30830096374280397 331
1725387750120 0.30382118770557864 332
1725387750148 0.2994301435772167 333
1725387750173 0.295126072234741 334
1725387750196 0.29090724946248225 335
1725387750226 0.2867719852587258 336
1725387750256 0.2827186231560946 337
1725387750282 0.2787455395555015 338
1725387750304 0.27485114307328545 339
1725387750328 0.2710338739014052 340
1725387750354 0.26729220318026076 341
1725387750379 0.2636246323840803 342
1725387750403 0.2600296927184547 343
1725387750426 0.25650594452988557 344
1725387750445 0.25305197672706314 345
1725387750471 0.24966640621364933 346
1725387750498 0.24634787733234423 347
1725387750523 0.24309506131998906 348
1725387750548 0.23990665577352485 349
1725387750575 0.23678138412653477 350
1725387750602 0.2337179951362285 351
1725387750632 0.23071526238058793 352
1725387750661 0.22777198376554797 353
1725387750687 0.2248869810419319 354
1725387750710 0.22205909933201629 355
1725387750736 0.2192872066655056 356
1725387750762 0.2165701935247007 357
1725387750787 0.2139069723987483 358
1725387750811 0.211296477346724 359
1725387750836 0.20873766356939327 360
1725387750861 0.20622950698950354 361
1725387750888 0.2037710038404066 362
1725387750914 0.20136117026285835 363
1725387750939 0.1989990419098181 364
1725387750961 0.19668367355912214 365
1725387750983 0.19441413873384158 366
1725387751010 0.1921895293301918 367
1725387751037 0.19000895525282172 368
1725387751062 0.1878715440573617 369
1725387751111 0.18577644060007087 370
1725387751144 0.1837228066944485 371
1725387751169 0.18170982077465547 372
1725387751195 0.17973667756563974 373
1725387751219 0.17780258775981048 374
1725387751244 0.17590677770012128 375
1725387751277 0.1740484890694704 376
1725387751302 0.1722269785862679 377
1725387751322 0.17044151770603153 378
1725387751348 0.16869139232892671 379
1725387751377 0.16697590251312477 380
1725387751403 0.16529436219383528 381
1725387751431 0.1636460989079231 382
1725387751453 0.16203045352401413 383
1725387751478 0.16044677997793816 384
1725387751500 0.1588944450134394 385
1725387751521 0.15737282792803725 386
1725387751549 0.15588132032392868 387
1725387751571 0.15441932586384416 388
1725387751595 0.15298626003174712 389
1725387751621 0.1515815498982884 390
1725387751645 0.15020463389092484 391
1725387751670 0.14885496156859135 392
1725387751694 0.14753199340085507 393
1725387751721 0.14623520055145864 394
1725387751742 0.14496406466615436 395
1725387751766 0.14371807766474992 396
1725387751794 0.14249674153729874 397
1725387751821 0.14129956814431444 398
1725387751846 0.14012607902098448 399
1725387751871 0.13897580518522779 400
1725387751895 0.13784828694960444 401
1725387751920 0.13674307373693834 402
1725387751942 0.1356597238996077 403
1725387751969 0.13459780454241693 404
1725387751997 0.13355689134899132 405
1725387752020 0.13253656841162118 406
1725387752042 0.1315364280644745 407
1725387752070 0.13055607072013067 408
1725387752095 0.12959510470935107 409
1725387752117 0.12865314612403553 410
1725387752144 0.12772981866329636 411
1725387752169 0.12682475348259112 412
1725387752195 0.12593758904583588 413
1725387752221 0.12506797098047337 414
1725387752252 0.12421555193540525 415
1725387752295 0.12337999144174693 416
1725387752320 0.12256095577635508 417
1725387752345 0.12175811782804755 418
1725387752371 0.12097115696649004 419
1725387752396 0.12019975891368906 420
1725387752421 0.11944361561801832 421
1725387752444 0.11870242513076612 422
1725387752470 0.11797589148511661 423
1725387752496 0.11726372457754282 424
1725387752516 0.1165656400515488 425
1725387752537 0.11588135918372007 426
1725387752560 0.11521060877203407 427
1725387752585 0.11455312102639077 428
1725387752610 0.11390863346131527 429
1725387752638 0.11327688879078357 430
1725387752663 0.11265763482514067 431
1725387752685 0.11205062437006837 432
1725387752715 0.11145561512754436 433
1725387752744 0.11087236959878291 434
1725387752769 0.11030065498908585 435
1725387752792 0.10974024311459747 436
1725387752819 0.10919091031089158 437
1725387752843 0.1086524373433939 438
1725387752871 0.10812460931955888 439
1725387752895 0.10760721560280297 440
1725387752920 0.10710004972814732 441
1725387752945 0.10660290931952236 442
1725387752971 0.10611559600872404 443
1725387752996 0.10563791535597028 444
1725387753020 0.10516967677204497 445
1725387753044 0.10471069344196358 446
1725387753067 0.10426078225018322 447
1725387753087 0.10381976370727244 448
1725387753113 0.10338746187804378 449
1725387753142 0.10296370431111825 450
1725387753161 0.10254832196987554 451
1725387753194 0.10214114916478177 452
1725387753224 0.10174202348705627 453
1725387753254 0.10135078574365887 454
1725387753285 0.10096727989355639 455
1725387753318 0.10059135298526425 456
1725387753343 0.1002228550956217 457
1725387753369 0.09986163926978384 458
1725387753394 0.09950756146239614 459
1725387753419 0.09916048047994698 460
1725387753443 0.09882025792425932 461
1725387753467 0.09848675813709552 462
1725387753498 0.09815984814587132 463
1725387753541 0.09783939761044207 464
1725387753565 0.09752527877094389 465
1725387753586 0.09721736639666925 466
1725387753613 0.0969155377359557 467
1725387753637 0.09661967246706929 468
1725387753661 0.09632965265006767 469
1725387753683 0.09604536267960227 470
1725387753708 0.09576668923867551 471
1725387753733 0.09549352125329903 472
1725387753759 0.09522574984805944 473
1725387753784 0.09496326830256434 474
1725387753809 0.09470597200875103 475
1725387753836 0.09445375842903911 476
1725387753865 0.09420652705531735 477
1725387753897 0.09396417936873964 478
1725387753921 0.09372661880031924 479
1725387753943 0.09349375069230875 480
1725387753972 0.09326548226033753 481
1725387753998 0.09304172255630681 482
1725387754027 0.09282238243201624 483
1725387754053 0.09260737450351213 484
1725387754083 0.09239661311614615 485
1725387754114 0.09219001431032152 486
1725387754136 0.09198749578792105 487
1725387754168 0.0917889768793989 488
1725387754197 0.09159437851152966 489
1725387754216 0.09140362317578689 490
1725387754247 0.0912166348973622 491
1725387754279 0.09103333920478282 492
1725387754308 0.09085366310014459 493
1725387754336 0.09067753502992915 494
1725387754360 0.09050488485639686 495
1725387754391 0.09033564382955335 496
1725387754422 0.09016974455966766 497
1725387754443 0.09000712099033277 498
1725387754470 0.08984770837206858 499
