1725392278722 168.8178824738289 0
1725392278751 165.4518708297643 1
1725392278780 162.15987497551617 2
1725392278809 158.94019242603517 3
1725392278836 155.79116108353395 4
1725392278868 152.71115825306745 5
1725392278894 149.69859968291976 6
1725392278921 146.7519386291411 7
1725392278948 143.8696649435968 8
1725392278971 141.05030418490833 9
1725392278995 138.29241675168413 10
1725392279018 135.5945970374545 11
1725392279050 132.95547260674218 12
1725392279080 130.3737033917155 13
1725392279108 127.84798090888665 14
1725392279134 125.37702749533257 15
1725392279161 122.9595955639311 16
1725392279187 120.59446687711792 17
1725392279214 118.28045183868504 18
1725392279236 116.01638880315295 19
1725392279260 113.80114340226369 20
1725392279292 111.63360788815226 21
1725392279323 109.51270049276773 22
1725392279349 107.43736480312612 23
1725392279379 105.40656915198839 24
1725392279407 103.41930602356918 25
1725392279435 101.47459147389095 26
1725392279466 99.5714645654099 27
1725392279490 97.70898681554948 28
1725392279514 95.88624165878736 29
1725392279544 94.10233392195116 30
1725392279574 92.35638931238731 31
1725392279596 90.64755391867716 32
1725392279627 88.97499372358162 33
1725392279658 87.33789412890593 34
1725392279689 85.73545949198319 35
1725392279719 84.16691267348305 36
1725392279750 82.63149459626125 37
1725392279780 81.12846381497106 38
1725392279813 79.65709609616718 39
1725392279846 78.21668400863783 40
1725392279875 76.80653652370925 41
1725392279904 75.42597862527268 42
1725392279935 74.07435092929002 43
1725392279968 72.75100931254279 44
1725392279997 71.45532455039177 45
1725392280029 70.18668196332418 46
1725392280059 68.94448107206904 47
1725392280092 67.72813526106707 48
1725392280119 66.53707145008826 49
1725392280150 65.37072977379432 50
1725392280182 64.22856326904899 51
1725392280212 63.11003756978413 52
1725392280239 62.01463060923508 53
1725392280262 60.94183232936194 54
1725392280288 59.89114439728038 55
1725392280315 58.862079928528004 56
1725392280341 57.85416321699796 57
1725392280367 56.8669294713758 58
1725392280394 55.89992455791882 59
1725392280420 54.95270474942218 60
1725392280448 54.024836480219626 61
1725392280480 53.11589610707068 62
1725392280512 52.225469675789626 63
1725392280532 51.3531526934754 64
1725392280563 50.49854990620549 65
1725392280594 49.66127508205944 66
1725392280626 48.840950799342394 67
1725392280656 48.037208239880314 68
1725392280688 47.24968698726419 69
1725392280720 46.47803482992147 70
1725392280749 45.72190756889738 71
1725392280778 44.98096883023101 72
1725392280809 44.25488988181456 73
1725392280849 43.54334945462597 74
1725392280924 42.84603356822921 75
1725392280951 42.16263536043759 76
1725392280977 41.49285492103987 77
1725392281004 40.836399129489514 78
1725392281032 40.19298149646155 79
1725392281066 39.562322009182914 80
1725392281093 38.94414698044453 81
1725392281123 38.33818890120657 82
1725392281151 37.7441862967092 83
1725392281175 37.16188358600417 84
1725392281207 36.59103094482453 85
1725392281231 36.031384171711835 86
1725392281255 35.48270455732172 87
1725392281278 34.94475875683161 88
1725392281303 34.417318665375106 89
1725392281335 33.90016129643044 90
1725392281364 33.393068663091555 91
1725392281394 32.89582766215217 92
1725392281427 32.408229960935586 93
1725392281457 31.930071886803134 94
1725392281477 31.46115431927788 95
1725392281505 31.00128258471998 96
1725392281531 30.550266353492297 97
1725392281558 30.10791953955676 98
1725392281587 29.67406020244293 99
1725392281613 29.248510451531477 100
1725392281638 28.831096352597527 101
1725392281663 28.421647836559213 102
1725392281690 28.019998610378746 103
1725392281714 27.625986070064272 104
1725392281740 27.239451215722212 105
1725392281767 26.860238568611162 106
1725392281795 26.48819609014887 107
1725392281827 26.123175102826227 108
1725392281851 25.765030212982037 109
1725392281877 25.41361923539456 110
1725392281902 25.06880311964587 111
1725392281931 24.73044587821715 112
1725392281962 24.398414516273277 113
1725392281992 24.07257896309629 114
1725392282023 23.752812005128813 115
1725392282050 23.438989220588258 116
1725392282076 23.130988915615244 117
1725392282103 22.828692061918872 118
1725392282129 22.53198223588344 119
1725392282159 22.240745559102184 120
1725392282186 21.954870640303188 121
1725392282212 21.674248518635178 122
1725392282240 21.398772608280275 123
1725392282271 21.128338644362255 124
1725392282300 20.862844630119607 125
1725392282334 20.602190785313393 126
1725392282363 20.346279495840164 127
1725392282394 20.095015264521596 128
1725392282422 19.84830466304311 129
1725392282452 19.6060562850135 130
1725392282484 19.368180700119566 131
1725392282511 19.13459040934978 132
1725392282535 18.90519980126114 133
1725392282562 18.67992510926471 134
1725392282589 18.45868436990602 135
1725392282616 18.241397382116244 136
1725392282644 18.027985667411468 137
1725392282669 17.81837243101739 138
1725392282695 17.612482523897803 139
1725392282719 17.41024240566521 140
1725392282745 17.211580108352816 141
1725392282769 17.01642520102754 142
1725392282795 16.824708755224165 143
1725392282824 16.636363311181032 144
1725392282852 16.451322844858723 145
1725392282879 16.26952273572269 146
1725392282907 16.090899735272536 147
1725392282931 15.915391936299367 148
1725392282960 15.742938742854957 149
1725392282989 15.573480840915307 150
1725392283022 15.406960169722597 151
1725392283048 15.243319893789232 152
1725392283076 15.082504375548547 153
1725392283102 14.92445914863712 154
1725392283128 14.769130891793122 155
1725392283153 14.616467403357428 156
1725392283180 14.466417576361776 157
1725392283206 14.318931374191463 158
1725392283233 14.173959806808352 159
1725392283263 14.031454907521224 160
1725392283288 13.89136971029058 161
1725392283316 13.75365822755534 162
1725392283349 13.61827542856931 163
1725392283377 13.485177218234986 164
1725392283403 13.354320416423743 165
1725392283429 13.225662737770401 166
1725392283455 13.099162771931141 167
1725392283481 12.974779964294244 168
1725392283507 12.8524745971326 169
1725392283532 12.732207771187891 170
1725392283559 12.613941387676237 171
1725392283588 12.497638130705647 172
1725392283618 12.383261450095164 173
1725392283648 12.27077554458671 174
1725392283675 12.160145345440506 175
1725392283701 12.051336500404608 176
1725392283727 11.944315358050398 177
1725392283753 11.839048952464934 178
1725392283778 11.735504988292409 179
1725392283805 11.63365182611577 180
1725392283834 11.533458468171592 181
1725392283864 11.4348945443895 182
1725392283893 11.337930298748978 183
1725392283924 11.24253657594615 184
1725392283954 11.148684808363292 185
1725392283984 11.05634700333411 186
1725392284017 10.965495730697482 187
1725392284057 10.876104110633579 188
1725392284078 10.78814580177528 189
1725392284109 10.701594989588695 190
1725392284138 10.61642637501652 191
1725392284168 10.532615163378056 192
1725392284195 10.450137053520091 193
1725392284222 10.368968227212536 194
1725392284249 10.289085338783211 195
1725392284281 10.210465504986704 196
1725392284302 10.13308629510102 197
1725392284320 10.056925721247401 198
1725392284342 9.981962228927907 199
1725392284366 9.908174687775759 200
1725392284390 9.835542382513434 201
1725392284405 9.764045004113791 202
1725392284422 9.693662641159456 203
1725392284437 9.62437577139601 204
1725392284453 9.556165253474198 205
1725392284469 9.489012318877366 206
1725392284485 9.422898564029028 207
1725392284500 9.357805942577144 208
1725392284516 9.293716757850769 209
1725392284533 9.230613655484742 210
1725392284550 9.16847961620922 211
1725392284562 9.107297948799769 212
1725392284574 9.047052283184268 213
1725392284586 8.98772656370348 214
1725392284597 8.9293050425212 215
1725392284609 8.871772273180927 216
1725392284620 8.815113104305546 217
1725392284632 8.759312673436702 218
1725392284644 8.704356401010767 219
1725392284661 8.650229984467998 220
1725392284680 8.596919392492332 221
1725392284701 8.544410859378226 222
1725392284721 8.492690879522074 223
1725392284744 8.441746202035144 224
1725392284761 8.391563825475204 225
1725392284781 8.342130992694381 226
1725392284798 8.293435185800277 227
1725392284817 8.245464121227897 228
1725392284835 8.198205744919902 229
1725392284859 8.151648227612641 230
1725392284876 8.105779960225577 231
1725392284903 8.060589549351658 232
1725392284919 8.01606581284659 233
1725392284936 7.972197775514209 234
1725392284952 7.928974664886596 235
1725392284968 7.8863859070959705 236
1725392284985 7.844421122836667 237
1725392285002 7.803070123415175 238
1725392285014 7.762322906886093 239
1725392285026 7.722169654272138 240
1725392285055 7.682600725866182 241
1725392285082 7.643606657613536 242
1725392285101 7.605178157572933 243
1725392285124 7.567306102453753 244
1725392285145 7.52998153422834 245
1725392285165 7.493195656817717 246
1725392285189 7.456939832848523 247
1725392285214 7.421205580480167 248
1725392285236 7.385984570300122 249
1725392285253 7.351268622286286 250
1725392285275 7.317049702834417 251
1725392285296 7.283319921849473 252
1725392285317 7.250071529899484 253
1725392285337 7.217296915430219 254
1725392285358 7.1849886020395655 255
1725392285378 7.153139245810156 256
1725392285398 7.121741632699095 257
1725392285414 7.090788675983083 258
1725392285431 7.060273413758237 259
1725392285449 7.030189006493066 260
1725392285466 7.000528734633431 261
1725392285484 6.971285996258251 262
1725392285500 6.9424543047852065 263
1725392285517 6.914027286724809 264
1725392285535 6.88599867948201 265
1725392285551 6.858362329204502 266
1725392285564 6.831112188676062 267
1725392285576 6.8042423152545854 268
1725392285588 6.777746868853509 269
1725392285599 6.75162010996551 270
1725392285611 6.725856397727928 271
1725392285623 6.700450188028629 272
1725392285634 6.67539603165157 273
1725392285648 6.6506885724612586 274
1725392285665 6.6263225456249994 275
1725392285685 6.6022927758723675 276
1725392285707 6.578594175790847 277
1725392285724 6.555221744157162 278
1725392285745 6.532170564302927 279
1725392285767 6.509435802514558 280
1725392285783 6.487012706466272 281
1725392285811 6.4648966036853786 282
1725392285834 6.443082900049496 283
1725392285858 6.421567078314678 284
1725392285881 6.400344696673934 285
1725392285906 6.379411387345402 286
1725392285921 6.358762855189586 287
1725392285936 6.338394876354962 288
1725392285953 6.318303296951306 289
1725392285969 6.298484031750342 290
1725392285990 6.278933062912672 291
1725392286006 6.259646438741025 292
1725392286023 6.240620272458716 293
1725392286041 6.221850741012934 294
1725392286054 6.203334083902559 295
1725392286066 6.185066602029577 296
1725392286078 6.167044656573843 297
1725392286092 6.149264667890584 298
1725392286104 6.131723114430271 299
1725392286116 6.114416531680117 300
1725392286128 6.097341511127113 301
1725392286140 6.080494699241647 302
1725392286152 6.063872796481824 303
1725392286172 6.047472556317465 304
1725392286193 6.031290784273897 305
1725392286218 6.015324336994699 306
1725392286241 5.999570121323135 307
1725392286264 5.984025093402062 308
1725392286283 5.968686257791539 309
1725392286301 5.953550666604071 310
1725392286323 5.938615418656939 311
1725392286341 5.923877658641424 312
1725392286363 5.90933457630828 313
1725392286387 5.894983405669463 314
1725392286411 5.880821424215335 315
1725392286434 5.866845952147599 316
1725392286458 5.853054351626978 317
1725392286483 5.839444026035844 318
1725392286505 5.8260124192551315 319
1725392286525 5.812757014955511 320
1725392286554 5.7996753359022994 321
1725392286575 5.786764943273862 322
1725392286597 5.774023435993411 323
1725392286618 5.761448450073628 324
1725392286640 5.7490376579740055 325
1725392286658 5.736788767970681 326
1725392286671 5.724699523538322 327
1725392286684 5.712767702744009 328
1725392286696 5.700991117652808 329
1725392286708 5.689367613744582 330
1725392286719 5.677895069342132 331
1725392286732 5.6665713950502745 332
1725392286743 5.655394533205552 333
1725392286756 5.644362457336406 334
1725392286768 5.633473171633818 335
1725392286783 5.62272471043174 336
1725392286806 5.6121151376975416 337
1725392286832 5.601642546532101 338
1725392286849 5.591305058679232 339
1725392286870 5.581100824044432 340
1725392286894 5.571028020222682 341
1725392286915 5.561084852035155 342
1725392286932 5.551269551074454 343
1725392286948 5.541580375258539 344
1725392286964 5.532015608392966 345
1725392286981 5.5225735597410495 346
1725392286994 5.513252563602413 347
1725392287010 5.504050978899077 348
1725392287027 5.494967188769208 349
1725392287044 5.485999600168638 350
1725392287058 5.47714664347948 351
1725392287071 5.468406772126063 352
1725392287085 5.459778462197966 353
1725392287098 5.451260212079911 354
1725392287110 5.442850542088399 355
1725392287122 5.434547994115183 356
1725392287133 5.426351131276965 357
1725392287145 5.418258537571704 358
1725392287158 5.41026881754111 359
1725392287193 5.4023805959391655 360
1725392287211 5.394592517406819 361
1725392287232 5.386903246152396 362
1725392287253 5.3793114656378735 363
1725392287275 5.371815878270773 364
1725392287294 5.364415205101585 365
1725392287310 5.357108185526635 366
1725392287325 5.349893576996187 367
1725392287342 5.34277015472801 368
1725392287360 5.335736711425597 369
1725392287376 5.328792057001899 370
1725392287393 5.32193501830763 371
1725392287418 5.315164438864503 372
1725392287443 5.308479178603133 373
1725392287464 5.301878113605651 374
1725392287482 5.295360135852779 375
1725392287505 5.288924152975346 376
1725392287529 5.282569088010189 377
1725392287553 5.276293879160371 378
1725392287569 5.27009747955946 379
1725392287585 5.263978857040031 380
1725392287601 5.257936993906195 381
1725392287616 5.251970886709948 382
1725392287636 5.246079546031593 383
1725392287652 5.240261996263769 384
1725392287677 5.234517275399335 385
1725392287705 5.228844434822891 386
1725392287728 5.223242539105715 387
1725392287758 5.217710665804534 388
1725392287787 5.212247905263456 389
1725392287804 5.206853360419417 390
1725392287831 5.2015261466108615 391
1725392287848 5.196265391389837 392
1725392287870 5.191070234337072 393
1725392287882 5.185939826880351 394
1725392287906 5.18087333211584 395
1725392287924 5.1758699246325 396
1725392287944 5.17092879033951 397
1725392287969 5.166049126296423 398
1725392287990 5.161230140546276 399
1725392288008 5.156471051951536 400
1725392288030 5.151771090032687 401
1725392288049 5.147129494809595 402
1725392288065 5.142545516645349 403
1725392288082 5.13801841609301 404
1725392288098 5.133547463744504 405
1725392288114 5.129131940082336 406
1725392288130 5.124771135333573 407
1725392288146 5.120464349326268 408
1725392288162 5.116210891348285 409
1725392288189 5.112010080008405 410
1725392288208 5.107861243099713 411
1725392288222 5.103763717465139 412
1725392288234 5.099716848865391 413
1725392288245 5.0957199918488225 414
1725392288257 5.091772509623468 415
1725392288270 5.087873773931272 416
1725392288283 5.084023164924186 417
1725392288312 5.080220071042384 418
1725392288338 5.076463888894308 419
1725392288361 5.07275402313885 420
1725392288388 5.069089886369212 421
1725392288411 5.0654708989987 422
1725392288430 5.061896489148391 423
1725392288453 5.058366092536589 424
1725392288475 5.0548791523698835 425
1725392288496 5.0514351192361815 426
1725392288519 5.048033450999225 427
1725392288541 5.044673612694901 428
1725392288558 5.041355076429148 429
1725392288574 5.038077321277391 430
1725392288591 5.034839833185822 431
1725392288607 5.031642104873844 432
1725392288623 5.028483635738313 433
1725392288639 5.025363931759289 434
1725392288654 5.022282505407057 435
1725392288685 5.019238875550749 436
1725392288709 5.016232567368401 437
1725392288733 5.013263112258316 438
1725392288753 5.010330047751776 439
1725392288775 5.007432917427268 440
1725392288794 5.004571270825887 441
1725392288810 5.0017446633680684 442
1725392288825 4.998952656271609 443
1725392288842 4.996194816470977 444
1725392288858 4.9934707165378285 445
1725392288874 4.990779934602683 446
1725392288890 4.988122054277908 447
1725392288906 4.9854966645818415 448
1725392288933 4.982903359863935 449
1725392288959 4.98034173973123 450
1725392288983 4.977811408975864 451
1725392289010 4.975311977503546 452
1725392289033 4.972843060263392 453
1725392289049 4.9704042771784955 454
1725392289067 4.967995253077877 455
1725392289084 4.965615617629028 456
1725392289099 4.963265005271967 457
1725392289116 4.960943055153855 458
1725392289135 4.958649411064854 459
1725392289152 4.956383721374756 460
1725392289169 4.954145638970746 461
1725392289202 4.951934821195905 462
1725392289214 4.949750929788677 463
1725392289226 4.947593630823377 464
1725392289242 4.945462594651337 465
1725392289253 4.943357495843113 466
1725392289266 4.941278013131447 467
1725392289278 4.939223829355063 468
1725392289299 4.937194631403321 469
1725392289321 4.93519011016173 470
1725392289347 4.933209960458103 471
1725392289369 4.931253881009667 472
1725392289389 4.929321574370845 473
1725392289412 4.927412746881833 474
1725392289424 4.9255271086178345 475
1725392289435 4.923664373339259 476
1725392289447 4.921824258442343 477
1725392289459 4.920006484910692 478
1725392289470 4.918210777267517 479
1725392289482 4.916436863528352 480
1725392289494 4.914684475154766 481
1725392289506 4.912953347008434 482
1725392289517 4.911243217306153 483
1725392289529 4.909553827575193 484
1725392289550 4.907884922609538 485
1725392289577 4.906236250426661 486
1725392289599 4.904607562224935 487
1725392289624 4.902998612341498 488
1725392289653 4.901409158211013 489
1725392289673 4.899838960324753 490
1725392289696 4.898287782190328 491
1725392289722 4.8967553902921415 492
1725392289749 4.895241554052111 493
1725392289771 4.89374604579121 494
1725392289790 4.892268640691393 495
1725392289812 4.890809116758171 496
1725392289839 4.889367254783598 497
1725392289864 4.887942838309786 498
1725392289885 4.886535653593055 499
