1725393047694 1922.1586010524875 0
1725393047803 11240498.476735676 1
1725393047873 1100777463.9055746 2
1725393047955 4.244597581132559e+16 3
1725393048019 6.9516847264977306e+19 4
1725393048090 2.9342365228519822e+26 5
1725393048150 1.4221183285369763e+33 6
1725393048204 4.862741556090026e+40 7
1725393048249 8.331526627586988e+39 8
1725393048291 1.0915017074823021e+45 9
1725393048341 4.969913043279862e+49 10
1725393048392 1.7092444784530807e+53 11
1725393048451 4.045153581890326e+56 12
1725393048501 7.129711597913502e+60 13
1725393048562 1.33595063677725e+68 14
1725393048638 9.839758836319561e+77 15
1725393048706 1.5028493967152603e+81 16
1725393048757 2.7830733217478844e+87 17
1725393048802 5.57415221879251e+90 18
1725393048852 5.784445144636536e+92 19
1725393048897 1.672585809962154e+98 20
1725393048949 5.801717155900322e+101 21
1725393048999 6.200404431520302e+105 22
1725393049065 9.930525164934734e+109 23
1725393049150 2.988761283010387e+115 24
1725393049231 2.6429839284613525e+121 25
1725393049304 4.9573916737141026e+126 26
1725393049351 2.3110701818547304e+131 27
1725393049407 3.8516351745658136e+133 28
1725393049460 9.960335084932122e+139 29
1725393049527 1.6288857633356717e+141 30
1725393049585 5.009145728560331e+148 31
1725393049642 1.7767728279480827e+152 32
1725393049717 3.65062637161349e+158 33
1725393049791 1.947895589866186e+160 34
1725393049873 8.598474391077719e+165 35
1725393049977 1.62546326646803e+171 36
1725393050038 3.167508676655834e+178 37
1725393050111 7.2067620492057185e+180 38
1725393050184 2.67036598767907e+181 39
1725393050258 1.3175068965029533e+187 40
1725393050321 1.1643460828966378e+193 41
1725393050387 9.362060653058009e+196 42
1725393050453 1.1443419848189998e+201 43
1725393050517 9.658668135662596e+207 44
1725393050580 1.799897194995534e+211 45
1725393050640 4.295502529053795e+213 46
1725393050707 2.3002980486826663e+217 47
1725393050769 2.3209023913946707e+222 48
1725393050848 6.199727404996802e+228 49
1725393050918 2.1011907746696766e+232 50
1725393050980 2.5803895309402316e+235 51
1725393051036 1.0007610036874973e+239 52
1725393051113 1.2636848212851672e+244 53
1725393051181 7.303256126649096e+248 54
1725393051251 4.008157485718668e+254 55
1725393051328 4.504018926674505e+255 56
1725393051400 1.5378525554511882e+266 57
1725393051461 6.107297986296755e+269 58
1725393051535 7.01089092833621e+271 59
1725393051601 2.688561942386236e+276 60
1725393051671 7.682558501810567e+282 61
1725393051737 4.078895510882177e+287 62
1725393051803 6.0883016082887475e+290 63
1725393051876 1.9793440163337563e+294 64
1725393051946 4.772118901118944e+298 65
1725393052012 1.619674932635731e+304 66
1725393052085 inf 67
