1725382705417 169.25480595599967 0
1725382705489 165.8668141287966 1
1725382705521 162.55375690902707 2
1725382705544 159.31389525290345 3
1725382705567 156.14553194407998 4
1725382705591 153.04701055207403 5
1725382705617 150.01671441780073 6
1725382705654 147.05306566546963 7
1725382705679 144.15452424011337 8
1725382705702 141.31958697004177 9
1725382705726 138.5467866535355 10
1725382705753 135.8346911691135 11
1725382705780 133.18190260872873 12
1725382705805 130.58705643326616 13
1725382705826 128.0488206497345 14
1725382705846 125.56589500956304 15
1725382705870 123.13701022742974 16
1725382705893 120.76092722006575 17
1725382705916 118.43643636449687 18
1725382705938 116.16235677519796 19
1725382705961 113.937535599652 20
1725382705983 111.76084733182029 21
1725382706006 109.63119314304404 22
1725382706030 107.54750022991188 23
1725382706054 105.5087211786409 24
1725382706076 103.51383334553219 25
1725382706103 101.56183825307369 26
1725382706123 99.6517610012765 27
1725382706147 97.78264969384063 28
1725382706171 95.95357487876016 29
1725382706195 94.16362900298621 30
1725382706215 92.41192588077905 31
1725382706237 90.69760017538924 32
1725382706260 89.01980689371923 33
1725382706284 87.37772089362564 34
1725382706307 85.77053640353212 35
1725382706328 84.19746655403236 36
1725382706351 82.65774292117096 37
1725382706371 81.15061508109876 38
1725382706391 79.67535017580813 39
1725382706414 78.23123248966107 40
1725382706436 76.8175630364309 41
1725382706462 75.43365915658684 42
1725382706512 74.07885412455713 43
1725382706530 72.75249676571377 44
1725382706551 71.45395108282989 45
1725382706591 70.18259589176584 46
1725382706616 68.93782446614819 47
1725382706639 67.7190441908117 48
1725382706675 66.52567622377967 49
1725382706698 65.35715516656609 50
1725382706721 64.21292874258624 51
1725382706744 63.0924574834709 52
1725382706766 61.995214423081734 53
1725382706787 60.920684799034326 54
1725382706814 59.868365761536914 55
1725382706839 58.83776608936075 56
1725382706860 57.828405912761404 57
1725382706884 56.839816443175486 58
1725382706904 55.87153970952225 59
1725382706933 54.923128300943134 60
1725382706955 53.99414511581807 61
1725382706974 53.084163116899944 62
1725382706995 52.19276509241443 63
1725382707020 51.319543422975016 64
1725382707045 50.464099854167785 65
1725382707072 49.62604527466432 66
1725382707094 48.80499949972416 67
1725382707117 48.00059105995219 68
1725382707139 47.212456995180695 69
1725382707162 46.44024265334717 70
1725382707184 45.68360149424438 71
1725382707205 44.942194898021185 72
1725382707232 44.21569197831618 73
1725382707258 43.503769399909004 74
1725382707279 42.8061112007773 75
1725382707305 42.122408618450415 76
1725382707327 41.45235992055291 77
1725382707352 40.79567023943488 78
1725382707372 40.15205141078762 79
1725382707395 39.52122181614643 80
1725382707418 38.902906229184524 81
1725382707437 38.2968356657047 82
1725382707460 37.70274723723766 83
1725382707489 37.12038400815796 84
1725382707514 36.54949485623177 85
1725382707537 35.98983433651098 86
1725382707560 35.441162548492635 87
1725382707586 34.90324500646285 88
1725382707610 34.375852512947226 89
1725382707634 33.85876103519201 90
1725382707658 33.35175158460122 91
1725382707682 32.854610099057965 92
1725382707704 32.36712732805902 93
1725382707730 31.889098720594184 94
1725382707752 31.420324315703205 95
1725382707775 30.960608635645116 96
1725382707796 30.509760581616113 97
1725382707824 30.067593331953983 98
1725382707848 29.633924242768458 99
1725382707870 29.208574750938492 100
1725382707895 28.791370279418835 101
1725382707920 28.382140144799884 102
1725382707944 27.98071746706586 103
1725382707970 27.58693908149816 104
1725382707993 27.200645452671736 105
1725382708018 26.82168059049368 106
1725382708038 26.449891968234617 107
1725382708062 26.085130442504624 108
1725382708088 25.72725017512643 109
1725382708111 25.37610855686041 110
1725382708134 25.031566132935954 111
1725382708157 24.693486530346213 112
1725382708180 24.361736386863168 113
1725382708206 24.03618528173154 114
1725382708231 23.716705668001488 115
1725382708256 23.403172806459715 116
1725382708280 23.095464701121315 117
1725382708304 22.79346203624426 118
1725382708323 22.497048114829944 119
1725382708348 22.20610879857407 120
1725382708368 21.920532449233036 121
1725382708389 21.640209871371507 122
1725382708412 21.365034256458586 123
1725382708437 21.09490112827922 124
1725382708461 20.829708289630442 125
1725382708483 20.56935577027045 126
1725382708505 20.313745776091324 127
1725382708527 20.062782639485622 128
1725382708547 19.816372770878466 129
1725382708569 19.57442461139693 130
1725382708592 19.336848586649538 131
1725382708618 19.103557061589814 132
1725382708640 18.874464296437218 133
1725382708664 18.64948640363044 134
1725382708700 18.42854130578878 135
1725382708723 18.211548694656983 136
1725382708746 17.998429991010095 137
1725382708769 17.789108305495983 138
1725382708792 17.583508400392336 139
1725382708813 17.381556652257085 140
1725382708836 17.183181015450202 141
1725382708858 16.988310986507003 142
1725382708884 16.796877569341653 143
1725382708907 16.608813241262162 144
1725382708928 16.424051919776492 145
1725382708950 16.242528930171883 146
1725382708975 16.06418097384849 147
1725382708993 15.888946097389406 148
1725382709012 15.716763662349903 149
1725382709037 15.547574315748538 150
1725382709062 15.381319961243161 151
1725382709088 15.217943730976623 152
1725382709113 15.057389958075039 153
1725382709150 14.899604149783817 154
1725382709195 14.744532961226401 155
1725382709225 14.59212416977062 156
1725382709247 14.442326649988406 157
1725382709271 14.295090349194918 158
1725382709294 14.150366263553384 159
1725382709314 14.008106414731863 160
1725382709337 13.868263827099645 161
1725382709360 13.730792505449681 162
1725382709383 13.59564741323521 163
1725382709405 13.462784451308302 164
1725382709429 13.332160437148298 165
1725382709454 13.203733084568745 166
1725382709477 13.077460983891523 167
1725382709502 12.953303582577005 168
1725382709528 12.831221166299924 169
1725382709554 12.711174840459694 170
1725382709579 12.593126512115747 171
1725382709599 12.4770388723375 172
1725382709621 12.36287537895899 173
1725382709645 12.250600239729177 174
1725382709670 12.140178395848285 175
1725382709696 12.031575505880829 176
1725382709721 11.924757930037314 177
1725382709744 11.81969271481519 178
1725382709766 11.716347577990678 179
1725382709789 11.614690893953837 180
1725382709811 11.514691679378148 181
1725382709834 11.416319579217152 182
1725382709861 11.319544853020286 183
1725382709886 11.224338361560655 184
1725382709920 11.130671553767165 185
1725382709948 11.038516453954182 186
1725382709972 10.947845649341424 187
1725382709996 10.858632277857659 188
1725382710018 10.770850016221353 189
1725382710045 10.684473068291739 190
1725382710073 10.59947615368427 191
1725382710098 10.515834496643917 192
1725382710122 10.433523815170714 193
1725382710150 10.35252031039124 194
1725382710173 10.272800656170524 195
1725382710197 10.19434198895898 196
1725382710220 10.117121897868412 197
1725382710243 10.041118414972056 198
1725382710265 9.966310005823512 199
1725382710287 9.89267556018929 200
1725382710312 9.82019438299012 201
1725382710336 9.748846185446084 202
1725382710357 9.678611076420818 203
1725382710380 9.609469553960531 204
1725382710405 9.541402497022508 205
1725382710429 9.474391157389737 206
1725382710455 9.408417151766498 207
1725382710477 9.343462454051132 208
1725382710499 9.279509387781667 209
1725382710521 9.216540618750802 210
1725382710543 9.154539147785412 211
1725382710566 9.0934883036878 212
1725382710590 9.033371736334153 213
1725382710610 8.974173409926967 214
1725382710632 8.915877596397934 215
1725382710655 8.858468868957416 216
1725382710677 8.801932095787741 217
1725382710701 8.746252433876286 218
1725382710724 8.691415322985804 219
1725382710747 8.637406479758251 220
1725382710769 8.584211891949638 221
1725382710790 8.531817812792228 222
1725382710812 8.480210755481727 223
1725382710836 8.42937748778627 224
1725382710860 8.379305026774448 225
1725382710885 8.329980633659837 226
1725382710911 8.281391808758993 227
1725382710937 8.233526286560712 228
1725382710960 8.186372030903666 229
1725382710982 8.139917230260206 230
1725382711005 8.09415029312366 231
1725382711027 8.049059843496961 232
1725382711049 8.004634716480183 233
1725382711071 7.960863953954645 234
1725382711095 7.917736800361632 235
1725382711117 7.8752426985732775 236
1725382711141 7.8333712858536595 237
1725382711162 7.792112389908075 238
1725382711187 7.751456025018492 239
1725382711241 7.711392388263025 240
1725382711268 7.671911855817674 241
1725382711292 7.633004979338588 242
1725382711313 7.594662482422801 243
1725382711335 7.556875257145631 244
1725382711361 7.519634360673202 245
1725382711380 7.482931011948322 246
1725382711404 7.446756588447909 247
1725382711429 7.411102623010554 248
1725382711451 7.375960800732408 249
1725382711477 7.341322955930117 250
1725382711506 7.307181069169048 251
1725382711534 7.273527264355338 252
1725382711561 7.240353805890656 253
1725382711580 7.207653095887767 254
1725382711603 7.175417671445851 255
1725382711626 7.1436402019842555 256
1725382711653 7.112313486633154 257
1725382711676 7.081430451679891 258
1725382711699 7.0509841480699516 259
1725382711723 7.02096774896114 260
1725382711746 6.991374547329678 261
1725382711769 6.962197953627394 262
1725382711791 6.9334314934885715 263
1725382711813 6.905068805485436 264
1725382711838 6.877103638931082 265
1725382711864 6.849529851729124 266
1725382711887 6.822341408268604 267
1725382711910 6.795532377363313 268
1725382711933 6.7690969302346655 269
1725382711956 6.743029338536958 270
1725382711973 6.7173239724241665 271
1725382712000 6.691975298657377 272
1725382712022 6.66697787875177 273
1725382712047 6.64232636716264 274
1725382712068 6.618015509509122 275
1725382712094 6.594040140835221 276
1725382712123 6.570395183906997 277
1725382712146 6.547075647545238 278
1725382712172 6.5240766249929 279
1725382712196 6.501393292316424 280
1725382712219 6.47902090684014 281
1725382712239 6.456954805613317 282
1725382712261 6.435190403908737 283
1725382712283 6.413723193752382 284
1725382712305 6.392548742483485 285
1725382712327 6.371662691344212 286
1725382712350 6.351060754098392 287
1725382712371 6.330738715678584 288
1725382712394 6.310692430860972 289
1725382712413 6.290917822967395 290
1725382712441 6.271410882593887 291
1725382712463 6.252167666365245 292
1725382712488 6.233184295714993 293
1725382712514 6.214456955690178 294
1725382712538 6.195981893780515 295
1725382712558 6.1777554187712775 296
1725382712590 6.159773899619506 297
1725382712612 6.142033764352817 298
1725382712633 6.124531498990787 299
1725382712664 6.107263646487701 300
1725382712688 6.090226805696982 301
1725382712710 6.073417630356254 302
1725382712731 6.056832828092826 303
1725382712754 6.040469159449228 304
1725382712777 6.024323436928102 305
1725382712800 6.0083925240563625 306
1725382712822 5.992673334467943 307
1725382712844 5.977162831004849 308
1725382712864 5.9618580248360775 309
1725382712884 5.946755974594206 310
1725382712908 5.931853785528767 311
1725382712930 5.917148608676784 312
1725382712952 5.902637640049515 313
1725382712976 5.888318119835173 314
1725382713002 5.874187331617514 315
1725382713027 5.8602426016097535 316
1725382713052 5.846481297903513 317
1725382713072 5.832900829732434 318
1725382713095 5.819498646750438 319
1725382713122 5.806272238323731 320
1725382713150 5.793219132836998 321
1725382713171 5.780336897012759 322
1725382713195 5.767623135244331 323
1725382713222 5.755075488941347 324
1725382713248 5.742691635888262 325
1725382713279 5.730469289615153 326
1725382713297 5.718406198780606 327
1725382713320 5.706500146566615 328
1725382713344 5.694748950085033 329
1725382713366 5.683150459795487 330
1725382713389 5.671702558934365 331
1725382713413 5.660403162954855 332
1725382713437 5.649250218977604 333
1725382713458 5.638241705251787 334
1725382713480 5.627375630626582 335
1725382713503 5.616650034032627 336
1725382713526 5.606062983973191 337
1725382713549 5.595612578025186 338
1725382713582 5.585296942349471 339
1725382713608 5.575114231210366 340
1725382713630 5.565062626504407 341
1725382713652 5.555140337297595 342
1725382713675 5.5453455993717755 343
1725382713698 5.5356766747791015 344
1725382713719 5.526131851405099 345
1725382713741 5.516709442539729 346
1725382713762 5.507407786456505 347
1725382713788 5.498225245999399 348
1725382713813 5.489160208177396 349
1725382713835 5.480211083766592 350
1725382713859 5.471376306919647 351
1725382713879 5.462654334782303 352
1725382713904 5.454043647117226 353
1725382713929 5.445542745934428 354
1725382713954 5.437150155128743 355
1725382713977 5.428864420123835 356
1725382714002 5.420684107522592 357
1725382714027 5.412607804764055 358
1725382714047 5.40463411978652 359
1725382714069 5.396761680696767 360
1725382714098 5.388989135445252 361
1725382714121 5.381315151507121 362
1725382714144 5.373738415569202 363
1725382714166 5.366257633222394 364
1725382714188 5.358871528659582 365
1725382714213 5.351578844379244 366
1725382714236 5.344378340894025 367
1725382714256 5.337268796444728 368
1725382714279 5.330249006719364 369
1725382714300 5.323317784577115 370
1725382714322 5.316473959777339 371
1725382714343 5.309716378713265 372
1725382714364 5.303043904150449 373
1725382714386 5.296455414969791 374
1725382714407 5.2899498059151835 375
1725382714433 5.2835259873455405 376
1725382714455 5.277182884991065 377
1725382714477 5.2709194397140005 378
1725382714499 5.2647346072734145 379
1725382714521 5.258627358094081 380
1725382714543 5.252596677039459 381
1725382714562 5.246641563188634 382
1725382714587 5.240761029616907 383
1725382714611 5.234954103180493 384
1725382714635 5.22921982430474 385
1725382714661 5.223557246775961 386
1725382714686 5.217965437537039 387
1725382714711 5.2124434764863485 388
1725382714738 5.206990456280185 389
1725382714763 5.201605482138603 390
1725382714784 5.196287671654528 391
1725382714805 5.191036154606102 392
1725382714829 5.185850072772306 393
1725382714850 5.180728579751516 394
1725382714876 5.175670840783394 395
1725382714899 5.170676032573527 396
1725382714922 5.16574334312115 397
1725382714945 5.1608719715498195 398
1725382714968 5.15606112794077 399
1725382714990 5.151310033169144 400
1725382715013 5.146617918743059 401
1725382715036 5.1419840266451065 402
1725382715059 5.137407609176745 403
1725382715081 5.132887928805141 404
1725382715105 5.128424258012519 405
1725382715127 5.124015879148161 406
1725382715147 5.119662084282589 407
1725382715168 5.115362175064489 408
1725382715193 5.111115462579655 409
1725382715212 5.106921267212446 410
1725382715235 5.102778918509443 411
1725382715258 5.09868775504536 412
1725382715280 5.0946471242911295 413
1725382715303 5.090656382484064 414
1725382715324 5.086714894500335 415
1725382715345 5.082822033729149 416
1725382715373 5.078977181949455 417
1725382715397 5.0751797292081315 418
1725382715419 5.071429073700504 419
1725382715446 5.0677246216526175 420
1725382715470 5.064065787205446 421
1725382715493 5.0604519923009 422
1725382715516 5.056882666569714 423
1725382715539 5.053357247221151 424
1725382715561 5.0498751789343235 425
1725382715584 5.046435913751443 426
1725382715611 5.043038910972521 427
1725382715634 5.039683637051966 428
1725382715655 5.036369565496677 429
1725382715674 5.033096176765752 430
1725382715698 5.029862958171868 431
1725382715729 5.026669403784008 432
1725382715746 5.023515014332009 433
1725382715769 5.020399297112336 434
1725382715795 5.017321765895367 435
1725382715817 5.014281940834359 436
1725382715842 5.01127934837548 437
1725382715863 5.0083135211694785 438
1725382715887 5.0053839979846915 439
1725382715908 5.002490323621247 440
1725382715929 4.9996320488268085 441
1725382715950 4.996808730213416 442
1725382715974 4.994019930175762 443
1725382715995 4.9912652168105875 444
1725382716019 4.98854416383744 445
1725382716042 4.985856350520581 446
1725382716068 4.983201361592004 447
1725382716093 4.9805787871758005 448
1725382716112 4.977988222713481 449
1725382716143 4.975429268890641 450
1725382716172 4.972901531564545 451
1725382716199 4.970404621692865 452
1725382716222 4.967938155263569 453
1725382716243 4.965501753225799 454
1725382716266 4.963095041421727 455
1725382716288 4.960717650519607 456
1725382716311 4.958369215947618 457
1725382716333 4.956049377828925 458
1725382716355 4.953757780917427 459
1725382716377 4.9514940745348115 460
1725382716402 4.9492579125081795 461
1725382716428 4.947048953108868 462
1725382716451 4.944866858992041 463
1725382716471 4.9427112971372855 464
1725382716496 4.940581938789924 465
1725382716518 4.938478459403339 466
1725382716545 4.936400538582053 467
1725382716570 4.934347860025718 468
1725382716590 4.9323201114738495 469
1725382716610 4.93031698465151 470
1725382716631 4.9283381752154956 471
1725382716654 4.926383382701714 472
1725382716676 4.924452310472919 473
1725382716699 4.922544665667579 474
1725382716722 4.920660159149127 475
1725382716740 4.9187985054562935 476
1725382716759 4.916959422753914 477
1725382716781 4.915142632784477 478
1725382716806 4.913347860820514 479
1725382716829 4.911574835617511 480
1725382716852 4.909823289367609 481
1725382716872 4.908092957653914 482
1725382716898 4.906383579405376 483
1725382716920 4.904694896852666 484
1725382716945 4.903026655484151 485
1725382716968 4.9013786040028515 486
1725382716993 4.8997504942841 487
1725382717012 4.898142081333388 488
1725382717031 4.89655312324524 489
1725382717054 4.894983381162436 490
1725382717076 4.893432619235822 491
1725382717094 4.891900604584776 492
1725382717118 4.890387107258222 493
1725382717138 4.888891900196075 494
1725382717163 4.8874147591913975 495
1725382717187 4.885955462852926 496
1725382717213 4.8845137925682725 497
1725382717237 4.883089532467527 498
1725382717261 4.881682469387405 499
