1725393322645 168.79801204511594 0
1725393322675 165.51883450499952 1
1725393322706 163.88858339560022 2
1725393322740 162.26644792120067 3
1725393322772 160.6620813018817 4
1725393322799 159.07522244481186 5
1725393322829 157.50567240325813 6
1725393322860 155.9532341937593 7
1725393322890 154.4177131318439 8
1725393322920 152.89891680268204 9
1725393322945 151.39665503427045 10
1725393322978 149.9107398709246 11
1725393323004 148.44098554708617 12
1725393323034 146.98720846144317 13
1725393323058 145.5492271513579 14
1725393323089 144.12686226760047 15
1725393323119 142.71993654938248 16
1725393323150 141.32827479968893 17
1725393323180 139.95170386090334 18
1725393323206 138.5900525907237 19
1725393323233 137.24315183836526 20
1725393323261 135.9108344210465 21
1725393323288 134.5929351007555 22
1725393323314 133.2892905612927 23
1725393323343 131.9997393855871 24
1725393323370 130.7241220332829 25
1725393323396 129.4622808185924 26
1725393323428 128.21405988841326 27
1725393323462 126.9793052007056 28
1725393323488 125.75786450312704 29
1725393323515 124.5495873119217 30
1725393323545 123.35432489106061 31
1725393323563 122.1719302316305 32
1725393323589 121.00225803146742 33
1725393323616 119.84516467503323 34
1725393323638 118.70050821353138 35
1725393323668 117.56814834525893 36
1725393323696 116.44794639619275 37
1725393323722 115.33976530080645 38
1725393323749 114.24346958311564 39
1725393323777 113.15892533794835 40
1725393323806 112.0860002124385 41
1725393323852 111.02456338773933 42
1725393323958 109.97448556095425 43
1725393323990 108.93563892728267 44
1725393324009 107.90789716237796 45
1725393324036 106.89113540491512 46
1725393324061 105.885230239366 47
1725393324104 104.89005967897886 48
1725393324125 103.90550314896045 49
1725393324156 102.93144146985792 50
1725393324187 101.96775684113834 51
1725393324219 101.01433282496305 52
1725393324250 100.07105433015525 53
1725393324280 99.13780759635759 54
1725393324308 98.21448017837834 55
1725393324340 97.30096093072335 56
1725393324369 96.39713999231184 57
1725393324400 95.50290877137354 58
1725393324433 94.61815993052558 59
1725393324465 93.74278737202616 60
1725393324495 92.87668622320359 61
1725393324524 92.01975282205827 62
1725393324555 91.17188470303577 63
1725393324583 90.33298058296855 64
1725393324608 89.5029403471847 65
1725393324631 88.68166503578169 66
1725393324652 87.86905683006273 67
1725393324683 87.06501903913454 68
1725393324710 86.26945608666368 69
1725393324737 85.4822734977905 70
1725393324765 84.703377886198 71
1725393324792 83.93267694133431 72
1725393324821 83.17007941578674 73
1725393324843 82.41549511280549 74
1725393324870 81.66883487397547 75
1725393324901 80.93001056703434 76
1725393324932 80.19893507383493 77
1725393324963 79.47552227845048 78
1725393324993 78.75968705542095 79
1725393325016 78.05134525813855 80
1725393325047 77.35041370737125 81
1725393325074 76.65681017992186 82
1725393325107 75.9704533974222 83
1725393325133 75.29126301525962 84
1725393325161 74.61915961163467 85
1725393325192 73.9540646767489 86
1725393325223 73.29590060212054 87
1725393325253 72.64459067002663 88
1725393325278 72.0000590430704 89
1725393325306 71.36223075387245 90
1725393325326 70.73103169488354 91
1725393325356 70.10638860831858 92
1725393325389 69.48822907620934 93
1725393325418 68.87648151057549 94
1725393325448 68.27107514371164 95
1725393325479 67.67194001858951 96
1725393325507 67.07900697937366 97
1725393325534 66.4922076620498 98
1725393325559 65.91147448516368 99
1725393325583 65.33674064066973 100
1725393325606 64.76794008488811 101
1725393325633 64.20500752956863 102
1725393325662 63.647878433060605 103
1725393325690 63.09648899158685 104
1725393325714 62.55077613062142 105
1725393325741 62.01067749636892 106
1725393325769 61.47613144734477 107
1725393325795 60.94707704605514 108
1725393325820 60.423454050775085 109
1725393325849 59.90520290742417 110
1725393325883 59.39226474153801 111
1725393325916 58.88458135033476 112
1725393325943 58.382095194875404 113
1725393325974 57.88474939231665 114
1725393326006 57.392487708255686 115
1725393326031 56.90525454916506 116
1725393326053 56.42299495491714 117
1725393326078 55.94565459139709 118
1725393326107 55.47317974320262 119
1725393326135 55.00551730643061 120
1725393326161 54.54261478154871 121
1725393326188 54.084420266350755 122
1725393326217 53.63088244899616 123
1725393326251 53.18195060113085 124
1725393326278 52.73757457108978 125
1725393326311 52.297704777179675 126
1725393326342 51.86229220104104 127
1725393326373 51.4312883810885 128
1725393326403 51.004645406028665 129
1725393326435 50.58231590845449 130
1725393326462 50.164253058515264 131
1725393326489 49.75041055766121 132
1725393326514 49.34074263246198 133
1725393326540 48.93520402849811 134
1725393326571 48.53375000432454 135
1725393326603 48.13633632550518 136
1725393326632 47.74291925871819 137
1725393326663 47.3534555659304 138
1725393326694 46.9679024986408 139
1725393326724 46.586217792191555 140
1725393326756 46.20835966014638 141
1725393326787 45.83428678873514 142
1725393326818 45.46395833136381 143
1725393326845 45.09733390318929 144
1725393326872 44.734373575758156 145
1725393326899 44.37503787170836 146
1725393326926 44.01928775953393 147
1725393326957 43.667084648410565 148
1725393326981 43.318390383083 149
1725393327007 42.97316723881191 150
1725393327037 42.63137791638084 151
1725393327079 42.292985537161705 152
1725393327109 41.957953638238386 153
1725393327140 41.62624616758795 154
1725393327170 41.29782747931827 155
1725393327196 40.97266232896205 156
1725393327218 40.650715868826126 157
1725393327241 40.33195364339538 158
1725393327267 40.01634158479092 159
1725393327298 39.703846008281666 160
1725393327326 39.394433607848676 161
1725393327355 39.08807145180179 162
1725393327382 38.78472697844766 163
1725393327411 38.48436799180888 164
1725393327442 38.186962657393536 165
1725393327467 37.892479498014154 166
1725393327496 37.6008873896563 167
1725393327522 37.31215555739533 168
1725393327556 37.02625357136147 169
1725393327584 36.74315134275201 170
1725393327615 36.46281911989071 171
1725393327658 36.18522748433319 172
1725393327684 35.91034734701838 173
1725393327706 35.638149944464885 174
1725393327738 35.36860683501238 175
1725393327768 35.101689895106816 176
1725393327798 34.837371315629476 177
1725393327828 34.575623598269125 178
1725393327859 34.316419551936676 179
1725393327890 34.05973228922192 180
1725393327920 33.80553522289208 181
1725393327954 33.553802062431195 182
1725393327983 33.30450681062026 183
1725393328007 33.05762376015752 184
1725393328036 32.813127490318294 185
1725393328066 32.570992863654254 186
1725393328093 32.33119502273098 187
1725393328123 32.09370938690429 188
1725393328153 31.858511649134005 189
1725393328180 31.625577772835285 190
1725393328207 31.394883988766704 191
1725393328231 31.16640679195502 192
1725393328262 30.940122938655904 193
1725393328293 30.716009443350167 194
1725393328323 30.49404357577539 195
1725393328352 30.27420285799225 196
1725393328384 30.056465061485138 197
1725393328415 29.840808204296927 198
1725393328446 29.627210548197123 199
1725393328472 29.415650595883303 200
1725393328499 29.206107088215262 201
1725393328533 28.99855900148152 202
1725393328563 28.792985544698 203
1725393328593 28.589366156938063 204
1725393328625 28.387680504693968 205
1725393328666 28.187908479269286 206
1725393328695 27.990030194201495 207
1725393328726 27.794025982715198 208
1725393328759 27.599876395204703 209
1725393328787 27.40756219674627 210
1725393328819 27.217064364639484 211
1725393328847 27.02836408597718 212
1725393328874 26.84144275524401 213
1725393328902 26.656281971942978 214
1725393328930 26.47286353824956 215
1725393328956 26.291169456693606 216
1725393328987 26.111181927867996 217
1725393329017 25.932883348164165 218
1725393329045 25.75625630753421 219
1725393329072 25.581283587278897 220
1725393329102 25.407948157861753 221
1725393329143 25.23623317674853 222
1725393329175 25.066121986271877 223
1725393329202 24.897598111521017 224
1725393329231 24.73064525825601 225
1725393329258 24.565247310846456 226
1725393329285 24.401388330234045 227
1725393329314 24.239052551919052 228
1725393329339 24.078224383970262 229
1725393329369 23.91888840505817 230
1725393329399 23.76102936251087 231
1725393329428 23.604632170392996 232
1725393329453 23.449681907606827 233
1725393329481 23.296163816015365 234
1725393329510 23.144063298587785 235
1725393329542 22.99336591756584 236
1725393329570 22.844057392652385 237
1725393329598 22.6961235992201 238
1725393329626 22.549550566542027 239
1725393329651 22.404324476041932 240
1725393329681 22.260431659565622 241
1725393329711 22.117858597671923 242
1725393329743 21.976591917943786 243
1725393329774 21.836618393319103 244
1725393329805 21.697924940440807 245
1725393329832 21.56049861802618 246
1725393329859 21.424326625255187 247
1725393329887 21.28939630017767 248
1725393329914 21.155695118138592 249
1725393329941 21.02321069022236 250
1725393329964 20.89193076171437 251
1725393329990 20.761843210581212 252
1725393330011 20.632936045967934 253
1725393330039 20.50519740671313 254
1725393330063 20.378615559881197 255
1725393330091 20.253178899311468 256
1725393330120 20.128875944184486 257
1725393330152 20.00569533760457 258
1725393330180 19.883625845199315 259
1725393330213 19.762656353734737 260
1725393330242 19.64277586974715 261
1725393330268 19.523973518190285 262
1725393330297 19.406238541098634 263
1725393330327 19.289560296265904 264
1725393330358 19.173928255939042 265
1725393330388 19.05933200552732 266
1725393330418 18.945761242326345 267
1725393330448 18.833205774256893 268
1725393330475 18.721655518618423 269
1725393330498 18.61110050085688 270
1725393330530 18.501530853346967 271
1725393330560 18.392936814188285 272
1725393330588 18.28530872601576 273
1725393330615 18.17863703482325 274
1725393330642 18.07291228880162 275
1725393330668 17.968125137189386 276
1725393330697 17.864266329137326 277
1725393330723 17.76132671258577 278
1725393330743 17.659297233155254 279
1725393330769 17.558168933049622 280
1725393330799 17.45793294997223 281
1725393330825 17.358580516054253 282
1725393330852 17.260102956795627 283
1725393330882 17.162491690018275 284
1725393330909 17.065738224831268 285
1725393330936 16.969834160608013 286
1725393330963 16.874771185975195 287
1725393330989 16.7805410778135 288
1725393331018 16.687135700269852 289
1725393331049 16.594547003780963 290
1725393331078 16.502767024108138 291
1725393331105 16.411787881383432 292
1725393331132 16.321601779166585 293
1725393331163 16.2322010035128 294
1725393331195 16.143577922051655 295
1725393331225 16.05572498307598 296
1725393331255 15.968634714641924 297
1725393331278 15.882299723678925 298
1725393331305 15.796712695110141 299
1725393331335 15.711866390982909 300
1725393331360 15.627753649609256 301
1725393331390 15.544367384716448 302
1725393331417 15.46170058460699 303
1725393331444 15.379746311328608 304
1725393331470 15.298497699853629 305
1725393331497 15.217947957267835 306
1725393331525 15.138090361968626 307
1725393331558 15.058918262872437 308
1725393331587 14.980425078631217 309
1725393331619 14.902604296858037 310
1725393331646 14.825449473361287 311
1725393331673 14.748954231388195 312
1725393331701 14.673112260876424 313
1725393331731 14.597917317714826 314
1725393331760 14.523363223012241 315
1725393331786 14.449443862374878 316
1725393331811 14.376153185192072 317
1725393331839 14.30348520393014 318
1725393331864 14.23143399343415 319
1725393331889 14.159993690238261 320
1725393331914 14.089158491883119 321
1725393331947 14.018922656241948 322
1725393331977 13.949280500853794 323
1725393332009 13.880226402264551 324
1725393332038 13.81175479537564 325
1725393332069 13.743860172800062 326
1725393332099 13.676537084225776 327
1725393332126 13.609780135786497 328
1725393332159 13.543583989439535 329
1725393332186 13.477943362350869 330
1725393332214 13.412853026287177 331
1725393332238 13.348307807015077 332
1725393332265 13.284302583706591 333
1725393332290 13.220832288352256 334
1725393332318 13.15789190518019 335
1725393332345 13.095476470082373 336
1725393332372 13.033581070047036 337
1725393332399 12.972200842597758 338
1725393332426 12.911330975239052 339
1725393332453 12.850966704907934 340
1725393332477 12.79110331743218 341
1725393332504 12.731736146994395 342
1725393332527 12.672860575602344 343
1725393332548 12.614472032565521 344
1725393332572 12.556565993977147 345
1725393332599 12.49913798220277 346
1725393332626 12.44218356537403 347
1725393332655 12.385698356888616 348
1725393332687 12.329678014915807 349
1725393332717 12.274118241907606 350
1725393332744 12.219014784115325 351
1725393332771 12.164363431112006 352
1725393332798 12.110160015319824 353
1725393332826 12.056400411543283 354
1725393332852 12.00308053650749 355
1725393332878 11.95019634840162 356
1725393332903 11.897743846427762 357
1725393332934 11.845719070354775 358
1725393332962 11.79411810007721 359
1725393332989 11.742937055179201 360
1725393333015 11.692172094503487 361
1725393333042 11.64181941572508 362
1725393333067 11.591875254929878 363
1725393333093 11.542335886198085 364
1725393333113 11.493197621192392 365
1725393333141 11.444456808750681 366
1725393333170 11.396109834483292 367
1725393333193 11.348153120375313 368
1725393333222 11.300583124392656 369
1725393333253 11.25339634009321 370
1725393333282 11.206589296242141 371
1725393333311 11.16015855643136 372
1725393333330 11.114100718703732 373
1725393333355 11.068412415181113 374
1725393333381 11.023090311696905 375
1725393333409 10.978131107432466 376
1725393333440 10.933531534557924 377
1725393333469 10.889288357876795 378
1725393333500 10.845398374474833 379
1725393333529 10.80185841337255 380
1725393333559 10.758665335182082 381
1725393333589 10.715816031767451 382
1725393333620 10.673307425909032 383
1725393333649 10.631136470971596 384
1725393333678 10.589300150576062 385
1725393333707 10.547795478275226 386
1725393333733 10.50661949723272 387
1725393333760 10.465769279906038 388
1725393333792 10.425241927732651 389
1725393333820 10.385034570820164 390
1725393333846 10.345144367639472 391
1725393333870 10.305568504721695 392
1725393333898 10.266304196358368 393
1725393333928 10.227348684305092 394
1725393333958 10.188699237488366 395
1725393333991 10.150353151715942 396
1725393334019 10.1123077493901 397
1725393334046 10.07456037922453 398
1725393334073 10.03710841596403 399
1725393334096 9.999949260107567 400
1725393334125 9.963080337634388 401
1725393334155 9.926499099733231 402
1725393334189 9.890203022534367 403
1725393334221 9.85418960684498 404
1725393334248 9.818456377887193 405
1725393334274 9.783000885039256 406
1725393334300 9.747820701579464 407
1725393334327 9.712913424433065 408
1725393334358 9.678276673921886 409
1725393334389 9.643908093516815 410
1725393334418 9.609805349592989 411
1725393334446 9.575966131187885 412
1725393334473 9.542388149761903 413
1725393334500 9.50906913896168 414
1725393334527 9.476006854386108 415
1725393334552 9.443199073354917 416
1725393334579 9.410643594679875 417
1725393334605 9.378338238438367 418
1725393334635 9.346280845749785 419
1725393334665 9.314469278554098 420
1725393334695 9.282901419393191 421
1725393334723 9.251575171194318 422
1725393334750 9.220488457056241 423
1725393334777 9.189639220037597 424
1725393334806 9.15902542294762 425
1725393334832 9.128645048139227 426
1725393334854 9.098496097304407 427
1725393334881 9.068576591271823 428
1725393334909 9.038884569806687 429
1725393334940 9.009418091412945 430
1725393334971 8.980175233137476 431
1725393335003 8.951154090376575 432
1725393335035 8.92235277668459 433
1725393335065 8.893769423584658 434
1725393335095 8.865402180381404 435
1725393335128 8.837249213976028 436
1725393335155 8.809308708683009 437
1725393335183 8.781578866049276 438
1725393335213 8.754057904675005 439
1725393335240 8.726744060036673 440
1725393335268 8.699635584311809 441
1725393335297 8.672730746205955 442
1725393335324 8.646027830781275 443
1725393335349 8.619525139287315 444
1725393335378 8.5932209889933 445
1725393335404 8.567113713022621 446
1725393335432 8.541201660188886 447
1725393335461 8.51548319483396 448
1725393335491 8.489956696667646 449
1725393335522 8.464620560609106 450
1725393335555 8.439473196630384 451
1725393335585 8.41451302960097 452
1725393335612 8.389738499134827 453
1725393335639 8.36514805943852 454
1725393335664 8.340740179161278 455
1725393335694 8.316513341246743 456
1725393335730 8.292466042786057 457
1725393335756 8.268596794872987 458
1725393335786 8.244904122460255 459
1725393335816 8.221386564217612 460
1725393335848 8.19804267239145 461
1725393335879 8.174871012665974 462
1725393335911 8.15187016402582 463
1725393335943 8.129038718620206 464
1725393335972 8.106375281628637 465
1725393336006 8.083878471127921 466
1725393336037 8.061546917960799 467
1725393336074 8.039379265605909 468
1725393336102 8.01737417004922 469
1725393336129 7.995530299656786 470
1725393336155 7.9738463350490205 471
1725393336185 7.952320968976151 472
1725393336213 7.930952906195285 473
1725393336238 7.909740863348545 474
1725393336271 7.888683568842707 475
1725393336303 7.867779762730051 476
1725393336334 7.847028196590617 477
1725393336361 7.826427633415571 478
1725393336388 7.805976847492019 479
1725393336418 7.785674624288904 480
1725393336445 7.765519760344283 481
1725393336470 7.745511063153726 482
1725393336496 7.725647351059993 483
1725393336521 7.705927453143781 484
1725393336547 7.686350209115871 485
1725393336573 7.666914469210208 486
1725393336605 7.647619094078303 487
1725393336632 7.62846295468467 488
1725393336659 7.609444932203469 489
1725393336686 7.5905639179161515 490
1725393336713 7.571818813110452 491
1725393336743 7.553208528980134 492
1725393336769 7.5347319865260936 493
1725393336798 7.5163881164583515 494
1725393336827 7.498175859099206 495
1725393336858 7.4800941642874035 496
1725393336888 7.462141991283315 497
1725393336920 7.4443183086750695 498
1725393336950 7.4266220942859 499
