1725420518438 175.07290432638453 0
1725420518468 175.05448339461947 1
1725420518507 175.03673246148003 2
1725420518537 175.01898347675635 3
1725420518564 175.00123648571997 4
1725420518585 174.98349148813142 5
1725420518620 174.9657484837545 6
1725420518636 174.9480074723531 7
1725420518651 174.930268453691 8
1725420518664 174.91253142753214 9
1725420518679 174.89479639364043 10
1725420518699 174.87706335177984 11
1725420518715 174.85933230171435 12
1725420518732 174.84160324320794 13
1725420518751 174.82387617602464 14
1725420518768 174.80615109992857 15
1725420518785 174.7884280146838 16
1725420518804 174.77070692005447 17
1725420518827 174.75298781580472 18
1725420518854 174.73527070169874 19
1725420518877 174.71755557750072 20
1725420518899 174.69984244297495 21
1725420518924 174.6821312978857 22
1725420518950 174.66442214199722 23
1725420518976 174.6467149750739 24
1725420519005 174.62900979688007 25
1725420519028 174.61130660718015 26
1725420519052 174.5936054057385 27
1725420519074 174.57590619231965 28
1725420519094 174.55820896668803 29
1725420519113 174.5405137286081 30
1725420519131 174.52282047784448 31
1725420519150 174.50512921416168 32
1725420519168 174.48743993732435 33
1725420519187 174.46975264709707 34
1725420519217 174.45206734324447 35
1725420519246 174.43438402553127 36
1725420519270 174.4167026937222 37
1725420519295 174.39902334758193 38
1725420519326 174.38134598687532 39
1725420519342 174.3636706113671 40
1725420519357 174.34599722082208 41
1725420519372 174.3283258150052 42
1725420519387 174.31065639368128 43
1725420519402 174.2929889566153 44
1725420519417 174.27532350357205 45
1725420519431 174.25766003431667 46
1725420519458 174.23999854861412 47
1725420519482 174.2223390462294 48
1725420519508 174.20468152692757 49
1725420519540 174.18702599047376 50
1725420519567 174.16937243663304 51
1725420519586 174.15172086517057 52
1725420519608 174.13407127585154 53
1725420519631 174.11642366844114 54
1725420519648 174.09877804270465 55
1725420519663 174.08113439840727 56
1725420519677 174.06349273531433 57
1725420519695 174.04585305319114 58
1725420519716 174.02821535180303 59
1725420519735 174.01057963091543 60
1725420519757 173.99294589029373 61
1725420519773 173.97531412970335 62
1725420519788 173.95768434890977 63
1725420519803 173.94005654767847 64
1725420519821 173.92243072577503 65
1725420519850 173.90480688296492 66
1725420519877 173.88718501901377 67
1725420519900 173.8695651336872 68
1725420519928 173.85194722675087 69
1725420519955 173.83433129797038 70
1725420520012 173.81671734711148 71
1725420520109 173.79910537393988 72
1725420520146 173.78149537822136 73
1725420520162 173.7638873597217 74
1725420520177 173.7462813182067 75
1725420520193 173.72867725344219 76
1725420520208 173.7110751651941 77
1725420520223 173.69347505322827 78
1725420520238 173.6758769173107 79
1725420520253 173.65828075720728 80
1725420520267 173.64068657268405 81
1725420520283 173.623094363507 82
1725420520298 173.60550412944212 83
1725420520312 173.58791587025564 84
1725420520332 173.57032958571352 85
1725420520346 173.55274527558197 86
1725420520367 173.53516293962716 87
1725420520400 173.51758257761523 88
1725420520427 173.50000418931242 89
1725420520444 173.482427774485 90
1725420520473 173.4648533328992 91
1725420520500 173.4472808643214 92
1725420520520 173.4297103685179 93
1725420520539 173.41214184525506 94
1725420520559 173.39457529429927 95
1725420520586 173.377010715417 96
1725420520610 173.3594481083746 97
1725420520653 173.34188747293865 98
1725420520680 173.32432880887566 99
1725420520705 173.3067721159521 100
1725420520735 173.28921739393456 101
1725420520763 173.27166464258966 102
1725420520789 173.25411386168403 103
1725420520811 173.23656505098435 104
1725420520831 173.2190182102572 105
1725420520851 173.2014733392694 106
1725420520870 173.18393043778764 107
1725420520891 173.1663895055787 108
1725420520908 173.14885054240938 109
1725420520926 173.1313135480465 110
1725420520946 173.11377852225692 111
1725420520965 173.09624546480754 112
1725420520985 173.07871437546524 113
1725420521013 173.06118525399705 114
1725420521040 173.04365810016984 115
1725420521059 173.02613291375062 116
1725420521081 173.0086096945065 117
1725420521100 172.99108844220447 118
1725420521119 172.97356915661163 119
1725420521138 172.95605183749512 120
1725420521156 172.9385364846221 121
1725420521177 172.92102309775967 122
1725420521204 172.9035116766751 123
1725420521232 172.88600222113556 124
1725420521260 172.8684947309084 125
1725420521293 172.85098920576084 126
1725420521317 172.8334856454602 127
1725420521332 172.81598404977387 128
1725420521347 172.7984844184692 129
1725420521361 172.78098675131358 130
1725420521375 172.76349104807446 131
1725420521390 172.7459973085193 132
1725420521404 172.7285055324156 133
1725420521418 172.71101571953085 134
1725420521432 172.69352786963265 135
1725420521454 172.6760419824885 136
1725420521480 172.65855805786612 137
1725420521499 172.64107609553307 138
1725420521514 172.62359609525697 139
1725420521531 172.6061180568056 140
1725420521548 172.58864197994663 141
1725420521562 172.57116786444783 142
1725420521585 172.55369571007694 143
1725420521614 172.53622551660183 144
1725420521646 172.51875728379034 145
1725420521661 172.50129101141025 146
1725420521677 172.48382669922955 147
1725420521694 172.46636434701608 148
1725420521720 172.44890395453785 149
1725420521754 172.4314455215628 150
1725420521785 172.413989047859 151
1725420521818 172.39653453319437 152
1725420521862 172.3790819773371 153
1725420521893 172.36163138005526 154
1725420521926 172.3441827411169 155
1725420521966 172.32673606029022 156
1725420521994 172.30929133734344 157
1725420522028 172.2918485720447 158
1725420522059 172.27440776416228 159
1725420522088 172.2569689134644 160
1725420522142 172.23953201971943 161
1725420522169 172.2220970826956 162
1725420522202 172.2046641021614 163
1725420522235 172.18723307788505 164
1725420522268 172.16980400963507 165
1725420522299 172.1523768971799 166
1725420522329 172.13495174028793 167
1725420522360 172.1175285387277 168
1725420522392 172.10010729226772 169
1725420522421 172.08268800067663 170
1725420522451 172.06527066372288 171
1725420522485 172.04785528117515 172
1725420522518 172.03044185280206 173
1725420522554 172.0130303783723 174
1725420522580 171.9956208576546 175
1725420522612 171.97821329041753 176
1725420522656 171.96080767643005 177
1725420522689 171.94340401546083 178
1725420522722 171.92600230727865 179
1725420522757 171.90860255165245 180
1725420522792 171.89120474835102 181
1725420522823 171.87380889714328 182
1725420522855 171.85641499779814 183
1725420522888 171.83902305008456 184
1725420522925 171.82163305377156 185
1725420522960 171.80424500862816 186
1725420523002 171.7868589144233 187
1725420523033 171.76947477092614 188
1725420523066 171.75209257790576 189
1725420523099 171.73471233513123 190
1725420523132 171.7173340423718 191
1725420523165 171.69995769939658 192
1725420523194 171.6825833059748 193
1725420523227 171.66521086187572 194
1725420523262 171.64784036686856 195
1725420523293 171.63047182072265 196
1725420523324 171.6131052232073 197
1725420523356 171.5957405740919 198
1725420523393 171.57837787314583 199
1725420523424 171.56101712013842 200
1725420523457 171.54365831483926 201
1725420523490 171.52630145701764 202
1725420523523 171.50894654644316 203
1725420523555 171.49159358288534 204
1725420523592 171.47424256611373 205
1725420523620 171.4568934958979 206
1725420523667 171.43954637200744 207
1725420523707 171.42220119421205 208
1725420523740 171.40485796228134 209
1725420523771 171.38751667598504 210
1725420523803 171.37017733509285 211
1725420523851 171.35283993937455 212
1725420523883 171.33550448859987 213
1725420523907 171.31817098253867 214
1725420523936 171.3008394209608 215
1725420523967 171.28350980363606 216
1725420523994 171.2661821303344 217
1725420524027 171.24885640082576 218
1725420524060 171.23153261488005 219
1725420524094 171.21421077226728 220
1725420524123 171.19689087275742 221
1725420524155 171.17957291612055 222
1725420524186 171.16225690212667 223
1725420524225 171.14494283054597 224
1725420524267 171.1276307011485 225
1725420524308 171.11032051370447 226
1725420524342 171.09301226798402 227
1725420524375 171.07570596375734 228
1725420524406 171.0584016007947 229
1725420524435 171.04109917886635 230
1725420524473 171.0237986977426 231
1725420524512 171.00650015719376 232
1725420524538 170.98920355699016 233
1725420524570 170.97190889690225 234
1725420524602 170.95461617670037 235
1725420524628 170.93732539615496 236
1725420524658 170.92003655503652 237
1725420524695 170.90274965311554 238
1725420524727 170.88546469016248 239
1725420524758 170.86818166594793 240
1725420524790 170.8509005802425 241
1725420524823 170.83362143281673 242
1725420524859 170.8163442234413 243
1725420524891 170.79906895188688 244
1725420524924 170.78179561792416 245
1725420524958 170.7645242213238 246
1725420524988 170.7472547618566 247
1725420525019 170.72998723929334 248
1725420525051 170.71272165340483 249
1725420525079 170.69545800396185 250
1725420525106 170.67819629073531 251
1725420525138 170.6609365134961 252
1725420525169 170.64367867201508 253
1725420525198 170.62642276606329 254
1725420525230 170.60916879541165 255
1725420525263 170.59191675983112 256
1725420525296 170.57466665909283 257
1725420525328 170.55741849296774 258
1725420525363 170.540172261227 259
1725420525394 170.52292796364173 260
1725420525423 170.50568559998305 261
1725420525454 170.48844517002217 262
1725420525487 170.47120667353022 263
1725420525516 170.45397011027848 264
1725420525553 170.43673548003818 265
1725420525586 170.41950278258065 266
1725420525619 170.40227201767718 267
1725420525656 170.38504318509908 268
1725420525700 170.36781628461776 269
1725420525732 170.35059131600462 270
1725420525763 170.33336827903108 271
1725420525795 170.3161471734686 272
1725420525835 170.29892799908862 273
1725420525868 170.28171075566274 274
1725420525901 170.2644954429624 275
1725420525935 170.24728206075926 276
1725420525968 170.2300706088249 277
1725420526001 170.21286108693087 278
1725420526033 170.19565349484887 279
1725420526065 170.17844783235063 280
1725420526098 170.16124409920775 281
1725420526128 170.1440422951921 282
1725420526162 170.12684242007535 283
1725420526193 170.10964447362932 284
1725420526226 170.09244845562583 285
1725420526257 170.07525436583677 286
1725420526291 170.05806220403394 287
1725420526324 170.04087196998933 288
1725420526359 170.02368366347486 289
1725420526392 170.00649728426242 290
1725420526423 169.9893128321241 291
1725420526456 169.97213030683187 292
1725420526488 169.95494970815778 293
1725420526520 169.93777103587388 294
1725420526554 169.92059428975236 295
1725420526593 169.90341946956528 296
1725420526624 169.8862465750848 297
1725420526647 169.8690756060832 298
1725420526679 169.85190656233254 299
1725420526729 169.8347394436052 300
1725420526765 169.8175742496734 301
1725420526799 169.80041098030947 302
1725420526830 169.78324963528567 303
1725420526859 169.76609021437446 304
1725420526894 169.7489327173481 305
1725420526924 169.73177714397914 306
1725420526963 169.71462349403998 307
1725420527002 169.69747176730303 308
1725420527029 169.68032196354085 309
1725420527055 169.66317408252596 310
1725420527078 169.64602812403086 311
1725420527095 169.6288840878282 312
1725420527109 169.6117419736906 313
1725420527123 169.59460178139062 314
1725420527138 169.577463510701 315
1725420527152 169.56032716139438 316
1725420527166 169.54319273324356 317
1725420527185 169.52606022602126 318
1725420527199 169.50892963950017 319
1725420527226 169.49180097345325 320
1725420527244 169.47467422765325 321
1725420527269 169.45754940187302 322
1725420527305 169.4404264958855 323
1725420527328 169.4233055094636 324
1725420527352 169.40618644238023 325
1725420527370 169.3890692944084 326
1725420527387 169.37195406532112 327
1725420527407 169.3548407548914 328
1725420527424 169.33772936289233 329
1725420527443 169.32061988909697 330
1725420527462 169.30351233327846 331
1725420527489 169.2864066952099 332
1725420527518 169.26930297466453 333
1725420527546 169.25220117141552 334
1725420527573 169.23510128523614 335
1725420527596 169.21800331589952 336
1725420527621 169.2009072631791 337
1725420527646 169.1838131268481 338
1725420527668 169.16672090667984 339
1725420527697 169.1496306024478 340
1725420527728 169.13254221392523 341
1725420527756 169.11545574088572 342
1725420527784 169.09837118310259 343
1725420527813 169.08128854034942 344
1725420527844 169.06420781239967 345
1725420527873 169.04712899902682 346
1725420527903 169.03005210000453 347
1725420527939 169.01297711510634 348
1725420527965 168.9959040441059 349
1725420527985 168.97883288677687 350
1725420528002 168.9617636428929 351
1725420528022 168.94469631222765 352
1725420528041 168.92763089455497 353
1725420528061 168.9105673896485 354
1725420528080 168.89350579728213 355
1725420528108 168.8764461172296 356
1725420528129 168.85938834926478 357
1725420528148 168.84233249316156 358
1725420528166 168.82527854869386 359
1725420528185 168.8082265156355 360
1725420528205 168.79117639376062 361
1725420528230 168.77412818284304 362
1725420528263 168.75708188265685 363
1725420528298 168.74003749297603 364
1725420528318 168.72299501357475 365
1725420528345 168.70595444422702 366
1725420528365 168.68891578470698 367
1725420528380 168.67187903478882 368
1725420528394 168.65484419424672 369
1725420528408 168.63781126285483 370
1725420528422 168.62078024038743 371
1725420528437 168.6037511266188 372
1725420528452 168.58672392132317 373
1725420528477 168.5696986242749 374
1725420528496 168.55267523524836 375
1725420528525 168.5356537540179 376
1725420528555 168.51863418035788 377
1725420528578 168.5016165140428 378
1725420528612 168.48460075484712 379
1725420528642 168.46758690254524 380
1725420528668 168.4505749569118 381
1725420528700 168.43356491772124 382
1725420528731 168.4165567847482 383
1725420528746 168.39955055776724 384
1725420528761 168.38254623655297 385
1725420528776 168.36554382088008 386
1725420528795 168.34854331052327 387
1725420528814 168.3315447052572 388
1725420528828 168.31454800485662 389
1725420528858 168.29755320909632 390
1725420528881 168.28056031775105 391
1725420528900 168.26356933059566 392
1725420528919 168.24658024740506 393
1725420528937 168.22959306795403 394
1725420528957 168.21260779201748 395
1725420528985 168.1956244193704 396
1725420529009 168.17864294978776 397
1725420529034 168.16166338304447 398
1725420529063 168.14468571891558 399
1725420529094 168.12770995717617 400
1725420529128 168.11073609760126 401
1725420529151 168.093764139966 402
1725420529171 168.07679408404547 403
1725420529190 168.05982592961485 404
1725420529209 168.0428596764493 405
1725420529236 168.02589532432407 406
1725420529261 168.00893287301437 407
1725420529286 167.99197232229548 408
1725420529312 167.9750136719427 409
1725420529340 167.9580569217313 410
1725420529369 167.9411020714367 411
1725420529393 167.92414912083424 412
1725420529419 167.90719806969935 413
1725420529441 167.8902489178074 414
1725420529464 167.87330166493393 415
1725420529491 167.85635631085438 416
1725420529524 167.83941285534428 417
1725420529545 167.82247129817915 418
1725420529569 167.8055316391346 419
1725420529592 167.78859387798627 420
1725420529612 167.77165801450965 421
1725420529631 167.75472404848048 422
1725420529650 167.73779197967448 423
1725420529668 167.72086180786732 424
1725420529688 167.7039335328347 425
1725420529707 167.68700715435241 426
1725420529743 167.6700826721963 427
1725420529768 167.65316008614212 428
1725420529791 167.63623939596573 429
1725420529818 167.61932060144304 430
1725420529842 167.60240370234987 431
1725420529861 167.58548869846229 432
1725420529881 167.56857558955613 433
1725420529901 167.55166437540748 434
1725420529921 167.53475505579226 435
1725420529942 167.51784763048659 436
1725420529960 167.50094209926652 437
1725420529985 167.4840384619081 438
1725420530015 167.46713671818753 439
1725420530041 167.45023686788088 440
1725420530066 167.4333389107644 441
1725420530092 167.41644284661427 442
1725420530115 167.39954867520674 443
1725420530137 167.38265639631803 444
1725420530157 167.3657660097245 445
1725420530177 167.34887751520242 446
1725420530198 167.33199091252814 447
1725420530220 167.31510620147805 448
1725420530247 167.29822338182854 449
1725420530276 167.28134245335605 450
1725420530299 167.26446341583704 451
1725420530327 167.24758626904799 452
1725420530355 167.2307110127654 453
1725420530374 167.21383764676585 454
1725420530394 167.19696617082582 455
1725420530413 167.18009658472198 456
1725420530433 167.16322888823095 457
1725420530452 167.14636308112935 458
1725420530472 167.12949916319388 459
1725420530497 167.11263713420124 460
1725420530517 167.09577699392815 461
1725420530545 167.07891874215142 462
1725420530579 167.06206237864777 463
1725420530607 167.045207903194 464
1725420530628 167.02835531556704 465
1725420530649 167.01150461554374 466
1725420530668 166.99465580290095 467
1725420530688 166.97780887741564 468
1725420530718 166.96096383886476 469
1725420530754 166.94412068702528 470
1725420530781 166.92727942167417 471
1725420530809 166.9104400425885 472
1725420530834 166.89360254954534 473
1725420530861 166.87676694232184 474
1725420530888 166.859933220695 475
1725420530920 166.84310138444204 476
1725420530948 166.82627143334014 477
1725420530973 166.80944336716644 478
1725420531001 166.79261718569825 479
1725420531027 166.77579288871274 480
1725420531059 166.75897047598727 481
1725420531082 166.74214994729914 482
1725420531112 166.72533130242562 483
1725420531145 166.70851454114415 484
1725420531170 166.69169966323207 485
1725420531204 166.67488666846688 486
1725420531234 166.658075556626 487
1725420531259 166.64126632748682 488
1725420531281 166.62445898082694 489
1725420531307 166.60765351642385 490
1725420531333 166.59084993405514 491
1725420531357 166.5740482334984 492
1725420531371 166.5572484145312 493
1725420531386 166.54045047693114 494
1725420531400 166.52365442047605 495
1725420531415 166.50686024494348 496
1725420531429 166.4900679501112 497
1725420531444 166.473277535757 498
1725420531461 166.45648900165855 499
