1725362660266 169.15949537300654 0
1725362660290 169.12550998883992 1
1725362660317 169.0915321511732 2
1725362660340 169.05756185824947 3
1725362660366 169.02359910831217 4
1725362660392 168.98964389960517 5
1725362660419 168.95569623037287 6
1725362660439 168.9217560988599 7
1725362660470 168.88782350331147 8
1725362660492 168.8538984419732 9
1725362660517 168.819980913091 10
1725362660540 168.7860709149114 11
1725362660574 168.75216844568118 12
1725362660598 168.71827350364765 13
1725362660622 168.68438608705847 14
1725362660646 168.65050619416178 15
1725362660674 168.61663382320614 16
1725362660699 168.58276897244045 17
1725362660726 168.5489116401142 18
1725362660749 168.51506182447707 19
1725362660775 168.48121952377937 20
1725362660799 168.44738473627174 21
1725362660822 168.41355746020517 22
1725362660845 168.37973769383123 23
1725362660869 168.34592543540182 24
1725362660892 168.31212068316927 25
1725362660914 168.27832343538628 26
1725362660938 168.2445336903061 27
1725362660964 168.21075144618231 28
1725362660988 168.1769767012689 29
1725362661011 168.1432094538203 30
1725362661035 168.10944970209138 31
1725362661058 168.07569744433744 32
1725362661081 168.0419526788141 33
1725362661102 168.0082154037776 34
1725362661123 167.97448561748436 35
1725362661146 167.94076331819144 36
1725362661167 167.9070485041561 37
1725362661190 167.87334117363628 38
1725362661208 167.83964132489007 39
1725362661229 167.80594895617614 40
1725362661250 167.77226406575357 41
1725362661279 167.73858665188183 42
1725362661305 167.70491671282082 43
1725362661330 167.67125424683078 44
1725362661353 167.63759925217255 45
1725362661376 167.60395172710722 46
1725362661398 167.57031166989634 47
1725362661420 167.53667907880197 48
1725362661455 167.50305395208645 49
1725362661578 167.46943628801264 50
1725362661614 167.43582608484377 51
1725362661654 167.4022233408435 52
1725362661671 167.36862805427592 53
1725362661694 167.33504022340549 54
1725362661717 167.30145984649718 55
1725362661739 167.2678869218163 56
1725362661762 167.23432144762862 57
1725362661792 167.20076342220025 58
1725362661816 167.1672128437978 59
1725362661839 167.13366971068837 60
1725362661861 167.10013402113924 61
1725362661885 167.0666057734183 62
1725362661908 167.03308496579385 63
1725362661932 166.99957159653448 64
1725362661954 166.9660656639094 65
1725362661979 166.932567166188 66
1725362662003 166.89907610164022 67
1725362662034 166.86559246853642 68
1725362662056 166.83211626514742 69
1725362662085 166.79864748974427 70
1725362662106 166.76518614059864 71
1725362662129 166.73173221598253 72
1725362662151 166.69828571416835 73
1725362662172 166.66484663342888 74
1725362662196 166.63141497203748 75
1725362662223 166.59799072826775 76
1725362662253 166.56457390039373 77
1725362662278 166.53116448669005 78
1725362662299 166.49776248543148 79
1725362662323 166.46436789489348 80
1725362662348 166.4309807133517 81
1725362662371 166.39760093908234 82
1725362662393 166.36422857036197 83
1725362662416 166.3308636054676 84
1725362662439 166.2975060426766 85
1725362662466 166.26415588026683 86
1725362662489 166.23081311651646 87
1725362662512 166.1974777497042 88
1725362662539 166.1641497781091 89
1725362662567 166.13082920001065 90
1725362662601 166.09751601368868 91
1725362662624 166.06421021742358 92
1725362662647 166.03091180949602 93
1725362662670 165.99762078818716 94
1725362662693 165.9643371517785 95
1725362662718 165.93106089855203 96
1725362662740 165.8977920267902 97
1725362662761 165.86453053477567 98
1725362662782 165.83127642079168 99
1725362662800 165.7980296831219 100
1725362662824 165.7647903200503 101
1725362662850 165.73155832986137 102
1725362662872 165.69833371083996 103
1725362662897 165.66511646127125 104
1725362662922 165.63190657944102 105
1725362662950 165.5987040636354 106
1725362662972 165.56550891214076 107
1725362662993 165.5323211232441 108
1725362663015 165.4991406952327 109
1725362663040 165.46596762639436 110
1725362663068 165.43280191501722 111
1725362663088 165.3996435593898 112
1725362663108 165.36649255780117 113
1725362663129 165.33334890854064 114
1725362663155 165.30021260989804 115
1725362663181 165.2670836601636 116
1725362663206 165.2339620576279 117
1725362663228 165.200847800582 118
1725362663256 165.1677408873174 119
1725362663282 165.1346413161259 120
1725362663306 165.10154908529978 121
1725362663334 165.0684641931317 122
1725362663357 165.03538663791483 123
1725362663381 165.00231641794255 124
1725362663405 164.96925353150888 125
1725362663436 164.9361979769081 126
1725362663458 164.90314975243498 127
1725362663484 164.87010885638463 128
1725362663505 164.8370752870526 129
1725362663528 164.8040490427349 130
1725362663554 164.77103012172785 131
1725362663572 164.73801852232825 132
1725362663603 164.70501424283339 133
1725362663622 164.67201728154072 134
1725362663644 164.63902763674835 135
1725362663666 164.6060453067547 136
1725362663688 164.57307028985858 137
1725362663711 164.54010258435926 138
1725362663740 164.50714218855634 139
1725362663767 164.47418910074995 140
1725362663790 164.44124331924058 141
1725362663811 164.40830484232902 142
1725362663838 164.3753736683166 143
1725362663864 164.34244979550505 144
1725362663888 164.3095332221964 145
1725362663910 164.27662394669323 146
1725362663934 164.24372196729848 147
1725362663957 164.21082728231545 148
1725362663982 164.17793989004784 149
1725362664005 164.1450597887999 150
1725362664029 164.1121869768761 151
1725362664052 164.07932145258144 152
1725362664074 164.04646321422123 153
1725362664098 164.01361226010135 154
1725362664122 163.98076858852798 155
1725362664149 163.94793219780763 156
1725362664168 163.9151030862474 157
1725362664191 163.8822812521546 158
1725362664212 163.84946669383717 159
1725362664234 163.8166594096032 160
1725362664255 163.78385939776143 161
1725362664280 163.75106665662085 162
1725362664303 163.7182811844909 163
1725362664332 163.68550297968144 164
1725362664358 163.65273204050277 165
1725362664381 163.61996836526552 166
1725362664399 163.58721195228077 167
1725362664425 163.55446279985998 168
1725362664447 163.52172090631504 169
1725362664470 163.48898626995825 170
1725362664493 163.45625888910232 171
1725362664522 163.42353876206036 172
1725362664552 163.39082588714584 173
1725362664572 163.3581202626727 174
1725362664605 163.32542188695524 175
1725362664631 163.2927307583082 176
1725362664655 163.26004687504675 177
1725362664676 163.22737023548638 178
1725362664694 163.19470083794303 179
1725362664715 163.16203868073305 180
1725362664736 163.12938376217318 181
1725362664766 163.09673608058065 182
1725362664789 163.06409563427292 183
1725362664812 163.03146242156805 184
1725362664840 162.99883644078434 185
1725362664865 162.96621769024063 186
1725362664890 162.933606168256 187
1725362664915 162.90100187315016 188
1725362664939 162.868404803243 189
1725362664963 162.835814956855 190
1725362664987 162.80323233230686 191
1725362665011 162.77065692791984 192
1725362665035 162.73808874201555 193
1725362665057 162.70552777291596 194
1725362665080 162.67297401894353 195
1725362665105 162.64042747842103 196
1725362665128 162.60788814967168 197
1725362665153 162.5753560310192 198
1725362665172 162.54283112078747 199
1725362665200 162.510313417301 200
1725362665222 162.47780291888463 201
1725362665250 162.44529962386358 202
1725362665273 162.41280353056342 203
1725362665296 162.3803146373103 204
1725362665319 162.3478329424306 205
1725362665341 162.31535844425122 206
1725362665366 162.28289114109933 207
1725362665384 162.25043103130264 208
1725362665404 162.21797811318916 209
1725362665427 162.18553238508738 210
1725362665449 162.15309384532617 211
1725362665475 162.12066249223471 212
1725362665499 162.08823832414276 213
1725362665522 162.05582133938032 214
1725362665546 162.02341153627785 215
1725362665571 161.99100891316627 216
1725362665599 161.95861346837683 217
1725362665631 161.92622520024116 218
1725362665656 161.8938441070913 219
1725362665682 161.86147018725984 220
1725362665704 161.82910343907955 221
1725362665729 161.79674386088374 222
1725362665755 161.7643914510061 223
1725362665783 161.73204620778066 224
1725362665807 161.69970812954193 225
1725362665829 161.66737721462476 226
1725362665853 161.63505346136446 227
1725362665877 161.60273686809666 228
1725362665899 161.57042743315748 229
1725362665922 161.53812515488337 230
1725362665946 161.50583003161125 231
1725362665970 161.47354206167833 232
1725362665992 161.44126124342233 233
1725362666015 161.40898757518133 234
1725362666038 161.37672105529376 235
1725362666061 161.34446168209854 236
1725362666085 161.31220945393494 237
1725362666107 161.27996436914262 238
1725362666133 161.2477264260617 239
1725362666157 161.21549562303255 240
1725362666184 161.18327195839612 241
1725362666205 161.15105543049367 242
1725362666237 161.11884603766686 243
1725362666267 161.08664377825778 244
1725362666289 161.05444865060883 245
1725362666310 161.022260653063 246
1725362666332 160.99007978396344 247
1725362666354 160.95790604165384 248
1725362666375 160.9257394244783 249
1725362666402 160.89357993078121 250
1725362666425 160.86142755890748 251
1725362666451 160.82928230720236 252
1725362666474 160.79714417401152 253
1725362666497 160.76501315768095 254
1725362666519 160.73288925655714 255
1725362666541 160.70077246898694 256
1725362666565 160.66866279331757 257
1725362666588 160.63656022789667 258
1725362666611 160.60446477107232 259
1725362666645 160.57237642119293 260
1725362666668 160.54029517660732 261
1725362666692 160.50822103566466 262
1725362666715 160.4761539967147 263
1725362666738 160.4440940581074 264
1725362666767 160.4120412181932 265
1725362666790 160.3799954753229 266
1725362666813 160.34795682784767 267
1725362666840 160.31592527411917 268
1725362666867 160.28390081248938 269
1725362666888 160.25188344131075 270
1725362666911 160.21987315893605 271
1725362666939 160.18786996371844 272
1725362666964 160.1558738540116 273
1725362666987 160.12388482816937 274
1725362667009 160.09190288454624 275
1725362667033 160.05992802149694 276
1725362667055 160.0279602373767 277
1725362667078 159.99599953054104 278
1725362667102 159.96404589934593 279
1725362667121 159.93209934214772 280
1725362667142 159.90015985730315 281
1725362667165 159.86822744316945 282
1725362667188 159.83630209810403 283
1725362667209 159.80438382046498 284
1725362667232 159.77247260861049 285
1725362667255 159.74056846089937 286
1725362667280 159.70867137569073 287
1725362667303 159.67678135134403 288
1725362667324 159.64489838621927 289
1725362667348 159.6130224786767 290
1725362667372 159.58115362707701 291
1725362667398 159.54929182978137 292
1725362667421 159.51743708515116 293
1725362667450 159.48558939154827 294
1725362667474 159.45374874733508 295
1725362667495 159.4219151508742 296
1725362667518 159.39008860052863 297
1725362667540 159.3582690946619 298
1725362667563 159.32645663163785 299
1725362667585 159.2946512098207 300
1725362667605 159.26285282757507 301
1725362667638 159.23106148326605 302
1725362667663 159.199277175259 303
1725362667682 159.16749990191974 304
1725362667706 159.1357296616145 305
1725362667732 159.10396645270987 306
1725362667755 159.07221027357284 307
1725362667775 159.04046112257083 308
1725362667799 159.00871899807152 309
1725362667822 158.97698389844317 310
1725362667845 158.9452558220543 311
1725362667875 158.91353476727386 312
1725362667901 158.8818207324712 313
1725362667923 158.8501137160161 314
1725362667946 158.8184137162786 315
1725362667964 158.78672073162932 316
1725362667986 158.75503476043912 317
1725362668009 158.7233558010793 318
1725362668031 158.69168385192157 319
1725362668053 158.66001891133797 320
1725362668076 158.62836097770105 321
1725362668100 158.59671004938363 322
1725362668126 158.565066124759 323
1725362668149 158.53342920220078 324
1725362668172 158.50179928008302 325
1725362668191 158.47017635678017 326
1725362668216 158.43856043066702 327
1725362668239 158.40695150011882 328
1725362668265 158.37534956351112 329
1725362668290 158.34375461922002 330
1725362668314 158.3121666656218 331
1725362668338 158.2805857010932 332
1725362668359 158.24901172401155 333
1725362668382 158.21744473275425 334
1725362668406 158.18588472569928 335
1725362668436 158.15433170122506 336
1725362668467 158.1227856577102 337
1725362668497 158.09124659353387 338
1725362668523 158.05971450707557 339
1725362668548 158.02818939671516 340
1725362668571 157.99667126083295 341
1725362668596 157.96516009780962 342
1725362668622 157.9336559060262 343
1725362668659 157.90215868386414 344
1725362668681 157.87066842970532 345
1725362668709 157.83918514193192 346
1725362668734 157.80770881892659 347
1725362668755 157.7762394590723 348
1725362668780 157.74477706075243 349
1725362668797 157.7133216223508 350
1725362668816 157.6818731422516 351
1725362668841 157.65043161883932 352
1725362668864 157.61899705049893 353
1725362668888 157.58756943561576 354
1725362668909 157.55614877257557 355
1725362668932 157.5247350597644 356
1725362668955 157.49332829556883 357
1725362668978 157.46192847837568 358
1725362669004 157.4305356065722 359
1725362669026 157.39914967854614 360
1725362669049 157.36777069268547 361
1725362669075 157.33639864737864 362
1725362669098 157.3050335410145 363
1725362669121 157.27367537198222 364
1725362669148 157.24232413867142 365
1725362669172 157.2109798394721 366
1725362669197 157.17964247277456 367
1725362669222 157.14831203696963 368
1725362669244 157.11698853044837 369
1725362669267 157.0856719516024 370
1725362669290 157.05436229882358 371
1725362669311 157.0230595705042 372
1725362669335 156.99176376503698 373
1725362669358 156.960474880815 374
1725362669385 156.9291929162317 375
1725362669409 156.8979178696809 376
1725362669432 156.86664973955686 377
1725362669455 156.8353885242542 378
1725362669478 156.8041342221679 379
1725362669502 156.77288683169337 380
1725362669524 156.74164635122636 381
1725362669548 156.7104127791631 382
1725362669570 156.67918611390007 383
1725362669593 156.64796635383416 384
1725362669616 156.61675349736277 385
1725362669639 156.58554754288355 386
1725362669665 156.55434848879457 387
1725362669690 156.5231563334943 388
1725362669716 156.49197107538168 389
1725362669748 156.46079271285586 390
1725362669771 156.42962124431648 391
1725362669835 156.39845666816353 392
1725362669862 156.36729898279745 393
1725362669887 156.33614818661897 394
1725362669912 156.3050042780293 395
1725362669941 156.27386725542993 396
1725362669966 156.24273711722276 397
1725362669992 156.21161386181024 398
1725362670014 156.1804974875949 399
1725362670038 156.1493879929799 400
1725362670062 156.11828537636868 401
1725362670086 156.08718963616514 402
1725362670110 156.05610077077347 403
1725362670137 156.02501877859822 404
1725362670162 155.9939436580445 405
1725362670191 155.96287540751757 406
1725362670214 155.9318140254233 407
1725362670240 155.90075951016775 408
1725362670261 155.8697118601575 409
1725362670281 155.83867107379945 410
1725362670305 155.80763714950086 411
1725362670328 155.7766100856694 412
1725362670351 155.74558988071323 413
1725362670382 155.71457653304068 414
1725362670405 155.68357004106056 415
1725362670433 155.65257040318215 416
1725362670455 155.62157761781503 417
1725362670481 155.5905916833691 418
1725362670502 155.55961259825474 419
1725362670522 155.5286403608827 420
1725362670544 155.49767496966408 421
1725362670566 155.46671642301038 422
1725362670588 155.43576471933346 423
1725362670611 155.40481985704562 424
1725362670632 155.37388183455943 425
1725362670663 155.34295065028792 426
1725362670688 155.31202630264457 427
1725362670723 155.28110879004305 428
1725362670748 155.25019811089763 429
1725362670771 155.21929426362274 430
1725362670794 155.18839724663337 431
1725362670817 155.15750705834486 432
1725362670840 155.12662369717282 433
1725362670864 155.09574716153335 434
1725362670888 155.06487744984287 435
1725362670911 155.03401456051827 436
1725362670941 155.0031584919767 437
1725362670967 154.97230924263573 438
1725362670990 154.94146681091334 439
1725362671018 154.91063119522792 440
1725362671041 154.87980239399818 441
1725362671066 154.84898040564318 442
1725362671089 154.81816522858242 443
1725362671116 154.7873568612358 444
1725362671143 154.75655530202351 445
1725362671167 154.72576054936624 446
1725362671189 154.69497260168492 447
1725362671209 154.664191457401 448
1725362671233 154.63341711493615 449
1725362671256 154.6026495727126 450
1725362671279 154.5718888291528 451
1725362671305 154.54113488267967 452
1725362671336 154.5103877317165 453
1725362671356 154.47964737468698 454
1725362671381 154.44891381001506 455
1725362671401 154.41818703612518 456
1725362671422 154.3874670514421 457
1725362671447 154.35675385439103 458
1725362671470 154.32604744339753 459
1725362671497 154.2953478168875 460
1725362671532 154.2646549732872 461
1725362671555 154.23396891102337 462
1725362671583 154.203289628523 463
1725362671602 154.17261712421364 464
1725362671624 154.14195139652296 465
1725362671648 154.11129244387925 466
1725362671681 154.080640264711 467
1725362671703 154.0499948574472 468
1725362671725 154.01935622051712 469
1725362671751 153.98872435235057 470
1725362671773 153.9580992513775 471
1725362671795 153.9274809160284 472
1725362671822 153.8968693447341 473
1725362671846 153.86626453592586 474
1725362671870 153.8356664880352 475
1725362671891 153.80507519949407 476
1725362671915 153.7744906687348 477
1725362671939 153.7439128941902 478
1725362671964 153.7133418742932 479
1725362671986 153.68277760747733 480
1725362672011 153.6522200921765 481
1725362672032 153.62166932682482 482
1725362672055 153.5911253098569 483
1725362672087 153.56058803970777 484
1725362672106 153.53005751481268 485
1725362672132 153.49953373360742 486
1725362672158 153.46901669452808 487
1725362672181 153.43850639601104 488
1725362672202 153.40800283649324 489
1725362672227 153.37750601441186 490
1725362672249 153.34701592820448 491
1725362672275 153.31653257630913 492
1725362672299 153.28605595716402 493
1725362672319 153.25558606920802 494
1725362672342 153.22512291088012 495
1725362672365 153.19466648061984 496
1725362672386 153.16421677686702 497
1725362672407 153.1337737980618 498
1725362672432 153.10333754264485 499
