1725390692869 32.7541723230532 0
1725390692887 6.711351976804559 1
1725390692901 2.035568017681275 2
1725390692915 0.8503776638028149 3
1725390692929 0.7472927619675255 4
1725390692945 0.537682604852241 5
1725390692967 0.4295859552963422 6
1725390692988 0.5624095990396568 7
1725390693001 0.5743729788875097 8
1725390693013 0.6529727034894444 9
1725390693029 0.5047142771826031 10
1725390693047 0.4564008074291636 11
1725390693060 0.5984073623012615 12
1725390693072 0.46003025635164163 13
1725390693096 0.5257514636865973 14
1725390693121 0.5692409706694798 15
1725390693141 0.5864427036738531 16
1725390693161 0.4656895190309463 17
1725390693187 0.5584155083735723 18
1725390693208 0.5744229194390731 19
1725390693222 0.5917525596305548 20
1725390693236 0.4783834282034338 21
1725390693249 0.6677264703406364 22
1725390693270 0.5404776067079735 23
1725390693288 0.629333861397916 24
1725390693305 0.4624558363466809 25
1725390693322 0.5872687099193956 26
1725390693339 0.6132126028549469 27
1725390693358 0.4945867052747697 28
1725390693375 0.5928590399479522 29
1725390693397 0.5291838101392083 30
1725390693418 0.6478889968354904 31
1725390693437 0.4938866167222263 32
1725390693458 0.5577388057373844 33
1725390693483 0.6119846985458781 34
1725390693510 0.5247206710967084 35
1725390693531 0.45389497541052465 36
1725390693554 0.5222675528655524 37
1725390693579 0.5107272194856852 38
1725390693603 0.5784610298192611 39
1725390693631 0.5430130963518169 40
1725390693660 0.507197289561691 41
1725390693687 0.611244721969035 42
1725390693715 0.574129121139586 43
1725390693756 0.599650167381866 44
1725390693806 0.4598275652725523 45
1725390693845 0.626475833172786 46
1725390693882 0.6181154787266856 47
1725390693910 0.4369279094376667 48
1725390693936 0.5850534134819002 49
1725390693957 0.3902682929285843 50
1725390693992 0.4706943606838339 51
1725390694015 0.5448366459806485 52
1725390694035 0.46741156550315627 53
1725390694054 0.6522700833033739 54
1725390694075 0.5683446450677049 55
1725390694091 0.4813774362900633 56
1725390694105 0.6985321321651635 57
1725390694118 0.6047680341310142 58
1725390694130 0.6566340860846819 59
1725390694143 0.5412559646856308 60
1725390694154 0.5546042309818789 61
1725390694168 0.4558713856021093 62
1725390694181 0.5724952733559963 63
1725390694194 0.6013276319978209 64
1725390694212 0.46145124155749406 65
1725390694239 0.639455797898904 66
1725390694264 0.4763843321847908 67
1725390694291 0.517076504127972 68
1725390694316 0.5643297897844007 69
1725390694334 0.5490528038213858 70
1725390694350 0.5467795478314365 71
1725390694367 0.42477036151694253 72
1725390694381 0.6726964849216074 73
1725390694393 0.4625924913342177 74
1725390694405 0.6183552983500245 75
1725390694417 0.5897887025882779 76
1725390694429 0.5586921377856131 77
1725390694441 0.44949784370935203 78
1725390694458 0.45546858922183 79
1725390694476 0.5354871479043534 80
1725390694500 0.5703012789283692 81
1725390694526 0.43925452159986494 82
1725390694550 0.6583982138231265 83
1725390694574 0.6063430233029029 84
1725390694590 0.4356100374104359 85
1725390694608 0.5626885302277145 86
1725390694623 0.6424058374754745 87
1725390694640 0.5938048621043077 88
1725390694658 0.4562717483669385 89
1725390694676 0.49996461785389584 90
1725390694693 0.4811528914128432 91
1725390694712 0.5120638871354389 92
1725390694731 0.5466147252617846 93
1725390694755 0.442650708499431 94
1725390694779 0.588221073534044 95
1725390694809 0.44418580465408986 96
1725390694831 0.4305134925308162 97
1725390694854 0.4569355698090216 98
1725390694932 0.6142359023822518 99
1725390694964 0.533470337824933 100
1725390694989 0.5867586439321691 101
1725390695026 0.5058094631599686 102
1725390695048 0.5000278381646353 103
1725390695070 0.6422895678012938 104
1725390695094 0.45927549081301067 105
1725390695120 0.5936312749785292 106
1725390695143 0.43047726476269293 107
1725390695172 0.4626426960423173 108
1725390695200 0.6339219414512217 109
1725390695214 0.4743943335016058 110
1725390695228 0.522102519166467 111
1725390695242 0.608460203389404 112
1725390695255 0.5374272620710703 113
1725390695267 0.6295405427147887 114
1725390695280 0.5359439722660977 115
1725390695292 0.539938913468753 116
1725390695303 0.5581297211544153 117
1725390695315 0.5215851906545518 118
1725390695333 0.5543788742950191 119
1725390695355 0.6656122105561704 120
1725390695381 0.47521920604285783 121
1725390695397 0.5612874015601255 122
1725390695421 0.4923641868320936 123
1725390695444 0.6151143784146297 124
1725390695465 0.5818382006608246 125
1725390695490 0.5557793757334868 126
1725390695515 0.47730525781151534 127
1725390695535 0.6476892825228665 128
1725390695559 0.4975492321250428 129
1725390695581 0.47338870960932283 130
1725390695599 0.6023163660459513 131
1725390695616 0.5519006076124555 132
1725390695633 0.450480259234626 133
1725390695651 0.5064923430984796 134
1725390695667 0.4672253425507263 135
1725390695684 0.5813215746846249 136
1725390695706 0.4456637448905901 137
1725390695732 0.6191669126573598 138
1725390695753 0.45497154476530133 139
1725390695779 0.5072067669126697 140
1725390695807 0.5484174368237131 141
1725390695825 0.42713529094417313 142
1725390695843 0.5624281833196967 143
1725390695861 0.5515657621313738 144
1725390695880 0.5977352934153003 145
1725390695900 0.5841853428678984 146
1725390695914 0.5362418177215115 147
1725390695929 0.5977257321668091 148
1725390695944 0.5184689074847457 149
1725390695966 0.5522947468841733 150
1725390695988 0.5541009807098239 151
1725390696021 0.5311913083633824 152
1725390696046 0.5625021714223535 153
1725390696070 0.4359944593105374 154
1725390696092 0.5549921990886368 155
1725390696111 0.5139237610581601 156
1725390696135 0.653107377491685 157
1725390696164 0.6035419361230948 158
1725390696192 0.500716994107549 159
1725390696210 0.4864683733022767 160
1725390696228 0.5095478191886345 161
1725390696245 0.43490269465437054 162
1725390696263 0.4940022599973238 163
1725390696280 0.584018782193444 164
1725390696298 0.5137795944735603 165
1725390696315 0.5196247819457555 166
1725390696339 0.4516988278654588 167
1725390696370 0.45577279544321353 168
1725390696396 0.5059184767154788 169
1725390696416 0.49872603603160903 170
1725390696441 0.5900249527342096 171
1725390696462 0.5805209503266215 172
1725390696486 0.6550253252194749 173
1725390696506 0.578179511777955 174
1725390696526 0.5096067053548129 175
1725390696547 0.5121365448955321 176
1725390696573 0.4981162967686187 177
1725390696590 0.5218334346335811 178
1725390696608 0.4512748182093078 179
1725390696626 0.5739790328056702 180
1725390696643 0.5966037056050371 181
1725390696661 0.5469796109404838 182
1725390696677 0.6074667771684749 183
1725390696694 0.5998793393690949 184
1725390696715 0.4131432864819631 185
1725390696745 0.442938163313985 186
1725390696768 0.4084935381326015 187
1725390696811 0.5887611294974437 188
1725390696837 0.530582147341863 189
1725390696864 0.4870848092293415 190
1725390696885 0.594416742806372 191
1725390696910 0.5281328639624019 192
1725390696930 0.47436901278437504 193
1725390696954 0.4772813662827142 194
1725390696973 0.523314101016116 195
1725390696990 0.530586284749478 196
1725390697008 0.4960858037457942 197
1725390697032 0.5399300403174372 198
1725390697044 0.48996254179418697 199
1725390697059 0.50328426443389 200
1725390697073 0.511335235654914 201
1725390697104 0.5370079121278942 202
1725390697124 0.7107874537132873 203
1725390697154 0.6210318247531976 204
1725390697183 0.6177918882273484 205
1725390697207 0.5685297788058389 206
1725390697223 0.4321713169336425 207
1725390697240 0.6074021817622719 208
1725390697258 0.5186401416197876 209
1725390697276 0.5342703963017601 210
1725390697293 0.5818199616952501 211
1725390697310 0.5252014818101306 212
1725390697327 0.5543199777906891 213
1725390697346 0.4718061949914349 214
1725390697370 0.5962829228493897 215
1725390697389 0.4901844844855197 216
1725390697414 0.556099156699327 217
1725390697436 0.4310271584381716 218
1725390697453 0.5493638794669761 219
1725390697471 0.5576816279363499 220
1725390697489 0.5901062427007749 221
1725390697506 0.5157863073589251 222
1725390697524 0.4632572787376716 223
1725390697542 0.6615085047330862 224
1725390697559 0.5506729989745529 225
1725390697588 0.5419085808899454 226
1725390697617 0.5659605611344585 227
1725390697646 0.760568778782975 228
1725390697676 0.6324104892988376 229
1725390697701 0.6125402793369423 230
1725390697728 0.6365549776725751 231
1725390697758 0.6214209620421841 232
1725390697782 0.5841545381940644 233
1725390697807 0.5647760829401691 234
1725390697833 0.656816071667325 235
1725390697859 0.5647668561210899 236
1725390697891 0.5698020219060755 237
1725390697921 0.5373769862618067 238
1725390697949 0.4134993063810472 239
1725390697982 0.5901221667069139 240
1725390698013 0.6465552618512144 241
1725390698048 0.6215783578929243 242
1725390698074 0.5416712878442022 243
1725390698098 0.5617162231399573 244
1725390698125 0.693307400770079 245
1725390698153 0.495563292620665 246
1725390698174 0.6551889762418819 247
1725390698198 0.5200406073379279 248
1725390698219 0.5609671307344027 249
1725390698256 0.6370781679459232 250
1725390698294 0.621378205058852 251
1725390698320 0.6160903794774807 252
1725390698349 0.5545515424036852 253
1725390698376 0.6252242104969115 254
1725390698403 0.6280695022049223 255
1725390698431 0.5061744014799626 256
1725390698459 0.5203468962251528 257
1725390698490 0.4889926851359796 258
1725390698515 0.48453917222250864 259
1725390698542 0.45633253804723795 260
1725390698573 0.563635212935201 261
1725390698603 0.5832666653335967 262
1725390698635 0.5376862630958729 263
1725390698666 0.6135094071696953 264
1725390698694 0.5256787995687143 265
1725390698717 0.5402776787454994 266
1725390698747 0.6158120317091871 267
1725390698781 0.6247482180796607 268
1725390698811 0.5375540833463112 269
1725390698842 0.5247749703163765 270
1725390698870 0.534771719756726 271
1725390698898 0.5569902061857703 272
1725390698925 0.592248875275506 273
1725390698953 0.533421460711424 274
1725390698979 0.5298740942516098 275
1725390699007 0.44725555695514074 276
1725390699033 0.5994186918486657 277
1725390699073 0.510959732223559 278
1725390699100 0.5003265929062357 279
1725390699127 0.5945441896250692 280
1725390699154 0.6149046364186629 281
1725390699181 0.564736668893568 282
1725390699210 0.4561037761740361 283
1725390699234 0.5334958381439591 284
1725390699259 0.5094056334694812 285
1725390699286 0.4779623664567133 286
1725390699312 0.5895772120422123 287
1725390699343 0.4847782169500984 288
1725390699371 0.4992184695282681 289
1725390699399 0.5402375523330952 290
1725390699421 0.5801474897742624 291
1725390699442 0.4824592238146905 292
1725390699466 0.524051434869788 293
1725390699490 0.4768359452255251 294
1725390699517 0.5902480422964563 295
1725390699540 0.6127920118384719 296
1725390699565 0.508841147546526 297
1725390699592 0.603259241916703 298
1725390699621 0.5026974718157249 299
1725390699651 0.44491011755757703 300
1725390699680 0.6288798727605213 301
1725390699706 0.5083852510573311 302
1725390699736 0.536003973244021 303
1725390699763 0.5808042135121491 304
1725390699796 0.5701571281337888 305
1725390699829 0.6124774056952443 306
1725390699859 0.5764517307385583 307
1725390699887 0.5471602114884159 308
1725390699914 0.6412102879272148 309
1725390699944 0.540303615613703 310
1725390699970 0.502093724636149 311
1725390699990 0.6329929762423092 312
1725390700017 0.5806784861607541 313
1725390700046 0.4850721778251567 314
1725390700076 0.43795036369566787 315
1725390700103 0.5554981538551047 316
1725390700131 0.5360156741319648 317
1725390700158 0.49002989035209116 318
1725390700185 0.588966847380875 319
1725390700212 0.6024514462647835 320
1725390700241 0.6389150020331311 321
1725390700268 0.4488259402899073 322
1725390700296 0.48758434638503056 323
1725390700321 0.5796512606440664 324
1725390700346 0.6789618041506085 325
1725390700374 0.5253066576681653 326
1725390700405 0.586198097707531 327
1725390700435 0.5882297987471634 328
1725390700462 0.5182007945611947 329
1725390700482 0.5340220449142438 330
1725390700509 0.6224436485735338 331
1725390700540 0.386568690245535 332
1725390700566 0.6358703121660688 333
1725390700598 0.48112815531182473 334
1725390700628 0.5308916657802885 335
1725390700655 0.5800719157520411 336
1725390700682 0.6196004011162304 337
1725390700709 0.6481500816678042 338
1725390700736 0.5626775227606288 339
1725390700764 0.44653154738948037 340
1725390700790 0.44600457286603845 341
1725390700819 0.44557691430442686 342
1725390700846 0.5768853175995278 343
1725390700874 0.46373910550975 344
1725390700900 0.586466519271711 345
1725390700929 0.6036567125305978 346
1725390700961 0.5163700327055442 347
1725390700988 0.6006623326703867 348
1725390701015 0.524912691828126 349
1725390701042 0.5198103757237073 350
1725390701077 0.5675825585627429 351
1725390701104 0.6467598334256166 352
1725390701132 0.5344515449001208 353
1725390701158 0.6134554113612855 354
1725390701186 0.5843615064567458 355
1725390701213 0.4034652335808616 356
1725390701242 0.5701730209833558 357
1725390701272 0.513152473036911 358
1725390701303 0.5043600369882901 359
1725390701334 0.5607229552324178 360
1725390701361 0.49622980526352933 361
1725390701388 0.5296152021361522 362
1725390701415 0.5619824750523855 363
1725390701449 0.5599078253580217 364
1725390701477 0.576175185659235 365
1725390701505 0.48834466265301485 366
1725390701532 0.5602815299142619 367
1725390701561 0.6259189427011127 368
1725390701589 0.5492112460138221 369
1725390701616 0.5012336547773958 370
1725390701644 0.5630779672570351 371
1725390701671 0.5314666975176477 372
1725390701698 0.5970694747299502 373
1725390701724 0.45935040925518544 374
1725390701751 0.5165609374380448 375
1725390701776 0.5551944936995414 376
1725390701804 0.5473932829035618 377
1725390701832 0.5310471345856758 378
1725390701859 0.5893221037078662 379
1725390701886 0.47066712048072756 380
1725390701910 0.5537095029797571 381
1725390701937 0.5483564341219267 382
1725390701964 0.4630076498210353 383
1725390701991 0.5628076731966605 384
1725390702018 0.5631822043846272 385
1725390702051 0.5188107215990481 386
1725390702086 0.487839957292434 387
1725390702113 0.5000910676136395 388
1725390702140 0.46949384768310076 389
1725390702167 0.5035394719832231 390
1725390702195 0.5034956720526256 391
1725390702222 0.5510418892657181 392
1725390702243 0.5087739487403051 393
1725390702271 0.6392852109049463 394
1725390702294 0.49952669317475445 395
1725390702321 0.5641143674042307 396
1725390702346 0.48704137183771284 397
1725390702371 0.46533706576452144 398
1725390702397 0.5412036060264558 399
1725390702426 0.611022676493367 400
1725390702454 0.4474026424608275 401
1725390702476 0.4808039433529963 402
1725390702504 0.5924841912276599 403
1725390702529 0.5438039421198463 404
1725390702554 0.5295506608993771 405
1725390702580 0.5326705150584666 406
1725390702608 0.5072411580482927 407
1725390702634 0.5565380645861571 408
1725390702663 0.5977992588505895 409
1725390702691 0.5382568868109981 410
1725390702718 0.5665839804572687 411
1725390702743 0.541470077462913 412
1725390702771 0.624973524253957 413
1725390702799 0.5035327815337597 414
1725390702824 0.5519076220932265 415
1725390702854 0.6488238557299311 416
1725390702879 0.6503561400276648 417
1725390702906 0.4366723448802817 418
1725390702936 0.4433346550181208 419
1725390702965 0.5171977406553818 420
1725390702994 0.5392314336365098 421
1725390703022 0.580367650450016 422
1725390703050 0.48580928975764653 423
1725390703077 0.594114426423172 424
1725390703114 0.4745763901924574 425
1725390703144 0.500092673049898 426
1725390703171 0.47325494236987675 427
1725390703205 0.451978057765859 428
1725390703232 0.5220450008908009 429
1725390703259 0.5673891646305299 430
1725390703286 0.36251444773029146 431
1725390703313 0.6489567381061966 432
1725390703340 0.5746950264135972 433
1725390703366 0.5624689841239535 434
1725390703393 0.5837677267570911 435
1725390703421 0.6489341505905397 436
1725390703453 0.6973284595574427 437
1725390703485 0.4739033819983764 438
1725390703513 0.5284158506071607 439
1725390703540 0.6093413503631879 440
1725390703567 0.6579697847329433 441
1725390703594 0.4207982579231678 442
1725390703621 0.540356156508962 443
1725390703650 0.5354940328148755 444
1725390703677 0.3975606673715518 445
1725390703706 0.5595552158836861 446
1725390703735 0.48818493811760083 447
1725390703759 0.49454705833681567 448
1725390703784 0.49627642031091446 449
1725390703813 0.5561614212993289 450
1725390703844 0.6049339549689672 451
1725390703874 0.4729474316340546 452
1725390703907 0.5517888645262609 453
1725390703936 0.5981219069764196 454
1725390703962 0.5443074998732794 455
1725390703992 0.5873394565069675 456
1725390704024 0.5743795525450067 457
1725390704056 0.548323941841706 458
1725390704085 0.45567070126082 459
1725390704120 0.45020355183110333 460
1725390704147 0.5627394468865525 461
1725390704174 0.6047669815586718 462
1725390704202 0.6125433672001752 463
1725390704230 0.6716562083832596 464
1725390704259 0.5369711267701179 465
1725390704286 0.5630498993860054 466
1725390704313 0.4304951384954083 467
1725390704344 0.41213378047130333 468
1725390704372 0.5510236323009797 469
1725390704402 0.4843004171105826 470
1725390704431 0.5898329284339499 471
1725390704459 0.4747108260072051 472
1725390704487 0.6516299979564752 473
1725390704517 0.5900516385555941 474
1725390704542 0.533678614802516 475
1725390704570 0.5762648611013964 476
1725390704599 0.5767411996775521 477
1725390704630 0.5129703509364217 478
1725390704659 0.6146571013108353 479
1725390704687 0.48642733193408777 480
1725390704718 0.4759288546430031 481
1725390704746 0.6817676147491467 482
1725390704777 0.59117915139837 483
1725390704810 0.46233359804012714 484
1725390704839 0.4972948960410053 485
1725390704865 0.4846309289742912 486
1725390704893 0.4746666514274649 487
1725390704926 0.5966054727452518 488
1725390704960 0.5098189016840503 489
1725390704988 0.607182005281502 490
1725390705016 0.6345135621130782 491
1725390705044 0.5160394866376445 492
1725390705071 0.7053852991649292 493
1725390705097 0.5247392626937707 494
1725390705128 0.5756707719444565 495
1725390705155 0.5628289598140602 496
1725390705182 0.5370592711510502 497
1725390705209 0.6148619862697035 498
1725390705237 0.4359962016920579 499
