1725419844915 75.39426409280499 0
1725419844962 25.452700253576257 1
1725419845051 19.587623470704067 2
1725419845151 11.394913640258538 3
1725419845224 7.779580457025767 4
1725419845310 7.463574235305205 5
1725419845397 4.864991753060171 6
1725419845468 7.361933079340196 7
1725419845544 4.422909040003909 8
1725419845619 5.600845503688752 9
1725419845701 5.917920618111351 10
1725419845776 4.313385759678188 11
1725419845824 2.3824110104198106 12
1725419845886 6.196578484306147 13
1725419845967 5.7457821091709365 14
1725419846048 5.631239996925905 15
1725419846132 4.808967093740436 16
1725419846216 2.6244922851185466 17
1725419846279 4.182947906184332 18
1725419846329 8.189846146654634 19
1725419846388 3.1051840703004148 20
1725419846473 5.836448959680245 21
1725419846557 3.476788174339704 22
1725419846631 4.983736422315678 23
1725419846719 5.684054185987012 24
1725419846798 3.8934992500976287 25
1725419846872 5.734301676362355 26
1725419846958 5.720466926728928 27
1725419847092 5.594200691971607 28
1725419847146 1.9456007493491272 29
1725419847197 2.6214801635948106 30
1725419847254 5.150939002033863 31
1725419847308 2.8057460216404313 32
1725419847361 5.078699398372284 33
1725419847413 6.191381614737329 34
1725419847474 3.126406490930009 35
1725419847521 3.27401315890964 36
1725419847576 4.657114752771522 37
1725419847623 4.4159848746691335 38
1725419847690 5.185090936194588 39
1725419847765 5.167148291726659 40
1725419847824 4.381638638117484 41
1725419847885 5.269628388789499 42
1725419847959 4.6907272272388045 43
1725419848044 5.218413557721123 44
1725419848165 1.9316309874837392 45
1725419848259 5.099218679381128 46
1725419848335 4.275460504973338 47
1725419848421 4.858869263390425 48
1725419848493 3.4511933639014027 49
