1725419208584 174.09251379255895 0
1725419208607 170.6053638919015 1
1725419208626 167.19513914093466 2
1725419208654 163.86006629575976 3
1725419208676 160.5984141718457 4
1725419208698 157.40849262436663 5
1725419208727 154.2886515538193 6
1725419208769 151.2372799362726 7
1725419208811 148.25280487762322 8
1725419208836 145.33369069124493 9
1725419208854 142.47843799843713 10
1725419208872 139.68558285109293 11
1725419208891 136.95369587602264 12
1725419208909 134.28138144038385 13
1725419208927 131.6672768376835 14
1725419208944 129.11005149383075 15
1725419208965 126.60840619273455 16
1725419208990 124.16107232095143 17
1725419209022 121.76681113090378 18
1725419209050 119.42441302219947 19
1725419209071 117.13269684059766 20
1725419209097 114.89050919417664 21
1725419209122 112.69672378627108 22
1725419209148 110.55024076475755 23
1725419209171 108.44998608727829 24
1725419209209 106.39491090200337 25
1725419209231 104.38399094354216 26
1725419209252 102.41622594362464 27
1725419209279 100.4906390561837 28
1725419209312 98.60627629647784 29
1725419209337 96.7622059939048 30
1725419209357 94.95751825816296 31
1725419209386 93.19132445842953 32
1725419209417 91.4627567152299 33
1725419209451 89.7709674046831 34
1725419209470 88.11512867481513 35
1725419209484 86.49443197364035 36
1725419209500 84.90808758871881 37
1725419209514 83.35532419790451 38
1725419209529 81.83538843100702 39
1725419209549 80.34754444209649 40
1725419209564 78.89107349218767 41
1725419209579 77.4652735420468 42
1725419209605 76.06945885487059 43
1725419209636 74.70295960859357 44
1725419209663 73.36512151758564 45
1725419209685 72.05530546350845 46
1725419209708 70.77288713510441 47
1725419209732 69.51725667669825 48
1725419209749 68.28781834519644 49
1725419209768 67.08399017537508 50
1725419209786 65.90520365325264 51
1725419209811 64.75090339734864 52
1725419209827 63.62054684763384 53
1725419209855 62.513603961984195 54
1725419209890 61.429556919953235 55
1725419209930 60.36789983368373 56
1725419209976 59.328138465784 57
1725419210006 58.30978995399728 58
1725419210074 57.31238254249852 59
1725419210093 56.33545531965592 60
1725419210114 55.378557962099315 61
1725419210133 54.44125048494083 62
1725419210151 53.52310299799771 63
1725419210170 52.623695467870526 64
1725419210188 51.74261748573373 65
1725419210205 50.8794680406995 66
1725419210231 50.033855298618256 67
1725419210254 49.20539638618376 68
1725419210277 48.393717180213756 69
1725419210307 47.59845210197918 70
1725419210328 46.81924391645996 71
1725419210352 46.05574353640698 72
1725419210381 45.307609831093295 73
1725419210408 44.574509439640934 74
1725419210434 43.856116588811666 75
1725419210460 43.15211291515353 76
1725419210478 42.46218729139724 77
1725419210495 41.786035656999395 78
1725419210514 41.12336085273189 79
1725419210532 40.47387245921928 80
1725419210551 39.83728663932852 81
1725419210567 39.21332598431752 82
1725419210582 38.60171936365199 83
1725419210607 38.00220177840101 84
1725419210627 37.41451421812528 85
1725419210653 36.83840352117346 86
1725419210682 36.27362223830393 87
1725419210708 35.7199284995518 88
1725419210736 35.17708588426281 89
1725419210761 34.64486329421742 90
1725419210788 34.12303482977057 91
1725419210815 33.61137966893444 92
1725419210843 33.10968194933305 93
1725419210878 32.61773065295938 94
1725419210911 32.13531949366765 95
1725419210941 31.662246807334927 96
1725419210964 31.19831544462711 97
1725419210983 30.743332666307516 98
1725419211000 30.297110041026095 99
1725419211018 29.859463345529935 100
1725419211036 29.430212467236714 101
1725419211052 29.009181309114314 102
1725419211071 28.596197696811195 103
1725419211092 28.1910932879832 104
1725419211122 27.793703483764514 105
1725419211152 27.403867342330557 106
1725419211179 27.021427494503428 107
1725419211208 26.646230061350305 108
1725419211230 26.27812457372708 109
1725419211265 25.916963893720737 110
1725419211294 25.562604137944895 111
1725419211328 25.214904602644058 112
1725419211358 24.873727690563207 113
1725419211392 24.538938839540613 114
1725419211419 24.210406452782355 115
1725419211453 23.88800183077856 116
1725419211483 23.571599104822113 117
1725419211513 23.26107517209097 118
1725419211546 22.95630963225747 119
1725419211577 22.657184725587594 120
1725419211605 22.363585272494696 121
1725419211637 22.07539861451312 122
1725419211669 21.79251455665754 123
1725419211702 21.51482531113541 124
1725419211727 21.242225442379272 125
1725419211760 20.97461181336867 126
1725419211789 20.711883533210163 127
1725419211825 20.453941905945317 128
1725419211854 20.200690380558054 129
1725419211880 19.9520345021522 130
1725419211906 19.707881864271457 131
1725419211938 19.468142062335083 132
1725419211970 19.232726648161997 133
1725419211995 19.00154908555781 134
1725419212025 18.774524706939758 135
1725419212045 18.551570670973973 136
1725419212071 18.332605921202266 137
1725419212102 18.117551145633545 138
1725419212135 17.906328737278262 139
1725419212166 17.698862755602452 140
1725419212198 17.49507888888002 141
1725419212228 17.29490441742208 142
1725419212260 17.098268177662078 143
1725419212291 16.90510052707686 144
1725419212326 16.715333309923412 145
1725419212357 16.528899823772615 146
1725419212386 16.345734786820042 147
1725419212418 16.16577430595675 148
1725419212450 15.988955845580879 149
1725419212480 15.815218197133072 150
1725419212513 15.644501449338794 151
1725419212539 15.476746959140113 152
1725419212572 15.311897323301524 153
1725419212603 15.149896350672886 154
1725419212628 14.99068903509506 155
1725419212656 14.834221528932053 156
1725419212690 14.680441117215477 157
1725419212719 14.529296192386669 158
1725419212748 14.380736229622164 159
1725419212782 14.234711762729377 160
1725419212812 14.091174360598336 161
1725419212843 13.950076604196603 162
1725419212871 13.811372064094881 163
1725419212901 13.675015278510307 164
1725419212933 13.540961731855587 165
1725419212964 13.40916783378202 166
1725419212993 13.279590898704432 167
1725419213028 13.152189125797289 168
1725419213058 13.026921579450478 169
1725419213092 12.903748170173756 170
1725419213122 12.782629635940042 171
1725419213152 12.663527523956548 172
1725419213178 12.546404172854022 173
1725419213208 12.431222695283997 174
1725419213241 12.317946960915242 175
1725419213275 12.206541579818754 176
1725419213306 12.096971886233483 177
1725419213338 11.989203922703059 178
1725419213374 11.883204424575025 179
1725419213405 11.778940804854198 180
1725419213434 11.676381139401744 181
1725419213461 11.575494152471919 182
1725419213492 11.476249202578506 183
1725419213523 11.37861626868329 184
1725419213554 11.28256593669917 185
1725419213586 11.188069386300194 186
1725419213615 11.095098378031713 187
1725419213646 11.003625240713472 188
1725419213678 10.913622859128804 189
1725419213711 10.825064661993256 190
1725419213739 10.737924610196083 191
1725419213772 10.652177185308513 192
1725419213802 10.567797378352006 193
1725419213837 10.484760678821088 194
1725419213863 10.40304306395436 195
1725419213896 10.322620988248127 196
1725419213928 10.243471373207038 197
1725419213961 10.165571597325865 198
1725419213993 10.088899486297557 199
1725419214028 10.01343330344201 200
1725419214061 9.939151740350392 201
1725419214094 9.86603390774015 202
1725419214125 9.794059326515796 203
1725419214159 9.723207919030552 204
1725419214189 9.653460000544383 205
1725419214223 9.584796270873735 206
1725419214252 9.517197806228658 207
1725419214285 9.450646051232727 208
1725419214316 9.385122811121871 209
1725419214347 9.320610244117749 210
1725419214381 9.257090853971519 211
1725419214413 9.194547482674496 212
1725419214446 9.132963303331362 213
1725419214478 9.072321813192362 214
1725419214512 9.01260682684101 215
1725419214543 8.953802469533377 216
1725419214567 8.895893170685566 217
1725419214594 8.838863657506336 218
1725419214622 8.782698948770717 219
1725419214653 8.727384348732325 220
1725419214684 8.67290544117038 221
1725419214716 8.619248083568902 222
1725419214747 8.566398401424577 223
1725419214779 8.51434278268079 224
1725419214808 8.463067872284508 225
1725419214838 8.412560566863494 226
1725419214867 8.362808009521025 227
1725419214892 8.313797584745204 228
1725419214920 8.265516913430618 229
1725419214962 8.217953848009211 230
1725419214991 8.17109646768879 231
1725419215024 8.124933073795509 232
1725419215053 8.079452185218962 233
1725419215081 8.034642533957093 234
1725419215111 7.990493060758477 235
1725419215142 7.946992910860323 236
1725419215174 7.904131429819275 237
1725419215205 7.861898159433618 238
1725419215238 7.820282833754242 239
1725419215262 7.779275375182643 240
1725419215296 7.738865890653916 241
1725419215331 7.699044667902726 242
1725419215362 7.659802171810558 243
1725419215396 7.621129040832079 244
1725419215424 7.583016083499264 245
1725419215456 7.545454275000961 246
1725419215487 7.508434753836779 247
1725419215518 7.471948818543235 248
1725419215550 7.435987924490397 249
1725419215581 7.400543680748028 250
1725419215612 7.365607847018904 251
1725419215645 7.331172330638415 252
1725419215674 7.2972291836385965 253
1725419215708 7.2637705998751665 254
1725419215740 7.230788912216272 255
1725419215772 7.198276589791599 256
1725419215804 7.166226235300106 257
1725419215836 7.1346305823756095 258
1725419215868 7.1034824930085625 259
1725419215900 7.072774955022646 260
1725419215932 7.042501079605482 261
1725419215967 7.0126540988916295 262
1725419216000 6.983227363597033 263
1725419216034 6.954214340703898 264
1725419216064 6.92560861119433 265
1725419216089 6.897403867832282 266
1725419216121 6.869593912992257 267
1725419216152 6.84217265653404 268
1725419216185 6.81513411372213 269
1725419216216 6.788472403189138 270
1725419216249 6.762181744942095 271
1725419216282 6.73625645841051 272
1725419216311 6.71069096053567 273
1725419216338 6.685479763899732 274
1725419216368 6.660617474894301 275
1725419216399 6.6360987919271395 276
1725419216431 6.611918503666289 277
1725419216461 6.588071487321048 278
1725419216494 6.56455270695853 279
1725419216528 6.541357211855468 280
1725419216560 6.518480134884089 281
1725419216593 6.495916690931628 282
1725419216623 6.47366217535247 283
1725419216655 6.4517119624525066 284
1725419216688 6.43006150400455 285
1725419216716 6.408706327794715 286
1725419216745 6.387642036198478 287
1725419216775 6.366864304786192 288
1725419216807 6.34636888095727 289
1725419216845 6.326151582602299 290
1725419216882 6.306208296792672 291
1725419216910 6.286534978496957 292
1725419216943 6.26712764932359 293
1725419216975 6.247982396289115 294
1725419217008 6.229095370611634 295
1725419217041 6.210462786528683 296
1725419217074 6.192080920139223 297
1725419217101 6.173946108269058 298
1725419217134 6.156054747359349 299
1725419217167 6.138403292377282 300
1725419217198 6.120988255749254 301
1725419217228 6.103806206315031 302
1725419217256 6.086853768303381 303
1725419217287 6.07012762032798 304
1725419217315 6.053624494403658 305
1725419217346 6.037341174982318 306
1725419217376 6.021274498008082 307
1725419217397 6.005421349991381 308
1725419217430 5.989778667101496 309
1725419217460 5.974343434276993 310
1725419217491 5.959112684354247 311
1725419217522 5.94408349721278 312
1725419217559 5.929252998937852 313
1725419217592 5.914618360999471 314
1725419217624 5.90017679944773 315
1725419217657 5.885925574123855 316
1725419217688 5.871861987886912 317
1725419217716 5.857983385855653 318
1725419217745 5.844287154665254 319
1725419217777 5.830770721738519 320
1725419217807 5.817431554571445 321
1725419217836 5.804267160032744 322
1725419217880 5.791275083676852 323
1725419217914 5.778452909070501 324
1725419217945 5.7657982571322215 325
1725419217977 5.753308785484608 326
1725419218006 5.740982187819377 327
1725419218038 5.728816193274325 328
1725419218069 5.716808565822637 329
1725419218101 5.70495710367367 330
1725419218140 5.693259638685451 331
1725419218171 5.6817140357883 332
1725419218203 5.670318192419631 333
1725419218242 5.659070037969334 334
1725419218276 5.647967533236021 335
1725419218308 5.637008669893417 336
1725419218336 5.626191469966805 337
1725419218369 5.615513985319822 338
1725419218400 5.604974297150454 339
1725419218432 5.594570515496883 340
1725419218462 5.584300778752615 341
1725419218494 5.5741632531906244 342
1725419218526 5.564156132496538 343
1725419218559 5.554277637310508 344
1725419218592 5.544526014777832 345
1725419218624 5.534899538107635 346
1725419218656 5.525396506140163 347
1725419218686 5.516015242921922 348
1725419218717 5.50675409728867 349
1725419218750 5.497611442456325 350
1725419218774 5.488585675619285 351
1725419218803 5.47967521755625 352
1725419218830 5.4708785122433135 353
1725419218853 5.462194026474091 354
1725419218892 5.4536202494869475 355
1725419218921 5.445155692599013 356
1725419218952 5.4367988888468135 357
1725419218982 5.428548392633573 358
1725419219015 5.420402779382964 359
1725419219047 5.412360645198982 360
1725419219077 5.404420606532237 361
1725419219110 5.396581299852083 362
1725419219141 5.388841381324734 363
1725419219177 5.381199526497391 364
1725419219219 5.373654429987635 365
1725419219251 5.366204805178841 366
1725419219277 5.358849383920831 367
1725419219308 5.351586916235867 368
1725419219340 5.344416170030006 369
1725419219380 5.3373359308095205 370
1725419219411 5.330345001402477 371
1725419219442 5.323442201685061 372
1725419219473 5.316626368312922 373
1725419219513 5.309896354457312 374
1725419219547 5.303251029545648 375
1725419219579 5.29668927900691 376
1725419219616 5.290210004021313 377
1725419219657 5.283812121274523 378
1725419219689 5.2774945627160506 379
1725419219722 5.271256275321976 380
1725419219754 5.265096220861749 381
1725419219785 5.259013375669059 382
1725419219815 5.253006730416693 383
1725419219844 5.247075289895277 384
1725419219877 5.241218072795897 385
1725419219916 5.235434111496408 386
1725419219947 5.229722451851479 387
1725419219971 5.224082152986179 388
1725419220017 5.218512287093213 389
1725419220048 5.213011939233519 390
1725419220077 5.2075802071403 391
1725419220109 5.20221620102656 392
1725419220140 5.196919043395526 393
1725419220174 5.191687868854837 394
1725419220207 5.186521823933316 395
1725419220235 5.181420066901267 396
1725419220265 5.1763817675936075 397
1725419220291 5.171406107236018 398
1725419220322 5.166492278273991 399
1725419220352 5.161639484204853 400
1725419220387 5.1568469394124365 401
1725419220416 5.152113869004605 402
1725419220448 5.147439508653608 403
1725419220480 5.14282310443876 404
1725419220512 5.138263912692098 405
1725419220544 5.133761199846358 406
1725419220575 5.129314242285595 407
1725419220608 5.124922326198194 408
1725419220640 5.120584747432275 409
1725419220670 5.1163008113536375 410
1725419220701 5.112069832705845 411
1725419220733 5.107891135472671 412
1725419220763 5.103764052742858 413
1725419220793 5.099687926576988 414
1725419220823 5.095662107876545 415
1725419220856 5.09168595625514 416
1725419220889 5.08775883991182 417
1725419220923 5.0838801355063525 418
1725419220953 5.080049228036567 419
1725419220984 5.076265510717779 420
1725419221018 5.072528384863919 421
1725419221043 5.068837259770791 422
1725419221074 5.065191552601142 423
1725419221105 5.061590688271409 424
1725419221135 5.058034099340557 425
1725419221165 5.05452122590041 426
1725419221196 5.05105151546794 427
1725419221226 5.0476244228790845 428
1725419221259 5.044239410184418 429
1725419221291 5.040895946546271 430
1725419221323 5.0375935081377605 431
1725419221354 5.034331578043004 432
1725419221386 5.031109646159317 433
1725419221418 5.027927209100694 434
1725419221450 5.024783770102773 435
1725419221482 5.021678838929538 436
1725419221515 5.018611931781135 437
1725419221547 5.015582571203406 438
1725419221580 5.01259028599869 439
1725419221614 5.009634611137975 440
1725419221644 5.006715087674562 441
1725419221675 5.003831262658817 442
1725419221706 5.000982689054572 443
1725419221739 4.9981689256564135 444
1725419221769 4.995389537008653 445
1725419221799 4.992644093325118 446
1725419221832 4.989932170410559 447
1725419221862 4.987253349583004 448
1725419221894 4.984607217597361 449
1725419221934 4.981993366570216 450
1725419221966 4.979411393905738 451
1725419221998 4.976860902222748 452
1725419222031 4.974341499282767 453
1725419222061 4.9718527979193405 454
1725419222093 4.969394415968312 455
1725419222124 4.966965976199081 456
1725419222156 4.964567106247082 457
1725419222189 4.962197438547084 458
1725419222219 4.959856610267615 459
1725419222253 4.957544263246308 460
1725419222284 4.955260043926193 461
1725419222317 4.953003603293 462
1725419222342 4.95077459681338 463
1725419222376 4.948572684373939 464
1725419222409 4.946397530221325 465
1725419222433 4.944248802903138 466
1725419222459 4.942126175209621 467
1725419222485 4.940029324116403 468
1725419222516 4.93795793072786 469
1725419222549 4.935911680221517 470
1725419222575 4.933890261793107 471
1725419222613 4.931893368602519 472
1725419222644 4.929920697720495 473
1725419222682 4.927971950076131 474
1725419222712 4.926046830405102 475
1725419222747 4.924145047198691 476
1725419222778 4.922266312653528 477
1725419222810 4.920410342622048 478
1725419222842 4.918576856563682 479
1725419222874 4.916765577496752 480
1725419222906 4.914976231951059 481
1725419222949 4.9132085499211335 482
1725419222980 4.911462264820171 483
1725419223011 4.909737113434653 484
1725419223042 4.90803283587955 485
1725419223074 4.906349175554245 486
1725419223104 4.904685879099069 487
1725419223132 4.903042696352361 488
1725419223164 4.9014193803082655 489
1725419223195 4.899815687075101 490
1725419223226 4.898231375834227 491
1725419223253 4.896666208799647 492
1725419223281 4.89511995117799 493
1725419223314 4.893592371129255 494
1725419223350 4.892083239728039 495
1725419223382 4.890592330925163 496
1725419223413 4.889119421510082 497
1725419223445 4.887664291073671 498
1725419223473 4.886226721971569 499
