1725386477244 157.14205279744692 0
1725386477272 139.38041444407034 1
1725386477297 123.42774929669753 2
1725386477311 117.90244518362388 3
1725386477332 109.11895947390062 4
1725386477351 98.86269193721509 5
1725386477369 92.40270327252561 6
1725386477393 85.13235408498929 7
1725386477414 74.78353211696786 8
1725386477428 71.04584791824274 9
1725386477445 61.014628442853606 10
1725386477468 56.53067942305542 11
1725386477497 50.50621407096206 12
1725386477517 48.9871156447246 13
1725386477541 42.68729043203954 14
1725386477575 41.778385114038876 15
1725386477621 36.951846441924076 16
1725386477657 35.276808282303634 17
1725386477686 30.19581221960181 18
1725386477710 28.27628081798529 19
1725386477726 25.686045539799352 20
1725386477744 23.5993214093334 21
1725386477762 22.199600846871366 22
1725386477776 19.622069161155785 23
1725386477789 18.66260372509872 24
1725386477805 16.744840991934783 25
1725386477819 15.406598633396374 26
1725386477847 14.070686687904209 27
1725386477880 12.864177077476848 28
1725386477912 12.475996773631444 29
1725386477942 11.191029313647224 30
1725386477962 10.223994475643169 31
1725386477977 9.820727042242252 32
1725386477990 8.394368858341359 33
1725386478002 7.652718256253132 34
1725386478017 7.28662122865808 35
1725386478031 6.444852981044852 36
1725386478044 6.124542194284973 37
1725386478057 5.872445691970613 38
1725386478069 5.348532125954175 39
1725386478086 4.763864137055976 40
1725386478101 4.428273751338333 41
1725386478115 4.215955830844046 42
1725386478129 3.411013407893952 43
1725386478146 3.573259129586277 44
1725386478163 3.309880306200799 45
1725386478180 2.537773576480655 46
1725386478198 2.6253226546388384 47
1725386478215 2.6129969001202245 48
1725386478232 2.4291598475696055 49
1725386478248 2.004120124662078 50
1725386478265 1.7362241073616824 51
1725386478282 1.8072787594235977 52
1725386478299 1.6666851676801782 53
1725386478316 1.7145947521103737 54
1725386478335 1.2534001425178236 55
1725386478367 1.309058004827957 56
1725386478408 1.1492024229350954 57
1725386478488 1.0612580420567646 58
1725386478504 1.1172003018311671 59
1725386478518 0.8442876104394574 60
1725386478531 0.9945630897560103 61
1725386478544 0.9526724060527482 62
1725386478559 0.7515007832530134 63
1725386478572 0.627570020680077 64
1725386478593 0.6974843301143695 65
1725386478623 0.7644830201055236 66
1725386478637 0.4555505492580436 67
1725386478649 0.43048343132662464 68
1725386478663 0.5016615232766971 69
1725386478678 0.45294906430021037 70
1725386478689 0.49824127420234093 71
1725386478706 0.40715966285168886 72
1725386478741 0.44874093360513256 73
1725386478764 0.396946410940807 74
1725386478786 0.38402715795928105 75
1725386478811 0.3229022355980629 76
1725386478841 0.34056349322395546 77
1725386478865 0.333658515337228 78
1725386478889 0.3052955395597668 79
1725386478926 0.33436002762021794 80
1725386478954 0.3277174952709687 81
1725386478987 0.3241545043199184 82
1725386479014 0.22767540585353427 83
1725386479035 0.39669408468308803 84
1725386479064 0.19389659392325506 85
1725386479094 0.23916084941342272 86
1725386479123 0.23574178755470407 87
1725386479148 0.22920386855312702 88
1725386479180 0.2447739395433613 89
1725386479202 0.23989273606543854 90
1725386479216 0.2587992806576762 91
1725386479230 0.2184359797198813 92
1725386479242 0.24960354413671101 93
1725386479254 0.18200965255170345 94
1725386479270 0.1969829158581648 95
1725386479284 0.13531700320889606 96
1725386479295 0.17593345905663643 97
1725386479307 0.19456997693978165 98
1725386479321 0.17572654759875675 99
1725386479346 0.14993492997790658 100
1725386479417 0.17651766487539056 101
1725386479432 0.20074310691978908 102
1725386479449 0.21240681005562168 103
1725386479472 0.1806030486364743 104
1725386479504 0.1797383074404674 105
1725386479525 0.17449094417760505 106
1725386479550 0.126387742074506 107
1725386479580 0.1439695175298865 108
1725386479601 0.12490964729805538 109
1725386479633 0.148222013762414 110
1725386479646 0.1656809726399651 111
1725386479658 0.2012806477065918 112
1725386479672 0.1747000566030266 113
1725386479685 0.09121903959451773 114
1725386479703 0.14743388741843214 115
1725386479728 0.16191719696527193 116
1725386479748 0.2328418132101775 117
1725386479766 0.14449684806190471 118
1725386479783 0.14780865209662356 119
1725386479800 0.14540467793714942 120
1725386479816 0.17490300459930463 121
1725386479833 0.1843399210586379 122
1725386479855 0.17276337244353626 123
1725386479875 0.11312596641556653 124
1725386479887 0.10664795366634604 125
1725386479902 0.12721663027056185 126
1725386479914 0.16215281548083035 127
1725386479927 0.17658628086970152 128
1725386479938 0.1389914609129909 129
1725386479953 0.1656330900884637 130
1725386479970 0.19361056588176723 131
1725386479988 0.11746868201783357 132
1725386480004 0.15776553176612051 133
1725386480021 0.16165031575995878 134
1725386480037 0.15486494466734893 135
1725386480054 0.14156837170120243 136
1725386480072 0.18613308961753144 137
1725386480088 0.08641353269798718 138
1725386480109 0.11807081966378609 139
1725386480125 0.19095678003665467 140
1725386480141 0.09942975433396847 141
1725386480158 0.1137342176618484 142
1725386480178 0.1327323452126194 143
1725386480199 0.13352918863119775 144
1725386480226 0.12298366451988109 145
1725386480242 0.1505050278058787 146
1725386480260 0.14182633305669387 147
1725386480274 0.12196316176029628 148
1725386480285 0.1379417387554416 149
1725386480297 0.0964066943932849 150
1725386480308 0.17115678361653497 151
1725386480320 0.16309183462350035 152
1725386480333 0.14962667271408864 153
1725386480360 0.1452658954103008 154
