1725351651309 176.25408722673774 0
1725351651334 175.8961513727486 1
1725351651358 175.5390214025 2
1725351651375 175.18269539786033 3
1725351651395 174.82717144549048 4
1725351651414 174.47244763683136 5
1725351651441 174.11852206809115 6
1725351651466 173.76539284023278 7
1725351651489 173.41305805896138 8
1725351651509 173.06151583471186 9
1725351651529 172.71076428263618 10
1725351651553 172.36080152259117 11
1725351651573 172.01162567912607 12
1725351651591 171.66323488147003 13
1725351651610 171.31562726351984 14
1725351651628 170.9688009638278 15
1725351651653 170.6227541255891 16
1725351651676 170.27748489663006 17
1725351651695 169.93299142939543 18
1725351651717 169.58927188093662 19
1725351651741 169.24632441289933 20
1725351651805 168.9041471915116 21
1725351651850 168.56273838757176 22
1725351651878 168.22209617643622 23
1725351651915 167.8822187380078 24
1725351651974 167.5431042567233 25
1725351651992 167.20475092154214 26
1725351652011 166.8671569259341 27
1725351652029 166.5303204678675 28
1725351652051 166.19423974979745 29
1725351652071 165.85891297865413 30
1725351652090 165.5243383658309 31
1725351652122 165.19051412717258 32
1725351652147 164.85743848296391 33
1725351652170 164.52510965791768 34
1725351652186 164.19352588116334 35
1725351652206 163.8626853862352 36
1725351652225 163.53258641106103 37
1725351652242 163.20322719795044 38
1725351652263 162.87460599358337 39
1725351652282 162.54672104899873 40
1725351652300 162.21957061958292 41
1725351652321 161.8931529650584 42
1725351652350 161.5674663494724 43
1725351652380 161.2425090411854 44
1725351652414 160.91827931286016 45
1725351652439 160.59477544145025 46
1725351652460 160.27199570818865 47
1725351652478 159.94993839857685 48
1725351652496 159.62860180237354 49
1725351652527 159.30798421358347 50
1725351652548 158.98808393044635 51
1725351652568 158.6688992554257 52
1725351652588 158.35042849519797 53
1725351652609 158.03266996064127 54
1725351652628 157.7156219668247 55
1725351652651 157.3992828329971 56
1725351652670 157.08365088257625 57
1725351652689 156.76872444313798 58
1725351652750 156.45450184640535 59
1725351652789 156.14098142823764 60
1725351652819 155.82816152861986 61
1725351652844 155.5160404916516 62
1725351652873 155.20461666553652 63
1725351652896 154.8938884025716 64
1725351652919 154.58385405913643 65
1725351652942 154.2745119956826 66
1725351652963 153.96586057672292 67
1725351652986 153.6578981708211 68
1725351653010 153.350623150581 69
1725351653036 153.044033892636 70
1725351653060 152.7381287776388 71
1725351653083 152.43290619025058 72
1725351653106 152.1283645191309 73
1725351653137 151.82450215692702 74
1725351653159 151.5213175002636 75
1725351653178 151.21880894973242 76
1725351653199 150.9169749098819 77
1725351653223 150.61581378920692 78
1725351653244 150.3153240001385 79
1725351653273 150.01550395903348 80
1725351653293 149.71635208616445 81
1725351653311 149.41786680570942 82
1725351653329 149.12004654574184 83
1725351653348 148.82288973822025 84
1725351653369 148.52639481897828 85
1725351653391 148.23056022771462 86
1725351653411 147.93538440798287 87
1725351653431 147.64086580718165 88
1725351653451 147.3470028765445 89
1725351653472 147.05379407112994 90
1725351653489 146.76123784981152 91
1725351653512 146.46933267526794 92
1725351653532 146.17807701397328 93
1725351653554 145.88746933618677 94
1725351653572 145.59750811594353 95
1725351653593 145.30819183104418 96
1725351653613 145.01951896304553 97
1725351653632 144.73148799725058 98
1725351653651 144.44409742269892 99
1725351653672 144.1573457321569 100
1725351653690 143.87123142210822 101
1725351653718 143.58575299274386 102
1725351653754 143.30090894795308 103
1725351653784 143.0166977953132 104
1725351653804 142.7331180460805 105
1725351653826 142.45016821518047 106
1725351653845 142.16784682119828 107
1725351653863 141.88615238636964 108
1725351653880 141.6050834365707 109
1725351653900 141.3246385013094 110
1725351653918 141.04481611371534 111
1725351653938 140.76561481053102 112
1725351653987 140.487033132102 113
1725351654010 140.20906962236788 114
1725351654028 139.93172282885297 115
1725351654053 139.65499130265687 116
1725351654085 139.37887359844532 117
1725351654108 139.10336827444107 118
1725351654156 138.82847389241448 119
1725351654183 138.5541890176745 120
1725351654204 138.2805122190595 121
1725351654224 138.0074420689281 122
1725351654246 137.7349771431501 123
1725351654264 137.4631160210975 124
1725351654282 137.19185728563534 125
1725351654300 136.92119952311268 126
1725351654317 136.6511413233536 127
1725351654336 136.38168127964846 128
1725351654354 136.11281798874452 129
1725351654373 135.84455005083746 130
1725351654390 135.5768760695622 131
1725351654408 135.30979465198408 132
1725351654426 135.0433044085902 133
1725351654449 134.77740395328027 134
1725351654466 134.5120919033581 135
1725351654488 134.2473668795227 136
1725351654507 133.98322750585947 137
1725351654527 133.71967240983167 138
1725351654552 133.45670022227145 139
1725351654571 133.19430957737143 140
1725351654593 132.93249911267586 141
1725351654624 132.6712674690721 142
1725351654648 132.41061329078192 143
1725351654667 132.15053522535308 144
1725351654691 131.89103192365044 145
1725351654713 131.6321020398479 146
1725351654733 131.37374423141944 147
1725351654755 131.11595715913083 148
1725351654778 130.85873948703124 149
1725351654795 130.60208988244463 150
1725351654818 130.3460070159614 151
1725351654839 130.09048956143002 152
1725351654858 129.83553619594863 153
1725351654885 129.5811455998566 154
1725351654914 129.32731645672652 155
1725351654950 129.07404745335532 156
1725351654988 128.8213372797566 157
1725351655009 128.569184629152 158
1725351655028 128.317588197963 159
1725351655053 128.06654668580293 160
1725351655074 127.81605879546841 161
1725351655096 127.5661232329314 162
1725351655117 127.31673870733121 163
1725351655151 127.06790393096595 164
1725351655176 126.8196176192848 165
1725351655205 126.57187849087985 166
1725351655230 126.32468526747779 167
1725351655255 126.07803667393222 168
1725351655276 125.8319314382154 169
1725351655296 125.58636829141031 170
1725351655319 125.34134596770282 171
1725351655344 125.0968632043735 172
1725351655365 124.85291874178981 173
1725351655387 124.6095113233982 174
1725351655410 124.36663969571627 175
1725351655432 124.12430260832483 176
1725351655458 123.88249881385994 177
1725351655485 123.64122706800534 178
1725351655506 123.4004861294845 179
1725351655528 123.16027476005293 180
1725351655552 122.92059172449024 181
1725351655575 122.68143579059257 182
1725351655594 122.44280572916483 183
1725351655613 122.20470031401302 184
1725351655630 121.96711832193644 185
1725351655656 121.73005853272025 186
1725351655675 121.49351972912763 187
1725351655694 121.25750069689222 188
1725351655727 121.02200022471068 189
1725351655751 120.78701710423488 190
1725351655770 120.55255013006453 191
1725351655790 120.31859809973959 192
1725351655810 120.08515981373262 193
1725351655830 119.85223407544163 194
1725351655848 119.61981969118229 195
1725351655865 119.38791547018057 196
1725351655882 119.1565202245654 197
1725351655900 118.92563276936112 198
1725351655917 118.69525192248028 199
1725351655935 118.46537650471608 200
1725351655954 118.2360053397351 201
1725351655981 118.00713725406997 202
1725351656006 117.77877107711211 203
1725351656081 117.55090564110431 204
1725351656102 117.32353978113355 205
1725351656125 117.09667233512384 206
1725351656165 116.87030214382878 207
1725351656201 116.64442805082453 208
1725351656223 116.41904890250247 209
1725351656246 116.19416354806212 210
1725351656270 115.96977083950406 211
1725351656288 115.74586963162258 212
1725351656306 115.52245878199876 213
1725351656325 115.29953715099332 214
1725351656344 115.07710360173944 215
1725351656361 114.85515700013589 216
1725351656378 114.63369621483986 217
1725351656396 114.41272011725997 218
1725351656416 114.19222758154923 219
1725351656436 113.97221748459819 220
1725351656457 113.7526887060278 221
1725351656477 113.53364012818267 222
1725351656496 113.31507063612388 223
1725351656520 113.09697911762238 224
1725351656542 112.8793644631518 225
1725351656563 112.66222556588181 226
1725351656586 112.44556132167118 227
1725351656605 112.22937062906095 228
1725351656626 112.01365238926759 229
1725351656645 111.79840550617628 230
1725351656669 111.58362888633401 231
1725351656692 111.36932143894298 232
1725351656711 111.15548207585368 233
1725351656729 110.94210971155837 234
1725351656749 110.72920326318416 235
1725351656767 110.51676165048649 236
1725351656786 110.3047837958424 237
1725351656803 110.0932686242438 238
1725351656823 109.88221506329103 239
1725351656848 109.67162204318602 240
1725351656867 109.46148849672586 241
1725351656886 109.25181335929618 242
1725351656906 109.04259556886444 243
1725351656937 108.83383406597366 244
1725351656964 108.62552779373567 245
1725351656988 108.41767569782472 246
1725351657014 108.21027672647087 247
1725351657043 108.0033298304536 248
1725351657104 107.79683396309542 249
1725351657127 107.5907880802552 250
1725351657156 107.38519114032204 251
1725351657184 107.18004210420861 252
1725351657213 106.9753399353449 253
1725351657238 106.7710835996719 254
1725351657256 106.56727206563497 255
1725351657280 106.36390430417785 256
1725351657299 106.16097928873617 257
1725351657318 105.95849599523105 258
1725351657344 105.75645340206304 259
1725351657366 105.55485049010566 260
1725351657387 105.35368624269923 261
1725351657410 105.15295964564457 262
1725351657428 104.95266968719694 263
1725351657446 104.75281535805962 264
1725351657471 104.55339565137787 265
1725351657494 104.35440956273267 266
1725351657516 104.15585609013468 267
1725351657543 103.95773423401796 268
1725351657599 103.76004299723395 269
1725351657646 103.56278138504537 270
1725351657670 103.36594840512004 271
1725351657697 103.16954306752486 272
1725351657730 102.97356438471981 273
1725351657762 102.77801137155178 274
1725351657789 102.5828830452487 275
1725351657817 102.38817842541341 276
1725351657843 102.19389653401768 277
1725351657865 102.00003639539632 278
1725351657885 101.80659703624112 279
1725351657902 101.61357748559497 280
1725351657921 101.42097677484588 281
1725351657941 101.22879393772115 282
1725351657968 101.03702801028135 283
1725351657993 100.84567803091453 284
1725351658029 100.65474304033035 285
1725351658058 100.4642220815542 286
1725351658084 100.27411419992134 287
1725351658103 100.08441844307116 288
1725351658124 99.89513386094129 289
1725351658153 99.70625950576188 290
1725351658179 99.51779443204977 291
1725351658197 99.3297376966028 292
1725351658228 99.14208835849395 293
1725351658249 98.95484547906581 294
1725351658272 98.76800812192461 295
1725351658294 98.58157535293473 296
1725351658316 98.39554624021295 297
1725351658337 98.20991985412279 298
1725351658356 98.02469526726877 299
1725351658376 97.83987155449095 300
1725351658395 97.65544779285915 301
1725351658415 97.47142306166742 302
1725351658433 97.28779644242839 303
1725351658451 97.10456701886777 304
1725351658475 96.9217338769188 305
1725351658498 96.7392961047165 306
1725351658522 96.55725279259245 307
1725351658556 96.375603033069 308
1725351658578 96.19434592085385 309
1725351658599 96.01348055283474 310
1725351658624 95.8330060280736 311
1725351658643 95.65292144780149 312
1725351658663 95.47322591541291 313
1725351658686 95.29391853646041 314
1725351658708 95.11499841864917 315
1725351658730 94.93646467183167 316
1725351658750 94.75831640800223 317
1725351658769 94.58055274129165 318
1725351658789 94.40317278796186 319
1725351658807 94.22617566640056 320
1725351658827 94.0495604971159 321
1725351658849 93.87332640273112 322
1725351658874 93.69747250797937 323
1725351658899 93.52199793969824 324
1725351658920 93.3469018268246 325
1725351658945 93.17218330038936 326
1725351658964 92.99784149351213 327
1725351658982 92.82387554139606 328
1725351659000 92.65028458132251 329
1725351659020 92.47706775264604 330
1725351659037 92.304224196789 331
1725351659056 92.1317530572365 332
1725351659074 91.9596534795312 333
1725351659095 91.7879246112681 334
1725351659114 91.61656560208947 335
1725351659136 91.44557560367977 336
1725351659161 91.27495376976034 337
1725351659189 91.10469925608459 338
1725351659208 90.93481122043264 339
1725351659230 90.7652888226064 340
1725351659256 90.59613122442454 341
1725351659280 90.42733758971725 342
1725351659307 90.25890708432154 343
1725351659329 90.09083887607581 344
1725351659360 89.9231321348152 345
1725351659385 89.75578603236643 346
1725351659408 89.58879974254278 347
1725351659433 89.42217244113928 348
1725351659456 89.25590330592763 349
1725351659472 89.08999151665125 350
1725351659493 88.92443625502051 351
1725351659512 88.75923670470759 352
1725351659532 88.5943920513418 353
1725351659550 88.42990148250445 354
1725351659570 88.26576418772426 355
1725351659594 88.10197935847222 356
1725351659615 87.938546188157 357
1725351659639 87.77546387211983 358
1725351659663 87.61273160762997 359
1725351659687 87.45034859387962 360
1725351659714 87.28831403197934 361
1725351659759 87.12662712495313 362
1725351659780 86.96528707773379 363
1725351659800 86.80429309715794 364
1725351659840 86.64364439196149 365
1725351659963 86.48334017277479 366
1725351659981 86.32337965211791 367
1725351660000 86.16376204439597 368
1725351660031 86.00448656589442 369
1725351660050 85.8455524347743 370
1725351660072 85.68695887106769 371
1725351660091 85.52870509667295 372
1725351660109 85.37079033535 373
1725351660130 85.21321381271588 374
1725351660156 85.05597475624 375
1725351660175 84.89907239523949 376
1725351660205 84.74250596087465 377
1725351660229 84.5862746861444 378
1725351660251 84.43037780588165 379
1725351660276 84.27481455674867 380
1725351660309 84.1195841772327 381
1725351660335 83.96468590764127 382
1725351660366 83.81011899009766 383
1725351660399 83.65588266853656 384
1725351660433 83.50197618869932 385
1725351660465 83.34839879812964 386
1725351660496 83.19514974616892 387
1725351660523 83.04222828395203 388
1725351660549 82.8896336644026 389
1725351660570 82.73736514222868 390
1725351660590 82.58542197391833 391
1725351660612 82.43380341773515 392
1725351660631 82.28250873371385 393
1725351660650 82.13153718365592 394
1725351660670 81.98088803112516 395
1725351660691 81.83056054144333 396
1725351660715 81.68055398168583 397
1725351660740 81.53086762067723 398
1725351660765 81.38150072898704 399
1725351660788 81.2324525789253 400
1725351660812 81.0837224445383 401
1725351660844 80.93530960160427 402
1725351660876 80.78721332762903 403
1725351660900 80.63943290184173 404
1725351660930 80.49196760519058 405
1725351660964 80.34481672033861 406
1725351660985 80.19797953165931 407
1725351661006 80.0514553252325 408
1725351661026 79.90524338884006 409
1725351661044 79.75934301196169 410
1725351661066 79.61375348577069 411
1725351661088 79.46847410312976 412
1725351661106 79.3235041585869 413
1725351661127 79.17884294837101 414
1725351661147 79.03448977038803 415
1725351661167 78.89044392421656 416
1725351661187 78.74670471110367 417
1725351661221 78.603271433961 418
1725351661244 78.46014339736045 419
1725351661266 78.3173199075301 420
1725351661296 78.17480027235014 421
1725351661319 78.03258380134876 422
1725351661348 77.89066980569805 423
1725351661370 77.74905759820992 424
1725351661394 77.60774649333209 425
1725351661419 77.46673580714402 426
1725351661439 77.32602485735288 427
1725351661466 77.1856129632894 428
1725351661488 77.045499445904 429
1725351661508 76.9056836277628 430
1725351661529 76.76616483304343 431
1725351661554 76.62694238753126 432
1725351661573 76.48801561861521 433
1725351661592 76.34938385528403 434
1725351661610 76.2110464281221 435
1725351661632 76.07300266930564 436
1725351661649 75.93525191259873 437
1725351661668 75.7977934933493 438
1725351661686 75.66062674848537 439
1725351661705 75.52375101651103 440
1725351661730 75.38716563750258 441
1725351661757 75.25086995310458 442
1725351661785 75.11486330652619 443
1725351661809 74.9791450425369 444
1725351661831 74.8437145074631 445
1725351661849 74.70857104918406 446
1725351661867 74.57371401712791 447
1725351661886 74.43914276226818 448
1725351661903 74.30485663711966 449
1725351661922 74.1708549957348 450
1725351661939 74.03713719369973 451
1725351661958 73.90370258813076 452
1725351661982 73.7705505376702 453
1725351662002 73.63768040248297 454
1725351662016 73.5050915442526 455
1725351662039 73.37278332617763 456
1725351662063 73.24075511296769 457
1725351662084 73.10900627084007 458
1725351662103 72.97753616751564 459
1725351662121 72.84634417221535 460
1725351662145 72.71542965565662 461
1725351662170 72.58479199004933 462
1725351662191 72.45443054909245 463
1725351662223 72.32434470797027 464
1725351662243 72.19453384334868 465
1725351662262 72.06499733337155 466
1725351662280 71.93573455765703 467
1725351662300 71.80674489729411 468
1725351662319 71.67802773483876 469
1725351662346 71.54958245431044 470
1725351662371 71.42140844118846 471
1725351662400 71.29350508240844 472
1725351662419 71.16587176635858 473
1725351662439 71.03850788287627 474
1725351662460 70.91141282324439 475
1725351662479 70.78458598018776 476
1725351662498 70.65802674786961 477
1725351662516 70.53173452188808 478
1725351662535 70.40570869927262 479
1725351662554 70.27994867848058 480
1725351662573 70.15445385939341 481
1725351662588 70.02922364331359 482
1725351662609 69.90425743296068 483
1725351662628 69.77955463246825 484
1725351662646 69.65511464738009 485
1725351662670 69.53093688464679 486
1725351662689 69.40702075262251 487
1725351662717 69.28336566106123 488
1725351662738 69.1599710211134 489
1725351662757 69.03683624532269 490
1725351662774 68.91396074762226 491
1725351662791 68.79134394333161 492
1725351662809 68.66898524915298 493
1725351662829 68.5468840831681 494
1725351662852 68.42503986483464 495
1725351662872 68.30345201498298 496
1725351662889 68.18211995581278 497
1725351662912 68.06104311088954 498
1725351662940 67.94022090514143 499
