1725395259004 80.36292347451347 0
1725395259083 25.621833846700458 1
1725395259159 15.860378914003176 2
1725395259229 4.117977766365857 3
1725395259301 0.7542510603576456 4
1725395259367 1.8592931263124661 5
1725395259439 0.5242511392072937 6
1725395259507 0.8308983155762971 7
1725395259578 0.224995085827428 8
1725395259647 0.5110634609261341 9
1725395259711 0.15384581789151575 10
1725395259781 0.031031556096141152 11
1725395259854 0.011320772251489449 12
1725395259933 0.234105863138378 13
1725395260003 0.03245937832403469 14
1725395260075 0.19422396554698992 15
1725395260149 0.009134569751683088 16
1725395260226 0.2633884504160741 17
1725395260292 0.00493227257953172 18
1725395260357 0.0024404288515126357 19
1725395260426 0.3834417801722287 20
1725395260495 0.029554072682082287 21
1725395260564 0.2637632658355691 22
1725395260633 0.002291108013168302 23
1725395260717 0.14969577220041785 24
1725395260792 0.0019342459301108907 25
1725395260905 0.030479818975436238 26
1725395260971 0.27228820608721976 27
1725395261035 0.2782563665254979 28
1725395261107 0.0490470347419234 29
1725395261178 0.003920411584932879 30
1725395261253 0.2808413868723486 31
1725395261326 0.35897454622318153 32
1725395261398 0.7508264072275329 33
1725395261474 0.320876143480433 34
1725395261551 0.037634349536487276 35
1725395261633 0.10325505718198161 36
1725395261705 0.06855299074112761 37
1725395261774 0.0651025842489348 38
1725395261841 0.0897635845971234 39
1725395261905 0.055002049979736144 40
1725395261979 0.0008843851043207278 41
1725395262043 0.003753158361013637 42
1725395262114 0.05322594604630162 43
1725395262189 0.0016442460090243893 44
1725395262261 0.5573371974900111 45
1725395262321 0.09897734932035891 46
1725395262392 0.000417916831334993 47
1725395262453 0.05505655552438656 48
1725395262516 0.30242466564139014 49
1725395262592 0.00789660675901473 50
1725395262676 0.002474276581859283 51
