1725401092619 164.41443457022416 0
1725401092646 165.4863811422315 1
1725401092677 161.00190492324708 2
1725401092709 152.21877787411117 3
1725401092740 150.3421379797069 4
1725401092780 141.80875728347849 5
1725401092805 147.2521002113293 6
1725401092836 143.77027531046676 7
1725401092870 143.3642571413977 8
1725401092899 141.38806812239318 9
1725401092931 137.29963870244148 10
1725401092975 136.24515161875934 11
1725401093004 133.0771710545117 12
1725401093035 134.15775769412383 13
1725401093061 130.08352699476052 14
1725401093091 127.7576866799635 15
1725401093121 121.62972208330531 16
1725401093153 115.85530945141417 17
1725401093185 120.2063512206439 18
1725401093217 119.80162684004584 19
1725401093248 111.97848104820778 20
1725401093279 115.61385962570237 21
1725401093310 108.55686998253715 22
1725401093341 109.29092747092169 23
1725401093376 109.948019438226 24
1725401093404 104.97373793078859 25
1725401093432 102.25212267625805 26
1725401093468 99.95082745825188 27
1725401093499 101.9689508235096 28
1725401093529 98.6019248405712 29
1725401093560 91.73430933087127 30
1725401093592 92.07400502320208 31
1725401093622 93.79702221771005 32
1725401093660 95.46827315995228 33
1725401093692 89.48707111401582 34
1725401093722 88.44212916549053 35
1725401093755 87.5041344319618 36
1725401093785 83.66014287547374 37
1725401093817 83.22717127863463 38
1725401093847 85.03178550832084 39
1725401093873 80.00508479059397 40
1725401093904 78.84304169073927 41
1725401093934 77.55722687926435 42
1725401093966 75.82935679666002 43
1725401094000 77.65157518742352 44
1725401094031 72.1526332177529 45
1725401094061 71.5931738412068 46
1725401094092 71.07501413301354 47
1725401094123 69.16118497158408 48
1725401094147 67.57408605470525 49
1725401094175 69.8721549078495 50
1725401094209 64.68419754102652 51
1725401094240 67.20431283790172 52
1725401094270 66.36558813011584 53
1725401094305 62.02328786448245 54
1725401094378 61.23046623025272 55
1725401094396 59.76246839245371 56
1725401094416 60.325648400693275 57
1725401094436 60.198303688852384 58
1725401094450 56.53462874529096 59
1725401094481 56.25926403178097 60
1725401094512 56.37664678552753 61
1725401094543 53.910920233069774 62
1725401094573 50.80076686625527 63
1725401094603 52.02584256150225 64
1725401094634 50.569414081688116 65
1725401094664 48.794476670432815 66
1725401094698 50.39549628039607 67
1725401094729 48.22813061932994 68
1725401094760 47.411814836699065 69
1725401094789 46.015652204242585 70
1725401094821 47.52120527475847 71
1725401094853 45.592845271416614 72
1725401094884 44.38933352177689 73
1725401094914 45.63080681735851 74
1725401094944 41.70247649992106 75
1725401094976 42.083001766276034 76
1725401095008 42.33894550655388 77
1725401095039 40.871821332982975 78
1725401095064 41.36346571330985 79
1725401095096 38.93200768288313 80
1725401095128 37.58758250107092 81
1725401095164 37.31942950586684 82
1725401095196 37.42736971294729 83
1725401095225 35.68915351293461 84
1725401095259 34.995501425987044 85
1725401095290 35.64542634227797 86
1725401095320 33.877791580595265 87
1725401095351 34.58194941319439 88
1725401095384 33.85167300837962 89
1725401095412 31.819490046915952 90
1725401095443 31.447815306061653 91
1725401095474 31.32686224926758 92
1725401095505 30.62832984528365 93
1725401095536 30.86641390130013 94
1725401095566 30.36443141840415 95
1725401095597 28.510483051992463 96
1725401095627 28.32048593500951 97
1725401095657 29.04128198065125 98
1725401095685 27.98705265539212 99
1725401095717 26.100274131800234 100
1725401095747 27.063637417947763 101
1725401095780 25.560043742236196 102
1725401095809 26.55144365971666 103
1725401095841 25.69737800745502 104
1725401095871 24.126161797391337 105
1725401095900 23.8324722692773 106
1725401095922 23.901803578648014 107
1725401095951 22.906860929997663 108
1725401095977 22.40768596952653 109
1725401096009 23.412639290905254 110
1725401096043 21.89208458392709 111
1725401096073 21.07972819390323 112
1725401096104 20.432545235012352 113
1725401096135 21.512709608920755 114
1725401096167 20.445070886382666 115
1725401096200 20.17444490954419 116
1725401096227 19.751204977299427 117
1725401096257 20.462933575420603 118
1725401096284 19.05225452981943 119
1725401096310 18.676565962480783 120
1725401096337 18.174911794480185 121
1725401096366 19.24613146286226 122
1725401096407 17.95382301717954 123
1725401096440 17.974609076502716 124
1725401096467 17.344374447215614 125
1725401096502 16.659141899029347 126
1725401096532 16.94207003092276 127
1725401096562 16.48172631997969 128
1725401096590 15.897185021003995 129
1725401096622 15.755202518654054 130
1725401096654 14.828564460996265 131
1725401096686 15.538074604523874 132
1725401096718 15.875249701542945 133
1725401096746 15.168133637654407 134
1725401096777 14.400976979460468 135
1725401096808 14.541520321637192 136
1725401096838 13.701231277708338 137
1725401096869 14.158503279137957 138
1725401096900 13.103372072451785 139
1725401096930 13.342410360171508 140
1725401096961 13.203298975402928 141
1725401096993 13.287561086931214 142
1725401097023 13.2815087924253 143
1725401097054 11.7087137955504 144
1725401097082 12.30794166892474 145
1725401097108 11.645430024172471 146
1725401097136 11.915145071523428 147
1725401097167 12.017638476455941 148
1725401097198 11.823588648223692 149
1725401097228 10.824928875675493 150
1725401097258 10.284084448099172 151
1725401097289 10.73728618624654 152
1725401097319 10.417520851715116 153
1725401097353 10.72322664328103 154
1725401097378 9.565517434090363 155
1725401097420 9.619565262121366 156
1725401097451 9.74174273415209 157
1725401097482 9.288219025044466 158
1725401097512 8.957251878992695 159
1725401097542 9.119420003982171 160
1725401097572 8.712585904302088 161
1725401097603 8.983446275361674 162
1725401097634 9.465041717973444 163
1725401097666 8.745447119304805 164
1725401097698 8.718918245425236 165
1725401097738 9.542436006004502 166
1725401097769 7.829952157329303 167
1725401097799 8.547533229872778 168
1725401097836 7.797873461579339 169
1725401097862 7.5946444547144605 170
1725401097895 7.9284606509866595 171
1725401097925 7.58923935130311 172
1725401097956 7.295598708872419 173
1725401097984 7.025100488556489 174
1725401098015 7.840027344508272 175
1725401098045 7.257940090285957 176
1725401098076 7.262470885442631 177
1725401098105 7.088403401654046 178
1725401098135 6.277702018552753 179
1725401098166 6.68726511568895 180
1725401098201 6.3666989704585415 181
1725401098231 5.862929186685347 182
1725401098256 6.226883875412231 183
1725401098283 6.249222957530041 184
1725401098313 6.071297602122792 185
1725401098343 5.9229855058777225 186
1725401098374 6.230579946229712 187
1725401098406 5.775379492498967 188
1725401098436 5.65570469619692 189
1725401098473 5.671411354352975 190
1725401098498 5.33814847669649 191
1725401098529 5.586239944877001 192
1725401098559 4.756565413234802 193
1725401098589 4.981991795476593 194
1725401098618 5.178437218520276 195
1725401098648 5.065694842179792 196
1725401098679 5.0738522728004085 197
1725401098709 4.697884900795345 198
1725401098743 4.639979847441903 199
1725401098773 4.660764546459978 200
1725401098811 4.349965554785672 201
1725401098843 4.158526039832244 202
1725401098875 4.1575064354963365 203
1725401098905 4.330053862778318 204
1725401098936 4.173418661562311 205
1725401098965 4.185967552767598 206
1725401099001 4.086354958679129 207
1725401099033 3.9373281614081566 208
1725401099064 4.002475518528596 209
1725401099094 3.8985665738898723 210
1725401099125 3.8858323821910115 211
1725401099155 3.5494070406427025 212
1725401099186 3.991350098870183 213
1725401099218 3.955781421597907 214
1725401099251 3.4078436598536705 215
1725401099281 3.734068490646172 216
1725401099313 3.3804417095977644 217
1725401099345 3.235491483304499 218
1725401099373 3.1773253874492133 219
1725401099410 3.2934479123336504 220
1725401099442 3.192259544385346 221
1725401099468 3.328774871230751 222
1725401099497 3.202403435429213 223
1725401099528 3.3936009745980806 224
1725401099558 3.3735231526442653 225
1725401099588 2.8934729513933393 226
1725401099618 2.823242190878195 227
1725401099648 2.9179408641044833 228
1725401099679 2.772199265125289 229
1725401099708 2.639065960217054 230
1725401099740 2.7285630964592165 231
1725401099770 2.4362775490912894 232
1725401099800 2.3184208226352014 233
1725401099829 2.5190307362983426 234
1725401099858 2.4755728064762654 235
1725401099881 2.481103658348195 236
1725401099913 2.4507857966526116 237
1725401099944 2.3278797228821704 238
1725401099975 2.4744288497436564 239
1725401100009 2.4516181566685606 240
1725401100049 2.436788261487369 241
1725401100078 2.367581660674295 242
1725401100109 1.9921916600981255 243
1725401100139 2.0249898475130985 244
1725401100169 2.0629958368167225 245
1725401100200 2.146582757908877 246
1725401100228 2.3181034152019087 247
1725401100259 2.0856464816684617 248
1725401100290 1.7342971333016177 249
1725401100320 1.9796899551798195 250
1725401100350 1.9871893640028373 251
1725401100379 1.922250846758804 252
1725401100414 1.6331054891093904 253
1725401100441 1.6346075973794472 254
1725401100470 1.8036468172099518 255
1725401100496 1.8044742137556478 256
1725401100527 1.6454322516135773 257
1725401100556 1.6774318050852979 258
1725401100588 1.709389668019744 259
1725401100619 1.5054509610542721 260
1725401100651 1.7215147279373093 261
1725401100679 1.3570463866319584 262
1725401100701 1.5518662173849163 263
1725401100723 1.518021015768092 264
1725401100755 1.6403952021462522 265
1725401100785 1.5890695545196878 266
1725401100817 1.3398673440831128 267
1725401100848 1.6507012969395507 268
1725401100878 1.313535948151764 269
1725401100909 1.2766745900282779 270
1725401100941 1.3313540057350552 271
1725401100969 1.183435641515763 272
1725401100999 1.2691856764394975 273
1725401101029 1.2176323303054473 274
1725401101063 1.3446604000441151 275
1725401101094 1.1786902202674459 276
1725401101124 1.1324983169209832 277
1725401101154 1.171119119099604 278
1725401101185 1.1232599997268529 279
1725401101216 1.259371423593771 280
1725401101247 1.3734157832134941 281
1725401101280 1.3211031409505904 282
1725401101311 1.0848812302845923 283
1725401101342 1.2200590249126093 284
1725401101374 1.0074981108727559 285
1725401101407 1.066210033182579 286
1725401101438 1.037764594897085 287
1725401101463 0.9172570764830545 288
1725401101490 1.037789380949621 289
1725401101520 1.1468513465891321 290
1725401101551 0.9439340254366904 291
1725401101584 1.0506901559619404 292
1725401101614 0.8571175281673785 293
1725401101646 0.9162548813087871 294
1725401101679 0.9856087043618489 295
1725401101709 0.945169409232 296
1725401101741 0.8622039352568144 297
1725401101773 0.7693406963832753 298
1725401101802 0.969251147918064 299
1725401101833 0.7940439127781757 300
1725401101866 0.8250408472083333 301
1725401101896 0.7515789059843725 302
1725401101927 0.8338665020759534 303
1725401101959 0.805487007519666 304
1725401101989 0.7098980925855634 305
1725401102020 0.7281483018197383 306
1725401102051 0.622263180028116 307
1725401102081 0.6981810959827046 308
1725401102113 0.634805640019064 309
1725401102145 0.7924151152641018 310
1725401102177 0.6966499020107126 311
1725401102209 0.6070922159554077 312
1725401102238 0.6776993175611489 313
1725401102262 0.5683309860825254 314
1725401102293 0.792983243109789 315
1725401102324 0.6466059423978625 316
1725401102355 0.7283933116958227 317
1725401102387 0.6083895822260738 318
1725401102418 0.6130611127344697 319
1725401102459 0.6184880852461476 320
1725401102489 0.6066633497022744 321
1725401102519 0.6298772870030598 322
1725401102549 0.5979821624342047 323
1725401102579 0.5973591506553919 324
1725401102611 0.52633630364839 325
1725401102646 0.4838285604871005 326
1725401102673 0.5774387204489146 327
1725401102706 0.5670765504809939 328
1725401102739 0.5448856822663797 329
1725401102770 0.7194909854631997 330
1725401102801 0.587274747472451 331
1725401102833 0.5369772196695904 332
1725401102867 0.5495694267254347 333
1725401102899 0.4095426200155575 334
1725401102932 0.5195267867017279 335
1725401102963 0.5051558783184228 336
1725401102997 0.40026850920566664 337
1725401103028 0.5016757300829604 338
1725401103061 0.553432605161877 339
1725401103093 0.374897223697645 340
1725401103126 0.4843447191276787 341
1725401103165 0.4103151430520616 342
1725401103189 0.32537385365026755 343
1725401103216 0.49493692985458315 344
1725401103250 0.44248709496293287 345
1725401103278 0.4843095874641815 346
1725401103309 0.3769939763664836 347
1725401103341 0.3599276743250084 348
1725401103370 0.353041732950652 349
1725401103400 0.42024612194209154 350
1725401103440 0.35680594535996135 351
1725401103472 0.3771295467295397 352
1725401103502 0.440449267652412 353
1725401103534 0.47613803622477074 354
1725401103561 0.44242817328521566 355
1725401103590 0.3413436347187772 356
1725401103621 0.33322416232971797 357
1725401103651 0.2945212386428335 358
1725401103681 0.38689621566012533 359
1725401103707 0.2861319865215629 360
1725401103736 0.32563623400903596 361
1725401103763 0.2616676246078811 362
1725401103791 0.3349083427578676 363
1725401103823 0.2396246781397807 364
1725401103847 0.32527630337345736 365
1725401103877 0.3766321473354074 366
1725401103909 0.3443268751060614 367
1725401103940 0.3061545385397703 368
1725401103970 0.33281342632762495 369
1725401104000 0.3718334395400061 370
1725401104025 0.2696952598413724 371
1725401104053 0.29254584829552477 372
1725401104084 0.27129816203628726 373
1725401104116 0.36438120764352944 374
1725401104146 0.3518991847222697 375
1725401104176 0.34317184606398954 376
1725401104207 0.21671130750836945 377
1725401104238 0.31623018912233336 378
1725401104269 0.1909237246407689 379
1725401104300 0.23324427350598803 380
1725401104330 0.22594698843614072 381
1725401104360 0.27720516375246806 382
1725401104391 0.2246787065470987 383
1725401104422 0.30173094815582413 384
1725401104455 0.2305291122582589 385
1725401104485 0.21903392489458018 386
1725401104518 0.23283759025502285 387
1725401104550 0.20631999875738538 388
1725401104579 0.2614106584301577 389
1725401104610 0.2100864009207252 390
1725401104641 0.23812451080588126 391
1725401104671 0.2545995580116262 392
1725401104702 0.24988780774406502 393
1725401104731 0.25104457743685527 394
1725401104759 0.254297129910621 395
1725401104789 0.20760627478992172 396
1725401104823 0.23531866737815382 397
1725401104862 0.21342615590149458 398
1725401104893 0.17332439638410418 399
1725401104923 0.22430406519078222 400
1725401104953 0.17747528100409424 401
1725401104984 0.21700657167768114 402
1725401105013 0.2425678317820858 403
1725401105046 0.18260583859711632 404
1725401105077 0.14966556210506587 405
1725401105107 0.24936067057115519 406
1725401105139 0.15594493300913592 407
1725401105168 0.18197451601038825 408
1725401105198 0.17408234811839776 409
1725401105230 0.1724414909626915 410
1725401105261 0.13119890904418968 411
1725401105288 0.19399103381351365 412
1725401105311 0.27407651229396734 413
1725401105339 0.1442603862557031 414
1725401105365 0.1447260904174113 415
1725401105392 0.18123172054552633 416
1725401105423 0.17253348380710784 417
1725401105463 0.1683883962051121 418
1725401105493 0.1739885221315457 419
1725401105523 0.146027960929455 420
1725401105555 0.08747665015348441 421
1725401105585 0.1875843416716356 422
1725401105616 0.12534246767504897 423
1725401105646 0.19446188046001298 424
1725401105676 0.09718844802755898 425
1725401105705 0.1517617321570761 426
1725401105735 0.13413353545798146 427
1725401105766 0.1353751864849655 428
1725401105798 0.1398848011722078 429
1725401105829 0.1300112398636022 430
1725401105862 0.12275187900525321 431
1725401105891 0.10677687685199704 432
1725401105923 0.12320432754104353 433
1725401105953 0.1325264723991491 434
1725401105981 0.17315031450149537 435
1725401106009 0.1401460670112035 436
1725401106040 0.17071474542499235 437
1725401106073 0.10891254332239128 438
1725401106105 0.1979175507200342 439
1725401106136 0.11260037209141073 440
1725401106167 0.1832682585861829 441
1725401106197 0.173806416426328 442
1725401106226 0.18755331357737007 443
1725401106255 0.12269444563045626 444
1725401106286 0.1198211512972344 445
1725401106318 0.16447303988883472 446
1725401106350 0.09817191072997852 447
1725401106381 0.1093576948909949 448
1725401106409 0.12150258516093095 449
1725401106440 0.14876011609038112 450
1725401106473 0.1295157628707906 451
1725401106500 0.10093207221850468 452
1725401106536 0.11827672394998362 453
1725401106566 0.15976083321600687 454
1725401106597 0.16386696240522017 455
1725401106629 0.1256043126355316 456
1725401106659 0.15098775139542314 457
1725401106689 0.08149720080235241 458
1725401106718 0.16922523146903204 459
1725401106749 0.14183018811550743 460
1725401106779 0.16793362293781036 461
1725401106810 0.13464510336784913 462
1725401106844 0.11888671278527273 463
1725401106875 0.10819077286247726 464
1725401106906 0.10584015761123602 465
1725401106937 0.08354929072076166 466
1725401106969 0.09930930250977485 467
1725401107000 0.13621768535988912 468
1725401107031 0.08113062191203077 469
1725401107065 0.11092562908429286 470
1725401107096 0.10977053075067346 471
1725401107128 0.08476239503403296 472
1725401107160 0.13543572198620682 473
1725401107191 0.10911435943607203 474
1725401107222 0.09467183556726023 475
1725401107248 0.09431671832315783 476
1725401107306 0.12084280787633195 477
1725401107330 0.11884956454625599 478
1725401107359 0.16709270796860182 479
1725401107390 0.12539481979951514 480
1725401107420 0.15440857825776405 481
1725401107453 0.13523702377719968 482
1725401107487 0.15824444264597198 483
1725401107519 0.09708316161837324 484
1725401107548 0.1038531330021267 485
1725401107579 0.1155627517871458 486
1725401107613 0.09613502299223257 487
1725401107644 0.1327979240408987 488
1725401107675 0.09410099256315847 489
1725401107708 0.15504382032021435 490
1725401107737 0.09009582238256762 491
1725401107769 0.07458322524018153 492
1725401107799 0.14166685342190952 493
1725401107830 0.09640163168132053 494
1725401107860 0.09882497868583895 495
1725401107889 0.07820593149930136 496
1725401107922 0.11945041118264155 497
1725401107950 0.09812104559865467 498
1725401107985 0.10608084357486008 499
