1725353310946 168.7980120451159 0
1725353310970 165.43479672086713 1
1725353310995 162.17098512897383 2
1725353311021 158.97082709170715 3
1725353311042 155.83458968037303 4
1725353311061 152.76034342832398 5
1725353311079 149.74735755751152 6
1725353311097 146.79434143958593 7
1725353311118 143.89961671840328 8
1725353311138 141.06272499646218 9
1725353311162 138.2816035345104 10
1725353311181 135.55611942637609 11
1725353311199 132.88417480048508 12
1725353311218 130.26529365062135 13
1725353311237 127.69876926423576 14
1725353311265 125.18316913273628 15
1725353311287 122.71701778422863 16
1725353311308 120.29994342358508 17
1725353311330 117.93050718094311 18
1725353311354 115.60819645044788 19
1725353311375 113.33228788267816 20
1725353311399 111.10124375961509 21
1725353311420 108.91467490097378 22
1725353311441 106.77076676672574 23
1725353311461 104.66964592791741 24
1725353311483 102.61061768177105 25
1725353311506 100.59195419259575 26
1725353311526 98.61337757718358 27
1725353311544 96.67362013624785 28
1725353311563 94.77288104159489 29
1725353311581 92.909812690517 30
1725353311601 91.08330749326292 31
1725353311619 89.29271112382197 32
1725353311637 87.53830534815506 33
1725353311657 85.81826483574193 34
1725353311676 84.13227815603965 35
1725353311696 82.48008398374787 36
1725353311718 80.86004795762209 37
1725353311737 79.27201097211463 38
1725353311759 77.7156933042067 39
1725353311781 76.19052219399775 40
1725353311800 74.6948627122342 41
1725353311822 73.22884127461879 42
1725353311842 71.79231413726849 43
1725353311862 70.38450279742123 44
1725353311883 69.00371853252673 45
1725353311904 67.65043652857096 46
1725353311924 66.32436173827423 47
1725353311944 65.02440275779746 48
1725353311964 63.75014255986134 49
1725353311986 62.50098281918797 50
1725353312007 61.2761945836116 51
1725353312027 60.07565628728421 52
1725353312048 58.89903816911607 53
1725353312066 57.74602137526076 54
1725353312086 56.61567693826568 55
1725353312104 55.507394676625275 56
1725353312121 54.42122638640415 57
1725353312138 53.35665962996059 58
1725353312158 52.31321800767578 59
1725353312181 51.2896337928577 60
1725353312198 50.28688226650604 61
1725353312218 49.304058364629775 62
1725353312235 48.340548189517854 63
1725353312253 47.395814489359 64
1725353312283 46.46996429325796 65
1725353312306 45.56225800264005 66
1725353312329 44.67236726735633 67
1725353312383 43.80042642642252 68
1725353312399 42.9457642826636 69
1725353312416 42.10750216376622 70
1725353312433 41.28614426510021 71
1725353312453 40.48105358498137 72
1725353312471 39.691607384069435 73
1725353312491 38.91796522977863 74
1725353312509 38.15931315957399 75
1725353312529 37.41604102410376 76
1725353312550 36.68738436611122 77
1725353312573 35.972797873645234 78
1725353312592 35.27212786020952 79
1725353312612 34.58559661725749 80
1725353312631 33.91273277945071 81
1725353312651 33.25284407758366 82
1725353312671 32.60639249944309 83
1725353312691 31.971931198166402 84
1725353312710 31.35076411035774 85
1725353312730 30.74165524242419 86
1725353312749 30.14444281655396 87
1725353312768 29.559575872122476 88
1725353312787 28.98481322663829 89
1725353312807 28.422504707292713 90
1725353312826 27.871477197797294 91
1725353312843 27.33058254570351 92
1725353312866 26.80034613267552 93
1725353312884 26.281291196753966 94
1725353312905 25.771955517274368 95
1725353312931 25.27250174489095 96
1725353312964 24.78374096000018 97
1725353312986 24.30330935739528 98
1725353313008 23.83308417957461 99
1725353313025 23.37166635886867 100
1725353313044 22.919956153042932 101
1725353313062 22.476321542414862 102
1725353313082 22.041603380102664 103
1725353313100 21.616052077895404 104
1725353313119 21.19876291485257 105
1725353313138 20.789089684996682 106
1725353313158 20.388093237322664 107
1725353313178 19.994717523583933 108
1725353313198 19.60866895315927 109
1725353313224 19.230900072957674 110
1725353313244 18.860460555199737 111
1725353313262 18.49675966742793 112
1725353313294 18.140649148426412 113
1725353313312 17.790726027944316 114
1725353313330 17.448378237405205 115
1725353313352 17.11301975829791 116
1725353313371 16.783534736056946 117
1725353313390 16.461259050906897 118
1725353313410 16.145534076599684 119
1725353313427 15.835437029107576 120
1725353313447 15.531009235561832 121
1725353313465 15.2327107713717 122
1725353313483 14.940774204338544 123
1725353313500 14.654312634021826 124
1725353313520 14.373555495989597 125
1725353313539 14.097799887358512 126
1725353313558 13.827951460733452 127
1725353313576 13.563620175115618 128
1725353313595 13.303968906308231 129
1725353313614 13.04933286195603 130
1725353313634 12.800067533134177 131
1725353313652 12.555758242000671 132
1725353313672 12.315816853310677 133
1725353313692 12.081509019667639 134
1725353313711 11.850810335791873 135
1725353313730 11.624766247792609 136
1725353313750 11.40335952324684 137
1725353313770 11.186239570124382 138
1725353313788 10.973905683108638 139
1725353313812 10.764699148216316 140
1725353313839 10.559968548829108 141
1725353313856 10.359665320566943 142
1725353313876 10.163040699139668 143
1725353313895 9.970046601267077 144
1725353313913 9.780921215306757 145
1725353313932 9.59573611062249 146
1725353313949 9.41430399502721 147
1725353313968 9.23613599654764 148
1725353313986 9.06073280281977 149
1725353314004 8.889493671427685 150
1725353314023 8.72161329291833 151
1725353314043 8.55710888061519 152
1725353314066 8.395455997339631 153
1725353314084 8.236977421900894 154
1725353314104 8.082328538510268 155
1725353314124 7.930204650231165 156
1725353314143 7.780656137859647 157
1725353314162 7.634585003748551 158
1725353314184 7.4910093562179805 159
1725353314204 7.3503501011354615 160
1725353314222 7.2126054518414415 161
1725353314243 7.077561881661917 162
1725353314261 6.944598929581699 163
1725353314279 6.814729393555205 164
1725353314315 6.687516465242526 165
1725353314334 6.5622818008265895 166
1725353314352 6.439647258157882 167
1725353314372 6.31962164009889 168
1725353314406 6.201615612706456 169
1725353314441 6.086284298174451 170
1725353314464 5.973125477474107 171
1725353314480 5.8617045092677635 172
1725353314500 5.752834230999969 173
1725353314529 5.6463537857059185 174
1725353314552 5.541182234985279 175
1725353314576 5.43843784693506 176
1725353314595 5.338383538247164 177
1725353314613 5.23893648021528 178
1725353314632 5.141860354134829 179
1725353314658 5.047207040479075 180
1725353314681 4.954094797254134 181
1725353314703 4.86317173386736 182
1725353314741 4.77319710993739 183
1725353314762 4.685089243230537 184
1725353314780 4.599340015352874 185
1725353314802 4.514945851110092 186
1725353314830 4.432690335838029 187
1725353314849 4.351482520146178 188
1725353314874 4.2712582292264685 189
1725353314895 4.193447399453871 190
1725353314915 4.117255701148272 191
1725353314934 4.041700262720253 192
1725353314952 3.968170052547674 193
1725353314974 3.8960829849278196 194
1725353314991 3.8249096806545864 195
1725353315010 3.7558485010463585 196
1725353315029 3.687435141334181 197
1725353315049 3.620586554915869 198
1725353315074 3.555176042744938 199
1725353315093 3.490967209217024 200
1725353315112 3.4276713785392863 201
1725353315132 3.3655987999990207 202
1725353315151 3.3053502562016086 203
1725353315170 3.246191263840699 204
1725353315188 3.187664346054596 205
1725353315206 3.1305959449549725 206
1725353315223 3.0745315333510925 207
1725353315241 3.019297995681184 208
1725353315258 2.965820964039204 209
1725353315276 2.9126306037751037 210
1725353315290 2.8610123356643085 211
1725353315323 2.81048351140419 212
1725353315343 2.7600571065352364 213
1725353315362 2.710835808156608 214
1725353315382 2.6631158148254888 215
1725353315401 2.616001140033432 216
1725353315419 2.569326903909034 217
1725353315436 2.5242465605909055 218
1725353315454 2.479791324458843 219
1725353315474 2.4364017853935342 220
1725353315492 2.39398482132145 221
1725353315510 2.3520027375562793 222
1725353315528 2.310692998112221 223
1725353315548 2.2706126330077763 224
1725353315570 2.2311144503575 225
1725353315589 2.1920273315598693 226
1725353315611 2.154207097423782 227
1725353315639 2.117148363716101 228
1725353315657 2.080311526028367 229
1725353315675 2.0444605642737237 230
1725353315694 2.009097208623818 231
1725353315715 1.9745435767170905 232
1725353315734 1.940777284024188 233
1725353315753 1.9078358742905728 234
1725353315776 1.8748529177227315 235
1725353315795 1.843175276125877 236
1725353315816 1.8114046698864448 237
1725353315836 1.7811721456524763 238
1725353315856 1.7511870186526024 239
1725353315875 1.7211184075327688 240
1725353315891 1.6921135929222222 241
1725353315911 1.6638097429641507 242
1725353315932 1.6360451609363786 243
1725353315951 1.608489892718783 244
1725353315975 1.5815366026676838 245
1725353315991 1.5549653974944813 246
1725353316010 1.5291741018371676 247
1725353316030 1.503689489053562 248
1725353316049 1.4790711469771132 249
1725353316078 1.4549595305989815 250
1725353316098 1.4303260596863896 251
1725353316118 1.4070156415761967 252
1725353316138 1.3839490733367485 253
1725353316155 1.3614985813632954 254
1725353316172 1.3389166539271156 255
1725353316193 1.3167525641238305 256
1725353316212 1.2956236010546538 257
1725353316232 1.2746132965795212 258
1725353316251 1.2539017690094576 259
1725353316269 1.2337249962342758 260
1725353316295 1.2135427879168488 261
1725353316314 1.1941809259295484 262
1725353316346 1.1755026276486051 263
1725353316368 1.1566356673122966 264
1725353316390 1.1384420254316374 265
1725353316408 1.120417500661954 266
1725353316427 1.1027769046616895 267
1725353316447 1.0855488767155062 268
1725353316468 1.06826453484774 269
1725353316490 1.0511639133383845 270
1725353316509 1.0350827633927993 271
1725353316529 1.0190697356766112 272
1725353316548 1.0032678004914362 273
1725353316566 0.9875854655890353 274
1725353316585 0.9731145797351886 275
1725353316604 0.9573713040966554 276
1725353316624 0.9428406843369049 277
1725353316642 0.9287739316365227 278
1725353316660 0.9147282893558967 279
1725353316682 0.9010025598750122 280
1725353316700 0.8871894530747914 281
1725353316721 0.873986768123428 282
1725353316742 0.860410647051832 283
1725353316762 0.8479226295265455 284
1725353316782 0.8354061209251169 285
1725353316800 0.8232740308039275 286
1725353316819 0.8109691335497228 287
1725353316838 0.7990769380462985 288
1725353316857 0.7872494773080394 289
1725353316876 0.7756925073205831 290
1725353316895 0.7645405089283895 291
1725353316914 0.7528320961492929 292
1725353316939 0.7422070143704145 293
1725353316959 0.7321394205331113 294
1725353316978 0.7215443412218161 295
1725353316997 0.7112379119930297 296
1725353317016 0.701121786887252 297
1725353317038 0.6912912140766869 298
1725353317057 0.6817644642924376 299
1725353317076 0.6722306389181467 300
1725353317095 0.6629327639863026 301
1725353317115 0.6535956180428837 302
1725353317132 0.6448331475892752 303
1725353317151 0.6356390188760582 304
1725353317174 0.6272452850616381 305
1725353317193 0.6188744917075785 306
1725353317212 0.6104185769697895 307
1725353317231 0.6024203974298984 308
1725353317250 0.5944040000538556 309
1725353317269 0.5861396870001858 310
1725353317288 0.578785278421269 311
1725353317306 0.5707887086561332 312
1725353317324 0.5629803656699246 313
1725353317359 0.5560974975704277 314
1725353317376 0.5494569932011547 315
1725353317395 0.5416050899948944 316
1725353317413 0.534906822833787 317
1725353317431 0.5284761659053321 318
1725353317452 0.5210421293675912 319
1725353317470 0.5147200967229939 320
1725353317491 0.5085098404825962 321
1725353317512 0.5014669270252676 322
1725353317531 0.49549602246997204 323
1725353317550 0.48942073784269113 324
1725353317568 0.48374412536563516 325
1725353317586 0.47765856665606604 326
1725353317604 0.4720280053401295 327
1725353317622 0.46628515716252783 328
1725353317641 0.46063486982005397 329
1725353317663 0.4552589677308072 330
1725353317683 0.4498149047558349 331
1725353317702 0.4444772538215355 332
1725353317723 0.439503548935076 333
1725353317743 0.4343786634219113 334
1725353317762 0.42959116196534 335
1725353317783 0.42430822350057373 336
1725353317801 0.419797640302037 337
1725353317818 0.4153296185351943 338
1725353317837 0.4104436316875102 339
1725353317854 0.4055146245157904 340
1725353317872 0.4013923292211854 341
1725353317890 0.3967788349058941 342
1725353317908 0.3925417923730107 343
1725353317929 0.3885061347990716 344
1725353317949 0.3843452579475565 345
1725353317968 0.3797032480934126 346
1725353317988 0.37567241586220096 347
1725353318011 0.3717342002707657 348
1725353318031 0.3677913660410498 349
1725353318049 0.36424619219922655 350
1725353318070 0.35997801941550794 351
1725353318090 0.3564608926153577 352
1725353318110 0.3529790477750019 353
1725353318128 0.3499140581904514 354
1725353318149 0.34620533215199584 355
1725353318166 0.3425987822732177 356
1725353318184 0.3394753025245164 357
1725353318202 0.33596338547405097 358
1725353318219 0.3323911229192444 359
1725353318237 0.32983008361722194 360
1725353318255 0.32651527424203086 361
1725353318272 0.32329881741919825 362
1725353318292 0.32038909420644685 363
1725353318310 0.3174416852825035 364
1725353318329 0.3146327997690682 365
1725353318367 0.31173390880175866 366
1725353318387 0.3087984595329277 367
1725353318407 0.30576530666284546 368
1725353318424 0.303497080214469 369
1725353318443 0.3007973958630176 370
1725353318460 0.29766840369250974 371
1725353318478 0.29537696619546355 372
1725353318496 0.2926313628929124 373
1725353318514 0.29017591657452924 374
1725353318534 0.28766710672026874 375
1725353318553 0.2850458329486432 376
1725353318577 0.2829187091967602 377
1725353318595 0.28076278236944296 378
1725353318616 0.2784552182720475 379
1725353318637 0.27585881157364794 380
1725353318657 0.27398012609632194 381
1725353318675 0.2721089354880037 382
1725353318693 0.2695818273375999 383
1725353318711 0.2673138242389848 384
1725353318729 0.26538950697251407 385
1725353318748 0.2634175325488178 386
1725353318766 0.26144246629947243 387
1725353318784 0.2598433288519511 388
1725353318802 0.25792526453402354 389
1725353318822 0.2556806977762103 390
1725353318839 0.2538781698298953 391
1725353318859 0.25215127848782926 392
1725353318881 0.25031224455821693 393
1725353318898 0.24842768529201364 394
1725353318917 0.2463149448028273 395
1725353318937 0.2446505348757909 396
1725353318956 0.24332713979340564 397
1725353318977 0.241577068770758 398
1725353318994 0.23981225443653728 399
1725353319012 0.23820589352804786 400
1725353319032 0.23645760345491051 401
1725353319051 0.2350906852151257 402
1725353319071 0.2341753681680738 403
1725353319090 0.23218580820911452 404
1725353319113 0.230652633930048 405
1725353319137 0.22947766791068536 406
1725353319163 0.22793916702178277 407
1725353319181 0.22658754916027135 408
1725353319196 0.22506449138898046 409
1725353319214 0.22365239889148056 410
1725353319234 0.22272056500580778 411
1725353319250 0.22144078152459765 412
1725353319268 0.21995588004066058 413
1725353319291 0.21887927237326235 414
1725353319308 0.21735978493291686 415
1725353319327 0.21618214611195544 416
1725353319345 0.21460085950409188 417
1725353319363 0.21366097143617974 418
1725353319392 0.21259620898533013 419
1725353319411 0.21092106025249477 420
1725353319431 0.21031490091563024 421
1725353319450 0.20937532192001734 422
1725353319470 0.20791130147946393 423
1725353319490 0.20685681106540124 424
1725353319511 0.20589685446445738 425
1725353319535 0.20474244382631696 426
1725353319554 0.2043066107384977 427
1725353319573 0.20283065581024973 428
1725353319592 0.20198887735809154 429
1725353319608 0.20127445380044195 430
1725353319632 0.19967134735216718 431
1725353319651 0.19877662101617313 432
1725353319672 0.19826144350001865 433
1725353319691 0.19730971675194856 434
1725353319712 0.19633507562617797 435
1725353319740 0.1957457685695005 436
1725353319758 0.19460791928698076 437
1725353319783 0.19333921163451892 438
1725353319801 0.192811073438059 439
1725353319819 0.19151865932703033 440
1725353319839 0.19107440558846323 441
1725353319857 0.1903457939583296 442
1725353319877 0.18941197368923876 443
1725353319899 0.18895206093678935 444
1725353319917 0.18810563250144782 445
1725353319938 0.18688126101555558 446
1725353319954 0.18646253941678048 447
1725353319974 0.1856899494097666 448
1725353319994 0.18522034637189982 449
1725353320014 0.18439290177375683 450
1725353320034 0.1835211420428769 451
1725353320054 0.1831087771093829 452
1725353320072 0.18246319757382445 453
1725353320091 0.1817655567045475 454
1725353320110 0.1810291539487053 455
1725353320126 0.18015444033413971 456
1725353320146 0.18009021000742081 457
1725353320167 0.17952172987824339 458
1725353320188 0.17844599355222723 459
1725353320206 0.17798486321052034 460
1725353320225 0.17676341355068453 461
1725353320244 0.17649435319469786 462
1725353320263 0.17610108294823373 463
1725353320282 0.1754494865288896 464
1725353320300 0.17472419868095498 465
1725353320319 0.17453540651631091 466
1725353320338 0.17384064930023085 467
1725353320358 0.17344673547479603 468
1725353320378 0.17257753068912507 469
1725353320411 0.17211032610354576 470
1725353320431 0.17190714298841434 471
1725353320450 0.17124070320135243 472
1725353320469 0.17108136376095523 473
1725353320486 0.1707443577397645 474
1725353320505 0.16978550695164493 475
1725353320523 0.16932537434614398 476
1725353320541 0.16910308323423123 477
1725353320560 0.16862792582457625 478
1725353320578 0.16765417091324936 479
1725353320598 0.16729209053905045 480
1725353320619 0.16696013075091753 481
1725353320636 0.16691917024026215 482
1725353320657 0.16625726641308097 483
1725353320677 0.1652746364274099 484
1725353320696 0.16524174023648575 485
1725353320717 0.16494926803459478 486
1725353320736 0.16469707043884294 487
1725353320756 0.16407483014903385 488
1725353320776 0.163794141779541 489
1725353320796 0.16315045245706433 490
1725353320815 0.162833284146785 491
1725353320835 0.16282999362117634 492
1725353320854 0.16216438246897294 493
1725353320874 0.16191581929627233 494
1725353320896 0.16159209678537495 495
1725353320915 0.16150836390334208 496
1725353320934 0.161367670224716 497
1725353320953 0.16038592118390455 498
1725353320974 0.1597615702924309 499
