1725392423606 168.996543037322 0
1725392423622 168.96264255191778 1
1725392423638 168.9287495741649 2
1725392423664 168.89486410232328 3
1725392423678 168.86098613465333 4
1725392423696 168.82711566941578 5
1725392423712 168.7932527048719 6
1725392423728 168.75939723928323 7
1725392423740 168.72554927091187 8
1725392423754 168.69170879802022 9
1725392423768 168.6578758188712 10
1725392423781 168.624050331728 11
1725392423793 168.5902323348544 12
1725392423805 168.55642182651445 13
1725392423817 168.5226188049727 14
1725392423829 168.4888232684941 15
1725392423841 168.45503521534397 16
1725392423855 168.42125464378807 17
1725392423871 168.38748155209262 18
1725392423892 168.35371593852423 19
1725392423908 168.31995780134986 20
1725392423923 168.28620713883694 21
1725392423937 168.25246394925333 22
1725392423954 168.21872823086727 23
1725392423969 168.1849999819474 24
1725392423991 168.1512792007629 25
1725392424017 168.11756588558313 26
1725392424036 168.0838600346781 27
1725392424052 168.0501616463181 28
1725392424075 168.01647071877386 29
1725392424100 167.9827872503165 30
1725392424118 167.9491112392176 31
1725392424135 167.91544268374918 32
1725392424151 167.88178158218355 33
1725392424168 167.84812793279355 34
1725392424182 167.81448173385243 35
1725392424196 167.78084298363376 36
1725392424209 167.74721168041157 37
1725392424221 167.71358782246034 38
1725392424243 167.6799714080549 39
1725392424261 167.64636243547062 40
1725392424286 167.61276090298307 41
1725392424311 167.5791668088684 42
1725392424338 167.54558015140313 43
1725392424362 167.51200092886418 44
1725392424381 167.47842913952888 45
1725392424403 167.44486478167497 46
1725392424424 167.4113078535806 47
1725392424444 167.37775835352434 48
1725392424465 167.34421627978517 49
1725392424492 167.31068163064253 50
1725392424512 167.2771544043762 51
1725392424536 167.24363459926636 52
1725392424560 167.21012221359365 53
1725392424591 167.1766172456391 54
1725392424618 167.14311969368418 55
1725392424644 167.1096295560108 56
1725392424680 167.07614683090108 57
1725392424707 167.04267151663782 58
1725392424725 167.00920361150406 59
1725392424741 166.97574311378335 60
1725392424756 166.94229002175953 61
1725392424768 166.90884433371698 62
1725392424782 166.87540604794034 63
1725392424796 166.84197516271485 64
1725392424809 166.80855167632603 65
1725392424825 166.77513558705982 66
1725392424847 166.7417268932026 67
1725392424966 166.70832559304114 68
1725392425022 166.67493168486263 69
1725392425037 166.64154516695467 70
1725392425050 166.6081660376053 71
1725392425063 166.57479429510283 72
1725392425074 166.54142993773618 73
1725392425087 166.50807296379455 74
1725392425106 166.47472337156756 75
1725392425123 166.44138115934535 76
1725392425145 166.40804632541827 77
1725392425166 166.37471886807722 78
1725392425189 166.34139878561353 79
1725392425214 166.30808607631877 80
1725392425230 166.27478073848516 81
1725392425247 166.2414827704051 82
1725392425264 166.20819217037155 83
1725392425277 166.1749089366778 84
1725392425292 166.1416330676176 85
1725392425304 166.10836456148505 86
1725392425316 166.0751034165747 87
1725392425328 166.04184963118155 88
1725392425340 166.00860320360084 89
1725392425360 165.9753641321284 90
1725392425379 165.9421324150604 91
1725392425403 165.9089080506934 92
1725392425425 165.8756910373244 93
1725392425450 165.84248137325076 94
1725392425474 165.80927905677027 95
1725392425491 165.77608408618119 96
1725392425507 165.74289645978206 97
1725392425523 165.7097161758719 98
1725392425539 165.6765432327502 99
1725392425556 165.64337762871673 100
1725392425572 165.61021936207175 101
1725392425589 165.57706843111586 102
1725392425605 165.5439248341501 103
1725392425624 165.510788569476 104
1725392425651 165.47765963539536 105
1725392425671 165.4445380302104 106
1725392425700 165.4114237522239 107
1725392425725 165.37831679973883 108
1725392425745 165.34521717105875 109
1725392425767 165.31212486448743 110
1725392425790 165.2790398783293 111
1725392425816 165.245962210889 112
1725392425837 165.2128918604716 113
1725392425860 165.1798288253826 114
1725392425877 165.14677310392793 115
1725392425894 165.11372469441392 116
1725392425910 165.0806835951473 117
1725392425926 165.04764980443508 118
1725392425943 165.01462332058495 119
1725392425959 164.98160414190477 120
1725392425974 164.94859226670283 121
1725392425995 164.91558769328793 122
1725392426014 164.88259041996918 123
1725392426032 164.84960044505615 124
1725392426062 164.8166177668588 125
1725392426092 164.78364238368744 126
1725392426119 164.75067429385282 127
1725392426144 164.71771349566623 128
1725392426171 164.68475998743907 129
1725392426197 164.6518137674834 130
1725392426224 164.6188748341116 131
1725392426250 164.58594318563632 132
1725392426276 164.55301882037094 133
1725392426300 164.5201017366289 134
1725392426327 164.48719193272422 135
1725392426354 164.45428940697127 136
1725392426379 164.42139415768486 137
1725392426407 164.38850618318017 138
1725392426434 164.35562548177282 139
1725392426463 164.32275205177876 140
1725392426492 164.2898858915144 141
1725392426520 164.25702699929658 142
1725392426544 164.22417537344248 143
1725392426574 164.19133101226964 144
1725392426603 164.15849391409617 145
1725392426635 164.1256640772404 146
1725392426662 164.09284150002122 147
1725392426699 164.06002618075777 148
1725392426727 164.02721811776968 149
1725392426753 163.99441730937696 150
1725392426777 163.96162375390003 151
1725392426802 163.92883744965968 152
1725392426830 163.89605839497716 153
1725392426857 163.8632865881741 154
1725392426881 163.83052202757253 155
1725392426912 163.79776471149478 156
1725392426942 163.76501463826375 157
1725392426965 163.73227180620262 158
1725392426996 163.699536213635 159
1725392427027 163.666807858885 160
1725392427063 163.63408674027693 161
1725392427088 163.60137285613564 162
1725392427115 163.5686662047864 163
1725392427142 163.53596678455483 164
1725392427170 163.5032745937669 165
1725392427197 163.47058963074903 166
1725392427223 163.4379118938281 167
1725392427248 163.40524138133125 168
1725392427276 163.37257809158615 169
1725392427301 163.33992202292086 170
1725392427328 163.3072731736637 171
1725392427353 163.27463154214354 172
1725392427377 163.2419971266896 173
1725392427404 163.20936992563148 174
1725392427432 163.17674993729918 175
1725392427463 163.14413716002315 176
1725392427496 163.11153159213416 177
1725392427523 163.07893323196348 178
1725392427550 163.04634207784267 179
1725392427579 163.01375812810372 180
1725392427606 162.9811813810791 181
1725392427633 162.9486118351016 182
1725392427661 162.91604948850434 183
1725392427690 162.88349433962097 184
1725392427734 162.8509463867855 185
1725392427761 162.81840562833233 186
1725392427786 162.78587206259624 187
1725392427813 162.7533456879124 188
1725392427839 162.72082650261643 189
1725392427866 162.6883145050443 190
1725392427891 162.6558096935324 191
1725392427917 162.62331206641747 192
1725392427943 162.59082162203677 193
1725392427967 162.55833835872778 194
1725392427995 162.52586227482854 195
1725392428020 162.49339336867735 196
1725392428052 162.46093163861303 197
1725392428082 162.4284770829747 198
1725392428116 162.39602970010196 199
1725392428143 162.36358948833475 200
1725392428169 162.3311564460134 201
1725392428196 162.29873057147867 202
1725392428223 162.26631186307168 203
1725392428248 162.23390031913402 204
1725392428275 162.20149593800758 205
1725392428309 162.16909871803466 206
1725392428334 162.13670865755807 207
1725392428360 162.10432575492086 208
1725392428386 162.0719500084666 209
1725392428413 162.0395814165392 210
1725392428439 162.0072199774829 211
1725392428465 161.97486568964243 212
1725392428493 161.94251855136292 213
1725392428519 161.91017856098986 214
1725392428547 161.87784571686907 215
1725392428575 161.8455200173469 216
1725392428599 161.81320146077007 217
1725392428631 161.78089004548553 218
1725392428660 161.74858576984087 219
1725392428689 161.71628863218385 220
1725392428728 161.68399863086276 221
1725392428756 161.65171576422625 222
1725392428785 161.61944003062342 223
1725392428815 161.58717142840365 224
1725392428845 161.55490995591674 225
1725392428873 161.522655611513 226
1725392428900 161.49040839354296 227
1725392428926 161.45816830035773 228
1725392428954 161.42593533030865 229
1725392428981 161.3937094817475 230
1725392429009 161.36149075302652 231
1725392429038 161.3292791424983 232
1725392429069 161.2970746485158 233
1725392429096 161.26487726943242 234
1725392429124 161.23268700360188 235
1725392429150 161.20050384937838 236
1725392429178 161.16832780511646 237
1725392429204 161.13615886917108 238
1725392429230 161.1039970398975 239
1725392429260 161.07184231565157 240
1725392429292 161.03969469478935 241
1725392429320 161.00755417566734 242
1725392429346 160.97542075664254 243
1725392429370 160.94329443607205 244
1725392429396 160.91117521231376 245
1725392429422 160.87906308372567 246
1725392429452 160.84695804866627 247
1725392429480 160.8148601054944 248
1725392429509 160.78276925256935 249
1725392429537 160.7506854882508 250
1725392429563 160.7186088108987 251
1725392429588 160.68653921887355 252
1725392429614 160.65447671053616 253
1725392429643 160.62242128424776 254
1725392429671 160.59037293836997 255
1725392429698 160.55833167126474 256
1725392429732 160.52629748129445 257
1725392429760 160.49427036682192 258
1725392429787 160.46225032621035 259
1725392429813 160.43023735782322 260
1725392429836 160.3982314600245 261
1725392429865 160.3662326311786 262
1725392429892 160.33424086965022 263
1725392429917 160.3022561738044 264
1725392429949 160.27027854200676 265
1725392429977 160.23830797262315 266
1725392430006 160.20634446401988 267
1725392430039 160.17438801456365 268
1725392430068 160.14243862262148 269
1725392430100 160.11049628656085 270
1725392430130 160.07856100474967 271
1725392430162 160.04663277555616 272
1725392430189 160.01471159734885 273
1725392430216 159.98279746849687 274
1725392430243 159.95089038736955 275
1725392430268 159.91899035233675 276
1725392430296 159.8870973617687 277
1725392430324 159.8552114140358 278
1725392430351 159.8233325075092 279
1725392430378 159.79146064056016 280
1725392430405 159.75959581156044 281
1725392430433 159.72773801888223 282
1725392430457 159.6958872608979 283
1725392430481 159.6640435359805 284
1725392430510 159.63220684250328 285
1725392430537 159.6003771788399 286
1725392430563 159.56855454336446 287
1725392430592 159.53673893445142 288
1725392430618 159.50493035047558 289
1725392430647 159.47312878981222 290
1725392430674 159.44133425083697 291
1725392430704 159.40954673192581 292
1725392430742 159.37776623145515 293
1725392430777 159.3459927478018 294
1725392430805 159.31422627934288 295
1725392430836 159.282466824456 296
1725392430865 159.2507143815191 297
1725392430893 159.21896894891046 298
1725392430921 159.18723052500886 299
1725392430947 159.1554991081934 300
1725392430973 159.12377469684355 301
1725392431004 159.0920572893392 302
1725392431031 159.06034688406064 303
1725392431060 159.02864347938848 304
1725392431087 158.99694707370378 305
1725392431115 158.96525766538798 306
1725392431144 158.93357525282292 307
1725392431176 158.90189983439072 308
1725392431203 158.87023140847407 309
1725392431225 158.83856997345578 310
1725392431251 158.80691552771938 311
1725392431273 158.7752680696485 312
1725392431297 158.74362759762732 313
1725392431325 158.71199411004034 314
1725392431354 158.68036760527244 315
1725392431382 158.6487480817089 316
1725392431407 158.61713553773544 317
1725392431435 158.58552997173808 318
1725392431468 158.5539313821033 319
1725392431509 158.5223397672178 320
1725392431536 158.49075512546892 321
1725392431562 158.4591774552442 322
1725392431591 158.42760675493162 323
1725392431620 158.39604302291954 324
1725392431653 158.36448625759675 325
1725392431677 158.33293645735233 326
1725392431703 158.3013936205758 327
1725392431729 158.26985774565708 328
1725392431763 158.23832883098643 329
1725392431790 158.20680687495462 330
1725392431816 158.17529187595252 331
1725392431843 158.1437838323717 332
1725392431870 158.11228274260392 333
1725392431896 158.08078860504145 334
1725392431925 158.0493014180768 335
1725392431947 158.01782118010297 336
1725392431975 157.98634788951333 337
1725392432001 157.95488154470155 338
1725392432028 157.92342214406187 339
1725392432061 157.89196968598867 340
1725392432090 157.86052416887694 341
1725392432124 157.82908559112187 342
1725392432151 157.79765395111914 343
1725392432177 157.7662292472648 344
1725392432204 157.7348114779552 345
1725392432230 157.70340064158722 346
1725392432254 157.67199673655801 347
1725392432281 157.64059976126515 348
1725392432312 157.60920971410656 349
1725392432336 157.57782659348058 350
1725392432356 157.54645039778592 351
1725392432381 157.51508112542166 352
1725392432403 157.4837187747873 353
1725392432430 157.45236334428265 354
1725392432455 157.42101483230797 355
1725392432486 157.38967323726393 356
1725392432516 157.35833855755146 357
1725392432545 157.32701079157195 358
1725392432576 157.2956899377272 359
1725392432600 157.26437599441934 360
1725392432621 157.23306896005087 361
1725392432649 157.20176883302472 362
1725392432674 157.1704756117442 363
1725392432700 157.1391892946129 364
1725392432725 157.10790988003495 365
1725392432753 157.07663736641473 366
1725392432778 157.04537175215705 367
1725392432805 157.01411303566715 368
1725392432829 156.98286121535057 369
1725392432855 156.95161628961324 370
1725392432883 156.92037825686148 371
1725392432911 156.88914711550208 372
1725392432940 156.85792286394204 373
1725392432969 156.8267055005889 374
1725392432994 156.79549502385046 375
1725392433022 156.76429143213494 376
1725392433046 156.73309472385102 377
1725392433070 156.70190489740764 378
1725392433099 156.67072195121418 379
1725392433127 156.63954588368037 380
1725392433150 156.60837669321637 381
1725392433172 156.57721437823267 382
1725392433198 156.54605893714017 383
1725392433225 156.51491036835006 384
1725392433252 156.4837686702741 385
1725392433277 156.4526338413242 386
1725392433307 156.42150587991284 387
1725392433335 156.39038478445275 388
1725392433362 156.35927055335713 389
1725392433389 156.3281631850395 390
1725392433417 156.29706267791377 391
1725392433448 156.26596903039422 392
1725392433471 156.23488224089556 393
1725392433501 156.20380230783277 394
1725392433529 156.17272922962132 395
1725392433556 156.14166300467704 396
1725392433584 156.11060363141604 397
1725392433611 156.07955110825498 398
1725392433634 156.0485054336107 399
1725392433659 156.01746660590055 400
1725392433688 155.98643462354227 401
1725392433719 155.95540948495383 402
1725392433747 155.92439118855376 403
1725392433781 155.89337973276082 404
1725392433807 155.8623751159943 405
1725392433833 155.8313773366737 406
1725392433862 155.80038639321901 407
1725392433890 155.76940228405053 408
1725392433924 155.73842500758897 409
1725392433953 155.7074545622555 410
1725392433983 155.67649094647146 411
1725392434009 155.64553415865873 412
1725392434036 155.61458419723954 413
1725392434063 155.5836410606365 414
1725392434090 155.55270474727251 415
1725392434118 155.52177525557096 416
1725392434145 155.49085258395556 417
1725392434171 155.4599367308504 418
1725392434197 155.4290276946799 419
1725392434226 155.39812547386902 420
1725392434251 155.36723006684286 421
1725392434293 155.33634147202707 422
1725392434314 155.30545968784762 423
1725392434335 155.27458471273087 424
1725392434353 155.24371654510352 425
1725392434370 155.21285518339266 426
1725392434391 155.1820006260258 427
1725392434407 155.15115287143075 428
1725392434423 155.1203119180357 429
1725392434439 155.08947776426928 430
1725392434454 155.0586504085605 431
1725392434471 155.02782984933867 432
1725392434486 154.9970160850335 433
1725392434502 154.96620911407507 434
1725392434518 154.93540893489393 435
1725392434534 154.90461554592082 436
1725392434549 154.873828945587 437
1725392434564 154.84304913232404 438
1725392434579 154.81227610456392 439
1725392434594 154.781509860739 440
1725392434609 154.75075039928194 441
1725392434625 154.71999771862588 442
1725392434645 154.68925181720422 443
1725392434662 154.65851269345086 444
1725392434681 154.62778034579998 445
1725392434699 154.5970547726861 446
1725392434719 154.56633597254424 447
1725392434743 154.5356239438097 448
1725392434762 154.5049186849182 449
1725392434789 154.47422019430573 450
1725392434809 154.44352847040886 451
1725392434825 154.4128435116643 452
1725392434842 154.38216531650932 453
1725392434859 154.3514938833814 454
1725392434876 154.32082921071853 455
1725392434894 154.29017129695902 456
1725392434920 154.25952014054147 457
1725392434940 154.22887573990496 458
1725392434963 154.198238093489 459
1725392434986 154.16760719973334 460
1725392435006 154.13698305707808 461
1725392435025 154.1063656639638 462
1725392435042 154.07575501883144 463
1725392435057 154.04515112012226 464
1725392435073 154.0145539662779 465
1725392435090 153.98396355574036 466
1725392435106 153.9533798869521 467
1725392435123 153.92280295835585 468
1725392435138 153.89223276839473 469
1725392435164 153.86166931551227 470
1725392435190 153.8311125981524 471
1725392435219 153.80056261475923 472
1725392435236 153.77001936377752 473
1725392435259 153.7394828436522 474
1725392435283 153.70895305282866 475
1725392435307 153.67842998975263 476
1725392435330 153.64791365287016 477
1725392435351 153.61740404062778 478
1725392435375 153.58690115147232 479
1725392435396 153.55640498385097 480
1725392435412 153.5259155362114 481
1725392435429 153.49543280700144 482
1725392435446 153.46495679466946 483
1725392435461 153.4344874976642 484
1725392435478 153.4040249144347 485
1725392435494 153.3735690434304 486
1725392435511 153.34311988310102 487
1725392435527 153.31267743189684 488
1725392435544 153.28224168826836 489
1725392435560 153.2518126506665 490
1725392435576 153.22139031754247 491
1725392435593 153.19097468734805 492
1725392435625 153.16056575853514 493
1725392435642 153.1301635295562 494
1725392435663 153.09976799886397 495
1725392435691 153.06937916491154 496
1725392435715 153.03899702615243 497
1725392435738 153.0086215810405 498
1725392435763 152.97825282802995 499
