1725382883363 168.996543037322 0
1725382883394 168.96264255191778 1
1725382883429 168.9287495741649 2
1725382883454 168.89486410232325 3
1725382883480 168.86098613465333 4
1725382883512 168.82711566941578 5
1725382883548 168.79325270487186 6
1725382883571 168.75939723928323 7
1725382883594 168.72554927091187 8
1725382883618 168.69170879802022 9
1725382883643 168.6578758188712 10
1725382883674 168.62405033172803 11
1725382883731 168.5902323348544 12
1725382883756 168.55642182651445 13
1725382883781 168.5226188049727 14
1725382883803 168.4888232684941 15
1725382883834 168.45503521534397 16
1725382883858 168.4212546437881 17
1725382883880 168.38748155209262 18
1725382883904 168.35371593852426 19
1725382883929 168.31995780134986 20
1725382883957 168.28620713883694 21
1725382883982 168.2524639492533 22
1725382884003 168.21872823086727 23
1725382884025 168.18499998194744 24
1725382884054 168.1512792007629 25
1725382884080 168.11756588558313 26
1725382884110 168.0838600346781 27
1725382884136 168.0501616463181 28
1725382884164 168.01647071877386 29
1725382884193 167.9827872503165 30
1725382884220 167.94911123921761 31
1725382884255 167.91544268374918 32
1725382884288 167.88178158218355 33
1725382884311 167.84812793279357 34
1725382884335 167.81448173385243 35
1725382884356 167.78084298363376 36
1725382884377 167.74721168041157 37
1725382884401 167.71358782246034 38
1725382884425 167.6799714080549 39
1725382884444 167.6463624354706 40
1725382884463 167.61276090298307 41
1725382884486 167.57916680886842 42
1725382884510 167.54558015140313 43
1725382884537 167.51200092886418 44
1725382884558 167.47842913952888 45
1725382884582 167.44486478167497 46
1725382884606 167.4113078535806 47
1725382884625 167.37775835352437 48
1725382884648 167.34421627978517 49
1725382884669 167.31068163064253 50
1725382884692 167.2771544043762 51
1725382884715 167.24363459926636 52
1725382884738 167.21012221359365 53
1725382884764 167.1766172456391 54
1725382884792 167.14311969368418 55
1725382884821 167.10962955601076 56
1725382884848 167.0761468309011 57
1725382884874 167.04267151663782 58
1725382884897 167.00920361150406 59
1725382884922 166.97574311378335 60
1725382884947 166.94229002175953 61
1725382884981 166.90884433371696 62
1725382885004 166.87540604794037 63
1725382885026 166.84197516271485 64
1725382885053 166.80855167632603 65
1725382885090 166.77513558705982 66
1725382885114 166.7417268932026 67
1725382885139 166.70832559304117 68
1725382885164 166.67493168486263 69
1725382885199 166.64154516695467 70
1725382885231 166.60816603760526 71
1725382885257 166.57479429510283 72
1725382885283 166.54142993773615 73
1725382885319 166.50807296379455 74
1725382885383 166.4747233715676 75
1725382885413 166.44138115934535 76
1725382885437 166.40804632541824 77
1725382885461 166.37471886807722 78
1725382885487 166.3413987856135 79
1725382885510 166.30808607631877 80
1725382885534 166.27478073848513 81
1725382885567 166.24148277040513 82
1725382885596 166.20819217037158 83
1725382885621 166.1749089366778 84
1725382885647 166.1416330676176 85
1725382885672 166.10836456148508 86
1725382885697 166.0751034165747 87
1725382885732 166.04184963118155 88
1725382885763 166.0086032036008 89
1725382885790 165.97536413212842 90
1725382885815 165.9421324150604 91
1725382885846 165.9089080506934 92
1725382885870 165.8756910373244 93
1725382885894 165.84248137325076 94
1725382885925 165.8092790567703 95
1725382885950 165.77608408618119 96
1725382885983 165.74289645978206 97
1725382886013 165.7097161758719 98
1725382886046 165.6765432327502 99
1725382886072 165.64337762871673 100
1725382886119 165.61021936207175 101
1725382886164 165.57706843111586 102
1725382886194 165.5439248341501 103
1725382886223 165.510788569476 104
1725382886254 165.47765963539533 105
1725382886303 165.4445380302104 106
1725382886330 165.4114237522239 107
1725382886354 165.37831679973883 108
1725382886378 165.34521717105872 109
1725382886408 165.31212486448743 110
1725382886429 165.2790398783293 111
1725382886448 165.245962210889 112
1725382886467 165.2128918604716 113
1725382886490 165.1798288253826 114
1725382886518 165.14677310392796 115
1725382886539 165.11372469441392 116
1725382886572 165.08068359514726 117
1725382886595 165.0476498044351 118
1725382886617 165.01462332058495 119
1725382886639 164.9816041419048 120
1725382886662 164.94859226670283 121
1725382886685 164.91558769328793 122
1725382886706 164.8825904199692 123
1725382886731 164.84960044505615 124
1725382886757 164.81661776685877 125
1725382886788 164.78364238368744 126
1725382886827 164.75067429385285 127
1725382886855 164.71771349566623 128
1725382886878 164.68475998743907 129
1725382886914 164.6518137674834 130
1725382886938 164.61887483411158 131
1725382886970 164.58594318563635 132
1725382886995 164.55301882037094 133
1725382887021 164.5201017366289 134
1725382887049 164.48719193272422 135
1725382887079 164.45428940697124 136
1725382887101 164.42139415768486 137
1725382887132 164.3885061831802 138
1725382887156 164.3556254817728 139
1725382887185 164.32275205177874 140
1725382887212 164.2898858915144 141
1725382887235 164.25702699929658 142
1725382887259 164.22417537344248 143
1725382887292 164.19133101226967 144
1725382887321 164.15849391409617 145
1725382887356 164.12566407724043 146
1725382887383 164.09284150002122 147
1725382887412 164.06002618075777 148
1725382887447 164.02721811776965 149
1725382887493 163.99441730937696 150
1725382887530 163.96162375390003 151
1725382887553 163.9288374496597 152
1725382887585 163.8960583949772 153
1725382887610 163.86328658817408 154
1725382887633 163.8305220275725 155
1725382887658 163.79776471149478 156
1725382887679 163.76501463826372 157
1725382887699 163.7322718062026 158
1725382887721 163.69953621363499 159
1725382887747 163.666807858885 160
1725382887773 163.63408674027693 161
1725382887801 163.60137285613564 162
1725382887824 163.5686662047864 163
1725382887847 163.53596678455483 164
1725382887870 163.5032745937669 165
1725382887892 163.47058963074906 166
1725382887916 163.43791189382807 167
1725382887945 163.40524138133125 168
1725382887976 163.37257809158618 169
1725382887998 163.33992202292083 170
1725382888030 163.30727317366367 171
1725382888061 163.27463154214354 172
1725382888093 163.2419971266896 173
1725382888129 163.20936992563148 174
1725382888153 163.17674993729918 175
1725382888184 163.14413716002315 176
1725382888209 163.11153159213416 177
1725382888233 163.07893323196348 178
1725382888263 163.04634207784267 179
1725382888286 163.01375812810375 180
1725382888310 162.9811813810791 181
1725382888333 162.94861183510153 182
1725382888354 162.9160494885043 183
1725382888367 162.88349433962097 184
1725382888382 162.8509463867855 185
1725382888400 162.81840562833233 186
1725382888419 162.78587206259624 187
1725382888447 162.7533456879124 188
1725382888467 162.72082650261643 189
1725382888489 162.6883145050443 190
1725382888514 162.6558096935324 191
1725382888537 162.6233120664175 192
1725382888567 162.59082162203674 193
1725382888621 162.55833835872778 194
1725382888641 162.52586227482848 195
1725382888670 162.49339336867735 196
1725382888702 162.46093163861298 197
1725382888735 162.4284770829747 198
1725382888758 162.39602970010196 199
1725382888786 162.36358948833472 200
1725382888810 162.33115644601338 201
1725382888832 162.29873057147867 202
1725382888855 162.26631186307168 203
1725382888879 162.23390031913402 204
1725382888901 162.20149593800758 205
1725382888923 162.16909871803466 206
1725382888944 162.13670865755807 207
1725382888975 162.10432575492086 208
1725382888994 162.07195000846662 209
1725382889022 162.03958141653916 210
1725382889046 162.0072199774829 211
1725382889095 161.97486568964243 212
1725382889113 161.9425185513629 213
1725382889133 161.91017856098983 214
1725382889154 161.87784571686907 215
1725382889192 161.84552001734696 216
1725382889214 161.81320146077007 217
1725382889242 161.78089004548553 218
1725382889261 161.74858576984087 219
1725382889280 161.71628863218385 220
1725382889302 161.68399863086276 221
1725382889324 161.65171576422625 222
1725382889345 161.61944003062342 223
1725382889368 161.58717142840365 224
1725382889388 161.55490995591674 225
1725382889409 161.522655611513 226
1725382889437 161.49040839354294 227
1725382889460 161.45816830035773 228
1725382889493 161.4259353303086 229
1725382889525 161.3937094817475 230
1725382889557 161.36149075302652 231
1725382889591 161.3292791424983 232
1725382889617 161.2970746485158 233
1725382889638 161.2648772694324 234
1725382889667 161.23268700360188 235
1725382889700 161.20050384937838 236
1725382889723 161.16832780511646 237
1725382889747 161.13615886917106 238
1725382889779 161.1039970398975 239
1725382889811 161.07184231565157 240
1725382889841 161.03969469478935 241
1725382889875 161.00755417566734 242
1725382889899 160.9754207566425 243
1725382889923 160.94329443607205 244
1725382889946 160.91117521231376 245
1725382889972 160.87906308372567 246
1725382889997 160.84695804866627 247
1725382890021 160.81486010549438 248
1725382890047 160.78276925256935 249
1725382890079 160.75068548825078 250
1725382890109 160.7186088108987 251
1725382890130 160.68653921887355 252
1725382890151 160.65447671053616 253
1725382890174 160.6224212842478 254
1725382890196 160.59037293836994 255
1725382890218 160.55833167126474 256
1725382890240 160.52629748129445 257
1725382890268 160.49427036682192 258
1725382890297 160.46225032621032 259
1725382890321 160.43023735782322 260
1725382890343 160.3982314600245 261
1725382890367 160.3662326311786 262
1725382890394 160.3342408696502 263
1725382890423 160.3022561738044 264
1725382890451 160.27027854200676 265
1725382890481 160.23830797262315 266
1725382890513 160.20634446401988 267
1725382890538 160.17438801456365 268
1725382890564 160.14243862262148 269
1725382890596 160.11049628656087 270
1725382890620 160.07856100474967 271
1725382890645 160.04663277555613 272
1725382890673 160.01471159734882 273
1725382890695 159.98279746849687 274
1725382890715 159.95089038736955 275
1725382890737 159.91899035233675 276
1725382890759 159.88709736176867 277
1725382890780 159.8552114140358 278
1725382890803 159.8233325075092 279
1725382890825 159.79146064056016 280
1725382890848 159.75959581156044 281
1725382890875 159.72773801888218 282
1725382890897 159.6958872608979 283
1725382890920 159.66404353598054 284
1725382890941 159.63220684250328 285
1725382890962 159.6003771788399 286
1725382890998 159.56855454336446 287
1725382891031 159.5367389344514 288
1725382891054 159.50493035047558 289
1725382891076 159.47312878981222 290
1725382891099 159.44133425083697 291
1725382891122 159.40954673192581 292
1725382891146 159.37776623145518 293
1725382891175 159.3459927478018 294
1725382891205 159.31422627934288 295
1725382891240 159.282466824456 296
1725382891275 159.2507143815191 297
1725382891299 159.21896894891046 298
1725382891321 159.18723052500886 299
1725382891344 159.1554991081934 300
1725382891366 159.12377469684353 301
1725382891391 159.0920572893392 302
1725382891424 159.06034688406064 303
1725382891446 159.02864347938845 304
1725382891477 158.99694707370378 305
1725382891514 158.965257665388 306
1725382891539 158.93357525282292 307
1725382891565 158.90189983439075 308
1725382891601 158.87023140847404 309
1725382891637 158.8385699734558 310
1725382891664 158.80691552771938 311
1725382891687 158.7752680696485 312
1725382891712 158.74362759762732 313
1725382891736 158.71199411004034 314
1725382891760 158.68036760527244 315
1725382891784 158.6487480817089 316
1725382891819 158.61713553773544 317
1725382891846 158.5855299717381 318
1725382891875 158.5539313821033 319
1725382891913 158.5223397672178 320
1725382891941 158.49075512546892 321
1725382891965 158.4591774552442 322
1725382891991 158.42760675493162 323
1725382892027 158.39604302291954 324
1725382892052 158.36448625759675 325
1725382892080 158.33293645735233 326
1725382892102 158.3013936205758 327
1725382892131 158.26985774565708 328
1725382892153 158.23832883098646 329
1725382892192 158.2068068749546 330
1725382892212 158.17529187595252 331
1725382892239 158.1437838323717 332
1725382892266 158.11228274260392 333
1725382892293 158.08078860504142 334
1725382892320 158.04930141807677 335
1725382892350 158.01782118010294 336
1725382892373 157.98634788951327 337
1725382892396 157.95488154470155 338
1725382892419 157.92342214406185 339
1725382892451 157.89196968598867 340
1725382892476 157.86052416887694 341
1725382892504 157.82908559112187 342
1725382892543 157.79765395111914 343
1725382892572 157.76622924726476 344
1725382892607 157.73481147795522 345
1725382892633 157.70340064158722 346
1725382892658 157.67199673655801 347
1725382892680 157.64059976126518 348
1725382892703 157.60920971410656 349
1725382892726 157.57782659348058 350
1725382892748 157.54645039778592 351
1725382892771 157.51508112542166 352
1725382892794 157.48371877478726 353
1725382892817 157.45236334428265 354
1725382892839 157.42101483230797 355
1725382892862 157.38967323726393 356
1725382892891 157.35833855755146 357
1725382892914 157.32701079157195 358
1725382892935 157.29568993772722 359
1725382892955 157.26437599441934 360
1725382892983 157.23306896005087 361
1725382893010 157.20176883302472 362
1725382893032 157.1704756117442 363
1725382893054 157.1391892946129 364
1725382893077 157.10790988003492 365
1725382893100 157.07663736641473 366
1725382893123 157.04537175215708 367
1725382893154 157.01411303566715 368
1725382893179 156.98286121535054 369
1725382893206 156.95161628961318 370
1725382893232 156.92037825686145 371
1725382893254 156.88914711550206 372
1725382893297 156.85792286394204 373
1725382893319 156.82670550058887 374
1725382893339 156.79549502385044 375
1725382893364 156.76429143213494 376
1725382893389 156.73309472385102 377
1725382893414 156.70190489740764 378
1725382893441 156.67072195121418 379
1725382893464 156.63954588368037 380
1725382893488 156.60837669321637 381
1725382893514 156.57721437823267 382
1725382893538 156.54605893714017 383
1725382893566 156.51491036835006 384
1725382893605 156.48376867027406 385
1725382893641 156.4526338413242 386
1725382893671 156.42150587991284 387
1725382893750 156.39038478445275 388
1725382893787 156.35927055335713 389
1725382893811 156.32816318503947 390
1725382893834 156.29706267791377 391
1725382893861 156.26596903039422 392
1725382893884 156.23488224089556 393
1725382893913 156.20380230783275 394
1725382893973 156.17272922962132 395
1725382894018 156.141663004677 396
1725382894052 156.110603631416 397
1725382894078 156.07955110825498 398
1725382894097 156.0485054336107 399
1725382894120 156.01746660590055 400
1725382894137 155.98643462354224 401
1725382894159 155.95540948495383 402
1725382894179 155.92439118855376 403
1725382894201 155.89337973276082 404
1725382894223 155.8623751159943 405
1725382894249 155.83137733667368 406
1725382894277 155.80038639321901 407
1725382894301 155.76940228405053 408
1725382894323 155.73842500758897 409
1725382894346 155.70745456225546 410
1725382894370 155.67649094647146 411
1725382894394 155.64553415865873 412
1725382894417 155.61458419723954 413
1725382894451 155.5836410606365 414
1725382894527 155.55270474727251 415
1725382894551 155.52177525557096 416
1725382894603 155.49085258395553 417
1725382894668 155.4599367308504 418
1725382894698 155.4290276946799 419
1725382894724 155.398125473869 420
1725382894746 155.36723006684284 421
1725382894762 155.33634147202707 422
1725382894786 155.30545968784762 423
1725382894807 155.27458471273087 424
1725382894829 155.24371654510352 425
1725382894851 155.21285518339266 426
1725382894882 155.1820006260258 427
1725382894913 155.15115287143072 428
1725382894940 155.12031191803567 429
1725382894962 155.0894777642693 430
1725382894985 155.0586504085605 431
1725382895007 155.02782984933867 432
1725382895037 154.99701608503352 433
1725382895060 154.96620911407507 434
1725382895083 154.93540893489393 435
1725382895105 154.90461554592082 436
1725382895127 154.87382894558698 437
1725382895150 154.84304913232404 438
1725382895171 154.81227610456392 439
1725382895194 154.781509860739 440
1725382895221 154.75075039928194 441
1725382895242 154.71999771862588 442
1725382895265 154.68925181720422 443
1725382895289 154.65851269345086 444
1725382895319 154.62778034579995 445
1725382895351 154.59705477268608 446
1725382895375 154.56633597254424 447
1725382895394 154.5356239438097 448
1725382895416 154.50491868491818 449
1725382895440 154.47422019430576 450
1725382895463 154.44352847040886 451
1725382895496 154.4128435116643 452
1725382895522 154.38216531650932 453
1725382895548 154.3514938833814 454
1725382895572 154.3208292107185 455
1725382895602 154.29017129695896 456
1725382895625 154.25952014054144 457
1725382895656 154.22887573990496 458
1725382895681 154.198238093489 459
1725382895709 154.1676071997333 460
1725382895736 154.13698305707808 461
1725382895758 154.1063656639638 462
1725382895783 154.07575501883147 463
1725382895807 154.04515112012226 464
1725382895827 154.0145539662779 465
1725382895849 153.98396355574036 466
1725382895873 153.95337988695206 467
1725382895896 153.92280295835585 468
1725382895920 153.8922327683947 469
1725382895955 153.86166931551227 470
1725382895984 153.8311125981524 471
1725382896007 153.80056261475923 472
1725382896040 153.77001936377752 473
1725382896069 153.7394828436522 474
1725382896095 153.70895305282866 475
1725382896126 153.67842998975263 476
1725382896148 153.64791365287016 477
1725382896168 153.61740404062778 478
1725382896186 153.58690115147232 479
1725382896210 153.55640498385097 480
1725382896234 153.52591553621136 481
1725382896258 153.49543280700144 482
1725382896281 153.46495679466946 483
1725382896305 153.4344874976642 484
1725382896328 153.4040249144347 485
1725382896352 153.37356904343036 486
1725382896371 153.34311988310102 487
1725382896393 153.31267743189684 488
1725382896417 153.28224168826836 489
1725382896439 153.2518126506665 490
1725382896461 153.22139031754247 491
1725382896485 153.19097468734805 492
1725382896509 153.16056575853514 493
1725382896533 153.1301635295562 494
1725382896566 153.09976799886397 495
1725382896590 153.06937916491154 496
1725382896613 153.03899702615243 497
1725382896642 153.0086215810405 498
1725382896669 152.97825282802995 499
