1725394854627 163.31711974734642 0
1725394854661 168.54104996336434 1
1725394854695 159.81126365865788 2
1725394854724 157.1384695510445 3
1725394854755 157.0782825830421 4
1725394854786 148.9529581871467 5
1725394854817 147.17995631673375 6
1725394854847 152.35102908281627 7
1725394854879 139.96477633369224 8
1725394854911 142.1014334489932 9
1725394854944 137.03272287907075 10
1725394854978 137.0355761582428 11
1725394855011 133.71437005977637 12
1725394855044 128.88016299335635 13
1725394855077 128.69121562243222 14
1725394855106 132.16550634516557 15
1725394855134 127.55330951256555 16
1725394855165 123.76381753041531 17
1725394855194 122.04005849235536 18
1725394855224 116.80836636326114 19
1725394855254 116.77685188555053 20
1725394855283 113.8745149852286 21
1725394855319 112.07131876037107 22
1725394855350 106.51211184281236 23
1725394855378 107.46728634280272 24
1725394855411 105.66792994884662 25
1725394855441 105.42039034908036 26
1725394855474 103.63209840415719 27
1725394855502 97.92896857070033 28
1725394855529 99.26608861773471 29
1725394855560 98.51729667901633 30
1725394855592 96.6000705678687 31
1725394855621 91.60779475050897 32
1725394855653 92.44265412100465 33
1725394855683 87.00912131857758 34
1725394855713 90.72667351841706 35
1725394855746 88.91504659279617 36
1725394855774 87.60542468184582 37
1725394855803 84.99261530322495 38
1725394855878 84.50200329989549 39
1725394855995 83.03613705174918 40
1725394856024 82.55527316126941 41
1725394856039 79.3767263483922 42
1725394856074 76.75939273880816 43
1725394856105 76.641777475229 44
1725394856137 75.36666952487032 45
1725394856163 71.46418501802171 46
1725394856197 72.4609476360225 47
1725394856226 68.18789100472969 48
1725394856266 69.98167475851231 49
1725394856300 69.05577305920886 50
1725394856329 65.83071785367251 51
1725394856362 67.85368800001689 52
1725394856393 63.47980767302826 53
1725394856425 64.27415908070147 54
1725394856456 62.516170508159334 55
1725394856485 63.21073780257438 56
1725394856515 61.08255289338228 57
1725394856546 56.46676060771728 58
1725394856573 57.23251475661137 59
1725394856600 57.01497079169493 60
1725394856632 58.38429381958289 61
1725394856660 56.25293917631352 62
1725394856697 54.31994023450601 63
1725394856745 53.54076890203621 64
1725394856790 51.30143121780362 65
1725394856825 51.39069148669538 66
1725394856854 49.415053441021 67
1725394856886 49.956253884865745 68
1725394856926 47.81939725120311 69
1725394856967 46.68709884295715 70
1725394857001 48.64432634032724 71
1725394857042 46.11473829451866 72
1725394857075 44.47005876458024 73
1725394857108 44.06445153090633 74
1725394857138 45.26330751708719 75
1725394857168 42.31845303635825 76
1725394857207 41.73235087135294 77
1725394857242 43.529835796069065 78
1725394857274 39.75769164760768 79
1725394857306 38.81544200659824 80
1725394857332 39.369649793727085 81
1725394857363 39.75589043993941 82
1725394857392 38.74065003321778 83
1725394857427 37.33802866463903 84
1725394857460 38.489977363223794 85
1725394857501 35.08242347509532 86
1725394857535 36.4208796618404 87
1725394857570 35.26196277887798 88
1725394857605 33.95732675957868 89
1725394857642 33.20489538189092 90
1725394857675 33.21945131660006 91
1725394857715 30.77758495951915 92
1725394857760 30.867019848175854 93
1725394857804 31.452399455415176 94
1725394857843 30.079864136609135 95
1725394857875 30.346645132342925 96
1725394857907 29.36015470718576 97
1725394857956 28.136758491776344 98
1725394858003 29.103034201599936 99
1725394858035 29.272397810282534 100
1725394858065 27.49804013798591 101
1725394858089 27.56353643640074 102
1725394858121 26.029658683689114 103
1725394858147 27.476790544126207 104
1725394858176 25.261342084718198 105
1725394858192 25.003142907909595 106
1725394858208 25.349198888400114 107
1725394858224 23.93976642268997 108
1725394858240 23.35543022132698 109
1725394858257 23.661992798031466 110
1725394858274 23.160676409907055 111
1725394858294 22.347914359088215 112
1725394858318 22.21077608797499 113
1725394858357 22.524992001638026 114
1725394858392 22.22248898175971 115
1725394858443 20.948373336778058 116
1725394858483 20.27742527385395 117
1725394858517 20.98870517986697 118
1725394858549 20.238854390628727 119
1725394858582 19.356897263439738 120
1725394858614 19.840208820827616 121
1725394858645 19.19078313588623 122
1725394858676 18.509280250478263 123
1725394858707 18.2929111541566 124
1725394858737 17.679572573205437 125
1725394858769 18.606721654628725 126
1725394858799 17.44435739971052 127
1725394858829 17.637729305977675 128
1725394858856 17.018469111254564 129
1725394858884 17.51560694957865 130
1725394858917 16.604026500156984 131
1725394858949 16.08277547356459 132
1725394858982 15.494264625765139 133
1725394859021 16.142116483097855 134
1725394859056 15.468948691326755 135
1725394859093 14.778874445883712 136
1725394859125 14.710864791511229 137
1725394859155 14.646770365240616 138
1725394859186 14.270792575772827 139
1725394859219 13.87252940762582 140
1725394859249 13.306943347975082 141
1725394859281 14.10014786586296 142
1725394859314 13.117346060589176 143
1725394859348 12.753215418296618 144
1725394859381 12.862131555173224 145
1725394859416 12.601678795410187 146
1725394859449 12.32746678076237 147
1725394859480 12.457201663939708 148
1725394859514 12.248060030918024 149
1725394859553 12.159370474107822 150
1725394859586 10.843501642701257 151
1725394859616 11.49194672075944 152
1725394859650 10.864436338600969 153
1725394859682 11.06188547719175 154
1725394859711 10.003806456590855 155
1725394859743 10.565123516842052 156
1725394859782 10.709590747211667 157
1725394859814 8.984591503756945 158
1725394859843 9.869612948943194 159
1725394859881 9.842551920300943 160
1725394859917 9.733183861595707 161
1725394859952 9.263561116661332 162
1725394859983 9.657225762668286 163
1725394860024 9.954806520698336 164
1725394860063 9.323059840388444 165
1725394860146 9.155361079967868 166
1725394860192 8.733506767232 167
1725394860225 8.885459412827457 168
1725394860258 8.105688214982273 169
1725394860292 8.29505099104378 170
1725394860325 7.753164250225597 171
1725394860365 8.33387585971354 172
1725394860417 7.853573456083366 173
1725394860451 7.3795722812432825 174
1725394860483 8.188930585369333 175
1725394860515 7.677957712191662 176
1725394860560 7.5673838747499165 177
1725394860600 7.962920430510915 178
1725394860633 7.173974287813021 179
1725394860670 7.945671908228222 180
1725394860701 7.437636500475175 181
1725394860735 6.891158570974095 182
1725394860769 6.886202248590923 183
1725394860811 6.522009588987283 184
1725394860848 6.5099124852729915 185
1725394860891 6.41530986963409 186
1725394860930 6.122208515014616 187
1725394860964 6.4234646005218226 188
1725394861002 6.092578601148126 189
1725394861032 6.3499221250492495 190
1725394861062 6.0542690751178405 191
1725394861104 6.1921857860876965 192
1725394861134 5.496101647460531 193
1725394861167 5.7943386717238266 194
1725394861199 5.086905160995197 195
1725394861234 5.040485979551015 196
1725394861267 5.086687057756528 197
1725394861306 4.877424498298924 198
1725394861356 4.939101168095639 199
1725394861409 4.910422305309407 200
1725394861457 4.9835808755968145 201
1725394861489 4.978405888321125 202
1725394861525 4.966342630716099 203
1725394861559 4.979330721122253 204
1725394861591 4.610814903434474 205
1725394861622 4.64312406118568 206
1725394861650 4.313165909566133 207
1725394861682 4.3870151216256605 208
1725394861715 4.085486449666777 209
1725394861745 4.115222831771727 210
1725394861775 3.9113247260836035 211
1725394861807 3.9498510900065007 212
1725394861840 3.4292912540271483 213
1725394861871 4.031425062858283 214
1725394861902 3.666930538492406 215
1725394861933 4.061173514147084 216
1725394861965 3.6610358489063604 217
1725394862003 3.802891371135095 218
1725394862041 3.795395839747287 219
1725394862073 3.9459227740219305 220
1725394862105 3.5082081142263606 221
1725394862136 3.478718379455453 222
1725394862167 3.658671001818843 223
1725394862199 3.3088352132506866 224
1725394862231 3.2089853491546623 225
1725394862264 3.3211303756271833 226
1725394862296 2.833261044323684 227
1725394862334 3.1116866493489863 228
1725394862404 3.0340157861498356 229
1725394862461 2.882913667434472 230
1725394862495 3.0298519163340325 231
1725394862526 3.283918421266861 232
1725394862557 3.1733238658051937 233
1725394862590 3.064115537536748 234
1725394862622 2.4649121867613535 235
1725394862652 2.5994246231818448 236
1725394862685 2.8401918201090153 237
1725394862718 2.740612179931109 238
1725394862749 2.640824854693257 239
1725394862781 2.756507057689849 240
1725394862812 2.518877421931365 241
1725394862847 2.4749654197400615 242
1725394862878 2.4300923335325186 243
1725394862911 2.450103043434493 244
1725394862961 2.438087659219883 245
1725394863022 2.3269089004174934 246
1725394863074 2.2750077624021836 247
1725394863105 2.106802623417269 248
1725394863138 2.2332782792353556 249
1725394863168 2.025357529758699 250
1725394863200 2.431612157072933 251
1725394863230 1.911434192743611 252
1725394863260 2.114891870498182 253
1725394863294 2.162512035217454 254
1725394863324 2.1976905362215287 255
1725394863359 2.043304220960566 256
1725394863399 1.847941638272235 257
1725394863432 1.9776975435670077 258
1725394863464 1.7053918653654523 259
1725394863500 2.1326813005400305 260
1725394863534 2.008822825532997 261
1725394863572 1.8746630830820872 262
1725394863629 2.058526299396101 263
1725394863667 1.9339038946756482 264
1725394863700 1.5958397175729044 265
1725394863732 1.632241830065962 266
1725394863765 1.7088303643605987 267
1725394863798 1.6485588686005952 268
1725394863831 1.4730210385246052 269
1725394863862 1.7025978057532225 270
1725394863893 1.4228637579592966 271
1725394863924 1.55743117200411 272
1725394863956 1.5333937165868536 273
1725394863990 1.4735496314897594 274
1725394864022 1.385379413760531 275
1725394864052 1.629487959067639 276
1725394864087 1.4756420472003153 277
1725394864119 1.4586452018330207 278
1725394864149 1.3724054412598663 279
1725394864180 1.6294127798780247 280
1725394864210 1.5369989839055904 281
1725394864242 1.4524048580136508 282
1725394864275 1.1944899570262846 283
1725394864306 1.3059456020731082 284
1725394864335 1.271403918124065 285
1725394864367 1.2640586365558977 286
1725394864398 1.3253734481701107 287
1725394864429 1.3001654474374742 288
1725394864461 1.200351025984096 289
1725394864493 1.2947251241103825 290
1725394864530 1.168110807571503 291
1725394864563 1.0315572526973193 292
1725394864598 1.1506039357990936 293
1725394864628 1.194317479354668 294
1725394864661 1.2710648222967738 295
1725394864691 1.0580866807907423 296
1725394864723 1.0206203411558972 297
1725394864755 1.1261338444646505 298
1725394864788 1.1995723114399008 299
1725394864819 0.8703216965122798 300
1725394864881 1.0779655536711135 301
1725394864936 1.1215446677832102 302
1725394864976 1.0861159689604298 303
1725394865008 1.0914253308315727 304
1725394865045 0.9666448485148924 305
1725394865076 1.0114336129470256 306
1725394865107 1.0267883142887386 307
1725394865138 0.8712371177640434 308
1725394865174 0.9406618043013883 309
1725394865214 0.9925090306323321 310
1725394865246 0.7909533980079024 311
1725394865276 0.7622289137651395 312
1725394865309 0.9270861566129308 313
1725394865344 0.9470953837718898 314
1725394865376 0.9060087279724134 315
1725394865406 0.7613987998400447 316
1725394865439 0.9244760739849999 317
1725394865469 0.763964884170889 318
1725394865498 0.8031905373371302 319
1725394865529 0.8137034160791702 320
1725394865561 0.7567778500782899 321
1725394865596 0.6353945983510612 322
1725394865626 0.8985889428405371 323
1725394865656 0.8654437326727709 324
1725394865685 0.5174980418939479 325
1725394865712 0.8572162163679422 326
1725394865739 0.748498137806131 327
1725394865766 0.6354102377126137 328
1725394865796 0.6941941273637701 329
1725394865822 0.7725700132248561 330
1725394865846 0.6314661297152081 331
1725394865876 0.7103610621969271 332
1725394865904 0.6435907831304541 333
1725394865929 0.6378052130054965 334
1725394865961 0.613350544161422 335
1725394865991 0.6144206252227058 336
1725394866018 0.573368027493142 337
1725394866052 0.5454934636179457 338
1725394866081 0.5639753846743167 339
1725394866106 0.623635494906019 340
1725394866133 0.6616104865438717 341
1725394866164 0.4376677750781638 342
1725394866196 0.4929954178486581 343
1725394866226 0.6042809703608698 344
1725394866252 0.6845067463040428 345
1725394866281 0.5060346774114675 346
1725394866306 0.4816353371184485 347
1725394866334 0.3877091964574298 348
1725394866364 0.4391578145169766 349
1725394866393 0.5300023527994786 350
1725394866422 0.5034083844629887 351
1725394866452 0.5147627606577801 352
1725394866476 0.4950668583666376 353
1725394866504 0.6076968329780448 354
1725394866535 0.5469069111473779 355
1725394866558 0.4592341908392163 356
1725394866594 0.5449804034791874 357
1725394866621 0.48275076564368596 358
1725394866649 0.591697313698719 359
1725394866680 0.3973376704605388 360
1725394866703 0.5395811943272946 361
1725394866728 0.37387704626734625 362
1725394866757 0.5986076314366859 363
1725394866785 0.5486197781891953 364
1725394866814 0.40281976876503905 365
1725394866838 0.5787423045227953 366
1725394866866 0.3948750822917565 367
1725394866892 0.44559531215434994 368
1725394866921 0.4520606559951147 369
1725394866951 0.4622290652678351 370
1725394866981 0.48401927962443075 371
1725394867012 0.4171215080900513 372
1725394867041 0.262559459722312 373
1725394867071 0.4840001645182859 374
1725394867101 0.4555663186606698 375
1725394867130 0.5018698135755078 376
1725394867158 0.32945312371942753 377
1725394867186 0.4688618614197397 378
1725394867214 0.36261108279656934 379
1725394867240 0.4103789259637245 380
1725394867268 0.33886184206181924 381
1725394867299 0.33500609922138774 382
1725394867324 0.33911387264676096 383
1725394867352 0.3300968355342242 384
1725394867379 0.47711736496112034 385
1725394867407 0.39162820136336085 386
1725394867432 0.34042209447042765 387
1725394867452 0.40510396914698216 388
1725394867479 0.38813227208191603 389
1725394867502 0.3323203715428057 390
1725394867526 0.44084744890224264 391
1725394867549 0.24683248226882085 392
1725394867578 0.3483621674258677 393
1725394867607 0.31664548234533024 394
1725394867636 0.4781830615037959 395
1725394867674 0.30550912026708915 396
1725394867703 0.3685932080154047 397
1725394867736 0.24607772128100736 398
1725394867767 0.3399792275919139 399
1725394867796 0.3204892131450384 400
1725394867824 0.27624692801108675 401
1725394867854 0.3522637589256566 402
1725394867883 0.3820835654637484 403
1725394867916 0.24098992380241563 404
1725394867946 0.32721138722731746 405
1725394867975 0.33575174549731335 406
1725394868005 0.2520035798858992 407
1725394868035 0.3807567502980099 408
1725394868065 0.3817867524897709 409
1725394868094 0.2624255647019095 410
1725394868126 0.3662931288144143 411
1725394868155 0.3219000094478468 412
1725394868189 0.33403370695384194 413
1725394868220 0.2902229009178307 414
1725394868250 0.27997253028854535 415
1725394868302 0.31774444463459567 416
1725394868334 0.2668092097604724 417
1725394868362 0.29445398731344385 418
1725394868406 0.26710857852937375 419
1725394868434 0.3178114418433951 420
1725394868469 0.286302563900975 421
1725394868509 0.2186198908053903 422
1725394868558 0.19397453792977726 423
1725394868598 0.28489041944132953 424
1725394868632 0.23664828564714202 425
1725394868667 0.2806378926926313 426
1725394868698 0.23509298124535175 427
1725394868723 0.38197344796473454 428
1725394868757 0.29637195456722965 429
1725394868784 0.24408187196385842 430
1725394868815 0.17756935139294433 431
1725394868845 0.25787995149964055 432
1725394868874 0.22625001958337893 433
1725394868901 0.2588305379955567 434
1725394868932 0.26523110642035347 435
1725394868963 0.2694367027280738 436
1725394868991 0.2691177387867568 437
1725394869022 0.2608953499984726 438
1725394869050 0.2743676327675932 439
1725394869078 0.2625359062098954 440
1725394869109 0.30163351510417574 441
1725394869139 0.2932882007035672 442
1725394869169 0.33891782039790225 443
1725394869199 0.26847661094408437 444
1725394869227 0.23953197935341655 445
1725394869255 0.20458362874583433 446
1725394869282 0.23236050412726705 447
1725394869307 0.2625135400924723 448
1725394869337 0.2184411205659886 449
1725394869364 0.24100531952148582 450
1725394869397 0.21148833057378777 451
1725394869424 0.24568187635476843 452
1725394869457 0.24073950224640744 453
1725394869491 0.18026126509829382 454
1725394869519 0.23908319370227413 455
1725394869543 0.22382108099489867 456
1725394869570 0.2001099110303412 457
1725394869601 0.2321652184497234 458
1725394869633 0.1617093008903292 459
1725394869658 0.27915694163439825 460
1725394869690 0.25843800375590703 461
1725394869721 0.18390835873456293 462
1725394869753 0.20898106268821598 463
1725394869781 0.2659111233518088 464
1725394869811 0.25682302609999297 465
1725394869859 0.2919328873292816 466
1725394869908 0.18417527051557922 467
1725394869954 0.17415112175716832 468
1725394869991 0.37467340572953234 469
1725394870034 0.24041071096314504 470
1725394870076 0.20352578882223335 471
1725394870102 0.18658825617913183 472
1725394870135 0.16057618968534154 473
1725394870167 0.18113176589808397 474
1725394870192 0.17278606007422403 475
1725394870222 0.11682632267779502 476
1725394870251 0.1895437698696402 477
1725394870285 0.14030591496806155 478
1725394870331 0.18449391645690266 479
1725394870375 0.255362077806475 480
1725394870418 0.1376654790670359 481
1725394870453 0.15158411884466017 482
1725394870485 0.21212013059938362 483
1725394870520 0.1635917694028723 484
1725394870551 0.18849664629685864 485
1725394870587 0.1935251543004391 486
1725394870625 0.205795495968805 487
1725394870657 0.1889181611437015 488
1725394870693 0.19581454809860913 489
1725394870735 0.1574293097630698 490
1725394870771 0.21550915277774113 491
1725394870797 0.18201779476216792 492
1725394870826 0.18014950642230596 493
1725394870858 0.14842008774791965 494
1725394870890 0.2102638591804625 495
1725394870917 0.18112511614477947 496
1725394870949 0.13662350385005406 497
1725394870981 0.2597347046969408 498
1725394871009 0.2206461565001271 499
