1725412470102 246651944.54192802 0
1725412470206 7.72492835124734e+16 1
1725412470288 6.21260882675592e+29 2
1725412470365 5.426952080874155e+36 3
1725412470440 1.0379700500832356e+50 4
1725412470516 1.437899759932649e+60 5
1725412470598 1.472690426521359e+69 6
1725412470670 3.5829317219802933e+81 7
1725412470755 5.43629533524529e+91 8
1725412470844 1.1309608234427815e+103 9
1725412470914 1.1903518973212256e+113 10
1725412470985 1.7922607987185217e+122 11
1725412471061 1.5036343204088475e+136 12
1725412471129 5.872234919121086e+145 13
1725412471206 2.4366762268061196e+155 14
1725412471281 6.854212426773306e+163 15
1725412471349 6.210592385059998e+174 16
1725412471417 2.553366477350737e+184 17
1725412471492 1.8192976334125946e+195 18
1725412471562 3.3780594222312495e+205 19
1725412471631 1.8101076301790863e+219 20
1725412471700 4.0475180208539474e+228 21
1725412471772 2.8983208115383962e+239 22
1725412471840 1.534661395006538e+249 23
1725412471915 1.0288345133662948e+261 24
1725412471987 2.958656310067085e+268 25
1725412472064 4.9984744840802465e+278 26
1725412472137 1.3647510550851847e+289 27
1725412472253 1.1426059587743436e+302 28
1725412472326 inf 29
1725412472398 inf 30
