1725353615194 29.495463777069748 0
1725353615221 5.14763485201383 1
1725353615244 1.0492257991837657 2
1725353615268 0.23456012300494258 3
1725353615287 0.1840295851064015 4
1725353615309 0.15041045534394973 5
1725353615334 0.14096957599365403 6
1725353615354 0.15701983871627348 7
1725353615374 0.11763677349887093 8
1725353615396 0.10991936797692269 9
1725353615417 0.13155031185918212 10
1725353615439 0.18142917406113826 11
1725353615456 0.11158522360116764 12
1725353615474 0.17450845692035388 13
1725353615497 0.11574880649720012 14
1725353615518 0.13936043697572026 15
1725353615552 0.10201945646173523 16
1725353615572 0.19163875772479957 17
1725353615592 0.09553539240375297 18
1725353615613 0.10376918405732982 19
1725353615636 0.14358897606781423 20
1725353615692 0.2169529974286135 21
1725353615716 0.11996148577084684 22
1725353615740 0.13100057496347628 23
1725353615762 0.15171954855851372 24
1725353615783 0.10316320679102946 25
1725353615803 0.08900382269016725 26
1725353615824 0.10033648184067549 27
1725353615846 0.18563357557492088 28
1725353615869 0.0740607683029269 29
1725353615891 0.19128052398769202 30
1725353615917 0.10296166945233562 31
1725353615938 0.13279100146255535 32
1725353615961 0.16209504418250736 33
1725353615984 0.12558987015889592 34
1725353616006 0.12947185816958273 35
1725353616023 0.11924181333602224 36
1725353616042 0.09531071226002101 37
1725353616064 0.13050617336338313 38
1725353616084 0.12998209903037014 39
1725353616102 0.08475422040499431 40
1725353616121 0.17923473910261956 41
1725353616143 0.16431368345643246 42
1725353616164 0.1530021755840386 43
1725353616186 0.1566120471128759 44
1725353616205 0.15290701007994575 45
1725353616222 0.1128023462301719 46
1725353616243 0.09400783908800896 47
1725353616264 0.15198704050956527 48
1725353616283 0.10943619948787299 49
1725353616300 0.12573212884565585 50
1725353616319 0.13921910466865667 51
1725353616340 0.15716221796636146 52
1725353616362 0.10194291879859192 53
1725353616383 0.13158757343263422 54
1725353616404 0.162922253370515 55
1725353616425 0.11780282722861268 56
1725353616446 0.11294312360443082 57
1725353616467 0.12716851324322734 58
1725353616488 0.11519895394763087 59
1725353616510 0.09368263711586793 60
1725353616531 0.10835644100306556 61
1725353616560 0.15350264206623315 62
1725353616580 0.07515631425701716 63
1725353616600 0.1129949684923225 64
1725353616620 0.14146450274240532 65
1725353616639 0.14562642026234293 66
1725353616662 0.23113639038566675 67
1725353616682 0.10879876985726564 68
1725353616699 0.15492414519174982 69
1725353616718 0.14779645385695744 70
1725353616739 0.2731375999839989 71
1725353616768 0.12351403116868478 72
1725353616789 0.11089914674764649 73
1725353616808 0.1974528606972085 74
1725353616829 0.08738488438009544 75
1725353616850 0.2739230415044117 76
1725353616871 0.09540823194979506 77
1725353616891 0.1731719213194947 78
1725353616912 0.20980207631431888 79
1725353616933 0.1762022405363496 80
1725353616952 0.22456636947494132 81
1725353616974 0.11174934950555304 82
1725353616994 0.12240355758509468 83
1725353617011 0.14374224744694197 84
1725353617033 0.16842245671794817 85
1725353617052 0.27761170198375873 86
1725353617072 0.09661270347652447 87
1725353617092 0.07874126168018884 88
1725353617112 0.15499167040276365 89
1725353617132 0.15521121531218426 90
1725353617152 0.11230635568205162 91
1725353617173 0.16823155494669673 92
1725353617216 0.12069076913337323 93
1725353617240 0.1439669917901066 94
1725353617270 0.14453267326280897 95
1725353617315 0.17230958067200247 96
1725353617411 0.16520448821879885 97
1725353617440 0.14952844649432395 98
1725353617493 0.16456212393023115 99
1725353617515 0.11270383709014038 100
1725353617537 0.13176823025612236 101
1725353617567 0.0992861226393178 102
1725353617588 0.14223283409436083 103
1725353617608 0.1311873520096513 104
1725353617627 0.15121048047492797 105
1725353617646 0.11883044678957841 106
1725353617669 0.09285759816975919 107
1725353617691 0.09012389701147898 108
1725353617717 0.1425443678139161 109
1725353617738 0.1489870862530894 110
1725353617759 0.1599917247091751 111
1725353617779 0.16951368500913006 112
1725353617799 0.17426199168342263 113
1725353617819 0.1365924617931487 114
1725353617839 0.1454200506321585 115
1725353617858 0.17449404177051708 116
1725353617877 0.10225058230048184 117
1725353617898 0.22618961798474224 118
1725353617919 0.10944938633939978 119
1725353617941 0.11949474450496089 120
1725353617959 0.13305826154808092 121
1725353617982 0.08223557371765283 122
1725353618005 0.1256870069770699 123
1725353618026 0.12932819344500887 124
1725353618052 0.14933610394460498 125
1725353618074 0.08666476936131431 126
1725353618095 0.16317599691222598 127
1725353618114 0.10480291913940769 128
1725353618135 0.13594849239306506 129
1725353618157 0.16711383339518232 130
1725353618197 0.11897739934972539 131
1725353618219 0.13946713478622919 132
1725353618240 0.10319712909138015 133
1725353618261 0.1303475564433534 134
1725353618283 0.1543067855970281 135
1725353618303 0.13218825873860365 136
1725353618325 0.11695092067640532 137
1725353618344 0.12772900397164882 138
1725353618364 0.12053847333785837 139
1725353618384 0.19647380102931378 140
1725353618405 0.15409023284353637 141
1725353618427 0.15947720474541124 142
1725353618448 0.1084042347248451 143
1725353618470 0.1017720818673339 144
1725353618488 0.10988391955110058 145
1725353618507 0.10449373722191307 146
1725353618525 0.10742386986321445 147
1725353618546 0.1626144266567773 148
1725353618579 0.14859951720586148 149
1725353618600 0.16731370897868686 150
1725353618620 0.10044044274349248 151
1725353618638 0.1078325266830497 152
1725353618656 0.13230368411822566 153
1725353618677 0.144017523751689 154
1725353618696 0.12797865983209306 155
1725353618719 0.1258095264502361 156
1725353618741 0.132599587473638 157
1725353618762 0.15753885231784923 158
1725353618781 0.13122286209944597 159
1725353618803 0.13239082168166877 160
1725353618823 0.17356850755679412 161
1725353618846 0.15761933480472895 162
1725353618869 0.16643014013181676 163
1725353618891 0.21556771292580457 164
1725353618911 0.17398728041992853 165
1725353618931 0.10306752470247069 166
1725353618951 0.12456714228508585 167
1725353618971 0.15659543436794215 168
1725353618991 0.1418033104377695 169
1725353619011 0.12357144867581546 170
1725353619030 0.19209204696029353 171
1725353619051 0.12262021345890226 172
1725353619070 0.17775471442533186 173
1725353619091 0.14306162866944322 174
1725353619111 0.11943491876627932 175
1725353619130 0.1737657533365811 176
1725353619150 0.21433381452392522 177
1725353619169 0.07644182446577158 178
1725353619190 0.16057563567617658 179
1725353619215 0.11306314853501954 180
1725353619236 0.12383129780488661 181
1725353619259 0.13891726833273357 182
1725353619280 0.11243766633249509 183
1725353619300 0.10789835208028122 184
1725353619319 0.17034060023795855 185
1725353619339 0.1323365861619283 186
1725353619359 0.1378708535387657 187
1725353619379 0.11687118519151256 188
1725353619398 0.21002076095838956 189
1725353619417 0.24224262848704295 190
1725353619439 0.08494769036472817 191
1725353619457 0.11539024597618677 192
1725353619475 0.10018025584743998 193
1725353619496 0.1406203763151044 194
1725353619511 0.11180066391061162 195
1725353619533 0.20454542536589287 196
1725353619553 0.12718361033651068 197
1725353619573 0.11613953695239528 198
1725353619601 0.13946490950656487 199
1725353619621 0.18204934832726824 200
1725353619641 0.13218439179492625 201
1725353619661 0.12209538800777237 202
1725353619682 0.11786613048490623 203
1725353619703 0.19882079884657097 204
1725353619722 0.12166276834963817 205
1725353619742 0.17102386455925805 206
1725353619762 0.10824953910059215 207
1725353619782 0.14880787599511533 208
1725353619809 0.11505271041360443 209
1725353619834 0.13925078511801792 210
1725353619855 0.11546203680320619 211
1725353619877 0.1768248984613485 212
1725353619896 0.12476488847232772 213
1725353619914 0.08790706107373981 214
1725353619934 0.10097652278417309 215
1725353619954 0.14270237134096603 216
1725353619972 0.14289039979784265 217
1725353619992 0.12960422291633708 218
1725353620012 0.13260297095407006 219
1725353620032 0.15471921806866917 220
1725353620054 0.09793757940001756 221
1725353620074 0.13953271866149336 222
1725353620093 0.08884846222863428 223
1725353620116 0.13730673270309054 224
1725353620133 0.12167016021441006 225
1725353620157 0.1238530360523294 226
1725353620179 0.10733601031873398 227
1725353620201 0.1211264204096585 228
1725353620223 0.1694313881997247 229
1725353620244 0.11085204123233092 230
1725353620267 0.18105361280429047 231
1725353620290 0.17059569708403383 232
1725353620311 0.1302892195379828 233
1725353620334 0.1079272665489042 234
1725353620357 0.12347947319810429 235
1725353620377 0.11956484632448419 236
1725353620396 0.11014853142118469 237
1725353620416 0.14979221190556832 238
1725353620435 0.1513604966941933 239
1725353620455 0.1421334302359599 240
1725353620477 0.13335749384861767 241
1725353620497 0.1163242983881278 242
1725353620518 0.14155115542127655 243
1725353620538 0.14326607345015407 244
1725353620559 0.11526261033651743 245
1725353620580 0.13585917223978602 246
1725353620611 0.16110926553528704 247
1725353620632 0.11727382231299734 248
1725353620654 0.056139057008257214 249
1725353620674 0.12111913856048796 250
1725353620695 0.12925529575182013 251
1725353620715 0.13404774403450542 252
1725353620735 0.09945162159702356 253
1725353620755 0.11384746083382437 254
1725353620776 0.12036915116903249 255
1725353620801 0.09029767373387987 256
1725353620821 0.1299151197569808 257
1725353620850 0.10471763644383592 258
1725353620878 0.13072997654743707 259
1725353620914 0.2056878400834337 260
1725353620936 0.11646589729293942 261
1725353620957 0.18728194992702574 262
1725353620976 0.19795562858170415 263
1725353620998 0.14770397202234312 264
1725353621020 0.13469777736713567 265
1725353621045 0.28460295410615016 266
1725353621066 0.18047537440917163 267
1725353621090 0.17934492885650452 268
1725353621111 0.1626988372898356 269
1725353621131 0.23802727583258051 270
1725353621151 0.10960402192284277 271
1725353621174 0.16872753805790336 272
1725353621196 0.10302189999528662 273
1725353621229 0.08180132582245749 274
1725353621268 0.19043325852583712 275
1725353621289 0.11853907740513767 276
1725353621308 0.10545731432219582 277
1725353621327 0.12151093673002702 278
1725353621347 0.16188208401187204 279
1725353621367 0.21348599343792374 280
1725353621384 0.1548503099100308 281
1725353621403 0.17395058154075685 282
1725353621423 0.09654321212880464 283
1725353621443 0.16083813218191756 284
1725353621463 0.1282848519606851 285
1725353621485 0.15415298571194333 286
1725353621506 0.17671950353092486 287
1725353621530 0.19032847691303986 288
1725353621554 0.10492429805238118 289
1725353621582 0.12112149005897521 290
1725353621618 0.12984969272548247 291
1725353621639 0.23445648036997185 292
1725353621658 0.14226187066246473 293
1725353621681 0.11155383485484653 294
1725353621707 0.08504518417763328 295
1725353621727 0.15345314706903307 296
1725353621747 0.11269895215853061 297
1725353621778 0.12660898689621428 298
1725353621802 0.08627863082712274 299
1725353621824 0.13520686494167272 300
1725353621846 0.15740509447170167 301
1725353621872 0.1648763733876125 302
1725353621897 0.11836080262855442 303
1725353621923 0.1930627092488492 304
1725353621943 0.13198951479066895 305
1725353621966 0.1105818791153451 306
1725353621985 0.16122135506162266 307
1725353622008 0.1074342341625246 308
1725353622035 0.12989490513435828 309
1725353622065 0.20826647488383654 310
1725353622094 0.18448199782465893 311
1725353622113 0.09346670074765824 312
1725353622134 0.13901599323342761 313
1725353622154 0.16522188548250488 314
1725353622173 0.0956944715602857 315
1725353622198 0.16167591226278835 316
1725353622218 0.13567129329872293 317
1725353622242 0.0938074568260774 318
1725353622264 0.14369716662131138 319
1725353622293 0.15342919399818558 320
1725353622315 0.10267913134898736 321
1725353622333 0.17675425933331984 322
1725353622353 0.17712253380851106 323
1725353622383 0.09606712788866718 324
1725353622415 0.15279285774521215 325
1725353622439 0.1771240687084967 326
1725353622461 0.09035881572802976 327
1725353622482 0.13563795602025835 328
1725353622503 0.08247258955215235 329
1725353622523 0.12004866818676206 330
1725353622545 0.14268255385499318 331
1725353622576 0.15276105695695405 332
1725353622602 0.11113455458898029 333
1725353622631 0.13304183185328633 334
1725353622656 0.14165201036337105 335
1725353622679 0.12841185480735356 336
1725353622707 0.16531664366104798 337
1725353622729 0.20961753813954817 338
1725353622751 0.1124641595877029 339
1725353622778 0.16983494589492873 340
1725353622800 0.09903176672208698 341
1725353622820 0.1991011858572776 342
1725353622841 0.14904844828187974 343
1725353622861 0.12625683874306728 344
1725353622879 0.08618384216267361 345
1725353622899 0.10828499403809178 346
1725353622919 0.12751769585355832 347
1725353622939 0.12380472807534318 348
1725353622958 0.1572975830170953 349
1725353622977 0.1473761076774818 350
1725353622998 0.12412650089940913 351
1725353623025 0.27538947382228934 352
1725353623045 0.1471631673532918 353
1725353623067 0.17382122287036209 354
1725353623088 0.19061819448629083 355
1725353623108 0.13496871768863536 356
1725353623125 0.10224963513534245 357
1725353623147 0.17996688693259874 358
1725353623167 0.11787296299228278 359
1725353623189 0.10515188245164137 360
1725353623211 0.09230498972805021 361
1725353623230 0.12013199928087086 362
1725353623250 0.07845442875465553 363
1725353623271 0.1802171981094876 364
1725353623293 0.14543049415774123 365
1725353623314 0.09244208653989376 366
1725353623334 0.18829955229729545 367
1725353623356 0.15562592265254616 368
1725353623378 0.11792300531268951 369
1725353623419 0.10875937545109148 370
1725353623454 0.12031051835118023 371
1725353623489 0.1758331671570917 372
1725353623517 0.10932962184985821 373
1725353623541 0.1985293864887219 374
1725353623563 0.11254906566485127 375
1725353623583 0.16846731780221627 376
1725353623603 0.16723261842085643 377
1725353623621 0.13257799798862027 378
1725353623651 0.1527673468780445 379
1725353623671 0.09210645632146419 380
1725353623689 0.12478061657068176 381
1725353623711 0.20234845936638457 382
1725353623732 0.08221510061203839 383
1725353623753 0.11769861853780685 384
1725353623775 0.1297074936012834 385
1725353623796 0.09904740112342635 386
1725353623825 0.12772589123840022 387
1725353623852 0.1221669523496845 388
1725353623872 0.10022375953328581 389
1725353623894 0.14182133023214186 390
1725353623915 0.10893876975676486 391
1725353623934 0.09890826254213331 392
1725353623953 0.09059579313538745 393
1725353623973 0.08162733981931926 394
1725353623992 0.16680659894014233 395
1725353624012 0.11293697985843379 396
1725353624033 0.09041053402335568 397
1725353624052 0.12053538776623007 398
1725353624072 0.14629038870375347 399
1725353624091 0.11802873464323742 400
1725353624112 0.16285240531231238 401
1725353624133 0.10074510621710443 402
1725353624155 0.12393398648955481 403
1725353624176 0.10707227786851008 404
1725353624197 0.1256196238907504 405
