1725350137087 143.380772441948 0
1725350137112 129.12961378987447 1
1725350137140 130.34705108053126 2
1725350137178 9416.540774195353 3
1725350137208 6480959.02751208 4
1725350137247 5933973204.88537 5
1725350137275 35057657925120.67 6
1725350137296 1.9412911993896186e+17 7
1725350137320 6.782811632107515e+19 8
1725350137341 1.64828971578469e+23 9
1725350137362 1.0473628029838703e+26 10
1725350137389 2.1978643070629354e+29 11
1725350137421 1.3425111316621153e+32 12
1725350137441 6.556292223503194e+35 13
1725350137473 1.0120910571797671e+39 14
1725350137494 8.909053220734508e+41 15
1725350137520 1.426418071005848e+44 16
1725350137547 3.1898925190917377e+48 17
1725350137584 7.62320420199476e+50 18
1725350137617 7.090164767415991e+61 19
1725350137640 3.445450271771095e+57 20
1725350137675 9.141276909639063e+60 21
1725350137698 3.546448815341566e+64 22
1725350137719 1.5648081958725785e+67 23
1725350137748 7.13502180377651e+70 24
1725350137771 5.245647458748226e+73 25
1725350137794 4.3548692620810837e+76 26
1725350137817 4.1780224590303585e+79 27
1725350137843 3.84443092792737e+83 28
1725350137873 4.1480290690165716e+85 29
1725350137895 2.2034659375097616e+89 30
1725350137916 2.629264132705611e+92 31
1725350137937 3.7760902877806164e+95 32
1725350137959 4.780239632085e+98 33
1725350137979 6.274504913251795e+101 34
1725350138004 4.827020136283471e+104 35
1725350138029 1.5986058299176483e+108 36
1725350138059 5.1840920284081736e+110 37
1725350138083 3.7125757801045265e+113 38
1725350138106 5.9868817243304525e+116 39
1725350138128 2.2860781215409605e+119 40
1725350138156 7.06193534935739e+122 41
1725350138177 1.3568298459648362e+125 42
1725350138198 4.94513693800095e+128 43
1725350138220 5.881836524681778e+131 44
1725350138316 1.2068252811961079e+135 45
1725350138338 2.391686040438181e+138 46
1725350138361 1.0314743235724508e+141 47
1725350138388 1.245869728258607e+144 48
1725350138592 8.256424836293863e+147 49
1725350138615 5.227355465052868e+150 50
1725350138636 1.7419683425723712e+154 51
1725350138662 4.6304397482751526e+157 52
1725350138687 5.061218297229961e+160 53
1725350138712 1.563421909610684e+163 54
1725350138737 5.5606332651261186e+166 55
1725350138767 8.362595166022813e+169 56
1725350138792 2.2136603232281853e+172 57
1725350138818 6.413277021787572e+175 58
1725350138843 1.3329823870272515e+179 59
1725350138876 4.4094258533990946e+182 60
1725350138898 1.5510099604425253e+185 61
1725350138920 8.530935575747292e+187 62
1725350138946 1.3643291704137444e+191 63
1725350138973 2.1712530072224645e+195 64
1725350138992 3.0894780731979405e+197 65
1725350139014 5.553242067115567e+200 66
1725350139036 2.8233031627716585e+203 67
1725350139058 2.5281630171616532e+207 68
1725350139083 4.604410059479728e+210 69
1725350139105 1.411947381074152e+213 70
1725350139127 8.984219073254347e+215 71
1725350139162 7.409787444759147e+219 72
1725350139191 1.1289741700268713e+222 73
1725350139214 7.810651915644688e+225 74
1725350139238 7.318137681677414e+228 75
1725350139266 6.285231320997919e+232 76
1725350139289 6.191068165910312e+234 77
1725350139312 1.810470223106783e+238 78
1725350139333 3.4299339682280093e+241 79
1725350139354 2.0696929493473786e+245 80
1725350139415 6.054420128040949e+246 81
1725350139449 5.187512521933979e+250 82
1725350139474 3.8353972983685895e+254 83
1725350139493 1.0928242868749662e+257 84
1725350139528 1.733917692682656e+260 85
1725350139549 9.79882675458657e+270 86
1725350139575 1.0545403502172587e+267 87
1725350139607 2.14104274375665e+270 88
1725350139630 3.515460672181679e+273 89
1725350139657 8.729861913437224e+276 90
1725350139695 9.807047214193898e+277 91
1725350139723 1.391773467163083e+282 92
1725350139747 7.62377853364051e+284 93
1725350139772 1.64732510257558e+288 94
1725350139793 3.9023246315689075e+290 95
1725350139814 6.197573956013659e+294 96
1725350139838 2.0128582875319379e+298 97
1725350139863 3.262699783664771e+300 98
1725350139886 3.099160551371993e+303 99
1725350139910 inf 100
1725350139952 inf 101
