1725408810563 175.4469906797965 0
1725408810633 175.08907955861486 1
1725408810669 174.7319256690672 2
1725408810700 174.37552735233433 3
1725408810725 174.01988295340922 4
1725408810763 173.66499082108766 5
1725408810805 173.31084930795888 6
1725408810841 172.95745677039628 7
1725408810876 172.6048115685478 8
1725408810909 172.252912066327 9
1725408810938 171.9017566314034 10
1725408810967 171.55134363519335 11
1725408810990 171.20167145285075 12
1725408811019 170.85273846325805 13
1725408811050 170.50454304901663 14
1725408811089 170.15967725425472 15
1725408811119 169.8155378718329 16
1725408811145 169.47212331486256 17
1725408811175 169.1294320000936 18
1725408811203 168.78746234790555 19
1725408811236 168.44621278229863 20
1725408811266 168.10568173088487 21
1725408811299 167.76586762487898 22
1725408811331 167.42676889908967 23
1725408811360 167.08838399191092 24
1725408811393 166.7507113453128 25
1725408811425 166.413749404833 26
1725408811457 166.07749661956788 27
1725408811489 165.7419514421637 28
1725408811513 165.407112328808 29
1725408811542 165.07297773922082 30
1725408811574 164.739546136646 31
1725408811606 164.40681598784258 32
1725408811647 164.07478576307614 33
1725408811678 163.74345393611023 34
1725408811709 163.41281898419754 35
1725408811740 163.08287938807175 36
1725408811770 162.75363363193864 37
1725408811801 162.42508020346773 38
1725408811831 162.0972175937838 39
1725408811861 161.77004429745827 40
1725408811892 161.44355881250087 41
1725408811923 161.1177596403512 42
1725408811956 160.7926452858704 43
1725408812068 160.4682142573325 44
1725408812152 160.14446506641642 45
1725408812178 159.8213962281974 46
1725408812199 159.49900626113862 47
1725408812231 159.17729368708325 48
1725408812263 158.85625703124583 49
1725408812295 158.53589482220414 50
1725408812328 158.21620559189108 51
1725408812361 157.89718787558635 52
1725408812392 157.5788402119083 53
1725408812423 157.26116114280572 54
1725408812452 156.94414921354988 55
1725408812484 156.62780297272613 56
1725408812515 156.31212097222618 57
1725408812549 155.9971017672397 58
1725408812577 155.68274391624638 59
1725408812609 155.369045981008 60
1725408812645 155.05600652656025 61
1725408812674 154.743624121205 62
1725408812706 154.43189733650198 63
1725408812738 154.12082474726125 64
1725408812768 153.8104049315349 65
1725408812796 153.50063647060946 66
1725408812826 153.19151794899776 67
1725408812857 152.88304795443133 68
1725408812887 152.5752250778524 69
1725408812920 152.2680479134061 70
1725408812950 151.9615150584327 71
1725408812983 151.65562511345988 72
1725408813013 151.35037668219493 73
1725408813044 151.04576837151697 74
1725408813074 150.74179879146934 75
1725408813106 150.4384665552519 76
1725408813138 150.13577027921323 77
1725408813168 149.83370858284326 78
1725408813196 149.53228008876533 79
1725408813223 149.23148342272873 80
1725408813252 148.93131721360123 81
1725408813281 148.63178009336121 82
1725408813311 148.33287069709047 83
1725408813344 148.03458766296646 84
1725408813375 147.73692963225483 85
1725408813407 147.43989524930203 86
1725408813441 147.14348316152768 87
1725408813472 146.8476920194174 88
1725408813502 146.55252047651499 89
1725408813533 146.25796718941547 90
1725408813563 145.96403081775722 91
1725408813594 145.67071002421517 92
1725408813625 145.3780034744929 93
1725408813655 145.08590983731565 94
1725408813687 144.79442778442296 95
1725408813714 144.50355599056132 96
1725408813744 144.21329313347695 97
1725408813774 143.92363789390842 98
1725408813804 143.63458895557974 99
1725408813839 143.34614500519282 100
1725408813869 143.05830473242042 101
1725408813901 142.77106682989893 102
1725408813930 142.48442999322128 103
1725408813962 142.19839292092976 104
1725408813989 141.912954314509 105
1725408814021 141.62811287837866 106
1725408814054 141.34386731988653 107
1725408814086 141.06021634930158 108
1725408814126 140.77715867980652 109
1725408814158 140.4946930274912 110
1725408814188 140.21281811134534 111
1725408814219 139.93153265325174 112
1725408814250 139.65083537797912 113
1725408814281 139.37072501317533 114
1725408814312 139.09120028936033 115
1725408814344 138.81225993991927 116
1725408814375 138.53390270109577 117
1725408814405 138.25612731198478 118
1725408814436 137.97893251452595 119
1725408814465 137.7023170534966 120
1725408814494 137.4262796765051 121
1725408814527 137.1508191339839 122
1725408814553 136.8759341791829 123
1725408814581 136.60162356816247 124
1725408814608 136.32788605978698 125
1725408814640 136.0547204157178 126
1725408814663 135.78212540040678 127
1725408814694 135.51009978108948 128
1725408814725 135.23864232777848 129
1725408814754 134.96775181325668 130
1725408814786 134.69742701307092 131
1725408814817 134.42766670552487 132
1725408814849 134.15846967167298 133
1725408814880 133.88983469531334 134
1725408814912 133.62176056298168 135
1725408814944 133.35424606394426 136
1725408814973 133.08728999019175 137
1725408815005 132.82089113643246 138
1725408815036 132.55504830008596 139
1725408815067 132.28976028127664 140
1725408815105 132.02502588282698 141
1725408815131 131.76084391025148 142
1725408815161 131.49721317174982 143
1725408815191 131.23413247820082 144
1725408815222 130.97160064315577 145
1725408815254 130.70961648283213 146
1725408815286 130.44817881610717 147
1725408815315 130.18728646451166 148
1725408815348 129.92693825222347 149
1725408815378 129.66713300606125 150
1725408815410 129.40786955547813 151
1725408815441 129.14914673255558 152
1725408815470 128.89096337199678 153
1725408815498 128.63331831112083 154
1725408815528 128.37621038985617 155
1725408815558 128.1196384507345 156
1725408815592 127.86360133888451 157
1725408815622 127.60809790202576 158
1725408815652 127.35312699046254 159
1725408815683 127.09868745707753 160
1725408815710 126.84477815732592 161
1725408815740 126.59139794922906 162
1725408815770 126.3385456933684 163
1725408815815 126.08622025287957 164
1725408815841 125.8344204934461 165
1725408815871 125.58314528329343 166
1725408815902 125.33239349318283 167
1725408815932 125.08216399640555 168
1725408815964 124.83245566877652 169
1725408815993 124.58326738862858 170
1725408816023 124.33459803680636 171
1725408816054 124.08644649666046 172
1725408816082 123.83881165404132 173
1725408816118 123.5916923972934 174
1725408816145 123.34508761724926 175
1725408816169 123.09899620722362 176
1725408816198 122.85341706300751 177
1725408816225 122.6083490828623 178
1725408816256 122.3637911675139 179
1725408816287 122.11974222014702 180
1725408816317 121.87620114639918 181
1725408816347 121.63316685435495 182
1725408816378 121.3906382545402 183
1725408816412 121.14861425991622 184
1725408816443 120.90709378587411 185
1725408816472 120.66607575022881 186
1725408816504 120.42555907321353 187
1725408816538 120.18554267747405 188
1725408816569 119.94602548806276 189
1725408816593 119.70700643243329 190
1725408816624 119.46848444043464 191
1725408816654 119.23045844430551 192
1725408816684 118.99292737866872 193
1725408816714 118.75589018052561 194
1725408816746 118.51934578925024 195
1725408816779 118.28329314658399 196
1725408816811 118.04773119662983 197
1725408816846 117.81280571698751 198
1725408816871 117.57836810795415 199
1725408816903 117.34441732351183 200
1725408816932 117.11095231997167 201
1725408816962 116.87797205596826 202
1725408816995 116.64547549245404 203
1725408817026 116.41346159269412 204
1725408817055 116.18192932226074 205
1725408817086 115.95087764902775 206
1725408817124 115.72030554316527 207
1725408817154 115.49021197713431 208
1725408817182 115.26059592568139 209
1725408817213 115.03145636583305 210
1725408817242 114.8027922768906 211
1725408817273 114.57460264042483 212
1725408817306 114.34688644027055 213
1725408817336 114.11964266252133 214
1725408817363 113.89287029552419 215
1725408817394 113.66656832987434 216
1725408817418 113.44073575840984 217
1725408817442 113.2153715762064 218
1725408817470 112.9904747805721 219
1725408817501 112.76604437104218 220
1725408817532 112.54207934937378 221
1725408817562 112.31857871954068 222
1725408817594 112.09554148772831 223
1725408817626 111.87296666232832 224
1725408817659 111.65085325393352 225
1725408817691 111.42920027533279 226
1725408817722 111.2080067415058 227
1725408817752 110.98740644655132 228
1725408817777 110.7672627439783 229
1725408817807 110.54757465986731 230
1725408817837 110.32834122244799 231
1725408817869 110.1095614620942 232
1725408817899 109.89123441131892 233
1725408817940 109.67335910476943 234
1725408817971 109.45593457922224 235
1725408818002 109.23895987357827 236
1725408818031 109.02243402885776 237
1725408818061 108.80635608819557 238
1725408818091 108.59072509683612 239
1725408818122 108.37554010212862 240
1725408818158 108.1608001535221 241
1725408818192 107.94650430256064 242
1725408818223 107.73265160287842 243
1725408818254 107.51924111019503 244
1725408818283 107.30627188231047 245
1725408818313 107.0937429791005 246
1725408818344 106.88165346251175 247
1725408818377 106.67000239655687 248
1725408818406 106.45878884731002 249
1725408818437 106.24801188290175 250
1725408818467 106.0376705735145 251
1725408818498 105.82776399137778 252
1725408818528 105.61829121076342 253
1725408818560 105.4092513079809 254
1725408818597 105.20064336137261 255
1725408818636 104.99246645130921 256
1725408818668 104.78471966018479 257
1725408818699 104.5774020724125 258
1725408818733 104.37051277441952 259
1725408818762 104.16405085464277 260
1725408818793 103.95801540352399 261
1725408818823 103.75240551350532 262
1725408818856 103.54722027902453 263
1725408818886 103.34245879651056 264
1725408818918 103.13812016437882 265
1725408818950 102.93420348302668 266
1725408818978 102.73070785482885 267
1725408819010 102.52763238413293 268
1725408819042 102.3249761772547 269
1725408819080 102.12273834247374 270
1725408819109 101.9209179900288 271
1725408819144 101.71951423211334 272
1725408819178 101.51852618287113 273
1725408819208 101.31795295839153 274
1725408819240 101.1177936767052 275
1725408819271 100.9180474577796 276
1725408819301 100.71871342351447 277
1725408819331 100.51979069773745 278
1725408819364 100.32127840619965 279
1725408819393 100.12317567657114 280
1725408819422 99.92548163843665 281
1725408819453 99.72819542329115 282
1725408819483 99.5313161645354 283
1725408819539 99.33484299747161 284
1725408819574 99.1387750592991 285
1725408819612 98.94311148910984 286
1725408819640 98.74785142788427 287
1725408819671 98.55299401848683 288
1725408819701 98.35853840566162 289
1725408819733 98.1644837360283 290
1725408819767 97.97082915807746 291
1725408819799 97.77757382216663 292
1725408819829 97.58471688051571 293
1725408819862 97.39225748720304 294
1725408819892 97.20019479816087 295
1725408819923 97.00852797117112 296
1725408819953 96.81725616586135 297
1725408819984 96.6263785437003 298
1725408820016 96.43589426799379 299
1725408820041 96.24580250388048 300
1725408820071 96.05610241832768 301
1725408820103 95.8667931801272 302
1725408820132 95.67787395989104 303
1725408820169 95.48934393004741 304
1725408820199 95.30120226483636 305
1725408820231 95.11344814030588 306
1725408820262 94.92608073430755 307
1725408820294 94.73909922649248 308
1725408820325 94.55250279830732 309
1725408820354 94.36629063298986 310
1725408820385 94.18046191556526 311
1725408820416 93.99501583284174 312
1725408820446 93.80995157340664 313
1725408820477 93.62526832762224 314
1725408820508 93.44096528762174 315
1725408820539 93.25704164730533 316
1725408820569 93.07349660233596 317
1725408820599 92.89032935013542 318
1725408820630 92.70753908988034 319
1725408820655 92.52512502249813 320
1725408820678 92.343086350663 321
1725408820710 92.16142227879195 322
1725408820743 91.9801320130409 323
1725408820773 91.79921476130056 324
1725408820804 91.61866973319256 325
1725408820837 91.43849614006552 326
1725408820867 91.2586931949911 327
1725408820897 91.07926011275995 328
1725408820931 90.90019610987801 329
1725408820960 90.7215004045624 330
1725408820991 90.54317221673769 331
1725408821025 90.36521076803182 332
1725408821053 90.18761528177232 333
1725408821104 90.01038498298254 334
1725408821595 89.83351909837754 335
1725408821753 89.65701685636049 336
1725408821833 89.48087748701863 337
1725408821872 89.30510022211959 338
1725408821898 89.12968429510745 339
1725408821927 88.95462894109893 340
1725408822004 88.77993339687968 341
1725408822046 88.60559690090037 342
1725408822077 88.43161869327298 343
1725408822109 88.257998015767 344
1725408822188 88.08473411180562 345
1725408822249 87.911826226462 346
1725408822296 87.73927360645554 347
1725408822327 87.56707550014809 348
1725408822357 87.39523115754027 349
1725408822394 87.22373983026768 350
1725408822424 87.05260077159724 351
1725408822450 86.88181323642347 352
1725408822503 86.71137648126475 353
1725408822533 86.54128976425972 354
1725408822566 86.37155234516345 355
1725408822597 86.202163485344 356
1725408822630 86.03312244777852 357
1725408822661 85.86442849704979 358
1725408822693 85.69608089934233 359
1725408822724 85.52807892243906 360
1725408822755 85.3604218357175 361
1725408822783 85.19310891014618 362
1725408822817 85.02613941828099 363
1725408822847 84.8595126342617 364
1725408822877 84.69322783380824 365
1725408822909 84.52728429421722 366
1725408822936 84.36168129435825 367
1725408822970 84.19641811467041 368
1725408823002 84.03149403715884 369
1725408823033 83.86690834539094 370
1725408823067 83.70266032449297 371
1725408823098 83.53874926114653 372
1725408823133 83.37517444358504 373
1725408823169 83.2119351615901 374
1725408823204 83.04903070648822 375
1725408823234 82.88646037114702 376
1725408823263 82.72422344997203 377
1725408823302 82.562319238903 378
1725408823332 82.40074703541052 379
1725408823357 82.23950613849259 380
1725408823385 82.0785958486711 381
1725408823412 81.91801546798838 382
1725408823443 81.75776430000379 383
1725408823475 81.59784164979028 384
1725408823506 81.43824682393097 385
1725408823539 81.27897913051576 386
1725408823568 81.12003787913785 387
1725408823600 80.96142238089045 388
1725408823628 80.80313194836327 389
1725408823658 80.64516589563924 390
1725408823686 80.48752353829109 391
1725408823718 80.33020419337791 392
1725408823745 80.17320717944204 393
1725408823778 80.01653181650542 394
1725408823811 79.86017742606643 395
1725408823846 79.7041433310965 396
1725408823869 79.54842885603676 397
1725408823894 79.39303332679481 398
1725408823923 79.23795607074138 399
1725408823952 79.08319641670685 400
1725408823981 78.92875369497838 401
1725408824007 78.77462723729609 402
1725408824038 78.62081637685021 403
1725408824070 78.4673204482776 404
1725408824101 78.31413878765852 405
1725408824132 78.16127073251342 406
1725408824165 78.00871562179967 407
1725408824196 77.8564727959083 408
1725408824225 77.70454159666079 409
1725408824251 77.55292136730586 410
1725408824277 77.40161145251624 411
1725408824310 77.25061119838547 412
1725408824341 77.09991995242457 413
1725408824368 76.94953706355916 414
1725408824396 76.79946188212604 415
1725408824423 76.6496937598699 416
1725408824455 76.50023204994044 417
1725408824484 76.35107610688912 418
1725408824509 76.2022252866658 419
1725408824540 76.05367894661597 420
1725408824570 75.90543644547712 421
1725408824592 75.75749714337618 422
1725408824620 75.6098604018258 423
1725408824652 75.4625255837218 424
1725408824677 75.31549205333963 425
1725408824705 75.16875917633145 426
1725408824736 75.02232631972309 427
1725408824760 74.87619285191077 428
1725408824788 74.73035814265822 429
1725408824813 74.58484407959747 430
1725408824839 74.43962733331517 431
1725408824870 74.2947072785974 432
1725408824901 74.15008329158132 433
1725408824932 74.005754749752 434
1725408824962 73.86172103193972 435
1725408824992 73.7179815183167 436
1725408825023 73.57453559039412 437
1725408825053 73.43138263101929 438
1725408825084 73.28852202437248 439
1725408825116 73.14595315596395 440
1725408825146 73.00367541263122 441
1725408825173 72.86168818253567 442
1725408825202 72.71999085515992 443
1725408825233 72.57858282130478 444
1725408825262 72.4374634730863 445
1725408825287 72.29663220393273 446
1725408825318 72.1560884085818 447
1725408825349 72.01583148307753 448
1725408825379 71.87586082476756 449
1725408825408 71.73617583230005 450
1725408825440 71.59677590562085 451
1725408825470 71.4576604459706 452
1725408825501 71.31882885588185 453
1725408825528 71.18028053917612 454
1725408825560 71.04201490096108 455
1725408825607 70.90403134762761 456
1725408825670 70.76632928684703 457
1725408825701 70.6289081275681 458
1725408825730 70.49176728001432 459
1725408825762 70.35490615568104 460
1725408825792 70.21832416733247 461
1725408825818 70.08202072899907 462
1725408825845 69.94599525597468 463
1725408825874 69.8102471648135 464
1725408825903 69.67477587332756 465
1725408825929 69.53958080058362 466
1725408825960 69.40466136690077 467
1725408825988 69.27001699384716 468
1725408826020 69.13564710423756 469
1725408826059 69.00155112213045 470
1725408826092 68.86772847282529 471
1725408826119 68.73417858285968 472
1725408826150 68.60090088000675 473
1725408826184 68.46789479327214 474
1725408826218 68.33515975289161 475
1725408826249 68.20269519032797 476
1725408826280 68.07050053826853 477
1725408826316 67.93857523062233 478
1725408826347 67.80691870251741 479
1725408826380 67.6755303902981 480
1725408826411 67.54440973152235 481
1725408826445 67.41355616495888 482
1725408826478 67.28296913058472 483
1725408826507 67.15264806958228 484
1725408826535 67.02259242433689 485
1725408826564 66.89280163843392 486
1725408826592 66.76327515665622 487
1725408826620 66.63401242498145 488
1725408826653 66.50501289057951 489
1725408826685 66.37627600180954 490
1725408826714 66.24780120821777 491
1725408826740 66.11958796053445 492
1725408826771 65.99163571067152 493
1725408826800 65.86394391171984 494
1725408826832 65.73651201794648 495
1725408826857 65.60933948479234 496
1725408826891 65.48242576886939 497
1725408826924 65.355770327958 498
1725408826954 65.22937262100457 499
