1725388259634 981530941.5857959 0
1725388259712 9.71256709693906e+20 1
1725388259797 1.1143521732648408e+32 2
1725388259879 2.1107824634606152e+46 3
1725388259961 2.947482413148537e+54 4
1725388260042 4.481684167118168e+71 5
1725388260126 2.0145159061652881e+83 6
1725388260184 5.593574939661124e+97 7
1725388260248 3.322065143450757e+110 8
1725388260338 5.427319631569706e+123 9
1725388260426 3.680161663017202e+136 10
1725388260506 3.4434168811290312e+149 11
1725388260580 1.299501276504873e+161 12
1725388260643 5.564034110301696e+171 13
1725388260710 1.6900713333803103e+186 14
1725388260776 3.3425377565831065e+199 15
1725388260897 1.2605338163335705e+211 16
1725388260972 4.3030407154886684e+222 17
1725388261044 1.530830358889318e+236 18
1725388261121 1.2489914721839289e+248 19
1725388261203 4.17131374253967e+261 20
1725388261278 2.23269534013236e+273 21
1725388261362 1.4056292325506358e+287 22
1725388261452 2.5755501897854294e+299 23
1725388261542 inf 24
1725388261614 inf 25
