1725419883850 6.411278975726364 0
1725419883954 3.478802527984007 1
1725419884031 4.49556290336699 2
1725419884093 5.604106475437628 3
1725419884142 4.661221856662333 4
1725419884235 4.096132169281268 5
1725419884306 6.884473401999514 6
1725419884382 0.17029414934984374 7
1725419884454 15.499421031849565 8
1725419884534 4.361237715407459 9
1725419884608 1.15940191227582 10
1725419884682 5.104080500470347 11
1725419884760 3.1588018809144485 12
1725419884843 115.64965746282536 13
1725419884915 17682.03788521556 14
1725419884981 40.61660345037105 15
1725419885053 2906.097815824295 16
1725419885137 1243965.0147966417 17
1725419885212 384277.5959624633 18
1725419885280 154757.70769499877 19
1725419885354 731349.7902139978 20
1725419885438 359783.2510956175 21
1725419885503 59411.320944026316 22
1725419885588 1596258.3007638867 23
1725419885668 150514.24820059398 24
1725419885755 114091201914.90724 25
1725419885834 30814673.380898494 26
1725419885901 1292844730.6449473 27
1725419885991 206622656202.1147 28
1725419886156 807328663.4739772 29
1725419886252 306647038918.33966 30
1725419886326 1138672850953.2456 31
1725419886395 429176568277.1654 32
1725419886458 1564362771462.3777 33
1725419886530 68547269972785.625 34
1725419886604 14652266813450.258 35
1725419886680 2.1919347851889904e+16 36
1725419886780 931659255794824.1 37
1725419886870 26559707308268.516 38
1725419886958 9.673901631638838e+17 39
1725419887046 2.079520268033648e+16 40
1725419887107 2.585504069283401e+18 41
1725419887177 8.421964431194765e+17 42
1725419887288 4.824701839805624e+19 43
1725419887365 1.5687289902041283e+19 44
1725419887445 2.8791323407518935e+18 45
1725419887523 7.366457475925764e+19 46
1725419887593 2.3914476716377784e+21 47
1725419887674 2.0301087325201737e+20 48
1725419887738 5.883005812563835e+21 49
1725419887802 4.3346422872458123e+21 50
1725419887890 5.9617023590051937e+23 51
1725419887960 4.53348706109863e+24 52
1725419888034 8.567129349759665e+21 53
1725419888127 1.3586043268440677e+25 54
1725419888225 1.4345226122702104e+25 55
1725419888295 1.9653268485681394e+24 56
1725419888362 3.1960050030147405e+27 57
1725419888449 1.7932178932754424e+23 58
1725419888523 4.956390806017504e+27 59
1725419888630 5.542619520319473e+29 60
1725419888724 1.136131366154825e+30 61
1725419888828 6.55722549019206e+26 62
1725419888908 5.212540250970375e+30 63
1725419888991 3.0016812880557712e+29 64
1725419889081 1.6426857607791335e+30 65
1725419889172 3.0631463536344056e+32 66
1725419889263 5.4660071614202824e+29 67
1725419889336 6.268124046001269e+30 68
1725419889397 2.8877318725258377e+31 69
1725419889539 2.7622315355764997e+33 70
1725419889616 2.9249136196389865e+34 71
1725419889707 1.887703499814388e+32 72
1725419889788 1.3289151535710482e+31 73
1725419889856 2.0120240757303237e+35 74
1725419889946 2.4036299642106555e+37 75
1725419890015 4.56434037165381e+36 76
1725419890074 5.621706125673472e+36 77
1725419890151 9.082416584678213e+37 78
1725419890218 8.36339893480259e+38 79
1725419890293 5.028815213901918e+38 80
1725419890370 1.5430746590366993e+39 81
1725419890449 3.3366086233691378e+38 82
1725419890497 2.64035514256723e+40 83
1725419890599 1.096844403020146e+39 84
1725419890678 1.898321941247824e+39 85
1725419890735 2.0010186610923035e+41 86
1725419890791 1.9018622526589744e+41 87
1725419890873 8.719618116494656e+41 88
1725419890943 1.2905389743826783e+42 89
1725419891009 2.231455096091155e+45 90
1725419891069 2.234415986305676e+44 91
1725419891153 2.0839975703875387e+47 92
1725419891215 2.152503001350643e+44 93
1725419891272 4.860337475284322e+45 94
1725419891349 7.125628180167098e+47 95
1725419891436 6.203074916779264e+45 96
1725419891521 6.945464102821551e+49 97
1725419891605 3.992089891464557e+48 98
1725419891672 6.403589517404283e+50 99
1725419891732 2.2437449159181698e+49 100
1725419891788 5.284386065980056e+48 101
1725419891859 1.847081462032094e+51 102
1725419891911 2.995474887596124e+48 103
1725419891965 1.4499090734482405e+50 104
1725419892019 3.3259157547743576e+49 105
1725419892087 1.2797951410059549e+52 106
1725419892166 8.613972526342911e+54 107
1725419892218 3.4493819486561383e+52 108
1725419892271 1.2850206598486255e+54 109
1725419892358 8.112734368097023e+54 110
1725419892455 1.622470748468684e+55 111
1725419892547 3.206133376873742e+58 112
1725419892608 3.0962766859764186e+57 113
1725419892674 6.035023199281448e+58 114
1725419892723 2.2504043327395417e+57 115
1725419892777 3.7509419296470495e+57 116
1725419892858 2.6769269402729895e+60 117
1725419892956 2.2462235885539585e+58 118
1725419893053 4.785282537500852e+59 119
1725419893102 1.2191922338380969e+59 120
1725419893153 2.6041752585997675e+60 121
1725419893220 2.8497405929784205e+63 122
1725419893284 1.3165664498168423e+62 123
1725419893356 2.5972359803217795e+62 124
1725419893444 1.4565600751520246e+62 125
1725419893504 2.3488634357595958e+64 126
1725419893572 2.760330697453265e+64 127
1725419893643 4.868814858993873e+64 128
1725419893704 1.728872183127921e+66 129
1725419893771 2.2869371480325277e+68 130
1725419893815 1.4172033788649883e+65 131
1725419893869 2.7111230567130977e+65 132
1725419893924 5.710982715997168e+67 133
1725419894006 1.1199989144983405e+70 134
1725419894095 8.079691454514155e+69 135
1725419894154 9.386092301200364e+69 136
1725419894230 1.5053456402895952e+71 137
1725419894306 3.7009354194886645e+70 138
1725419894367 1.438506077945785e+70 139
1725419894433 1.6545238420920973e+71 140
1725419894485 7.095436828215208e+71 141
1725419894557 9.231644276445984e+73 142
1725419894757 5.2247029675333724e+73 143
1725419894856 1.8154974296059593e+75 144
1725419894952 1.0275001205010007e+73 145
1725419895046 5.807454650076396e+75 146
1725419895142 7.17223405120244e+76 147
1725419895210 7.99338591470489e+76 148
1725419895256 1.7344784458286968e+77 149
1725419895312 2.6273728643497806e+76 150
1725419895390 5.30498301547689e+78 151
1725419895464 9.730876484457762e+76 152
1725419895562 1.4165394849206417e+79 153
1725419895636 3.764415032321084e+80 154
1725419895712 1.9686514649733085e+78 155
1725419895786 9.028701804501687e+79 156
1725419895897 1.7518246140193127e+80 157
1725419895969 1.6217453986591537e+81 158
1725419896031 3.58001600899172e+82 159
1725419896090 1.118335611475859e+82 160
1725419896145 3.515791687466767e+81 161
1725419896212 1.4603412208905625e+84 162
1725419896274 3.4988351721252796e+84 163
1725419896344 1.5104538457381914e+83 164
1725419896423 9.078108861957981e+85 165
1725419896486 6.320725683535751e+84 166
1725419896539 4.67702708036023e+85 167
1725419896625 4.131378913953442e+85 168
1725419896715 6.366077405725867e+86 169
1725419896801 3.844216174221508e+88 170
1725419896863 2.0629814216081088e+87 171
1725419896928 1.5584002806036225e+87 172
1725419897009 1.396315885354113e+88 173
1725419897105 4.0322066192749614e+88 174
1725419897188 1.3645096528813818e+90 175
1725419897260 8.755168580030105e+89 176
1725419897325 3.176065580874267e+93 177
1725419897423 2.945095554603497e+92 178
1725419897483 3.095074975526658e+92 179
1725419897537 3.2143454863336445e+95 180
1725419897594 4.510606414492383e+94 181
1725419897647 1.7833571020672204e+94 182
1725419897727 3.5543756017114375e+93 183
1725419897800 2.5128175501835733e+94 184
1725419897866 4.759341423403334e+98 185
1725419897921 7.850351322233517e+97 186
1725419897972 2.7956632134855e+97 187
1725419898025 9.426779431225029e+96 188
1725419898080 1.1997833757104993e+97 189
1725419898134 9.96585906261362e+98 190
1725419898206 3.006392680708684e+98 191
1725419898303 9.768780491907804e+99 192
1725419898351 3.599701755139087e+98 193
1725419898403 5.270127009173208e+100 194
1725419898479 7.566782550137005e+103 195
1725419898555 3.130554345832143e+101 196
1725419898615 1.0697581334483481e+104 197
1725419898661 4.802852657682674e+102 198
1725419898715 6.638471471779765e+105 199
1725419898767 1.3202331898691825e+104 200
1725419898822 8.66876954254588e+106 201
1725419898869 1.5524401144165187e+108 202
1725419898915 3.46686055295428e+106 203
1725419898982 4.068055738844039e+107 204
1725419899056 1.2507492949082913e+108 205
1725419899138 1.195120755744988e+106 206
1725419899216 1.9502537587616517e+108 207
1725419899301 3.25587330807086e+107 208
1725419899396 4.071757560069443e+110 209
1725419899462 1.1301028285914803e+109 210
1725419899538 4.1906537146973843e+111 211
1725419899603 5.116271873486745e+110 212
1725419899675 4.4226679235577325e+108 213
1725419899746 2.4464619337769695e+113 214
1725419899838 5.352349265535141e+113 215
1725419899922 9.017353460186639e+112 216
1725419900003 5.472557967221864e+114 217
1725419900090 4.1245260493124615e+113 218
1725419900218 3.187033386775525e+114 219
1725419900293 4.321270069187479e+115 220
1725419900364 1.7623172081661314e+117 221
1725419900440 2.9678350828740185e+117 222
1725419900521 1.8436760834983707e+115 223
1725419900581 4.4833610862518087e+117 224
1725419900653 1.0857586865329369e+118 225
1725419900715 3.1866758450470216e+117 226
1725419900775 3.7034467616663725e+118 227
1725419900846 7.719892426625869e+119 228
1725419900915 1.9017572323430633e+119 229
1725419900980 1.0443188644093648e+119 230
1725419901050 9.128006640745213e+122 231
1725419901130 8.248571220753245e+121 232
1725419901201 1.656925883992499e+121 233
1725419901270 1.2909537102643037e+125 234
1725419901345 1.2861374089595248e+123 235
1725419901423 2.1045392177407717e+124 236
1725419901488 1.662607681199328e+122 237
1725419901565 6.418005652569642e+127 238
1725419901631 2.7289778640688704e+126 239
1725419901704 8.959698806385897e+126 240
1725419901770 3.2105187319480685e+127 241
1725419901835 7.945602551999213e+127 242
1725419901913 1.8245053690937154e+127 243
1725419901990 4.9419048486563864e+129 244
1725419902058 1.5759801327828377e+131 245
1725419902142 1.0944045690504286e+129 246
1725419902215 6.272789518636744e+129 247
1725419902293 5.800864357759937e+130 248
1725419902368 1.2918597387668144e+132 249
1725419902446 1.3391029744777302e+132 250
1725419902534 8.515001685978432e+131 251
1725419902603 1.7290407322556084e+133 252
1725419902672 6.538299559431861e+134 253
1725419902746 2.766911931088249e+135 254
1725419902819 5.492122065844262e+134 255
1725419902892 3.166286071886361e+136 256
1725419902975 1.8687389632859345e+136 257
1725419903047 1.1308221387538915e+136 258
1725419903133 5.7131075216969445e+138 259
1725419903210 6.69446701315025e+136 260
1725419903279 4.5895020600409635e+139 261
1725419903378 1.249096688153468e+137 262
1725419903453 4.515362695513895e+137 263
1725419903529 7.168216612320429e+138 264
1725419903597 2.187527585251377e+135 265
1725419903663 5.400352903522948e+139 266
1725419903728 1.4883942641541479e+140 267
1725419903799 1.2692624396180263e+141 268
1725419903865 1.120901698690121e+143 269
1725419903945 6.000163329819429e+142 270
1725419904030 6.46238074775742e+143 271
1725419904110 7.326317242600671e+143 272
1725419904174 3.3045575010425276e+145 273
1725419904257 1.4843408503461808e+147 274
1725419904344 1.9657560003570037e+146 275
1725419904411 1.1443383691776614e+147 276
1725419904485 3.4382628359181435e+146 277
1725419904550 1.5339303911421469e+146 278
1725419904631 1.759150880594963e+150 279
1725419904715 5.10472186275635e+149 280
1725419904785 3.606685205888645e+150 281
1725419904855 9.164800759491738e+151 282
1725419904940 1.270227141651017e+151 283
1725419905035 5.141673432967425e+152 284
1725419905103 1.317876687160135e+149 285
1725419905155 4.539428292390233e+149 286
1725419905221 2.4094856084240574e+152 287
1725419905268 5.248021618158994e+152 288
1725419905345 7.949695275609738e+152 289
1725419905428 6.772938435637105e+154 290
1725419905514 8.410909310147057e+155 291
1725419905601 2.313132601410727e+154 292
1725419905664 1.2732348732743404e+157 293
1725419905729 6.25253806177051e+154 294
1725419905801 2.805191274429866e+153 295
1725419905867 2.4205645088096265e+156 296
1725419905956 2.5418385849011912e+156 297
1725419906045 3.2130812774870915e+157 298
1725419906118 4.569621183108211e+160 299
1725419906170 1.119573805463908e+161 300
1725419906233 2.1715713614250493e+157 301
1725419906291 1.9866732444827854e+157 302
1725419906364 2.64395274512765e+159 303
1725419906429 2.2956676557273007e+160 304
1725419906512 9.306304963728687e+158 305
1725419906583 6.122412935973757e+161 306
1725419906637 3.694305511517923e+164 307
1725419906687 3.4388235124158574e+162 308
1725419906785 1.162665522262207e+163 309
1725419906869 6.830130637602577e+164 310
1725419906965 6.765288506147858e+163 311
1725419907054 2.1438102329728e+166 312
1725419907127 4.8187675385297924e+168 313
1725419907196 1.1437378654004086e+168 314
1725419907259 6.892291233820624e+168 315
1725419907334 6.832628967521238e+167 316
1725419907424 2.4725278090000953e+170 317
1725419907503 5.8192166927615605e+168 318
1725419907577 5.797372886064502e+169 319
1725419907662 2.9069991644224573e+170 320
1725419907740 2.1506269411684616e+170 321
1725419907805 1.4199638266678516e+172 322
1725419907861 4.157853016134861e+171 323
1725419907914 1.7786075239370262e+173 324
1725419907986 5.971433346361975e+173 325
1725419908068 5.661736801799797e+174 326
1725419908131 1.0814588445467526e+176 327
1725419908200 3.226409152069735e+175 328
1725419908287 1.009868518167981e+176 329
1725419908365 7.535491074461892e+176 330
1725419908411 1.246309930870077e+176 331
1725419908485 3.1923563411330055e+174 332
1725419908564 2.4910744842788046e+177 333
1725419908621 1.5253407115760077e+179 334
1725419908681 6.875076682525157e+177 335
1725419908752 6.036008481030177e+175 336
1725419908830 8.340746505253639e+179 337
1725419908891 5.069192690613264e+180 338
1725419908979 3.678403008411917e+182 339
1725419909061 9.584841768202495e+181 340
1725419909115 1.1737282255979428e+183 341
1725419909179 3.4399853333413735e+181 342
1725419909268 4.647545013464103e+181 343
1725419909337 3.7828789190611946e+184 344
1725419909381 5.0355092468152116e+184 345
1725419909427 5.566008070649975e+183 346
1725419909480 9.954621314916323e+184 347
1725419909533 4.745749334979442e+184 348
1725419909585 5.938360694758653e+186 349
1725419909638 7.220676670726875e+183 350
1725419909684 1.1929174514543636e+187 351
1725419909730 3.3208091643389353e+187 352
1725419909789 2.5984092912746694e+187 353
1725419909843 5.481333029904511e+190 354
1725419909892 1.024890103859719e+191 355
1725419909949 2.4951051726211825e+188 356
1725419910026 1.6483125738931224e+188 357
1725419910124 2.9156300279441153e+192 358
1725419910209 1.522069475174996e+193 359
1725419910299 7.755947336097435e+193 360
1725419910374 1.2705737689815762e+191 361
1725419910434 4.9279934613528736e+191 362
1725419910509 6.9535604432355386e+187 363
1725419910593 1.4761060269706955e+194 364
1725419910680 7.451523611426897e+193 365
1725419910757 4.032028331212062e+196 366
1725419910831 5.2063699090663865e+194 367
1725419910881 1.9854181906561342e+195 368
1725419910936 3.242968277820277e+198 369
1725419910990 3.5680366993258997e+196 370
1725419911038 1.2352791861820537e+198 371
1725419911084 2.695237459448893e+199 372
1725419911132 1.0756896417402252e+199 373
1725419911184 2.261698143026253e+200 374
1725419911236 1.8420360515383656e+202 375
1725419911290 3.0997817915392463e+203 376
1725419911341 2.2837222384419314e+202 377
1725419911386 6.168521039584056e+202 378
1725419911437 1.0921746830347142e+204 379
1725419911508 5.869146156391172e+201 380
1725419911580 2.4435652001564656e+203 381
1725419911670 1.8156965445300256e+203 382
1725419911728 3.4487506242187124e+205 383
1725419911789 3.3440728793664233e+207 384
1725419911861 4.010194517029857e+205 385
1725419911937 2.7248136494828354e+206 386
1725419912023 2.1313699345605142e+207 387
1725419912112 4.161507724611765e+209 388
1725419912182 4.079703636949963e+210 389
1725419912259 2.9868180202411587e+207 390
1725419912345 3.3366976248468165e+209 391
1725419912414 6.3812945173115814e+209 392
1725419912469 1.8884266717488555e+211 393
1725419912515 1.3158378721266963e+209 394
1725419912577 7.442414174598628e+211 395
1725419912655 2.802379227500616e+214 396
1725419912736 8.26303734994721e+211 397
1725419912822 1.0253913053480075e+215 398
1725419912868 8.012816926214637e+213 399
1725419912912 9.639278253507126e+214 400
1725419912970 7.341598007903099e+213 401
1725419913056 1.1018919012739875e+216 402
1725419913116 8.040724812808105e+212 403
1725419913169 8.901245083286865e+214 404
1725419913245 5.3062964436060636e+215 405
1725419913319 2.8464455943747683e+218 406
1725419913400 2.1821548596850038e+217 407
1725419913477 1.5633268006587017e+219 408
1725419913530 1.2597083600688108e+218 409
1725419913588 1.1608083004016175e+221 410
1725419913642 6.68456297148342e+221 411
1725419913690 1.3067434341009385e+223 412
1725419913770 6.039899885779953e+220 413
1725419913828 6.663766488967279e+223 414
1725419913907 1.4033250031848715e+222 415
1725419913989 3.838911614683876e+221 416
1725419914052 3.6219756887584678e+224 417
1725419914135 1.5968271493297511e+224 418
1725419914221 1.8513835238309293e+224 419
1725419914283 7.258226756218105e+222 420
1725419914382 9.319811278223135e+224 421
1725419914451 2.9813209171587226e+227 422
1725419914514 2.3169466832571432e+226 423
1725419914588 4.848441968710777e+226 424
1725419914653 1.3121921580642913e+228 425
1725419914734 6.313035674131275e+229 426
1725419914813 4.418495117410927e+228 427
1725419914896 1.8698580022392212e+229 428
1725419914985 1.4624459831125934e+231 429
1725419915054 2.594324003955953e+233 430
1725419915124 1.8451422991920164e+223 431
1725419915184 2.675400240556775e+231 432
1725419915254 2.181448878476514e+231 433
1725419915340 2.233634915558325e+231 434
1725419915417 5.4561218390141636e+231 435
1725419915494 2.5492396281989145e+234 436
1725419915564 9.593531950562414e+233 437
1725419915640 1.8630161973874324e+234 438
1725419915717 8.41232429470558e+233 439
1725419915789 6.152529846567784e+236 440
1725419915857 3.257703837958641e+237 441
1725419915926 1.5352589505954502e+236 442
1725419915996 1.617998190498866e+235 443
1725419916057 3.4273759173137516e+237 444
1725419916135 2.4262365401270752e+240 445
1725419916206 1.181380878351927e+240 446
1725419916286 1.3463550747053e+239 447
1725419916356 7.481130181751236e+241 448
1725419916423 2.2081247463066293e+239 449
1725419916497 1.9311071229152355e+242 450
1725419916566 7.096419811549845e+240 451
1725419916636 6.397583552719613e+243 452
1725419916706 3.807025020669075e+243 453
1725419916772 2.541108042736847e+241 454
1725419916835 5.39348424207371e+244 455
1725419916904 3.647468165899132e+245 456
1725419916978 1.009431609100573e+247 457
1725419917050 5.992967433759542e+246 458
1725419917124 4.9077135913459835e+246 459
1725419917201 1.0998614327661593e+247 460
1725419917291 1.6392111443512913e+249 461
1725419917368 2.8297608592185022e+246 462
1725419917434 7.693839811262852e+249 463
1725419917504 6.057100436920777e+248 464
1725419917580 6.180277434486838e+249 465
1725419917657 1.7624165234102437e+250 466
1725419917734 1.2640264258765706e+250 467
1725419917807 3.272808079904606e+253 468
1725419917897 1.526200319874475e+254 469
1725419917956 1.2163521005714453e+252 470
1725419918029 3.542473731822862e+252 471
1725419918104 5.835796385578158e+253 472
1725419918158 2.801089298453151e+253 473
1725419918234 5.740405554964143e+253 474
1725419918305 2.756042107784621e+256 475
1725419918380 1.7865513332833217e+254 476
1725419918461 1.8599536773087197e+255 477
1725419918525 8.774355617931685e+257 478
1725419918606 4.011843466195535e+259 479
1725419918679 2.7856856671847943e+256 480
1725419918751 1.511133759129972e+259 481
1725419918831 1.9791093382113397e+259 482
1725419918899 5.071495007255388e+258 483
1725419918977 9.616169296567753e+258 484
1725419919048 5.643106241712951e+260 485
1725419919118 1.3769582574684237e+261 486
1725419919193 1.8924483129860727e+261 487
1725419919258 5.819570654004768e+263 488
1725419919330 5.633969440971674e+263 489
1725419919405 9.330387167573848e+261 490
1725419919464 1.1850363131952554e+263 491
1725419919533 1.3807756288049764e+262 492
1725419919645 1.318613140611906e+266 493
1725419919724 4.617281806209262e+264 494
1725419919789 2.5540925665077217e+267 495
1725419919890 6.335357831835783e+266 496
1725419919976 6.52962191485727e+267 497
1725419920047 2.2574897093712813e+266 498
1725419920110 7.918690617570003e+267 499
