1725359513903 73.46424552112394 0
1725359513933 34.2903963933561 1
1725359513958 19.237196528589138 2
1725359513988 11.895493407478956 3
1725359514014 8.15364410432966 4
1725359514039 6.682531739754699 5
1725359514066 6.012919827730655 6
1725359514092 5.388933691623721 7
1725359514119 5.079393185236167 8
1725359514152 4.723844715639025 9
1725359514178 5.137928858047254 10
1725359514210 5.264083649766035 11
1725359514249 4.671088671077794 12
1725359514280 4.652951225809582 13
1725359514306 4.695729385212249 14
1725359514330 4.443258025138344 15
1725359514352 4.825811929732922 16
1725359514375 4.889850931962783 17
1725359514397 4.939708959966792 18
1725359514426 4.9506159293037415 19
1725359514447 4.850676792171801 20
1725359514470 4.503693529994302 21
1725359514497 4.658738899573492 22
1725359514517 4.72531261805864 23
1725359514546 4.57153912957269 24
1725359514567 4.800956966604587 25
1725359514591 4.253240334467703 26
1725359514616 5.089085908637666 27
1725359514641 4.954797990276427 28
1725359514672 4.547117588027912 29
1725359514696 4.2849438094827015 30
1725359514721 4.934951330816968 31
1725359514744 4.773981814235383 32
1725359514765 4.889952581450277 33
1725359514786 4.932102856060226 34
1725359514810 4.764960193511163 35
1725359514828 5.010655132390427 36
1725359514856 5.041726576705935 37
1725359514882 4.602805447313692 38
1725359514918 4.476068354068201 39
1725359514944 4.97510700059653 40
1725359514967 4.325764527484767 41
1725359514991 5.204994393061463 42
1725359515012 4.97952218491264 43
1725359515037 4.532418654929502 44
1725359515063 4.533380732817155 45
1725359515105 4.789575073734254 46
1725359515151 4.6595020565673675 47
1725359515174 4.9267490536286775 48
1725359515200 4.523170465453969 49
1725359515225 4.77636353436146 50
1725359515246 4.732475283354875 51
1725359515266 4.870169623572689 52
1725359515290 4.9603604628788505 53
1725359515315 4.902327339350216 54
1725359515336 4.63622838570316 55
1725359515362 4.3907158827125 56
1725359515382 4.889346459291858 57
1725359515405 4.642201264885701 58
1725359515427 4.86746853197336 59
1725359515453 4.555597499663561 60
1725359515483 4.757138335329862 61
1725359515514 4.890857913465544 62
1725359515537 4.5913236527881525 63
1725359515564 5.139548158597525 64
1725359515581 4.90345164013705 65
1725359515602 4.688160564003523 66
1725359515623 4.640699208027204 67
1725359515645 4.789112516665048 68
1725359515668 4.90552955607496 69
1725359515701 4.670302875128531 70
1725359515723 4.629699866088718 71
1725359515743 5.056908467759208 72
1725359515799 4.9182565808030585 73
1725359515829 4.752620122607451 74
1725359515853 4.857008513590328 75
1725359515878 4.916651432330818 76
1725359515911 5.057779422048817 77
1725359515937 4.724370250818498 78
1725359515956 4.9301709945948025 79
1725359515977 4.662391411954189 80
1725359516004 4.696920440691946 81
1725359516043 4.752859202258213 82
