1725351189726 143.01160642537405 0
1725351189750 122.20534860172094 1
1725351189776 99.7739169437871 2
1725351189801 85.21372373143019 3
1725351189823 73.95653696577567 4
1725351189840 62.59443118168055 5
1725351189861 52.258061001507286 6
1725351189881 45.513739686499385 7
1725351189912 41.00918401314508 8
1725351189932 34.186724316566185 9
1725351189951 30.40464216681824 10
1725351189971 26.43510432725304 11
1725351189991 23.302443081795456 12
1725351190010 21.331592865894475 13
1725351190028 18.59036909325991 14
1725351190046 17.235149312039535 15
1725351190064 14.71541702203429 16
1725351190086 14.184122317190115 17
1725351190108 12.058156067966125 18
1725351190126 12.37376924069701 19
1725351190144 10.723350978635045 20
1725351190204 10.267450542673451 21
1725351190228 9.80918287799577 22
1725351190261 8.536089287038344 23
1725351190323 8.694861490589991 24
1725351190374 8.323901003664067 25
1725351190397 8.191509096017501 26
1725351190417 7.215426524974072 27
1725351190437 6.924409442328253 28
1725351190460 6.600425471480978 29
1725351190486 7.057657545776899 30
1725351190510 5.87839758034332 31
1725351190535 5.966031604870238 32
1725351190559 6.078901608452971 33
1725351190586 5.573507683301609 34
1725351190608 5.456902470740949 35
1725351190630 5.639951827450555 36
1725351190650 6.022979429520773 37
1725351190671 5.738122713108154 38
1725351190709 5.124918411059441 39
1725351190739 5.4065699107956515 40
1725351190762 5.156156080663227 41
1725351190788 5.264708660590985 42
1725351190809 5.051725448235334 43
1725351190827 5.3641315682792445 44
1725351190848 5.365864867393735 45
1725351190870 5.232801104990662 46
1725351190897 5.115315995640964 47
1725351190956 5.294841525894677 48
1725351190982 5.016627499224399 49
1725351191002 5.086064748695207 50
1725351191022 5.3333539822884415 51
1725351191044 4.919629672103719 52
1725351191064 4.788913904532304 53
1725351191089 5.095475694562257 54
1725351191114 4.72245859129694 55
1725351191134 4.694038405046553 56
1725351191158 4.7251891723625965 57
1725351191188 4.957142283723658 58
1725351191242 5.077007033461821 59
1725351191272 4.519647912246863 60
1725351191296 4.839733773064594 61
1725351191316 4.884788689027911 62
1725351191334 4.831278152494713 63
1725351191353 5.182131096711565 64
1725351191371 4.750154351165433 65
1725351191389 4.799828477847332 66
1725351191410 4.593683015261636 67
1725351191429 4.819927752662854 68
1725351191450 4.524895018663069 69
1725351191468 4.905352044567137 70
1725351191488 4.7701193523905445 71
1725351191507 4.722927699938434 72
1725351191531 4.724905408766262 73
1725351191551 4.572132780647764 74
1725351191583 5.087733371965062 75
1725351191605 4.686624976198057 76
1725351191630 5.210900105090986 77
1725351191684 4.717629631936084 78
1725351191745 4.658928767728328 79
1725351191773 4.499468407569715 80
1725351191796 4.640317270689472 81
1725351191821 4.812845878430821 82
1725351191842 4.778111290546932 83
1725351191860 4.989725071187972 84
1725351191882 4.765504083533816 85
1725351191904 4.896054535977655 86
1725351191926 4.786642908642787 87
1725351191953 5.22164723968472 88
1725351191974 4.717014023462318 89
1725351191993 4.5138058846284155 90
1725351192016 4.913239277214006 91
1725351192038 4.2858418413416315 92
1725351192065 4.948202373680218 93
1725351192085 4.532067249124037 94
1725351192104 4.650899526490486 95
1725351192132 4.648218281750645 96
1725351192156 4.758605373457786 97
1725351192179 4.393555901171622 98
