1725402073974 178.57272777629285 0
1725402074008 171.07248763686155 1
1725402074049 165.13885875795893 2
1725402074083 166.9028350635403 3
1725402074122 158.19308963426985 4
1725402074155 155.7251018876792 5
1725402074185 148.02782401483617 6
1725402074217 151.80908975460915 7
1725402074247 145.04132705517168 8
1725402074281 151.8828715249228 9
1725402074316 148.84396477699326 10
1725402074348 138.27400569825735 11
1725402074378 145.49173386874838 12
1725402074410 134.21016090527814 13
1725402074441 130.2322308914005 14
1725402074475 130.31669532044162 15
1725402074506 131.71765762659155 16
1725402074536 126.73271550469197 17
1725402074567 118.70450184357163 18
1725402074599 119.53306861289103 19
1725402074630 116.35060055393812 20
1725402074663 115.8512044043012 21
1725402074696 110.41027048814283 22
1725402074728 104.99899750839322 23
1725402074760 110.51482977862149 24
1725402074793 105.3448149401877 25
1725402074828 108.1908312994989 26
1725402074859 104.141662321507 27
1725402074893 99.93684487886524 28
1725402074924 96.3818738724483 29
1725402074957 97.38762918557885 30
1725402074987 98.07481211283466 31
1725402075019 96.91459705457792 32
1725402075062 98.99852386969386 33
1725402075116 93.18676312131896 34
1725402075169 95.25781938475818 35
1725402075200 90.2632327392502 36
1725402075231 84.65273247139203 37
1725402075263 83.59571808909206 38
1725402075295 84.86276897396019 39
1725402075344 85.52996894380286 40
1725402075459 80.18898547958852 41
1725402075486 80.69631395409236 42
1725402075515 81.44502689803326 43
1725402075537 76.76983921262074 44
1725402075563 73.63563250754297 45
1725402075596 73.28442695701891 46
1725402075626 72.7696444290172 47
1725402075660 74.07126100876403 48
1725402075691 69.63742991831022 49
1725402075724 69.85228662247361 50
1725402075756 68.32848570721556 51
1725402075789 66.16389018926687 52
1725402075821 69.32297553171482 53
1725402075852 66.06874332268862 54
1725402075884 63.939631965860755 55
1725402075915 64.3761202044767 56
1725402075947 61.27462757652891 57
1725402075978 60.40462314780522 58
1725402076009 58.72090883849595 59
1725402076040 59.012017039392845 60
1725402076075 57.629259930888374 61
1725402076109 57.07260646211698 62
1725402076142 56.105854500504584 63
1725402076176 53.88746109431557 64
1725402076209 53.141000862746935 65
1725402076240 50.698523856819 66
1725402076274 50.95973973399796 67
1725402076301 50.681335153531954 68
1725402076334 49.288386063216656 69
1725402076366 49.07994038460595 70
1725402076396 47.97392205766159 71
1725402076426 46.134906391127664 72
1725402076465 45.631430859717504 73
1725402076498 46.56629225280257 74
1725402076527 43.96946720540068 75
1725402076557 40.94745455172423 76
1725402076583 42.66807838308486 77
1725402076614 42.72399013106175 78
1725402076642 40.744866067717346 79
1725402076673 39.04980219128583 80
1725402076702 38.919656374953284 81
1725402076732 38.099516248643155 82
1725402076763 36.8218027658363 83
1725402076794 37.608484645372855 84
1725402076829 36.75958020801146 85
1725402076862 38.18411387423027 86
1725402076892 35.00862529126336 87
1725402076925 34.46034048095262 88
1725402076955 34.26689667394742 89
1725402076987 34.25504002725719 90
1725402077019 33.59632415931963 91
1725402077049 31.43535757967936 92
1725402077086 33.46958026440515 93
1725402077118 30.58747056157426 94
1725402077151 32.19521704039466 95
1725402077189 30.340272776847957 96
1725402077221 28.760255980053625 97
1725402077255 29.1404720413642 98
1725402077288 27.8231574158292 99
1725402077319 28.224253516018724 100
1725402077352 27.445044654662038 101
1725402077385 26.899469361225087 102
1725402077417 26.42890484257659 103
1725402077446 26.795474207778916 104
1725402077475 24.706414417022152 105
1725402077508 24.42762197694248 106
1725402077543 25.485351908658938 107
1725402077574 24.98107647726673 108
1725402077605 25.261353327058746 109
1725402077638 23.29222624686798 110
1725402077669 22.928178786162015 111
1725402077699 22.40917729926205 112
1725402077731 22.566068893364122 113
1725402077764 21.089949804741398 114
1725402077796 21.68932978028923 115
1725402077826 20.92259601880067 116
1725402077863 20.43213065283824 117
1725402077893 20.418598343726185 118
1725402077925 20.833614998153248 119
1725402077960 20.03596700107935 120
1725402077993 19.26278116759756 121
1725402078024 20.02457305412342 122
1725402078057 18.54393041714989 123
1725402078094 18.33342154069547 124
1725402078127 17.342343937700797 125
1725402078157 17.75649853826566 126
1725402078187 16.185075985867716 127
1725402078218 17.09546111175957 128
1725402078244 16.77049260813168 129
1725402078274 16.554570404604483 130
1725402078303 15.72863377888738 131
1725402078339 16.093061254802763 132
1725402078375 15.504590842395599 133
1725402078406 15.325512679414942 134
1725402078443 14.712984016772632 135
1725402078474 15.88095102087374 136
1725402078507 14.586682917848378 137
1725402078539 14.248702318748608 138
1725402078569 14.230800353530148 139
1725402078601 13.31214740219034 140
1725402078633 14.004130207266723 141
1725402078672 12.934451867487926 142
1725402078706 12.926653876475985 143
1725402078736 12.891543256223246 144
1725402078769 12.628754836093794 145
1725402078799 12.094727331672754 146
1725402078830 12.35566792512588 147
1725402078862 11.329776662140528 148
1725402078894 11.871665800914803 149
1725402078925 10.751992968364624 150
1725402078958 11.13327813507061 151
1725402078989 11.100082648046884 152
1725402079024 10.837724699456778 153
1725402079055 10.62420622126007 154
1725402079098 11.859657543128726 155
1725402079129 10.25021651501223 156
1725402079159 10.422839171435394 157
1725402079194 10.270344104941792 158
1725402079224 10.075776225516412 159
1725402079257 9.224436150518834 160
1725402079290 9.923266776051511 161
1725402079323 9.677960249159948 162
1725402079354 9.09270792866188 163
1725402079388 9.578451043108814 164
1725402079416 8.386403477329681 165
1725402079446 8.691664961224898 166
1725402079478 8.884095335419374 167
1725402079510 9.04208173249136 168
1725402079543 7.806485020455122 169
1725402079574 8.323778099526388 170
1725402079613 7.764093720236893 171
1725402079645 7.987620209123467 172
1725402079678 7.646572189584848 173
1725402079709 7.064959607878599 174
1725402079742 7.14232943834079 175
1725402079774 6.965827924861753 176
1725402079806 7.899151395903082 177
1725402079839 6.520041568102437 178
1725402079870 6.983294758803008 179
1725402079903 7.3887144050693845 180
1725402079935 6.120247317261999 181
1725402079966 6.356886624384366 182
1725402079997 6.075840091849284 183
1725402080027 6.1717883441953925 184
1725402080057 6.160772533565795 185
1725402080095 5.919900239554248 186
1725402080123 7.766564943087279 187
1725402080167 5.933728413418658 188
1725402080198 6.055541155265817 189
1725402080230 5.795181538741056 190
1725402080261 5.4340559414590395 191
1725402080293 5.379334686463454 192
1725402080325 4.934728160175077 193
1725402080355 6.547123751602082 194
1725402080388 4.921137791798225 195
1725402080419 5.554316204503317 196
1725402080452 4.861797462433305 197
1725402080482 5.186210989019967 198
1725402080514 4.870286327137038 199
1725402080544 4.761103990530441 200
1725402080575 4.467594545602927 201
1725402080605 4.656208421130341 202
1725402080642 4.282538767175538 203
1725402080683 4.773350951774775 204
1725402080714 4.019325689362803 205
1725402080745 4.362216660800892 206
1725402080777 4.217592680548848 207
1725402080808 3.898514341663471 208
1725402080835 4.011010748764482 209
1725402080863 3.935772567322862 210
1725402080885 4.082351653433019 211
1725402080911 3.8148877916799235 212
1725402080934 3.9786403086225106 213
1725402080962 3.7943353357084213 214
1725402080991 3.7458550897928498 215
1725402081021 3.540550948511667 216
1725402081051 3.4262957779700844 217
1725402081082 3.21493401380347 218
1725402081121 3.249443470199654 219
1725402081148 3.4622451707981887 220
1725402081180 3.262329412174795 221
1725402081205 3.1842184581677877 222
1725402081237 3.693607203507372 223
1725402081267 3.1479416532616 224
1725402081300 3.118006015239907 225
1725402081332 3.2015013294883854 226
1725402081362 2.969391671483761 227
1725402081392 2.900810844471668 228
1725402081422 2.6045601637758216 229
1725402081451 2.836115460542239 230
1725402081483 2.6041826820137755 231
1725402081515 2.588386219011861 232
1725402081545 2.7801307053099644 233
1725402081579 2.4768950457303687 234
1725402081610 2.4698206819905404 235
1725402081639 2.3497330961900755 236
1725402081671 2.355525731848956 237
1725402081701 2.4338657082529225 238
1725402081732 2.337839309889578 239
1725402081764 2.3122368923669994 240
1725402081793 2.5825084098718896 241
1725402081825 2.2769672293226404 242
1725402081853 2.1900163836831927 243
1725402081880 2.328802278652328 244
1725402081912 2.4852311733837427 245
1725402081944 2.1025691748035467 246
1725402081975 1.9784654471159684 247
1725402082008 2.133518149432405 248
1725402082038 2.0321433485875304 249
1725402082065 2.3309663112630363 250
1725402082098 2.0438305808320174 251
1725402082131 1.6196908827088565 252
1725402082161 2.025817058764015 253
1725402082186 1.627763923330493 254
1725402082219 1.811049970063735 255
1725402082250 1.6385287068754055 256
1725402082279 1.7530895238510513 257
1725402082312 1.5773549257942712 258
1725402082342 1.6773842682517255 259
1725402082377 1.6416886303958798 260
1725402082405 1.6912894926088693 261
1725402082436 1.3405935687341892 262
1725402082467 1.66666017147559 263
1725402082500 1.4400386095468614 264
1725402082532 1.5913664249151322 265
1725402082563 1.3443027771359806 266
1725402082593 1.4951561751337146 267
1725402082622 2.164881072974034 268
1725402082656 1.5043000167339295 269
1725402082693 1.2727388425881945 270
1725402082723 1.3072678492645309 271
1725402082754 1.4130708716269758 272
1725402082782 1.6983794873738753 273
1725402082812 1.4418510905132176 274
1725402082845 1.2751499911039907 275
1725402082872 1.042137630099302 276
1725402082900 1.354273678847765 277
1725402082927 1.1702160985740553 278
1725402082959 1.2134020141204132 279
1725402082990 1.070696960219268 280
1725402083018 1.212513541685315 281
1725402083050 1.1616164422837396 282
1725402083080 0.9919082080200408 283
1725402083110 1.1201400319184853 284
1725402083143 1.197457431213799 285
1725402083170 1.0225361758146099 286
1725402083194 0.9414585559154386 287
1725402083226 1.073331774805941 288
1725402083253 0.9754905097849649 289
1725402083284 0.9273533401569323 290
1725402083318 1.0401403781532874 291
1725402083344 0.8050114850769816 292
1725402083380 0.9903550980260637 293
1725402083413 1.0087141143307634 294
1725402083438 0.8755191123451512 295
1725402083462 1.0827204146948133 296
1725402083490 0.8084839961028002 297
1725402083519 0.9279631501939262 298
1725402083550 0.8285014638582917 299
1725402083585 0.8398344334504759 300
1725402083618 0.7789541949948297 301
1725402083651 0.8418538894696764 302
1725402083680 0.8414185531134712 303
1725402083709 0.9299451877489807 304
1725402083732 0.8404006429072193 305
1725402083760 0.8552836524669601 306
1725402083784 0.7042706421901413 307
1725402083812 0.8786677550708806 308
1725402083842 0.7269836102072178 309
1725402083873 0.6759936496009046 310
1725402083905 0.9911213468341202 311
1725402083935 0.6994951950495777 312
1725402083968 0.6048280895705658 313
1725402083996 0.6700358914095615 314
1725402084031 0.5725472864168921 315
1725402084062 0.7716105300144004 316
1725402084090 0.6429586315270027 317
1725402084118 0.8646293692707501 318
1725402084152 0.6644882124593098 319
1725402084176 0.6545607149761521 320
1725402084198 0.9083717969498969 321
1725402084226 0.7699856696392686 322
1725402084258 0.5455215876756487 323
1725402084288 0.5851985180200766 324
1725402084320 0.560398156908611 325
1725402084352 0.6088793164344515 326
1725402084383 0.5438655741068698 327
1725402084415 0.5286158907466242 328
1725402084442 0.61800119028359 329
1725402084477 0.4523120171135167 330
1725402084506 0.6186841886154374 331
1725402084538 0.530521085970528 332
1725402084564 0.4746285484614959 333
1725402084594 0.45542410382733906 334
1725402084623 0.49836096105995376 335
1725402084651 0.5206286752215415 336
1725402084681 0.5305356863749738 337
1725402084715 0.5043917226917606 338
1725402084744 0.3923344504022062 339
1725402084776 0.39734309245519295 340
1725402084805 0.4481208864648447 341
1725402084835 0.36753552467822836 342
1725402084867 0.4014604538920655 343
1725402084892 0.36029702223168997 344
1725402084922 0.49128198942263934 345
1725402084953 0.42593996850060095 346
1725402084984 0.46743804337628125 347
1725402085015 0.3604305400787994 348
1725402085049 0.45817227128107824 349
1725402085080 0.37408629576846336 350
1725402085116 0.48115409050532587 351
1725402085148 0.39730323984068416 352
1725402085173 0.43166756733291 353
1725402085202 0.37560134406826706 354
1725402085229 0.37891093914874463 355
1725402085260 0.5609493620891707 356
1725402085296 0.3941373716387739 357
1725402085328 0.2619776370881325 358
1725402085356 0.2711112411862928 359
1725402085389 0.3234694525987357 360
1725402085419 0.38556822844212646 361
1725402085450 0.3183546558537555 362
1725402085476 0.5301003342335164 363
1725402085504 0.3357599110392981 364
1725402085538 0.2728720418319551 365
1725402085570 0.37297421827201777 366
1725402085601 0.26738689696402257 367
1725402085634 0.3152797334972777 368
1725402085669 0.23574857811275354 369
1725402085695 0.30597607744521355 370
1725402085729 0.3921670979072554 371
1725402085762 0.5328356062705474 372
1725402085794 0.29442575745343613 373
1725402085822 0.2561783902106792 374
1725402085854 0.3278723590081589 375
1725402085887 0.34958814424931384 376
1725402085918 0.3310240912668484 377
1725402085950 0.2498493152393504 378
1725402085976 0.20416713529402475 379
1725402086005 0.2774726106703977 380
1725402086035 0.2570554502387213 381
1725402086068 0.24021735013171733 382
1725402086099 0.23568868814414315 383
1725402086132 0.19909243467390902 384
1725402086163 0.3014053472925063 385
1725402086190 0.1841452775206549 386
1725402086221 0.27471629472494824 387
1725402086252 0.24276153234442355 388
1725402086283 0.30464720239259424 389
1725402086314 0.23874089741375787 390
1725402086345 0.20999902544715796 391
1725402086380 0.27021995063592186 392
1725402086409 0.2007099097190907 393
1725402086432 0.19564861985427354 394
1725402086458 0.22170077121780696 395
1725402086489 0.2123795637938868 396
1725402086516 0.3171685626131079 397
1725402086548 0.2200763116701319 398
1725402086579 0.21240820422158424 399
1725402086611 0.18927108936962125 400
1725402086637 0.20025510560037274 401
1725402086664 0.15252948869005112 402
1725402086696 0.1994309836610609 403
1725402086730 0.1451367714103209 404
1725402086761 0.18604066969246574 405
1725402086792 0.1621126255401122 406
1725402086823 0.16231333011642265 407
1725402086850 0.23967845753919545 408
1725402086884 0.2168284968398967 409
1725402086922 0.182988537021521 410
1725402086961 0.19785786277146258 411
1725402086989 0.16301317938267 412
1725402087024 0.1622996400484409 413
1725402087054 0.14838085607082716 414
1725402087086 0.20705967299023126 415
1725402087121 0.17357628368465222 416
1725402087152 0.17329000190963426 417
1725402087183 0.1687758631090038 418
1725402087209 0.2124529963685104 419
1725402087241 0.22998384869077024 420
1725402087271 0.14860955455125094 421
1725402087302 0.20102545754664114 422
1725402087332 0.1322916802258556 423
1725402087365 0.1479273295920973 424
1725402087392 0.14152936777594136 425
1725402087424 0.1298127349867458 426
1725402087455 0.20372946517485346 427
1725402087486 0.11917531884739052 428
1725402087516 0.12559430495406027 429
1725402087546 0.17472623464749057 430
1725402087575 0.17281128079730668 431
1725402087608 0.1512787900635608 432
1725402087638 0.15260450506562526 433
1725402087670 0.1681929888820554 434
1725402087703 0.13786489244654432 435
1725402087732 0.15408595980260745 436
1725402087764 0.14114295208749844 437
1725402087792 0.22945429719666124 438
1725402087820 0.1375015979374791 439
1725402087850 0.14562316086682645 440
1725402087880 0.11758237381487682 441
1725402087911 0.19967744993774542 442
1725402087940 0.11824321510226476 443
1725402087971 0.24602230990456941 444
1725402087999 0.16930668785762645 445
1725402088030 0.15360658410413083 446
1725402088060 0.10274685780311708 447
1725402088090 0.12748872501641714 448
1725402088123 0.13884787091259584 449
1725402088155 0.16412165315632346 450
1725402088186 0.13910880868499323 451
1725402088212 0.12909836534820937 452
1725402088243 0.1754395688027722 453
1725402088274 0.11484453983950525 454
1725402088299 0.12118646464469857 455
1725402088327 0.23824201506411574 456
1725402088357 0.1460314418574356 457
1725402088388 0.12096592204227447 458
1725402088418 0.10500094449520724 459
1725402088448 0.11752307426318077 460
1725402088477 0.10376854539084476 461
1725402088509 0.13756793734304773 462
1725402088540 0.10089995591304422 463
1725402088574 0.14334528414908726 464
1725402088600 0.1418848553077286 465
1725402088629 0.10638472264162702 466
1725402088661 0.10407899701464413 467
1725402088693 0.1338980446879117 468
1725402088725 0.24541867082202215 469
1725402088756 0.1267026022387753 470
1725402088786 0.133482988694191 471
1725402088816 0.12345399502350057 472
1725402088847 0.07566573902879728 473
1725402088878 0.1284756963138632 474
1725402088907 0.09898550713374474 475
1725402088938 0.12332224469704711 476
1725402088970 0.12418128563162782 477
1725402089000 0.14913032475847376 478
1725402089032 0.12439472173354553 479
1725402089060 0.21794733791042276 480
1725402089095 0.13130252771350281 481
1725402089125 0.14600101622698639 482
1725402089159 0.1311470518437413 483
1725402089186 0.09195976026655149 484
1725402089212 0.11905541724278776 485
1725402089240 0.09873066514514924 486
1725402089272 0.0903427347190094 487
1725402089298 0.09845169748785093 488
1725402089334 0.08266094936068207 489
1725402089366 0.08486804292047215 490
1725402089398 0.061761207434635174 491
1725402089425 0.07866316348926963 492
1725402089457 0.09921206234181584 493
1725402089492 0.09544908920822451 494
1725402089523 0.11347445399461892 495
1725402089553 0.13128520027237725 496
1725402089584 0.1299652719082446 497
1725402089616 0.08716616930614413 498
1725402089647 0.09471043573920707 499
