1725422364184 72.05150600093621 0
1725422364301 30.04601670701345 1
1725422364381 19.661317482769288 2
1725422364483 1.350386334827165 3
1725422364559 2.2608542879013664 4
1725422364657 0.8230434567981852 5
1725422364752 0.6079354928688239 6
1725422364867 0.02283392336206182 7
1725422364968 0.00015820712651102862 8
1725422365064 0.9064982170610617 9
1725422365156 0.03697786927322297 10
1725422365254 0.0012147986739850037 11
1725422365331 0.014799930440095914 12
1725422365401 0.0753171418893733 13
1725422365491 0.285344798393371 14
1725422365568 0.013406839960974892 15
1725422365635 0.10458276903644857 16
1725422365745 5.944191496600348e-06 17
1725422365837 0.10117932507532053 18
1725422365917 0.10876466360763541 19
1725422366148 1.0858127331941757e-05 20
1725422366212 0.40389275691968796 21
1725422366304 0.005847079554425981 22
1725422366397 0.11399130350076478 23
1725422366502 0.002684071015056928 24
1725422366583 0.06668543131602113 25
1725422366652 0.2268040183098018 26
1725422366718 0.20977139402818304 27
1725422366814 0.384942219016081 28
1725422366892 0.8527632460076474 29
1725422366960 0.11787690605422897 30
1725422367032 0.0014537195367106683 31
1725422367139 0.414545321061269 32
1725422367213 4.39051569774846e-06 33
1725422367298 0.001182812908543497 34
1725422367385 0.26455008511154265 35
1725422367473 0.07869324152327851 36
1725422367551 0.38721710009767735 37
1725422367628 0.00580875050723299 38
1725422367700 0.15984485760219805 39
1725422367781 0.2927742037053739 40
1725422367860 0.08041501477206989 41
1725422367936 0.18267546699816006 42
1725422368020 0.00041794579738097334 43
1725422368117 0.19224922219178694 44
1725422368208 0.019496838626314347 45
1725422368296 0.02284285050355951 46
1725422368377 0.025769152321205222 47
1725422368454 0.25792323351453705 48
1725422368543 0.07023507734405092 49
1725422368620 0.022793474495767477 50
1725422368710 0.04164258523725649 51
1725422368789 0.09071177946727149 52
1725422368883 0.1403589010932539 53
1725422368964 0.11414775746167417 54
1725422369058 0.1299810033844883 55
1725422369127 0.10107786110852991 56
1725422369210 0.0007181675198140143 57
1725422369299 0.002128669163350556 58
1725422369382 0.5612204463406186 59
1725422369483 0.0368484639245038 60
1725422369568 0.4195054907133198 61
1725422369651 0.08545014753070282 62
1725422369741 0.00014943861360207722 63
1725422369820 0.3738786679527246 64
1725422369892 0.5533285165074497 65
1725422369982 0.1774521191995112 66
1725422370066 0.014435136414052375 67
1725422370133 0.02449300754038119 68
1725422370213 0.014232586502072946 69
1725422370301 7.554404043587862e-05 70
1725422370374 0.582233522486965 71
1725422370454 0.08152956782315465 72
1725422370532 0.6366042985527163 73
1725422370622 0.12722362874388674 74
1725422370697 0.00021492770943842523 75
1725422370783 0.037610722912850066 76
1725422370859 0.010350038152004167 77
1725422370945 0.037523970686449484 78
1725422371032 0.11477865343595983 79
1725422371129 0.0218893176223331 80
1725422371215 0.0056939297626825485 81
1725422371290 0.03478619053076022 82
1725422371377 4.1239635005555065e-05 83
1725422371451 0.5191658059464757 84
1725422371556 0.005001944933891629 85
1725422371630 0.00015807779172643646 86
1725422371714 0.3816595286163566 87
1725422371788 0.12827831099610681 88
1725422371865 0.48908716428895405 89
1725422371930 0.02419284469959847 90
1725422371993 0.012926916123305288 91
1725422372129 0.006263098558987212 92
1725422372225 0.05097790037928518 93
1725422372308 0.0013071127397913823 94
1725422372378 0.09507445420951523 95
1725422372463 0.00016024914455731897 96
1725422372532 0.13406084237521476 97
1725422372634 0.15215478553893197 98
1725422372701 1.119305038477266 99
1725422372774 0.04783094693980009 100
1725422372856 0.020546649768192378 101
1725422372943 0.00021445055662048295 102
1725422373024 0.008584125137793214 103
1725422373101 0.08465088855980275 104
1725422373179 0.0028992672934604444 105
1725422373243 0.16962459160638926 106
1725422373331 0.0024753964397584765 107
1725422373422 0.3369786307824216 108
1725422373515 0.10761232006354116 109
1725422373606 0.036766604882294766 110
1725422373687 0.08018654452584675 111
1725422373759 0.027236321642574696 112
1725422373832 0.4878403456616905 113
1725422373940 0.11995586591341013 114
1725422374040 0.03996134798441913 115
1725422374116 0.015681149153320133 116
1725422374191 0.004110104009229822 117
1725422374265 0.3604276454015462 118
1725422374349 0.005014960873244942 119
1725422374446 0.20785508905465974 120
1725422374543 0.01990757507820617 121
1725422374645 0.02371119792181534 122
1725422374721 0.09895823843389757 123
1725422374808 0.7072596688031968 124
1725422374886 0.0036807814963791736 125
1725422374987 0.034976053678696134 126
1725422375070 0.19794956213139672 127
1725422375155 0.08382943644096791 128
1725422375244 0.10018203486371187 129
1725422375316 0.009529616399849191 130
1725422375387 0.24294131946131084 131
1725422375483 0.03579448408850113 132
1725422375560 8.691009826246599e-05 133
1725422375657 0.2955176851380098 134
1725422375751 0.00024856891692913647 135
1725422375832 0.01593008038814754 136
1725422375907 0.15206975855167795 137
1725422375987 1.2690417623674392e-06 138
1725422376074 0.13874946422502996 139
1725422376158 0.2039421177422874 140
1725422376238 0.665171794953818 141
1725422376317 0.29427557623217787 142
1725422376404 0.02187227890887243 143
1725422376503 0.03766813203864456 144
1725422376589 0.03777351775074007 145
1725422376680 0.11749646966145477 146
1725422376768 0.02513181083617265 147
1725422376855 0.2284714133304478 148
1725422376961 0.10738982386702041 149
1725422377045 0.047816406528057534 150
1725422377115 0.31989507174693593 151
1725422377183 3.026660062925388e-05 152
1725422377264 0.022802683281547963 153
1725422377353 0.09062473343026847 154
1725422377440 0.0026108789372192064 155
1725422377535 0.009680841883686493 156
1725422377641 0.04519420850837298 157
1725422377727 0.014514018819654738 158
1725422377797 0.9275802104270494 159
1725422377916 0.0849192728702583 160
1725422377983 0.0349830011861853 161
1725422378058 0.13685063395444316 162
1725422378151 0.09898320986747498 163
1725422378227 0.6132998215179574 164
1725422378300 0.009964390676576678 165
1725422378371 0.002457615863561167 166
1725422378450 0.0038330319007605093 167
1725422378546 0.3111619507259752 168
1725422378634 0.09741045865223683 169
1725422378705 0.13791313033795566 170
1725422378781 0.09582657664639346 171
1725422378854 0.00018765070647418325 172
1725422378953 0.009987919444429947 173
1725422379040 0.0007718468071747792 174
1725422379122 0.041072316271814756 175
1725422379212 0.005175259162996755 176
1725422379279 0.17091290473789655 177
1725422379360 0.0034250709878936646 178
1725422379438 0.07987488097766013 179
1725422379511 0.6141302554791183 180
1725422379580 0.02837802196191685 181
1725422379648 0.027605457605498217 182
1725422379733 0.25444723903740235 183
1725422379800 0.04497874704517228 184
1725422379867 0.009869465953320913 185
1725422379942 0.0478583668234963 186
1725422380030 0.009256138134704646 187
1725422380123 0.2460560502312639 188
1725422380199 0.11935838987470507 189
1725422380281 0.01962206339421349 190
1725422380360 0.030801737193766346 191
1725422380447 0.12901019306911904 192
1725422380520 0.011354602342378756 193
1725422380613 0.02953678762766736 194
1725422380680 0.013897362370880661 195
1725422380755 0.4436863543821668 196
1725422380840 0.0002237764148261064 197
1725422380941 0.41742783642769477 198
1725422381037 0.0005597990532614996 199
1725422381104 0.4225957069430448 200
1725422381170 0.5894410318048421 201
1725422381262 0.2591558345830634 202
1725422381346 0.9227452747195849 203
1725422381442 0.006921807394711413 204
1725422381514 0.4530558468506969 205
1725422381608 0.04991406055665628 206
1725422381689 0.0675054756293776 207
1725422381766 0.001319188292062623 208
1725422381859 7.857131213286858e-06 209
1725422381956 0.13754357011885307 210
1725422382030 0.01030645592166095 211
1725422382094 0.0816284156394438 212
1725422382162 0.1950785782359064 213
1725422382250 0.16766684929722298 214
1725422382324 0.12237751954468538 215
1725422382398 0.2760824473765733 216
1725422382478 0.03415100131323455 217
1725422382561 0.9007803425988505 218
1725422382679 0.01755890611801131 219
1725422382757 1.2580933777135803 220
1725422382845 0.12190045719439986 221
1725422382942 1.6433880440748147e-05 222
1725422383016 0.01717423121325473 223
1725422383104 0.8013392780979962 224
1725422383199 0.051058991781035894 225
1725422383302 0.02128874493825331 226
1725422383375 0.014137130717792004 227
1725422383449 0.09597140483522332 228
1725422383518 0.3350545951579578 229
1725422383593 0.00022344020432244467 230
1725422383655 0.21815984166979552 231
1725422383747 0.6232164596891966 232
1725422383844 0.041363943138957776 233
1725422383942 0.37543723887958064 234
1725422384006 0.01564711922892477 235
1725422384065 0.0012204861894483158 236
1725422384127 0.06840630455209276 237
1725422384207 0.38465685628123103 238
1725422384295 0.41350328145484067 239
1725422384376 0.011366840092553426 240
1725422384446 0.002708507798187536 241
1725422384517 0.0144512560072813 242
1725422384584 0.10247777158341395 243
1725422384658 0.0008320391643783238 244
1725422384727 0.002505603933040818 245
1725422384801 0.17441998945640555 246
1725422384874 0.018802651105183414 247
1725422384945 0.3867565540605242 248
1725422385010 0.0012023502549383487 249
1725422385096 0.12574981592911166 250
1725422385206 0.00470602818139205 251
1725422385276 0.11330127145508166 252
1725422385346 0.020047883500519663 253
1725422385424 0.48985618928794433 254
1725422385495 0.0522834685941898 255
1725422385581 8.667343745953998e-05 256
1725422385671 0.017673575160874404 257
1725422385784 0.08662916496856915 258
1725422385862 0.056506808288139594 259
1725422385934 0.051262613685527376 260
1725422386012 0.06553849095522912 261
1725422386085 0.174831896912889 262
1725422386164 0.030000544728190238 263
1725422386245 0.0011944429601966494 264
1725422386327 0.01605167099339165 265
1725422386393 0.013418783344140747 266
1725422386461 0.1494440613810347 267
1725422386544 0.017109202619789137 268
1725422386622 0.3280033311666682 269
1725422386778 0.10821791829091827 270
1725422386863 1.099677810263911 271
1725422386943 0.12069487655364691 272
1725422387021 6.679693398668856e-05 273
1725422387105 0.08715717498812814 274
1725422387175 0.009986964436441348 275
1725422387255 0.0062119852660157 276
1725422387343 0.008132219076475839 277
1725422387420 0.08783413299584372 278
1725422387484 0.07153964086364015 279
1725422387549 0.19846263038367207 280
1725422387619 0.0011590452921592127 281
1725422387696 0.0027040543942320147 282
1725422387770 0.0028046408241008203 283
1725422387861 0.07045040742723431 284
1725422387953 0.6382239128773648 285
1725422388037 0.05487522123970914 286
1725422388121 0.003014895292639261 287
1725422388196 0.3017694969880889 288
1725422388280 0.002634513795481178 289
1725422388380 0.00030732193740715553 290
1725422388466 0.020860487383147622 291
1725422388543 0.001407533396912167 292
1725422388641 0.03731785967288383 293
1725422388731 0.06634109550605864 294
1725422388831 0.005621128344064543 295
1725422388934 1.0860847333619215 296
1725422389001 0.1733800671066383 297
1725422389074 0.21650498810017307 298
1725422389150 0.15268495723338135 299
1725422389243 0.019818404827919876 300
1725422389339 0.09664017277273727 301
1725422389411 0.08417915165319473 302
1725422389488 0.4129133537809451 303
1725422389572 0.08172623500668785 304
1725422389666 0.037836392643178084 305
1725422389735 0.007956979718653013 306
1725422389807 0.02085805557389191 307
1725422389893 0.6470422832447144 308
1725422389973 0.03773638427587973 309
1725422390067 0.13196812765997568 310
1725422390152 0.006155924213001522 311
1725422390222 0.02117585089652399 312
1725422390298 0.001083289058438351 313
1725422390381 0.27249630300183714 314
1725422390461 0.00013912242276851625 315
1725422390537 0.009930397037581805 316
1725422390616 0.029149903681180235 317
1725422390691 0.03508841077749422 318
1725422390759 0.35575811053134404 319
1725422390855 0.15210337734282778 320
1725422390953 0.0222575417062609 321
1725422391041 0.08658921635779125 322
1725422391126 0.10154379762738557 323
1725422391214 0.003844686755192506 324
1725422391287 0.002997938335734382 325
1725422391382 0.0012863812274482962 326
1725422391454 0.024788322552535012 327
1725422391523 0.20782441860964102 328
1725422391592 0.030038775856664198 329
1725422391657 0.4156112858872361 330
1725422391752 0.022784944603156162 331
1725422391827 0.49698556348529327 332
1725422391893 0.013724804013452106 333
1725422391984 0.0015878878444742647 334
1725422392076 0.24897148174764214 335
1725422392171 0.05638824664615659 336
1725422392273 0.017298298285667188 337
1725422392361 0.5098881869582039 338
1725422392473 0.030166116187819992 339
1725422392554 0.08072731004796369 340
1725422392633 0.000425168031456879 341
1725422392719 0.10135135043748848 342
1725422392815 0.0022279617922785428 343
1725422392889 0.027391169510447493 344
1725422392968 0.020033737023791645 345
1725422393031 0.014050101857596775 346
1725422393134 0.014298931388868591 347
1725422393224 0.01682911282577099 348
1725422393311 7.916130897007435e-05 349
1725422393409 0.010048894103968769 350
1725422393490 2.900392102692634e-05 351
1725422393594 0.01955690246350302 352
1725422393688 0.32568956468609994 353
1725422393767 0.02618475775548371 354
1725422393841 0.001216449844866472 355
1725422393908 0.21458914616091412 356
1725422393981 0.07551283388082448 357
1725422394073 0.013199663971284971 358
1725422394145 0.39420248622864096 359
1725422394217 0.05191471843330856 360
1725422394285 0.008445362614688052 361
1725422394361 0.014277327140729155 362
1725422394461 0.08598209776147045 363
1725422394542 0.052025131451705335 364
1725422394628 0.0442726615221467 365
1725422394705 0.4041719562813924 366
1725422394778 0.01770389278426842 367
1725422394866 0.6490250958031212 368
1725422394951 0.029881589196374344 369
1725422395026 0.28864412929531325 370
1725422395117 0.0013286370607102681 371
1725422395214 0.5045497041721679 372
1725422395301 0.6042735196319216 373
1725422395377 0.019182313617186024 374
1725422395464 0.15845573693562987 375
1725422395536 0.002757390486517038 376
1725422395614 0.11951964250798389 377
1725422395699 0.01226945473059003 378
1725422395777 0.049376395581030276 379
1725422395860 0.006325820494100216 380
1725422395938 0.0013725201061698185 381
1725422396012 0.15216795428704785 382
1725422396095 0.0025599240023193213 383
1725422396169 0.004923847846809907 384
1725422396251 0.5553928261427201 385
1725422396335 0.10557068831099643 386
1725422396433 0.025999134468856343 387
1725422396537 0.19129526348016604 388
1725422396602 0.49860805543739195 389
1725422396674 0.0316793499977506 390
1725422396757 0.001702660274913108 391
1725422396846 0.3982268077637743 392
1725422396941 0.10425210885926592 393
1725422397029 0.003141133016516013 394
1725422397114 0.9367718593803231 395
1725422397187 0.1488721414885094 396
1725422397267 0.314380890319487 397
1725422397357 0.007857020975768196 398
1725422397443 0.04373799277193283 399
1725422397519 0.019016974775089523 400
1725422397589 0.31887004495298454 401
1725422397689 0.5770647008507531 402
1725422397785 0.12704082515555234 403
1725422397872 0.05414221427378354 404
1725422397941 0.00011869489150155457 405
1725422398015 0.09125593091494809 406
1725422398086 0.16985809735594698 407
1725422398179 3.5915500984156806e-05 408
1725422398250 0.016951011634017268 409
1725422398344 0.04011223290924489 410
1725422398439 0.10218818836512386 411
1725422398519 0.5601685694218278 412
1725422398600 0.08894771354972006 413
1725422398675 0.013570189122167344 414
1725422398765 0.06219969614213757 415
1725422398842 0.030342929007310906 416
1725422398917 0.010593855786781483 417
1725422399005 0.010654517780839428 418
1725422399088 0.0009723183928350826 419
1725422399187 0.5373259376894408 420
1725422399297 0.3961513529344978 421
1725422399375 0.005164119069697228 422
1725422399463 0.19057578052717053 423
1725422399544 0.0318189161143338 424
1725422399635 0.165122947465285 425
1725422399721 0.062049089727896974 426
1725422399810 0.40086666561725737 427
1725422399905 0.044808942858340244 428
1725422399975 0.0028484497804584915 429
1725422400052 0.03012896748550312 430
1725422400141 6.165185035110635e-05 431
1725422400228 0.09357714949921021 432
1725422400308 0.004591123718221389 433
1725422400449 0.0002858961129906471 434
1725422400561 0.046240590613372635 435
1725422400645 0.11960738980684886 436
1725422400737 0.059611734898921125 437
1725422400830 0.013884658742902298 438
1725422400902 0.11746559180325014 439
1725422400999 0.03475586711570626 440
1725422401082 0.007819613371229921 441
1725422401161 0.007013186654437258 442
1725422401264 0.7813125459688276 443
1725422401329 0.09205920664910301 444
1725422401391 0.004452781760529443 445
1725422401463 0.08974497064868066 446
1725422401553 0.3101512469390538 447
1725422401632 0.023802910274873322 448
1725422401724 0.03481198822475524 449
1725422401802 0.0014548051027337317 450
1725422401897 0.030072213454350422 451
1725422401971 0.31127345455915173 452
1725422402063 0.11945002522012148 453
1725422402144 0.13474278626951408 454
1725422402219 0.26614317874996024 455
1725422402295 0.4430772487026523 456
1725422402369 0.19140072595835095 457
1725422402458 0.005865965683258182 458
1725422402541 0.09604327610358675 459
1725422402658 0.0014783152021676114 460
1725422402729 0.03283464170531892 461
1725422402801 0.00010824763537713061 462
1725422402892 0.02252189855530931 463
1725422402976 0.005452643294447529 464
1725422403062 0.05907236438620801 465
1725422403134 1.3308533481389784 466
1725422403205 0.010734522759108533 467
1725422403275 0.001255402432032783 468
1725422403351 0.029235925564998 469
1725422403437 0.037067130000913176 470
1725422403506 0.3524656637983199 471
1725422403589 0.002672770109723686 472
1725422403673 0.09629858492517142 473
1725422403766 0.4988936553618984 474
1725422403846 0.14220889463826436 475
1725422403936 0.05030081502321849 476
1725422404014 0.0013233480010522755 477
1725422404105 0.0003341436934234527 478
1725422404183 0.29351386125416745 479
1725422404257 0.2612152895375933 480
1725422404342 0.0024197235320603185 481
1725422404436 0.0028028220143932895 482
1725422404535 0.019378598871990903 483
1725422404633 0.17988004823554524 484
1725422404718 0.01594160147396036 485
1725422404789 0.048536008298848 486
1725422404876 0.15684960685973667 487
1725422404960 0.2337019865627462 488
1725422405043 0.21850393477293306 489
1725422405136 0.004597584883175997 490
1725422405217 0.11031393128407163 491
1725422405303 0.06393683307681444 492
1725422405385 0.12863980656343108 493
1725422405467 0.40649018957694155 494
1725422405543 0.07697626095975935 495
1725422405643 0.092800370336143 496
1725422405718 0.0007547879347286156 497
1725422405785 0.005428872159444596 498
1725422405871 0.0008243936640848286 499
