1725418785301 84.42590699795221 0
1725418785402 50.918269241841934 1
1725418785495 48.732015581532316 2
1725418785580 31.52610592089341 3
1725418785661 22.43974554860569 4
1725418785761 14.60217597325976 5
1725418785850 9.7594140795658 6
1725418785968 8.715689069306462 7
1725418786057 3.9481783977189724 8
1725418786141 3.4412387018730977 9
1725418786208 2.6747232374016545 10
1725418786276 2.795260055410064 11
1725418786363 1.6696555003972957 12
1725418786485 2.0201844787135954 13
1725418786559 0.8518146543383271 14
1725418786640 0.31080244050591826 15
1725418786719 2.0142599086445765 16
1725418786794 0.5499719545954403 17
1725418786869 0.516966999372574 18
1725418786939 0.2013694523493523 19
1725418787019 1.968704069731423 20
1725418787097 0.010332190772006944 21
1725418787181 0.4626389217749071 22
1725418787295 0.012653326513096561 23
1725418787366 0.1319444642607991 24
1725418787482 0.7743932681701373 25
1725418787586 0.1606035265961028 26
1725418787665 0.6131858496848337 27
1725418787769 0.5350053590412449 28
1725418787993 1.4012302425928314 29
1725418788112 0.43056410523979893 30
1725418788257 1.3205609010677952 31
1725418788337 0.8147921416949799 32
1725418788418 3.966934962592081e-05 33
1725418788513 0.5917607226428462 34
1725418788635 0.9410191290984837 35
1725418788723 1.9664428134716636 36
1725418788801 0.07179725752266819 37
1725418788888 1.3130336040536295 38
1725418788958 0.4261817499524636 39
1725418789026 0.0970034331405683 40
1725418789098 0.43724003813287743 41
1725418789182 0.2374540486053884 42
1725418789254 0.14298774011095483 43
1725418789339 1.056056516309285 44
1725418789405 0.6331792250257725 45
1725418789468 0.14007043140399364 46
1725418789538 0.5914329335452992 47
1725418789621 0.029617814405563325 48
1725418789702 0.0724726852911206 49
1725418789775 0.552637442020561 50
1725418789842 0.10092889367407816 51
1725418789916 0.5486980749492953 52
1725418790006 0.6510756278921832 53
1725418790089 0.19705861420232512 54
1725418790153 0.8995703918038035 55
1725418790218 0.84622120850423 56
1725418790285 1.2934933206341512 57
1725418790342 0.7182951580173269 58
1725418790405 0.6599583713079065 59
1725418790479 0.6352146419058986 60
1725418790572 1.6700762357380388 61
1725418790627 0.20103801655376236 62
1725418790690 0.7684387378885397 63
1725418790765 1.6086560102441987 64
1725418790849 0.46628443225154315 65
1725418790921 0.307320857479483 66
1725418790981 0.23613047904946238 67
1725418791047 0.9099649822583582 68
1725418791106 0.6444209096353979 69
1725418791174 1.0048670446690513 70
1725418791258 0.12818076980187176 71
1725418791336 0.1321835886149359 72
1725418791427 0.7027956569817146 73
1725418791511 0.4064773471742726 74
1725418791567 0.13991444699426744 75
1725418791637 0.09557888884150997 76
1725418791724 0.006160161216016411 77
1725418791810 1.3712984412170535 78
1725418791896 0.1913330420150916 79
1725418791986 0.596519424374778 80
1725418792059 0.1056937663888711 81
1725418792144 0.5329190694531523 82
1725418792223 0.318601561015295 83
1725418792301 1.13077546084337 84
1725418792355 0.47053081152781184 85
1725418792410 0.938544656095627 86
1725418792473 0.521622868902527 87
1725418792536 0.11739666437601162 88
1725418792610 0.2758635837425455 89
1725418792683 1.9061297749690098 90
1725418792777 0.8157561449158424 91
1725418792869 0.0009548454046528573 92
1725418792969 0.36553734252897985 93
1725418793043 0.5131525264413702 94
1725418793127 0.5106192493614072 95
1725418793209 0.3012936758016487 96
1725418793281 0.07390904552524351 97
1725418793367 0.21515314652919787 98
1725418793432 0.6721802179220042 99
1725418793528 0.0508760983841042 100
1725418793623 0.05517792119992687 101
1725418793682 0.3821945524720666 102
1725418793759 0.588364019269607 103
1725418793836 0.7697290525988615 104
1725418793929 1.647221820349021 105
1725418794005 0.14665381966677954 106
1725418794076 0.008982855800826197 107
1725418794140 0.3921056897342253 108
1725418794227 0.9079605307941345 109
1725418794328 1.160895838927596 110
1725418794396 0.5313302160239198 111
1725418794475 0.24691769515903705 112
1725418794562 0.5183346623766448 113
1725418794633 1.6881897356316906 114
1725418794702 0.2450575436340025 115
1725418794774 1.3834650521387635 116
1725418794849 2.9849480051131735e-05 117
1725418794926 0.2168134036193305 118
1725418795021 0.3063429757058743 119
1725418795098 0.5964977197078049 120
1725418795163 0.06748562773965154 121
1725418795309 0.08314607768422415 122
1725418795415 1.0945277020630475 123
