1725408854394 175.00858562161494 0
1725408854418 174.6554034098541 1
1725408854439 174.3029532343029 2
1725408854457 173.95123355169386 3
1725408854475 173.60024282206533 4
1725408854494 173.24997950875434 5
1725408854516 172.9004420783893 6
1725408854535 172.5516290008828 7
1725408854562 172.2035387494245 8
1725408854581 171.8561698004739 9
1725408854610 171.50952063375323 10
1725408854635 171.1635897322403 11
1725408854652 170.8183755821614 12
1725408854674 170.47387667298412 13
1725408854699 170.13009149741046 14
1725408854732 169.78701855136953 15
1725408854753 169.44465633401066 16
1725408854778 169.10558939792514 17
1725408854804 168.76722231993372 18
1725408854842 168.42955362790013 19
1725408854875 168.0925818528374 20
1725408854904 167.7563055289014 21
1725408854935 167.42072319338337 22
1725408854963 167.0858333867036 23
1725408854987 166.75163465240428 24
1725408855019 166.41812553714274 25
1725408855048 166.0853045906848 26
1725408855084 165.7531703658979 27
1725408855116 165.42172141874408 28
1725408855145 165.09095630827366 29
1725408855174 164.76087359661818 30
1725408855202 164.4314718489837 31
1725408855235 164.10274963364435 32
1725408855265 163.77470552193523 33
1725408855296 163.44733808824606 34
1725408855320 163.12064591001433 35
1725408855349 162.79462756771875 36
1725408855380 162.46928164487258 37
1725408855410 162.14460672801687 38
1725408855440 161.8206014067142 39
1725408855472 161.4972642735416 40
1725408855504 161.1745939240845 41
1725408855540 160.85258895692974 42
1725408855570 160.53124797365922 43
1725408855600 160.21056957884338 44
1725408855631 159.8905523800346 45
1725408855660 159.57119498776078 46
1725408855688 159.25249601551872 47
1725408855720 158.93445407976773 48
1725408855758 158.61706779992335 49
1725408855792 158.30033579835052 50
1725408855828 157.98425670035738 51
1725408855858 157.6688291341889 52
1725408855889 157.35405173102038 53
1725408855920 157.03992312495112 54
1725408855950 156.72644195299787 55
1725408855982 156.41360685508877 56
1725408856012 156.10141647405678 57
1725408856042 155.78986945563346 58
1725408856076 155.47896444844258 59
1725408856121 155.16870010399376 60
1725408856211 154.85907507667648 61
1725408856244 154.55008802375337 62
1725408856275 154.24173760535436 63
1725408856310 153.93402248447018 64
1725408856338 153.62694132694614 65
1725408856371 153.32049280147604 66
1725408856403 153.01467557959595 67
1725408856433 152.7094883356778 68
1725408856464 152.40492974692356 69
1725408856495 152.10099849335876 70
1725408856532 151.79769325782652 71
1725408856558 151.49501272598144 72
1725408856590 151.1929555862833 73
1725408856623 150.89152052999097 74
1725408856653 150.5907062511567 75
1725408856683 150.29051144661946 76
1725408856715 149.99093481599934 77
1725408856746 149.69197506169118 78
1725408856778 149.39363088885884 79
1725408856808 149.09590100542886 80
1725408856840 148.7987841220846 81
1725408856872 148.50227895226027 82
1725408856902 148.20638421213496 83
1725408856936 147.91109862062657 84
1725408856966 147.61642089938582 85
1725408856996 147.32234977279055 86
1725408857026 147.02888396793944 87
1725408857054 146.7360222146464 88
1725408857081 146.44376324543452 89
1725408857111 146.1521057955302 90
1725408857143 145.8610486028572 91
1725408857176 145.5705904080309 92
1725408857203 145.28072995435238 93
1725408857226 144.99146598780263 94
1725408857257 144.70279725703662 95
1725408857287 144.41472251337757 96
1725408857318 144.12724051081122 97
1725408857348 143.8403500059798 98
1725408857379 143.55404975817652 99
1725408857409 143.26833852933964 100
1725408857443 142.9832150840469 101
1725408857473 142.69867818950945 102
1725408857505 142.41472661556662 103
1725408857540 142.13135913467974 104
1725408857569 141.84857452192662 105
1725408857600 141.56637155499598 106
1725408857629 141.2847490141817 107
1725408857659 141.003705682377 108
1725408857688 140.72324034506906 109
1725408857718 140.4433517903333 110
1725408857748 140.16403880882746 111
1725408857778 139.88530019378663 112
1725408857807 139.60713474101695 113
1725408857842 139.32954124889056 114
1725408857873 139.05251851833972 115
1725408857903 138.77606535285133 116
1725408857934 138.50018055846147 117
1725408857965 138.22486294374986 118
1725408857997 137.95011131983404 119
1725408858026 137.6759245003644 120
1725408858053 137.40230130151818 121
1725408858083 137.12924054199433 122
1725408858114 136.85674104300773 123
1725408858146 136.584801628284 124
1725408858179 136.31342112405397 125
1725408858208 136.0425983590482 126
1725408858235 135.77233216449153 127
1725408858264 135.50262137409777 128
1725408858294 135.2334648240642 129
1725408858324 134.96486135306637 130
1725408858354 134.69680980225235 131
1725408858388 134.42930901523778 132
1725408858420 134.1623578381003 133
1725408858449 133.8959551193742 134
1725408858480 133.63009971004522 135
1725408858510 133.3647904635451 136
1725408858548 133.1000262357463 137
1725408858573 132.8358058849568 138
1725408858601 132.57212827191483 139
1725408858627 132.30899225978334 140
1725408858658 132.0463967141451 141
1725408858689 131.78434050299722 142
1725408858719 131.52282249674593 143
1725408858749 131.26184156820153 144
1725408858780 131.001396592573 145
1725408858807 130.74148644746282 146
1725408858848 130.482110012862 147
1725408858874 130.22326617114442 148
1725408858906 129.96495380706227 149
1725408858934 129.70717180774054 150
1725408858965 129.4499190626718 151
1725408858994 129.19319446371136 152
1725408859024 128.93699690507196 153
1725408859055 128.6813252833187 154
1725408859086 128.426178497364 155
1725408859114 128.1715554484623 156
1725408859144 127.91745504020541 157
1725408859173 127.66387617851704 158
1725408859206 127.41081777164786 159
1725408859237 127.15827873017064 160
1725408859269 126.906257966975 161
1725408859300 126.6547543972625 162
1725408859332 126.40376693854166 163
1725408859365 126.15329451062276 164
1725408859395 125.90333603561326 165
1725408859426 125.65389043791238 166
1725408859458 125.40495664420645 167
1725408859489 125.15653358346377 168
1725408859520 124.90862018692984 169
1725408859557 124.6612153881223 170
1725408859586 124.4143181228261 171
1725408859617 124.16792732908844 172
1725408859647 123.92204194721414 173
1725408859678 123.67666091976047 174
1725408859711 123.43178319153246 175
1725408859741 123.18740770957804 176
1725408859773 122.94353342318301 177
1725408859803 122.70015928386641 178
1725408859837 122.45728424537562 179
1725408859870 122.21490726368141 180
1725408859899 121.97302729697337 181
1725408859930 121.73164330565486 182
1725408859960 121.4907542523384 183
1725408859993 121.25035910184093 184
1725408860024 121.01045682117875 185
1725408860055 120.7710463795632 186
1725408860085 120.53212674839543 187
1725408860116 120.29369690126214 188
1725408860155 120.05575581393045 189
1725408860185 119.81830246434345 190
1725408860219 119.58133583261545 191
1725408860248 119.34485490102716 192
1725408860280 119.1088586540211 193
1725408860311 118.87334607819705 194
1725408860337 118.63831616230702 195
1725408860362 118.40376789725116 196
1725408860393 118.16970027607249 197
1725408860422 117.93611229395277 198
1725408860453 117.70314554167975 199
1725408860483 117.47065580668102 200
1725408860516 117.23864209266029 201
1725408860548 117.00710340543424 202
1725408860590 116.77603875292844 203
1725408860621 116.54544714517242 204
1725408860651 116.31532759429537 205
1725408860683 116.08567911452147 206
1725408860714 115.85650072216539 207
1725408860740 115.62779143562784 208
1725408860769 115.39955027539106 209
1725408860800 115.17177626401434 210
1725408860831 114.94446842612938 211
1725408860861 114.71762578843617 212
1725408860894 114.49124737969815 213
1725408860925 114.26533223073801 214
1725408860956 114.03987937443314 215
1725408860986 113.81488784571131 216
1725408861018 113.59035668154604 217
1725408861047 113.3662849209525 218
1725408861080 113.1426716049828 219
1725408861112 112.91951577672175 220
1725408861143 112.69681648128257 221
1725408861173 112.4745727658023 222
1725408861205 112.25278367943761 223
1725408861238 112.03144827336038 224
1725408861268 111.81056560075342 225
1725408861299 111.59013471680603 226
1725408861331 111.37015467870975 227
1725408861361 111.1506245456541 228
1725408861394 110.93154337882208 229
1725408861424 110.71291024138614 230
1725408861453 110.49472419850368 231
1725408861481 110.27698431731288 232
1725408861512 110.05968966692849 233
1725408861542 109.84283931843737 234
1725408861573 109.62643234489441 235
1725408861604 109.4104678213183 236
1725408861637 109.19494482468721 237
1725408861666 108.9798624339346 238
1725408861699 108.7652197299451 239
1725408861736 108.55101579555017 240
1725408861766 108.33724971552397 241
1725408861796 108.12392057657918 242
1725408861828 107.9110274673629 243
1725408861857 107.6985694784523 244
1725408861889 107.4865457023507 245
1725408861921 107.27495523348323 246
1725408861952 107.06379716819276 247
1725408861980 106.85307060473589 248
1725408862022 106.64277464327854 249
1725408862053 106.4329083858922 250
1725408862079 106.22347093654962 251
1725408862108 106.01446140112063 252
1725408862136 105.80587888736837 253
1725408862166 105.59772250494484 254
1725408862207 105.38999136538725 255
1725408862237 105.18268458211351 256
1725408862269 104.97580127041861 257
1725408862300 104.76934054747029 258
1725408862330 104.56330153230508 259
1725408862360 104.35768334582438 260
1725408862389 104.15248511079037 261
1725408862416 103.94770595182204 262
1725408862447 103.74334499539108 263
1725408862479 103.53940136981814 264
1725408862509 103.33587420526855 265
1725408862539 103.13276263374865 266
1725408862571 102.93006578910163 267
1725408862608 102.72778280700362 268
1725408862639 102.52591282495982 269
1725408862669 102.3244549823005 270
1725408862702 102.12340842017707 271
1725408862732 101.9227722815583 272
1725408862762 101.72254571122615 273
1725408862786 101.52272785577213 274
1725408862814 101.32331786359337 275
1725408862844 101.12431488488853 276
1725408862874 100.92571807165422 277
1725408862906 100.72752657768086 278
1725408862936 100.52973955854907 279
1725408862966 100.3323561716257 280
1725408862996 100.13547012992622 281
1725408863025 99.93898556652076 282
1725408863054 99.7429016461537 283
1725408863089 99.54721753533182 284
1725408863118 99.35193240232077 285
1725408863147 99.15704541714125 286
1725408863171 98.96255575156513 287
1725408863200 98.76846257911188 288
1725408863231 98.57476507504474 289
1725408863262 98.381462416367 290
1725408863292 98.18855378181824 291
1725408863323 97.99603835187075 292
1725408863355 97.80391530872566 293
1725408863384 97.61218383630937 294
1725408863415 97.42084312026977 295
1725408863447 97.22989234797262 296
1725408863476 97.03933070849784 297
1725408863508 96.84915739263592 298
1725408863538 96.65937159288414 299
1725408863569 96.46997250344299 300
1725408863606 96.28095932021256 301
1725408863636 96.09233124078888 302
1725408863666 95.90408746446019 303
1725408863698 95.71622719220358 304
1725408863729 95.52874962668109 305
1725408863760 95.34165397223626 306
1725408863791 95.1549394348906 307
1725408863822 94.96860522233979 308
1725408863849 94.78265054395034 309
1725408863880 94.59707461075587 310
1725408863911 94.41187663545357 311
1725408863945 94.22705583240067 312
1725408863972 94.04261141761096 313
1725408863994 93.85854260875102 314
1725408864025 93.67484862513702 315
1725408864054 93.4915286877309 316
1725408864085 93.30858201913706 317
1725408864116 93.12600784359867 318
1725408864143 92.94380538699434 319
1725408864173 92.76197387683455 320
1725408864202 92.58051254225812 321
1725408864232 92.39942061402884 322
1725408864263 92.21869732453189 323
1725408864297 92.03834190777042 324
1725408864332 91.85835359936209 325
1725408864363 91.6787316365357 326
1725408864393 91.49947525812763 327
1725408864423 91.32058370457848 328
1725408864453 91.14205621792951 329
1725408864482 90.9638920418195 330
1725408864514 90.78609042148109 331
1725408864543 90.60865060373746 332
1725408864575 90.43157183699888 333
1725408864607 90.2548533712595 334
1725408864645 90.0784944580937 335
1725408864676 89.90249435065299 336
1725408864707 89.72685230366238 337
1725408864739 89.55156757341726 338
1725408864770 89.37663941777987 339
1725408864803 89.20206709617608 340
1725408864834 89.02784986959195 341
1725408864864 88.85398700057044 342
1725408864894 88.68047775320818 343
1725408864925 88.50732139315195 344
1725408864955 88.33451718759557 345
1725408864983 88.16206440527647 346
1725408865016 87.98996231647249 347
1725408865045 87.8182101929985 348
1725408865075 87.64680730820321 349
1725408865106 87.47575293696582 350
1725408865137 87.30504635569278 351
1725408865167 87.1346868423146 352
1725408865209 86.9646736762824 353
1725408865238 86.79500613856499 354
1725408865269 86.6256835116453 355
1725408865301 86.45670507951733 356
1725408865331 86.28807012768296 357
1725408865357 86.11977794314853 358
1725408865388 85.95182781442193 359
1725408865418 85.78421903150907 360
1725408865456 85.61695088591091 361
1725408865489 85.45002267062027 362
1725408865518 85.28343368011849 363
1725408865549 85.11718321037236 364
1725408865579 84.95127055883106 365
1725408865613 84.7856950244227 366
1725408865642 84.6204559075515 367
1725408865674 84.45555251009438 368
1725408865706 84.29098413539798 369
1725408865749 84.12675008827549 370
1725408865779 83.96284967500348 371
1725408865811 83.79928220331881 372
1725408865847 83.6360469824155 373
1725408865880 83.47314332294165 374
1725408865910 83.31057053699637 375
1725408865942 83.14832793812653 376
1725408865972 82.9864148413239 377
1725408866004 82.82483056302192 378
1725408866034 82.6635744210926 379
1725408866065 82.50264573484365 380
1725408866105 82.34204382501512 381
1725408866132 82.18176801377668 382
1725408866161 82.02181762472425 383
1725408866188 81.86219198287725 384
1725408866217 81.70289041467531 385
1725408866248 81.54391224797547 386
1725408866282 81.38525681204902 387
1725408866316 81.22692343757849 388
1725408866343 81.06891145665469 389
1725408866377 80.91122020277369 390
1725408866408 80.75384901083382 391
1725408866438 80.59679721713273 392
1725408866470 80.44006415936438 393
1725408866502 80.28364917661591 394
1725408866531 80.12755160936503 395
1725408866562 79.97177079947666 396
1725408866594 79.8163060902002 397
1725408866627 79.66115682616666 398
1725408866657 79.50632235338539 399
1725408866688 79.35180201924153 400
1725408866719 79.19759517249281 401
1725408866750 79.0437011632667 402
1725408866783 78.89011934305755 403
1725408866815 78.73684906472363 404
1725408866846 78.58388968248416 405
1725408866876 78.4312405519166 406
1725408866903 78.27890102995356 407
1725408866934 78.12687047488 408
1725408866964 77.97514824633036 409
1725408866993 77.8237337052856 410
1725408867023 77.67262621407049 411
1725408867056 77.52182513635069 412
1725408867088 77.37132983712968 413
1725408867119 77.22113968274635 414
1725408867149 77.07125404087171 415
1725408867180 76.92167228050624 416
1725408867210 76.77239377197725 417
1725408867239 76.62341788693567 418
1725408867271 76.47474399835357 419
1725408867300 76.32637148052109 420
1725408867329 76.17829970904386 421
1725408867359 76.03052806084008 422
1725408867389 75.88305591413771 423
1725408867421 75.73588264847172 424
1725408867452 75.58900764468125 425
1725408867481 75.44243028490695 426
1725408867514 75.29614995258818 427
1725408867546 75.1501660324601 428
1725408867576 75.0044779105511 429
1725408867605 74.85908497418002 430
1725408867640 74.71398661195322 431
1725408867672 74.56918221376206 432
1725408867693 74.42467117077999 433
1725408867724 74.28045287546011 434
1725408867762 74.13652672153205 435
1725408867793 73.99289210399957 436
1725408867815 73.84954841913768 437
1725408867845 73.70649506448994 438
1725408867875 73.56373143886593 439
1725408867904 73.42125694233835 440
1725408867937 73.27907097624046 441
1725408867968 73.13717294316332 442
1725408867999 72.99556224695316 443
1725408868029 72.85423829270873 444
1725408868061 72.71320048677856 445
1725408868091 72.57244823675839 446
1725408868121 72.43198095148844 447
1725408868152 72.29179804105085 448
1725408868186 72.15189891676691 449
1725408868220 72.01228299119458 450
1725408868248 71.87294967812572 451
1725408868279 71.73389839258361 452
1725408868311 71.5951285508201 453
1725408868341 71.45663957031331 454
1725408868372 71.31843086976478 455
1725408868410 71.18050186909693 456
1725408868434 71.04285198945051 457
1725408868464 70.905480653182 458
1725408868494 70.76838728386097 459
1725408868527 70.63157130626752 460
1725408868558 70.49503214638978 461
1725408868587 70.35876923142122 462
1725408868618 70.22278198975827 463
1725408868655 70.08706985099747 464
1725408868685 69.95163224593325 465
1725408868715 69.8164686065551 466
1725408868744 69.68157836604527 467
1725408868777 69.54696095877605 468
1725408868809 69.41261582030735 469
1725408868838 69.27854238738408 470
1725408868870 69.14474009793376 471
1725408868898 69.01120839106389 472
1725408868932 68.87794670705954 473
1725408868962 68.74495448738068 474
1725408868993 68.61223117465995 475
1725408869024 68.47977621269987 476
1725408869054 68.34758904647067 477
1725408869085 68.21566912210744 478
1725408869111 68.08401588690799 479
1725408869141 67.9526287893302 480
1725408869166 67.82150727898969 481
1725408869198 67.69065080665705 482
1725408869223 67.5600588242558 483
1725408869253 67.42973078485973 484
1725408869282 67.29966614269033 485
1725408869314 67.16986435311463 486
1725408869345 67.04032487264263 487
1725408869376 66.91104715892475 488
1725408869408 66.78203067074963 489
1725408869438 66.65327486804162 490
1725408869467 66.52477921185829 491
1725408869498 66.39654316438815 492
1725408869531 66.26856618894814 493
1725408869563 66.14084774998133 494
1725408869594 66.01338731305445 495
1725408869625 65.88618434485558 496
1725408869652 65.7592383131916 497
1725408869682 65.63254868698614 498
1725408869713 65.5061149362768 499
