1725354853129 74.72649298014602 0
1725354853151 30.64428804172682 1
1725354853189 12.352185661916039 2
1725354853250 5.370019063905461 3
1725354853270 2.3094368329712323 4
1725354853291 0.9132408990008288 5
1725354853312 0.5183170499303555 6
1725354853333 0.38940394671727446 7
1725354853353 0.2320213312165177 8
1725354853375 0.1663526263358908 9
1725354853397 0.12650722764425273 10
1725354853419 0.21237051255663658 11
1725354853441 0.16398619184147614 12
1725354853474 0.0926392646990472 13
1725354853497 0.15547388041484025 14
1725354853519 0.16483923596477343 15
1725354853544 0.15127930119632488 16
1725354853567 0.1742079524602611 17
1725354853592 0.14358126227189613 18
1725354853613 0.18315253061040387 19
1725354853635 0.21507083695383591 20
1725354853659 0.17036617371374577 21
1725354853681 0.08844209078394318 22
1725354853703 0.12901218753364904 23
1725354853727 0.10687473636708071 24
1725354853776 0.1171922364513982 25
1725354853802 0.14292307262487897 26
1725354853851 0.20332353507590997 27
1725354853887 0.1631241120285615 28
1725354853917 0.1825915322769439 29
1725354853939 0.10167686414354933 30
1725354853963 0.1760176766266307 31
1725354853984 0.09331867274015843 32
1725354854007 0.12038598837933409 33
1725354854029 0.09690995247934665 34
1725354854047 0.13628612806073662 35
1725354854066 0.13871666789322137 36
1725354854087 0.15600379598942218 37
1725354854107 0.08666968729847258 38
1725354854133 0.18258643252395387 39
1725354854161 0.14113700605153187 40
1725354854187 0.12302724888143586 41
1725354854207 0.18535296913481977 42
1725354854228 0.0885374059875111 43
1725354854250 0.1568226435323211 44
1725354854269 0.11599821465621116 45
1725354854388 0.17812270924902493 46
1725354854413 0.14444305665313995 47
1725354854445 0.1447992750063293 48
1725354854479 0.1277045062158635 49
1725354854500 0.15697192172600175 50
1725354854530 0.1040073707905494 51
1725354854555 0.1888511321657038 52
1725354854588 0.14067277378885734 53
1725354854620 0.11804677920575336 54
1725354854658 0.11358704863978707 55
1725354854679 0.15979589265779381 56
1725354854715 0.13876159677853253 57
1725354854734 0.1536093434802653 58
1725354854761 0.1292237668483199 59
1725354854780 0.10509812141060233 60
1725354854809 0.17247251840598818 61
1725354854837 0.1292208032414406 62
1725354854864 0.11136525675264948 63
1725354854899 0.15330731653906876 64
1725354854922 0.1152042595754141 65
1725354854940 0.12403920689171946 66
1725354854973 0.0835682306616405 67
1725354855003 0.1461977368392799 68
1725354855034 0.14269968136270356 69
1725354855058 0.18803257706541293 70
1725354855087 0.1670206151255778 71
1725354855114 0.1064166269093758 72
1725354855146 0.11980138250949945 73
1725354855175 0.1383842368268297 74
1725354855198 0.1643138843898006 75
1725354855215 0.15543044604328016 76
1725354855237 0.14653378550276408 77
1725354855261 0.1391992509718494 78
1725354855283 0.1528835379772098 79
1725354855306 0.1451546563173907 80
1725354855323 0.13763893560239435 81
1725354855345 0.15003289323282093 82
1725354855372 0.1961778806964793 83
1725354855398 0.12575176155013057 84
1725354855427 0.1663931518576567 85
1725354855453 0.08902252035792121 86
1725354855478 0.11616602314528386 87
1725354855499 0.11005901309950504 88
1725354855528 0.1687620530997158 89
1725354855558 0.15301981586503136 90
1725354855583 0.1363789205391679 91
1725354855608 0.16283056917088537 92
1725354855632 0.20181908636389415 93
1725354855654 0.099671759380801 94
1725354855673 0.1459734148468632 95
1725354855694 0.09234997084097482 96
1725354855714 0.12214507543988844 97
1725354855734 0.12157047952140504 98
1725354855755 0.1411639297482486 99
1725354855775 0.10552244504701556 100
1725354855795 0.11170690311016634 101
1725354855816 0.14737013636162286 102
1725354855839 0.1023036717299952 103
1725354855859 0.07892573982781144 104
1725354855878 0.1340501087001496 105
1725354855911 0.14132549711038667 106
1725354855935 0.09263400671135974 107
1725354855958 0.16500937962372084 108
1725354855979 0.13375632656248665 109
1725354856000 0.14516073083523487 110
1725354856020 0.11232158539874837 111
1725354856045 0.10667590447474903 112
1725354856067 0.11325770857202457 113
1725354856089 0.2254806046473103 114
1725354856111 0.1137980700049903 115
1725354856124 0.1397208465058159 116
1725354856146 0.1514094244407302 117
1725354856170 0.14025282227941177 118
1725354856192 0.1622132706559792 119
1725354856219 0.07829938162754026 120
1725354856239 0.11351691463291814 121
1725354856260 0.09714425973099394 122
1725354856284 0.1033704534811286 123
1725354856305 0.16758785498104192 124
1725354856334 0.1601665844798455 125
1725354856351 0.13958649563832548 126
1725354856370 0.13080278098429893 127
1725354856392 0.11963596720917007 128
1725354856409 0.12496751291499279 129
1725354856427 0.1029146035273817 130
1725354856447 0.09073213808957269 131
1725354856466 0.11589348330301892 132
1725354856485 0.12087453163688626 133
1725354856506 0.2098132499983836 134
1725354856528 0.1002743290697243 135
1725354856547 0.15965113025731775 136
1725354856568 0.17626098752354666 137
1725354856593 0.20750242216777323 138
1725354856614 0.2095997827367142 139
1725354856640 0.12124924674569204 140
1725354856662 0.1356747817552242 141
1725354856683 0.1086598873787597 142
1725354856702 0.26599990436020626 143
1725354856720 0.09880307444744493 144
1725354856741 0.1734295372555629 145
1725354856762 0.12266344572102598 146
1725354856784 0.15389616583657637 147
1725354856807 0.18911047704044523 148
1725354856830 0.1286313912684429 149
1725354856849 0.13249281981537622 150
1725354856872 0.14662059639294162 151
1725354856893 0.14221134647157008 152
1725354856927 0.11757867950537183 153
1725354856952 0.0878027881995695 154
1725354856971 0.31749166334707457 155
1725354857003 0.18171220524708656 156
1725354857022 0.17555470587719288 157
1725354857042 0.11567498615346704 158
1725354857065 0.1854280405677313 159
1725354857085 0.14059823765402524 160
1725354857105 0.08381761533213364 161
1725354857126 0.11974381859194426 162
1725354857145 0.10302764847964863 163
1725354857166 0.11117206545917457 164
1725354857187 0.10603133832355491 165
1725354857208 0.11559152981388318 166
1725354857230 0.14677370345162308 167
1725354857252 0.13499188347381683 168
1725354857274 0.20648232911989636 169
1725354857297 0.20354177141722035 170
1725354857317 0.09867860045673298 171
1725354857338 0.145756869906335 172
1725354857362 0.12403343635374697 173
1725354857382 0.12004427529492663 174
1725354857405 0.10614245271204889 175
1725354857424 0.15990615478412035 176
1725354857447 0.10281764561577508 177
1725354857465 0.12305480559185439 178
1725354857488 0.14975641301501214 179
1725354857508 0.13988407062110575 180
1725354857534 0.12253861943893458 181
1725354857557 0.19208880976571763 182
1725354857579 0.154512660088004 183
1725354857601 0.13664858819065157 184
1725354857624 0.17042622146007508 185
1725354857648 0.15043003604519864 186
1725354857669 0.07500003737626679 187
1725354857690 0.14815686241630843 188
1725354857711 0.07238678893740366 189
1725354857734 0.12336258671608069 190
1725354857755 0.12231431434112704 191
1725354857776 0.14054690891893482 192
1725354857796 0.15985595662259966 193
1725354857817 0.09813051374255548 194
1725354857837 0.12127779228547314 195
1725354857855 0.11406944540157563 196
1725354857875 0.12696071188107694 197
1725354857895 0.1703310896976019 198
1725354857933 0.18911051572060708 199
1725354857950 0.12587579884074962 200
1725354857971 0.08559141431470345 201
1725354857992 0.17060518810281747 202
1725354858012 0.17346109099098392 203
1725354858031 0.1476737806142839 204
